sentence,entities,original_text,original_id,prompt,inference_prompt,ground_truth,model_responses
"A 46-year-old man with hypertension and dyslipidemia diagnosed 4-months before, as well as new-onset diabetes mellitus unveiled 1-month earlier, was referred to emergency department for hypokalemia.","[{'id': '1614', 'offsets': array([23, 35]), 'role': '', 'semantic_type_id': '', 'text': 'hypertension', 'type': 'EVENT'}
 {'id': '1629', 'offsets': array([40, 52]), 'role': '', 'semantic_type_id': '', 'text': 'dyslipidemia', 'type': 'EVENT'}
 {'id': '1644', 'offsets': array([53, 62]), 'role': '', 'semantic_type_id': '', 'text': 'diagnosed', 'type': 'EVENT'}
 {'id': '1659', 'offsets': array([110, 118]), 'role': '', 'semantic_type_id': '', 'text': 'mellitus', 'type': 'EVENT'}
 {'id': '1674', 'offsets': array([149, 157]), 'role': '', 'semantic_type_id': '', 'text': 'referred', 'type': 'EVENT'}
 {'id': '1689', 'offsets': array([186, 197]), 'role': '', 'semantic_type_id': '', 'text': 'hypokalemia', 'type': 'EVENT'}
 {'id': '1996', 'offsets': array([ 91, 118]), 'role': '', 'semantic_type_id': 'C0743128', 'text': 'new-onset diabetes mellitus', 'type': 'CLINENTITY'}
 {'id': '2076', 'offsets': array([ 0, 17]), 'role': 'PATIENT', 'semantic_type_id': '', 'text': 'A 46-year-old man', 'type': 'ACTOR'}
 {'id': '2090', 'offsets': array([63, 71]), 'role': '', 'semantic_type_id': '', 'text': '4-months', 'type': 'TIMEX3'}
 {'id': '2099', 'offsets': array([128, 135]), 'role': '', 'semantic_type_id': '', 'text': '1-month', 'type': 'TIMEX3'}]","A 46-year-old man with hypertension and dyslipidemia diagnosed 4-months before, as well as new-onset diabetes mellitus unveiled 1-month earlier, was referred to emergency department for hypokalemia. Hormonal study and dynamic biochemical tests performed indicated ECS. Imaging and cytological findings pointed toward a likely primary right parotid malignancy with liver metastases. Somatostatin receptor scintigraphy has shown an increased uptake in the parotid gland and mild expression in liver metastasis. The patient underwent right parotidectomy, and histopathologic examination confirmed ACC. Meanwhile, hypercortisolism was managed with metyrapone, ketoconazole, and lanreotide. Despite chemotherapy onset, a rapid disease progression and clinical course deterioration was observed.
",EN101783,"<|im_start|>user Extract the entities contained in the text. Extract only entities contained in the text.
Return the result in a json format: [{""entity"":""entity_name""}]. <<A 46-year-old man with hypertension and dyslipidemia diagnosed 4-months before, as well as new-onset diabetes mellitus unveiled 1-month earlier, was referred to emergency department for hypokalemia.>>> <|im_end|><|im_start|>assistant[{""entity"": ""hypertension""}, {""entity"": ""dyslipidemia""}, {""entity"": ""diagnosed""}, {""entity"": ""mellitus""}, {""entity"": ""referred""}, {""entity"": ""hypokalemia""}, {""entity"": ""new-onset diabetes mellitus""}, {""entity"": ""A 46-year-old man""}, {""entity"": ""4-months""}, {""entity"": ""1-month""}] <|im_end|>","<|im_start|>user Extract the entities contained in the text. Extract only entities contained in the text.
Return the result in a json format: [{""entity"":""entity_name""}]. <<<We present a case of a 32-year-old woman with a history of gradual enlargement of the anterior neck.>>> <|im_end|><|im_start|>assistant [{""entity"": ""present""}, {""entity"": ""history""}, {""entity"": ""enlargement""}] <|im_end|>
<|im_start|>user Extract the entities contained in the text. Extract only entities contained in the text.
Return the result in a json format: [{""entity"":""entity_name""}]. <<<Patient information: a 9-month-old boy presented to the emergency room with a 3-day history of refusal to bear weight on the right lower extremity and febrile peaks of up to 38.5°C for 24 hours.>>> <|im_end|><|im_start|>assistant [{""entity"": ""presented""}, {""entity"": ""refusal""}, {""entity"": ""bear""}, {""entity"": ""peaks""}] <|im_end|>
<|im_start|>user Extract the entities contained in the text. Extract only entities contained in the text.
Return the result in a json format: [{""entity"":""entity_name""}]. <<A 46-year-old man with hypertension and dyslipidemia diagnosed 4-months before, as well as new-onset diabetes mellitus unveiled 1-month earlier, was referred to emergency department for hypokalemia.>>> <|im_end|><|im_start|>assistant","[{""entity"": ""hypertension""}, {""entity"": ""dyslipidemia""}, {""entity"": ""diagnosed""}, {""entity"": ""mellitus""}, {""entity"": ""referred""}, {""entity"": ""hypokalemia""}, {""entity"": ""new-onset diabetes mellitus""}, {""entity"": ""A 46-year-old man""}, {""entity"": ""4-months""}, {""entity"": ""1-month""}] ","[{""entity"": ""diagnosed""}, {""entity"": ""unveiled""}, {""entity"": ""referred""}, {""entity"": """
Hormonal study and dynamic biochemical tests performed indicated ECS.,"[{'id': '1704', 'offsets': array([ 9, 14]), 'role': '', 'semantic_type_id': '', 'text': 'study', 'type': 'EVENT'}
 {'id': '1719', 'offsets': array([39, 44]), 'role': '', 'semantic_type_id': '', 'text': 'tests', 'type': 'EVENT'}
 {'id': '1734', 'offsets': array([55, 64]), 'role': '', 'semantic_type_id': '', 'text': 'indicated', 'type': 'EVENT'}
 {'id': '1749', 'offsets': array([65, 68]), 'role': '', 'semantic_type_id': '', 'text': 'ECS', 'type': 'EVENT'}]","A 46-year-old man with hypertension and dyslipidemia diagnosed 4-months before, as well as new-onset diabetes mellitus unveiled 1-month earlier, was referred to emergency department for hypokalemia. Hormonal study and dynamic biochemical tests performed indicated ECS. Imaging and cytological findings pointed toward a likely primary right parotid malignancy with liver metastases. Somatostatin receptor scintigraphy has shown an increased uptake in the parotid gland and mild expression in liver metastasis. The patient underwent right parotidectomy, and histopathologic examination confirmed ACC. Meanwhile, hypercortisolism was managed with metyrapone, ketoconazole, and lanreotide. Despite chemotherapy onset, a rapid disease progression and clinical course deterioration was observed.
",EN101783,"<|im_start|>user Extract the entities contained in the text. Extract only entities contained in the text.
Return the result in a json format: [{""entity"":""entity_name""}]. <<Hormonal study and dynamic biochemical tests performed indicated ECS.>>> <|im_end|><|im_start|>assistant[{""entity"": ""study""}, {""entity"": ""tests""}, {""entity"": ""indicated""}, {""entity"": ""ECS""}] <|im_end|>","<|im_start|>user Extract the entities contained in the text. Extract only entities contained in the text.
Return the result in a json format: [{""entity"":""entity_name""}]. <<<We present a case of a 32-year-old woman with a history of gradual enlargement of the anterior neck.>>> <|im_end|><|im_start|>assistant [{""entity"": ""present""}, {""entity"": ""history""}, {""entity"": ""enlargement""}] <|im_end|>
<|im_start|>user Extract the entities contained in the text. Extract only entities contained in the text.
Return the result in a json format: [{""entity"":""entity_name""}]. <<<Patient information: a 9-month-old boy presented to the emergency room with a 3-day history of refusal to bear weight on the right lower extremity and febrile peaks of up to 38.5°C for 24 hours.>>> <|im_end|><|im_start|>assistant [{""entity"": ""presented""}, {""entity"": ""refusal""}, {""entity"": ""bear""}, {""entity"": ""peaks""}] <|im_end|>
<|im_start|>user Extract the entities contained in the text. Extract only entities contained in the text.
Return the result in a json format: [{""entity"":""entity_name""}]. <<Hormonal study and dynamic biochemical tests performed indicated ECS.>>> <|im_end|><|im_start|>assistant","[{""entity"": ""study""}, {""entity"": ""tests""}, {""entity"": ""indicated""}, {""entity"": ""ECS""}] ","[{""entity"": ""study""}, {""entity"": ""tests""}, {""entity"": ""indicated""}, {""entity"": ""ECS""}]"
Imaging and cytological findings pointed toward a likely primary right parotid malignancy with liver metastases.,"[{'id': '1764', 'offsets': array([24, 32]), 'role': '', 'semantic_type_id': '', 'text': 'findings', 'type': 'EVENT'}
 {'id': '1779', 'offsets': array([33, 40]), 'role': '', 'semantic_type_id': '', 'text': 'pointed', 'type': 'EVENT'}
 {'id': '2010', 'offsets': array([57, 89]), 'role': '', 'semantic_type_id': 'C1306459', 'text': 'primary right parotid malignancy', 'type': 'CLINENTITY'}
 {'id': '2017', 'offsets': array([ 95, 111]), 'role': '', 'semantic_type_id': 'C0494165', 'text': 'liver metastases', 'type': 'CLINENTITY'}
 {'id': '2052', 'offsets': array([57, 89]), 'role': '', 'semantic_type_id': '', 'text': 'primary right parotid malignancy', 'type': 'BODYPART'}
 {'id': '2058', 'offsets': array([ 95, 111]), 'role': '', 'semantic_type_id': '', 'text': 'liver metastases', 'type': 'BODYPART'}]","A 46-year-old man with hypertension and dyslipidemia diagnosed 4-months before, as well as new-onset diabetes mellitus unveiled 1-month earlier, was referred to emergency department for hypokalemia. Hormonal study and dynamic biochemical tests performed indicated ECS. Imaging and cytological findings pointed toward a likely primary right parotid malignancy with liver metastases. Somatostatin receptor scintigraphy has shown an increased uptake in the parotid gland and mild expression in liver metastasis. The patient underwent right parotidectomy, and histopathologic examination confirmed ACC. Meanwhile, hypercortisolism was managed with metyrapone, ketoconazole, and lanreotide. Despite chemotherapy onset, a rapid disease progression and clinical course deterioration was observed.
",EN101783,"<|im_start|>user Extract the entities contained in the text. Extract only entities contained in the text.
Return the result in a json format: [{""entity"":""entity_name""}]. <<Imaging and cytological findings pointed toward a likely primary right parotid malignancy with liver metastases.>>> <|im_end|><|im_start|>assistant[{""entity"": ""findings""}, {""entity"": ""pointed""}, {""entity"": ""primary right parotid malignancy""}, {""entity"": ""liver metastases""}, {""entity"": ""primary right parotid malignancy""}, {""entity"": ""liver metastases""}] <|im_end|>","<|im_start|>user Extract the entities contained in the text. Extract only entities contained in the text.
Return the result in a json format: [{""entity"":""entity_name""}]. <<<We present a case of a 32-year-old woman with a history of gradual enlargement of the anterior neck.>>> <|im_end|><|im_start|>assistant [{""entity"": ""present""}, {""entity"": ""history""}, {""entity"": ""enlargement""}] <|im_end|>
<|im_start|>user Extract the entities contained in the text. Extract only entities contained in the text.
Return the result in a json format: [{""entity"":""entity_name""}]. <<<Patient information: a 9-month-old boy presented to the emergency room with a 3-day history of refusal to bear weight on the right lower extremity and febrile peaks of up to 38.5°C for 24 hours.>>> <|im_end|><|im_start|>assistant [{""entity"": ""presented""}, {""entity"": ""refusal""}, {""entity"": ""bear""}, {""entity"": ""peaks""}] <|im_end|>
<|im_start|>user Extract the entities contained in the text. Extract only entities contained in the text.
Return the result in a json format: [{""entity"":""entity_name""}]. <<Imaging and cytological findings pointed toward a likely primary right parotid malignancy with liver metastases.>>> <|im_end|><|im_start|>assistant","[{""entity"": ""findings""}, {""entity"": ""pointed""}, {""entity"": ""primary right parotid malignancy""}, {""entity"": ""liver metastases""}, {""entity"": ""primary right parotid malignancy""}, {""entity"": ""liver metastases""}] ","[{""entity"": ""findings""}, {""entity"": ""parotid malignancy""}, {""entity"": ""metastases""}, {""entity"
"The patient underwent right parotidectomy, and histopathologic examination confirmed ACC.","[{'id': '1839', 'offsets': array([28, 41]), 'role': '', 'semantic_type_id': '', 'text': 'parotidectomy', 'type': 'EVENT'}
 {'id': '1854', 'offsets': array([63, 74]), 'role': '', 'semantic_type_id': '', 'text': 'examination', 'type': 'EVENT'}
 {'id': '1869', 'offsets': array([75, 84]), 'role': '', 'semantic_type_id': '', 'text': 'confirmed', 'type': 'EVENT'}
 {'id': '1884', 'offsets': array([85, 88]), 'role': '', 'semantic_type_id': '', 'text': 'ACC', 'type': 'EVENT'}
 {'id': '2031', 'offsets': array([85, 88]), 'role': '', 'semantic_type_id': 'C0010606', 'text': 'ACC', 'type': 'CLINENTITY'}
 {'id': '2083', 'offsets': array([ 0, 11]), 'role': 'PATIENT', 'semantic_type_id': '', 'text': 'The patient', 'type': 'ACTOR'}]","A 46-year-old man with hypertension and dyslipidemia diagnosed 4-months before, as well as new-onset diabetes mellitus unveiled 1-month earlier, was referred to emergency department for hypokalemia. Hormonal study and dynamic biochemical tests performed indicated ECS. Imaging and cytological findings pointed toward a likely primary right parotid malignancy with liver metastases. Somatostatin receptor scintigraphy has shown an increased uptake in the parotid gland and mild expression in liver metastasis. The patient underwent right parotidectomy, and histopathologic examination confirmed ACC. Meanwhile, hypercortisolism was managed with metyrapone, ketoconazole, and lanreotide. Despite chemotherapy onset, a rapid disease progression and clinical course deterioration was observed.
",EN101783,"<|im_start|>user Extract the entities contained in the text. Extract only entities contained in the text.
Return the result in a json format: [{""entity"":""entity_name""}]. <<The patient underwent right parotidectomy, and histopathologic examination confirmed ACC.>>> <|im_end|><|im_start|>assistant[{""entity"": ""parotidectomy""}, {""entity"": ""examination""}, {""entity"": ""confirmed""}, {""entity"": ""ACC""}, {""entity"": ""ACC""}, {""entity"": ""The patient""}] <|im_end|>","<|im_start|>user Extract the entities contained in the text. Extract only entities contained in the text.
Return the result in a json format: [{""entity"":""entity_name""}]. <<<We present a case of a 32-year-old woman with a history of gradual enlargement of the anterior neck.>>> <|im_end|><|im_start|>assistant [{""entity"": ""present""}, {""entity"": ""history""}, {""entity"": ""enlargement""}] <|im_end|>
<|im_start|>user Extract the entities contained in the text. Extract only entities contained in the text.
Return the result in a json format: [{""entity"":""entity_name""}]. <<<Patient information: a 9-month-old boy presented to the emergency room with a 3-day history of refusal to bear weight on the right lower extremity and febrile peaks of up to 38.5°C for 24 hours.>>> <|im_end|><|im_start|>assistant [{""entity"": ""presented""}, {""entity"": ""refusal""}, {""entity"": ""bear""}, {""entity"": ""peaks""}] <|im_end|>
<|im_start|>user Extract the entities contained in the text. Extract only entities contained in the text.
Return the result in a json format: [{""entity"":""entity_name""}]. <<The patient underwent right parotidectomy, and histopathologic examination confirmed ACC.>>> <|im_end|><|im_start|>assistant","[{""entity"": ""parotidectomy""}, {""entity"": ""examination""}, {""entity"": ""confirmed""}, {""entity"": ""ACC""}, {""entity"": ""ACC""}, {""entity"": ""The patient""}] ","[{""entity"": ""parotidectomy""}, {""entity"": ""examination""}, {""entity"": ""confirmed""}, {""entity"": ""ACC"
"Meanwhile, hypercortisolism was managed with metyrapone, ketoconazole, and lanreotide.","[{'id': '1899', 'offsets': array([11, 27]), 'role': '', 'semantic_type_id': '', 'text': 'hypercortisolism', 'type': 'EVENT'}
 {'id': '1914', 'offsets': array([32, 39]), 'role': '', 'semantic_type_id': '', 'text': 'managed', 'type': 'EVENT'}
 {'id': '2038', 'offsets': array([11, 27]), 'role': '', 'semantic_type_id': 'C0010481', 'text': 'hypercortisolism', 'type': 'CLINENTITY'}]","A 46-year-old man with hypertension and dyslipidemia diagnosed 4-months before, as well as new-onset diabetes mellitus unveiled 1-month earlier, was referred to emergency department for hypokalemia. Hormonal study and dynamic biochemical tests performed indicated ECS. Imaging and cytological findings pointed toward a likely primary right parotid malignancy with liver metastases. Somatostatin receptor scintigraphy has shown an increased uptake in the parotid gland and mild expression in liver metastasis. The patient underwent right parotidectomy, and histopathologic examination confirmed ACC. Meanwhile, hypercortisolism was managed with metyrapone, ketoconazole, and lanreotide. Despite chemotherapy onset, a rapid disease progression and clinical course deterioration was observed.
",EN101783,"<|im_start|>user Extract the entities contained in the text. Extract only entities contained in the text.
Return the result in a json format: [{""entity"":""entity_name""}]. <<Meanwhile, hypercortisolism was managed with metyrapone, ketoconazole, and lanreotide.>>> <|im_end|><|im_start|>assistant[{""entity"": ""hypercortisolism""}, {""entity"": ""managed""}, {""entity"": ""hypercortisolism""}] <|im_end|>","<|im_start|>user Extract the entities contained in the text. Extract only entities contained in the text.
Return the result in a json format: [{""entity"":""entity_name""}]. <<<We present a case of a 32-year-old woman with a history of gradual enlargement of the anterior neck.>>> <|im_end|><|im_start|>assistant [{""entity"": ""present""}, {""entity"": ""history""}, {""entity"": ""enlargement""}] <|im_end|>
<|im_start|>user Extract the entities contained in the text. Extract only entities contained in the text.
Return the result in a json format: [{""entity"":""entity_name""}]. <<<Patient information: a 9-month-old boy presented to the emergency room with a 3-day history of refusal to bear weight on the right lower extremity and febrile peaks of up to 38.5°C for 24 hours.>>> <|im_end|><|im_start|>assistant [{""entity"": ""presented""}, {""entity"": ""refusal""}, {""entity"": ""bear""}, {""entity"": ""peaks""}] <|im_end|>
<|im_start|>user Extract the entities contained in the text. Extract only entities contained in the text.
Return the result in a json format: [{""entity"":""entity_name""}]. <<Meanwhile, hypercortisolism was managed with metyrapone, ketoconazole, and lanreotide.>>> <|im_end|><|im_start|>assistant","[{""entity"": ""hypercortisolism""}, {""entity"": ""managed""}, {""entity"": ""hypercortisolism""}] ","[{""entity"": ""hypercortisolism""}, {""entity"": ""managed""}, {""entity"": ""metyrapone""}, {""entity"
"A 50-years-old woman, hypertensive, hospitalized for a large cervical mass appeared 30 years ago.","[{'id': '6759', 'offsets': array([22, 34]), 'role': '', 'semantic_type_id': '', 'text': 'hypertensive', 'type': 'EVENT'}
 {'id': '6774', 'offsets': array([36, 48]), 'role': '', 'semantic_type_id': '', 'text': 'hospitalized', 'type': 'EVENT'}
 {'id': '7666', 'offsets': array([61, 74]), 'role': '', 'semantic_type_id': 'C0149736', 'text': 'cervical mass', 'type': 'CLINENTITY'}
 {'id': '7820', 'offsets': array([55, 74]), 'role': '', 'semantic_type_id': '', 'text': 'large cervical mass', 'type': 'BODYPART'}
 {'id': '7988', 'offsets': array([ 0, 20]), 'role': 'PATIENT', 'semantic_type_id': '', 'text': 'A 50-years-old woman', 'type': 'ACTOR'}
 {'id': '8071', 'offsets': array([84, 92]), 'role': '', 'semantic_type_id': '', 'text': '30 years', 'type': 'TIMEX3'}]","A 50-years-old woman, hypertensive, hospitalized for a large cervical mass appeared 30 years ago. In the family history, her mother, sisters and cousins underwent a surgery for MNG. Despite of the large volume of the mass, the patient never described signs of cervical compression whatsoever respiratory, digestive, laryngeal, vascular or neurologic signs. She never suffered from thyroid dysfunction. Her neck was deformed by the voluminous formation classified grade III according to the WHO modified classification. The mass took the front and the two sides of the neck. Its surface was embossed and covered by a thin normal skin. There were some veins of the collateral circulation limited to the neck. The goiter measured 18 x 11 cm. The mass was firm, painless, and mobile with the swallowing movements. Lymphadenopathy research was difficult and found no palpable lymph nodes. The laboratory tests (T 3, T 4 and TSH) were normal. Thoracic radiography showed a large cervical opacity roughly round and strewn with microcalcifications associated with a right eccentricity of the trachea. Cervical and chest CT revealed the presence of a partially calcified thyroid mass slightly plunging in the anterior mediastinum. It took heterogeneously the contrast and then evocate a large MNG. The trachea was surrounded by the goiter, slightly narrowed and right deviated as well as the lower part of the larynx. The right and left vascular axes of the neck (carotid artery and jugular vein) were deviated backward. The patient underwent a surgery for her enormous MNG slightly plunging in the mediastinum. Endotracheal intubation was relatively easy by the laryngoscope. The incision performed was a Kocher cervicotomy. There was a multinodular, hypervascularized goiter. Its lower end plunges behind the sternal manubrium. The larynx was deviated towards the right side. The total thyroidectomy was performed in two steps: initially a right lobo-isthmectomy, then the left lobectomy. The retrosternal part of the goiter was released using the finger by the same incision. Both recurrent laryngeal nerves (RLN) were not identified because of the hemorrhage. One parathyroid gland was accidently devascularized and was autotransplanted to the ipsilateral sternocleidomastoid muscle. The operation was finished by double aspiration drainage. In the first hours after surgery, the patient developed a large cervical hematoma. She was readmitted to the operating room, and after evacuation of the hematoma there was no vessels bleeding. The operation was completed with a double suction drainage. In the immediate postoperative period, the patient developed hemodynamic collapse requiring the introduction of dobutamine. After 48 hours of hemodynamic support, the blood pressure stabilized and dobutamine was stopped. Histological study concluded in multinodular colloid goiter. The patient was discharged from the hospital after 20 days in good health.
",EN100067,"<|im_start|>user Extract the entities contained in the text. Extract only entities contained in the text.
Return the result in a json format: [{""entity"":""entity_name""}]. <<A 50-years-old woman, hypertensive, hospitalized for a large cervical mass appeared 30 years ago.>>> <|im_end|><|im_start|>assistant[{""entity"": ""hypertensive""}, {""entity"": ""hospitalized""}, {""entity"": ""cervical mass""}, {""entity"": ""large cervical mass""}, {""entity"": ""A 50-years-old woman""}, {""entity"": ""30 years""}] <|im_end|>","<|im_start|>user Extract the entities contained in the text. Extract only entities contained in the text.
Return the result in a json format: [{""entity"":""entity_name""}]. <<<We present a case of a 32-year-old woman with a history of gradual enlargement of the anterior neck.>>> <|im_end|><|im_start|>assistant [{""entity"": ""present""}, {""entity"": ""history""}, {""entity"": ""enlargement""}] <|im_end|>
<|im_start|>user Extract the entities contained in the text. Extract only entities contained in the text.
Return the result in a json format: [{""entity"":""entity_name""}]. <<<Patient information: a 9-month-old boy presented to the emergency room with a 3-day history of refusal to bear weight on the right lower extremity and febrile peaks of up to 38.5°C for 24 hours.>>> <|im_end|><|im_start|>assistant [{""entity"": ""presented""}, {""entity"": ""refusal""}, {""entity"": ""bear""}, {""entity"": ""peaks""}] <|im_end|>
<|im_start|>user Extract the entities contained in the text. Extract only entities contained in the text.
Return the result in a json format: [{""entity"":""entity_name""}]. <<A 50-years-old woman, hypertensive, hospitalized for a large cervical mass appeared 30 years ago.>>> <|im_end|><|im_start|>assistant","[{""entity"": ""hypertensive""}, {""entity"": ""hospitalized""}, {""entity"": ""cervical mass""}, {""entity"": ""large cervical mass""}, {""entity"": ""A 50-years-old woman""}, {""entity"": ""30 years""}] ","[{""entity"": ""hospitalized""}, {""entity"": ""mass""}, {""entity"": ""appeared""}, {""entity"": ""hypertensive""},"
"In the family history, her mother, sisters and cousins underwent a surgery for MNG.","[{'id': '6789', 'offsets': array([14, 21]), 'role': '', 'semantic_type_id': '', 'text': 'history', 'type': 'EVENT'}
 {'id': '6804', 'offsets': array([67, 74]), 'role': '', 'semantic_type_id': '', 'text': 'surgery', 'type': 'EVENT'}
 {'id': '6819', 'offsets': array([79, 82]), 'role': '', 'semantic_type_id': '', 'text': 'MNG', 'type': 'EVENT'}
 {'id': '7673', 'offsets': array([79, 82]), 'role': '', 'semantic_type_id': '', 'text': 'MNG', 'type': 'CLINENTITY'}
 {'id': '7995', 'offsets': array([23, 33]), 'role': 'OTHER', 'semantic_type_id': '', 'text': 'her mother', 'type': 'ACTOR'}
 {'id': '8002', 'offsets': array([35, 42]), 'role': 'OTHER', 'semantic_type_id': '', 'text': 'sisters', 'type': 'ACTOR'}
 {'id': '8009', 'offsets': array([47, 54]), 'role': 'OTHER', 'semantic_type_id': '', 'text': 'cousins', 'type': 'ACTOR'}]","A 50-years-old woman, hypertensive, hospitalized for a large cervical mass appeared 30 years ago. In the family history, her mother, sisters and cousins underwent a surgery for MNG. Despite of the large volume of the mass, the patient never described signs of cervical compression whatsoever respiratory, digestive, laryngeal, vascular or neurologic signs. She never suffered from thyroid dysfunction. Her neck was deformed by the voluminous formation classified grade III according to the WHO modified classification. The mass took the front and the two sides of the neck. Its surface was embossed and covered by a thin normal skin. There were some veins of the collateral circulation limited to the neck. The goiter measured 18 x 11 cm. The mass was firm, painless, and mobile with the swallowing movements. Lymphadenopathy research was difficult and found no palpable lymph nodes. The laboratory tests (T 3, T 4 and TSH) were normal. Thoracic radiography showed a large cervical opacity roughly round and strewn with microcalcifications associated with a right eccentricity of the trachea. Cervical and chest CT revealed the presence of a partially calcified thyroid mass slightly plunging in the anterior mediastinum. It took heterogeneously the contrast and then evocate a large MNG. The trachea was surrounded by the goiter, slightly narrowed and right deviated as well as the lower part of the larynx. The right and left vascular axes of the neck (carotid artery and jugular vein) were deviated backward. The patient underwent a surgery for her enormous MNG slightly plunging in the mediastinum. Endotracheal intubation was relatively easy by the laryngoscope. The incision performed was a Kocher cervicotomy. There was a multinodular, hypervascularized goiter. Its lower end plunges behind the sternal manubrium. The larynx was deviated towards the right side. The total thyroidectomy was performed in two steps: initially a right lobo-isthmectomy, then the left lobectomy. The retrosternal part of the goiter was released using the finger by the same incision. Both recurrent laryngeal nerves (RLN) were not identified because of the hemorrhage. One parathyroid gland was accidently devascularized and was autotransplanted to the ipsilateral sternocleidomastoid muscle. The operation was finished by double aspiration drainage. In the first hours after surgery, the patient developed a large cervical hematoma. She was readmitted to the operating room, and after evacuation of the hematoma there was no vessels bleeding. The operation was completed with a double suction drainage. In the immediate postoperative period, the patient developed hemodynamic collapse requiring the introduction of dobutamine. After 48 hours of hemodynamic support, the blood pressure stabilized and dobutamine was stopped. Histological study concluded in multinodular colloid goiter. The patient was discharged from the hospital after 20 days in good health.
",EN100067,"<|im_start|>user Extract the entities contained in the text. Extract only entities contained in the text.
Return the result in a json format: [{""entity"":""entity_name""}]. <<In the family history, her mother, sisters and cousins underwent a surgery for MNG.>>> <|im_end|><|im_start|>assistant[{""entity"": ""history""}, {""entity"": ""surgery""}, {""entity"": ""MNG""}, {""entity"": ""MNG""}, {""entity"": ""her mother""}, {""entity"": ""sisters""}, {""entity"": ""cousins""}] <|im_end|>","<|im_start|>user Extract the entities contained in the text. Extract only entities contained in the text.
Return the result in a json format: [{""entity"":""entity_name""}]. <<<We present a case of a 32-year-old woman with a history of gradual enlargement of the anterior neck.>>> <|im_end|><|im_start|>assistant [{""entity"": ""present""}, {""entity"": ""history""}, {""entity"": ""enlargement""}] <|im_end|>
<|im_start|>user Extract the entities contained in the text. Extract only entities contained in the text.
Return the result in a json format: [{""entity"":""entity_name""}]. <<<Patient information: a 9-month-old boy presented to the emergency room with a 3-day history of refusal to bear weight on the right lower extremity and febrile peaks of up to 38.5°C for 24 hours.>>> <|im_end|><|im_start|>assistant [{""entity"": ""presented""}, {""entity"": ""refusal""}, {""entity"": ""bear""}, {""entity"": ""peaks""}] <|im_end|>
<|im_start|>user Extract the entities contained in the text. Extract only entities contained in the text.
Return the result in a json format: [{""entity"":""entity_name""}]. <<In the family history, her mother, sisters and cousins underwent a surgery for MNG.>>> <|im_end|><|im_start|>assistant","[{""entity"": ""history""}, {""entity"": ""surgery""}, {""entity"": ""MNG""}, {""entity"": ""MNG""}, {""entity"": ""her mother""}, {""entity"": ""sisters""}, {""entity"": ""cousins""}] ","[{""entity"": ""history""}, {""entity"": ""surgery""}, {""entity"": ""MNG""}, {""entity"": ""her mother""},"
"Despite of the large volume of the mass, the patient never described signs of cervical compression whatsoever respiratory, digestive, laryngeal, vascular or neurologic signs.","[{'id': '6834', 'offsets': array([59, 68]), 'role': '', 'semantic_type_id': '', 'text': 'described', 'type': 'EVENT'}
 {'id': '6849', 'offsets': array([87, 98]), 'role': '', 'semantic_type_id': '', 'text': 'compression', 'type': 'EVENT'}
 {'id': '6864', 'offsets': array([123, 132]), 'role': '', 'semantic_type_id': '', 'text': 'digestive', 'type': 'EVENT'}
 {'id': '6879', 'offsets': array([134, 143]), 'role': '', 'semantic_type_id': '', 'text': 'laryngeal', 'type': 'EVENT'}
 {'id': '6894', 'offsets': array([145, 153]), 'role': '', 'semantic_type_id': '', 'text': 'vascular', 'type': 'EVENT'}
 {'id': '6909', 'offsets': array([168, 173]), 'role': '', 'semantic_type_id': '', 'text': 'signs', 'type': 'EVENT'}
 {'id': '7680', 'offsets': array([35, 39]), 'role': '', 'semantic_type_id': 'C0149736', 'text': 'mass', 'type': 'CLINENTITY'}
 {'id': '7687', 'offsets': array([78, 98]), 'role': '', 'semantic_type_id': 'C0521672', 'text': 'cervical compression', 'type': 'CLINENTITY'}
 {'id': '7694', 'offsets': array([110, 173]), 'role': '', 'semantic_type_id': 'C0037090', 'text': 'respiratory, digestive, laryngeal, vascular or neurologic signs', 'type': 'CLINENTITY'}
 {'id': '7701', 'offsets': array([123, 173]), 'role': '', 'semantic_type_id': 'C0037089', 'text': 'digestive, laryngeal, vascular or neurologic signs', 'type': 'CLINENTITY'}
 {'id': '7708', 'offsets': array([134, 173]), 'role': '', 'semantic_type_id': 'C0437712', 'text': 'laryngeal, vascular or neurologic signs', 'type': 'CLINENTITY'}
 {'id': '7715', 'offsets': array([145, 173]), 'role': '', 'semantic_type_id': 'C0425654', 'text': 'vascular or neurologic signs', 'type': 'CLINENTITY'}
 {'id': '7722', 'offsets': array([157, 173]), 'role': '', 'semantic_type_id': 'C0751378', 'text': 'neurologic signs', 'type': 'CLINENTITY'}
 {'id': '7826', 'offsets': array([31, 39]), 'role': '', 'semantic_type_id': '', 'text': 'the mass', 'type': 'BODYPART'}
 {'id': '8016', 'offsets': array([41, 52]), 'role': 'PATIENT', 'semantic_type_id': '', 'text': 'the patient', 'type': 'ACTOR'}]","A 50-years-old woman, hypertensive, hospitalized for a large cervical mass appeared 30 years ago. In the family history, her mother, sisters and cousins underwent a surgery for MNG. Despite of the large volume of the mass, the patient never described signs of cervical compression whatsoever respiratory, digestive, laryngeal, vascular or neurologic signs. She never suffered from thyroid dysfunction. Her neck was deformed by the voluminous formation classified grade III according to the WHO modified classification. The mass took the front and the two sides of the neck. Its surface was embossed and covered by a thin normal skin. There were some veins of the collateral circulation limited to the neck. The goiter measured 18 x 11 cm. The mass was firm, painless, and mobile with the swallowing movements. Lymphadenopathy research was difficult and found no palpable lymph nodes. The laboratory tests (T 3, T 4 and TSH) were normal. Thoracic radiography showed a large cervical opacity roughly round and strewn with microcalcifications associated with a right eccentricity of the trachea. Cervical and chest CT revealed the presence of a partially calcified thyroid mass slightly plunging in the anterior mediastinum. It took heterogeneously the contrast and then evocate a large MNG. The trachea was surrounded by the goiter, slightly narrowed and right deviated as well as the lower part of the larynx. The right and left vascular axes of the neck (carotid artery and jugular vein) were deviated backward. The patient underwent a surgery for her enormous MNG slightly plunging in the mediastinum. Endotracheal intubation was relatively easy by the laryngoscope. The incision performed was a Kocher cervicotomy. There was a multinodular, hypervascularized goiter. Its lower end plunges behind the sternal manubrium. The larynx was deviated towards the right side. The total thyroidectomy was performed in two steps: initially a right lobo-isthmectomy, then the left lobectomy. The retrosternal part of the goiter was released using the finger by the same incision. Both recurrent laryngeal nerves (RLN) were not identified because of the hemorrhage. One parathyroid gland was accidently devascularized and was autotransplanted to the ipsilateral sternocleidomastoid muscle. The operation was finished by double aspiration drainage. In the first hours after surgery, the patient developed a large cervical hematoma. She was readmitted to the operating room, and after evacuation of the hematoma there was no vessels bleeding. The operation was completed with a double suction drainage. In the immediate postoperative period, the patient developed hemodynamic collapse requiring the introduction of dobutamine. After 48 hours of hemodynamic support, the blood pressure stabilized and dobutamine was stopped. Histological study concluded in multinodular colloid goiter. The patient was discharged from the hospital after 20 days in good health.
",EN100067,"<|im_start|>user Extract the entities contained in the text. Extract only entities contained in the text.
Return the result in a json format: [{""entity"":""entity_name""}]. <<Despite of the large volume of the mass, the patient never described signs of cervical compression whatsoever respiratory, digestive, laryngeal, vascular or neurologic signs.>>> <|im_end|><|im_start|>assistant[{""entity"": ""described""}, {""entity"": ""compression""}, {""entity"": ""digestive""}, {""entity"": ""laryngeal""}, {""entity"": ""vascular""}, {""entity"": ""signs""}, {""entity"": ""mass""}, {""entity"": ""cervical compression""}, {""entity"": ""respiratory, digestive, laryngeal, vascular or neurologic signs""}, {""entity"": ""digestive, laryngeal, vascular or neurologic signs""}, {""entity"": ""laryngeal, vascular or neurologic signs""}, {""entity"": ""vascular or neurologic signs""}, {""entity"": ""neurologic signs""}, {""entity"": ""the mass""}, {""entity"": ""the patient""}] <|im_end|>","<|im_start|>user Extract the entities contained in the text. Extract only entities contained in the text.
Return the result in a json format: [{""entity"":""entity_name""}]. <<<We present a case of a 32-year-old woman with a history of gradual enlargement of the anterior neck.>>> <|im_end|><|im_start|>assistant [{""entity"": ""present""}, {""entity"": ""history""}, {""entity"": ""enlargement""}] <|im_end|>
<|im_start|>user Extract the entities contained in the text. Extract only entities contained in the text.
Return the result in a json format: [{""entity"":""entity_name""}]. <<<Patient information: a 9-month-old boy presented to the emergency room with a 3-day history of refusal to bear weight on the right lower extremity and febrile peaks of up to 38.5°C for 24 hours.>>> <|im_end|><|im_start|>assistant [{""entity"": ""presented""}, {""entity"": ""refusal""}, {""entity"": ""bear""}, {""entity"": ""peaks""}] <|im_end|>
<|im_start|>user Extract the entities contained in the text. Extract only entities contained in the text.
Return the result in a json format: [{""entity"":""entity_name""}]. <<Despite of the large volume of the mass, the patient never described signs of cervical compression whatsoever respiratory, digestive, laryngeal, vascular or neurologic signs.>>> <|im_end|><|im_start|>assistant","[{""entity"": ""described""}, {""entity"": ""compression""}, {""entity"": ""digestive""}, {""entity"": ""laryngeal""}, {""entity"": ""vascular""}, {""entity"": ""signs""}, {""entity"": ""mass""}, {""entity"": ""cervical compression""}, {""entity"": ""respiratory, digestive, laryngeal, vascular or neurologic signs""}, {""entity"": ""digestive, laryngeal, vascular or neurologic signs""}, {""entity"": ""laryngeal, vascular or neurologic signs""}, {""entity"": ""vascular or neurologic signs""}, {""entity"": ""neurologic signs""}, {""entity"": ""the mass""}, {""entity"": ""the patient""}] ","[{""entity"": ""described""}, {""entity"": ""signs""}, {""entity"": ""cervical compression""}, {""entity"": """
She never suffered from thyroid dysfunction.,"[{'id': '6924', 'offsets': array([10, 18]), 'role': '', 'semantic_type_id': '', 'text': 'suffered', 'type': 'EVENT'}
 {'id': '6939', 'offsets': array([32, 43]), 'role': '', 'semantic_type_id': '', 'text': 'dysfunction', 'type': 'EVENT'}
 {'id': '7729', 'offsets': array([24, 43]), 'role': '', 'semantic_type_id': 'C0348024', 'text': 'thyroid dysfunction', 'type': 'CLINENTITY'}
 {'id': '8023', 'offsets': array([0, 3]), 'role': 'PATIENT', 'semantic_type_id': '', 'text': 'She', 'type': 'ACTOR'}]","A 50-years-old woman, hypertensive, hospitalized for a large cervical mass appeared 30 years ago. In the family history, her mother, sisters and cousins underwent a surgery for MNG. Despite of the large volume of the mass, the patient never described signs of cervical compression whatsoever respiratory, digestive, laryngeal, vascular or neurologic signs. She never suffered from thyroid dysfunction. Her neck was deformed by the voluminous formation classified grade III according to the WHO modified classification. The mass took the front and the two sides of the neck. Its surface was embossed and covered by a thin normal skin. There were some veins of the collateral circulation limited to the neck. The goiter measured 18 x 11 cm. The mass was firm, painless, and mobile with the swallowing movements. Lymphadenopathy research was difficult and found no palpable lymph nodes. The laboratory tests (T 3, T 4 and TSH) were normal. Thoracic radiography showed a large cervical opacity roughly round and strewn with microcalcifications associated with a right eccentricity of the trachea. Cervical and chest CT revealed the presence of a partially calcified thyroid mass slightly plunging in the anterior mediastinum. It took heterogeneously the contrast and then evocate a large MNG. The trachea was surrounded by the goiter, slightly narrowed and right deviated as well as the lower part of the larynx. The right and left vascular axes of the neck (carotid artery and jugular vein) were deviated backward. The patient underwent a surgery for her enormous MNG slightly plunging in the mediastinum. Endotracheal intubation was relatively easy by the laryngoscope. The incision performed was a Kocher cervicotomy. There was a multinodular, hypervascularized goiter. Its lower end plunges behind the sternal manubrium. The larynx was deviated towards the right side. The total thyroidectomy was performed in two steps: initially a right lobo-isthmectomy, then the left lobectomy. The retrosternal part of the goiter was released using the finger by the same incision. Both recurrent laryngeal nerves (RLN) were not identified because of the hemorrhage. One parathyroid gland was accidently devascularized and was autotransplanted to the ipsilateral sternocleidomastoid muscle. The operation was finished by double aspiration drainage. In the first hours after surgery, the patient developed a large cervical hematoma. She was readmitted to the operating room, and after evacuation of the hematoma there was no vessels bleeding. The operation was completed with a double suction drainage. In the immediate postoperative period, the patient developed hemodynamic collapse requiring the introduction of dobutamine. After 48 hours of hemodynamic support, the blood pressure stabilized and dobutamine was stopped. Histological study concluded in multinodular colloid goiter. The patient was discharged from the hospital after 20 days in good health.
",EN100067,"<|im_start|>user Extract the entities contained in the text. Extract only entities contained in the text.
Return the result in a json format: [{""entity"":""entity_name""}]. <<She never suffered from thyroid dysfunction.>>> <|im_end|><|im_start|>assistant[{""entity"": ""suffered""}, {""entity"": ""dysfunction""}, {""entity"": ""thyroid dysfunction""}, {""entity"": ""She""}] <|im_end|>","<|im_start|>user Extract the entities contained in the text. Extract only entities contained in the text.
Return the result in a json format: [{""entity"":""entity_name""}]. <<<We present a case of a 32-year-old woman with a history of gradual enlargement of the anterior neck.>>> <|im_end|><|im_start|>assistant [{""entity"": ""present""}, {""entity"": ""history""}, {""entity"": ""enlargement""}] <|im_end|>
<|im_start|>user Extract the entities contained in the text. Extract only entities contained in the text.
Return the result in a json format: [{""entity"":""entity_name""}]. <<<Patient information: a 9-month-old boy presented to the emergency room with a 3-day history of refusal to bear weight on the right lower extremity and febrile peaks of up to 38.5°C for 24 hours.>>> <|im_end|><|im_start|>assistant [{""entity"": ""presented""}, {""entity"": ""refusal""}, {""entity"": ""bear""}, {""entity"": ""peaks""}] <|im_end|>
<|im_start|>user Extract the entities contained in the text. Extract only entities contained in the text.
Return the result in a json format: [{""entity"":""entity_name""}]. <<She never suffered from thyroid dysfunction.>>> <|im_end|><|im_start|>assistant","[{""entity"": ""suffered""}, {""entity"": ""dysfunction""}, {""entity"": ""thyroid dysfunction""}, {""entity"": ""She""}] ","[{""entity"": ""dysfunction""}, {""entity"": ""thyroid""}, {""entity"": ""She""}] <|im_end|><|im_end|><|im_end|><|im_end|>"
The mass took the front and the two sides of the neck.,"[{'id': '7736', 'offsets': array([4, 8]), 'role': '', 'semantic_type_id': 'C0149736', 'text': 'mass', 'type': 'CLINENTITY'}
 {'id': '7838', 'offsets': array([14, 23]), 'role': '', 'semantic_type_id': '', 'text': 'the front', 'type': 'BODYPART'}
 {'id': '7844', 'offsets': array([28, 53]), 'role': '', 'semantic_type_id': '', 'text': 'the two sides of the neck', 'type': 'BODYPART'}]","A 50-years-old woman, hypertensive, hospitalized for a large cervical mass appeared 30 years ago. In the family history, her mother, sisters and cousins underwent a surgery for MNG. Despite of the large volume of the mass, the patient never described signs of cervical compression whatsoever respiratory, digestive, laryngeal, vascular or neurologic signs. She never suffered from thyroid dysfunction. Her neck was deformed by the voluminous formation classified grade III according to the WHO modified classification. The mass took the front and the two sides of the neck. Its surface was embossed and covered by a thin normal skin. There were some veins of the collateral circulation limited to the neck. The goiter measured 18 x 11 cm. The mass was firm, painless, and mobile with the swallowing movements. Lymphadenopathy research was difficult and found no palpable lymph nodes. The laboratory tests (T 3, T 4 and TSH) were normal. Thoracic radiography showed a large cervical opacity roughly round and strewn with microcalcifications associated with a right eccentricity of the trachea. Cervical and chest CT revealed the presence of a partially calcified thyroid mass slightly plunging in the anterior mediastinum. It took heterogeneously the contrast and then evocate a large MNG. The trachea was surrounded by the goiter, slightly narrowed and right deviated as well as the lower part of the larynx. The right and left vascular axes of the neck (carotid artery and jugular vein) were deviated backward. The patient underwent a surgery for her enormous MNG slightly plunging in the mediastinum. Endotracheal intubation was relatively easy by the laryngoscope. The incision performed was a Kocher cervicotomy. There was a multinodular, hypervascularized goiter. Its lower end plunges behind the sternal manubrium. The larynx was deviated towards the right side. The total thyroidectomy was performed in two steps: initially a right lobo-isthmectomy, then the left lobectomy. The retrosternal part of the goiter was released using the finger by the same incision. Both recurrent laryngeal nerves (RLN) were not identified because of the hemorrhage. One parathyroid gland was accidently devascularized and was autotransplanted to the ipsilateral sternocleidomastoid muscle. The operation was finished by double aspiration drainage. In the first hours after surgery, the patient developed a large cervical hematoma. She was readmitted to the operating room, and after evacuation of the hematoma there was no vessels bleeding. The operation was completed with a double suction drainage. In the immediate postoperative period, the patient developed hemodynamic collapse requiring the introduction of dobutamine. After 48 hours of hemodynamic support, the blood pressure stabilized and dobutamine was stopped. Histological study concluded in multinodular colloid goiter. The patient was discharged from the hospital after 20 days in good health.
",EN100067,"<|im_start|>user Extract the entities contained in the text. Extract only entities contained in the text.
Return the result in a json format: [{""entity"":""entity_name""}]. <<The mass took the front and the two sides of the neck.>>> <|im_end|><|im_start|>assistant[{""entity"": ""mass""}, {""entity"": ""the front""}, {""entity"": ""the two sides of the neck""}] <|im_end|>","<|im_start|>user Extract the entities contained in the text. Extract only entities contained in the text.
Return the result in a json format: [{""entity"":""entity_name""}]. <<<We present a case of a 32-year-old woman with a history of gradual enlargement of the anterior neck.>>> <|im_end|><|im_start|>assistant [{""entity"": ""present""}, {""entity"": ""history""}, {""entity"": ""enlargement""}] <|im_end|>
<|im_start|>user Extract the entities contained in the text. Extract only entities contained in the text.
Return the result in a json format: [{""entity"":""entity_name""}]. <<<Patient information: a 9-month-old boy presented to the emergency room with a 3-day history of refusal to bear weight on the right lower extremity and febrile peaks of up to 38.5°C for 24 hours.>>> <|im_end|><|im_start|>assistant [{""entity"": ""presented""}, {""entity"": ""refusal""}, {""entity"": ""bear""}, {""entity"": ""peaks""}] <|im_end|>
<|im_start|>user Extract the entities contained in the text. Extract only entities contained in the text.
Return the result in a json format: [{""entity"":""entity_name""}]. <<The mass took the front and the two sides of the neck.>>> <|im_end|><|im_start|>assistant","[{""entity"": ""mass""}, {""entity"": ""the front""}, {""entity"": ""the two sides of the neck""}] ","[{""entity"": ""The mass""}] <|im_end|><|im_end|><|im_end|><|im_end|><|im_end|><|im_end|><|im_end|><|im_end|><|im_end|><|im_end|><|im_end|><|im_end|><|im_end|><|im_end|><|im_end|><|im_end|><|im_end|><|im_end|>"
Its surface was embossed and covered by a thin normal skin.,"[{'id': '6969', 'offsets': array([16, 24]), 'role': '', 'semantic_type_id': '', 'text': 'embossed', 'type': 'EVENT'}
 {'id': '6984', 'offsets': array([29, 36]), 'role': '', 'semantic_type_id': '', 'text': 'covered', 'type': 'EVENT'}
 {'id': '7850', 'offsets': array([40, 58]), 'role': '', 'semantic_type_id': '', 'text': 'a thin normal skin', 'type': 'BODYPART'}]","A 50-years-old woman, hypertensive, hospitalized for a large cervical mass appeared 30 years ago. In the family history, her mother, sisters and cousins underwent a surgery for MNG. Despite of the large volume of the mass, the patient never described signs of cervical compression whatsoever respiratory, digestive, laryngeal, vascular or neurologic signs. She never suffered from thyroid dysfunction. Her neck was deformed by the voluminous formation classified grade III according to the WHO modified classification. The mass took the front and the two sides of the neck. Its surface was embossed and covered by a thin normal skin. There were some veins of the collateral circulation limited to the neck. The goiter measured 18 x 11 cm. The mass was firm, painless, and mobile with the swallowing movements. Lymphadenopathy research was difficult and found no palpable lymph nodes. The laboratory tests (T 3, T 4 and TSH) were normal. Thoracic radiography showed a large cervical opacity roughly round and strewn with microcalcifications associated with a right eccentricity of the trachea. Cervical and chest CT revealed the presence of a partially calcified thyroid mass slightly plunging in the anterior mediastinum. It took heterogeneously the contrast and then evocate a large MNG. The trachea was surrounded by the goiter, slightly narrowed and right deviated as well as the lower part of the larynx. The right and left vascular axes of the neck (carotid artery and jugular vein) were deviated backward. The patient underwent a surgery for her enormous MNG slightly plunging in the mediastinum. Endotracheal intubation was relatively easy by the laryngoscope. The incision performed was a Kocher cervicotomy. There was a multinodular, hypervascularized goiter. Its lower end plunges behind the sternal manubrium. The larynx was deviated towards the right side. The total thyroidectomy was performed in two steps: initially a right lobo-isthmectomy, then the left lobectomy. The retrosternal part of the goiter was released using the finger by the same incision. Both recurrent laryngeal nerves (RLN) were not identified because of the hemorrhage. One parathyroid gland was accidently devascularized and was autotransplanted to the ipsilateral sternocleidomastoid muscle. The operation was finished by double aspiration drainage. In the first hours after surgery, the patient developed a large cervical hematoma. She was readmitted to the operating room, and after evacuation of the hematoma there was no vessels bleeding. The operation was completed with a double suction drainage. In the immediate postoperative period, the patient developed hemodynamic collapse requiring the introduction of dobutamine. After 48 hours of hemodynamic support, the blood pressure stabilized and dobutamine was stopped. Histological study concluded in multinodular colloid goiter. The patient was discharged from the hospital after 20 days in good health.
",EN100067,"<|im_start|>user Extract the entities contained in the text. Extract only entities contained in the text.
Return the result in a json format: [{""entity"":""entity_name""}]. <<Its surface was embossed and covered by a thin normal skin.>>> <|im_end|><|im_start|>assistant[{""entity"": ""embossed""}, {""entity"": ""covered""}, {""entity"": ""a thin normal skin""}] <|im_end|>","<|im_start|>user Extract the entities contained in the text. Extract only entities contained in the text.
Return the result in a json format: [{""entity"":""entity_name""}]. <<<We present a case of a 32-year-old woman with a history of gradual enlargement of the anterior neck.>>> <|im_end|><|im_start|>assistant [{""entity"": ""present""}, {""entity"": ""history""}, {""entity"": ""enlargement""}] <|im_end|>
<|im_start|>user Extract the entities contained in the text. Extract only entities contained in the text.
Return the result in a json format: [{""entity"":""entity_name""}]. <<<Patient information: a 9-month-old boy presented to the emergency room with a 3-day history of refusal to bear weight on the right lower extremity and febrile peaks of up to 38.5°C for 24 hours.>>> <|im_end|><|im_start|>assistant [{""entity"": ""presented""}, {""entity"": ""refusal""}, {""entity"": ""bear""}, {""entity"": ""peaks""}] <|im_end|>
<|im_start|>user Extract the entities contained in the text. Extract only entities contained in the text.
Return the result in a json format: [{""entity"":""entity_name""}]. <<Its surface was embossed and covered by a thin normal skin.>>> <|im_end|><|im_start|>assistant","[{""entity"": ""embossed""}, {""entity"": ""covered""}, {""entity"": ""a thin normal skin""}] ","[{""entity"": ""embossed""}, {""entity"": ""covered""}, {""entity"": ""skin""}, {""entity"": ""the right lower extrem"
There were some veins of the collateral circulation limited to the neck.,"[{'id': '7856', 'offsets': array([16, 51]), 'role': '', 'semantic_type_id': '', 'text': 'veins of the collateral circulation', 'type': 'BODYPART'}
 {'id': '7862', 'offsets': array([63, 71]), 'role': '', 'semantic_type_id': '', 'text': 'the neck', 'type': 'BODYPART'}]","A 50-years-old woman, hypertensive, hospitalized for a large cervical mass appeared 30 years ago. In the family history, her mother, sisters and cousins underwent a surgery for MNG. Despite of the large volume of the mass, the patient never described signs of cervical compression whatsoever respiratory, digestive, laryngeal, vascular or neurologic signs. She never suffered from thyroid dysfunction. Her neck was deformed by the voluminous formation classified grade III according to the WHO modified classification. The mass took the front and the two sides of the neck. Its surface was embossed and covered by a thin normal skin. There were some veins of the collateral circulation limited to the neck. The goiter measured 18 x 11 cm. The mass was firm, painless, and mobile with the swallowing movements. Lymphadenopathy research was difficult and found no palpable lymph nodes. The laboratory tests (T 3, T 4 and TSH) were normal. Thoracic radiography showed a large cervical opacity roughly round and strewn with microcalcifications associated with a right eccentricity of the trachea. Cervical and chest CT revealed the presence of a partially calcified thyroid mass slightly plunging in the anterior mediastinum. It took heterogeneously the contrast and then evocate a large MNG. The trachea was surrounded by the goiter, slightly narrowed and right deviated as well as the lower part of the larynx. The right and left vascular axes of the neck (carotid artery and jugular vein) were deviated backward. The patient underwent a surgery for her enormous MNG slightly plunging in the mediastinum. Endotracheal intubation was relatively easy by the laryngoscope. The incision performed was a Kocher cervicotomy. There was a multinodular, hypervascularized goiter. Its lower end plunges behind the sternal manubrium. The larynx was deviated towards the right side. The total thyroidectomy was performed in two steps: initially a right lobo-isthmectomy, then the left lobectomy. The retrosternal part of the goiter was released using the finger by the same incision. Both recurrent laryngeal nerves (RLN) were not identified because of the hemorrhage. One parathyroid gland was accidently devascularized and was autotransplanted to the ipsilateral sternocleidomastoid muscle. The operation was finished by double aspiration drainage. In the first hours after surgery, the patient developed a large cervical hematoma. She was readmitted to the operating room, and after evacuation of the hematoma there was no vessels bleeding. The operation was completed with a double suction drainage. In the immediate postoperative period, the patient developed hemodynamic collapse requiring the introduction of dobutamine. After 48 hours of hemodynamic support, the blood pressure stabilized and dobutamine was stopped. Histological study concluded in multinodular colloid goiter. The patient was discharged from the hospital after 20 days in good health.
",EN100067,"<|im_start|>user Extract the entities contained in the text. Extract only entities contained in the text.
Return the result in a json format: [{""entity"":""entity_name""}]. <<There were some veins of the collateral circulation limited to the neck.>>> <|im_end|><|im_start|>assistant[{""entity"": ""veins of the collateral circulation""}, {""entity"": ""the neck""}] <|im_end|>","<|im_start|>user Extract the entities contained in the text. Extract only entities contained in the text.
Return the result in a json format: [{""entity"":""entity_name""}]. <<<We present a case of a 32-year-old woman with a history of gradual enlargement of the anterior neck.>>> <|im_end|><|im_start|>assistant [{""entity"": ""present""}, {""entity"": ""history""}, {""entity"": ""enlargement""}] <|im_end|>
<|im_start|>user Extract the entities contained in the text. Extract only entities contained in the text.
Return the result in a json format: [{""entity"":""entity_name""}]. <<<Patient information: a 9-month-old boy presented to the emergency room with a 3-day history of refusal to bear weight on the right lower extremity and febrile peaks of up to 38.5°C for 24 hours.>>> <|im_end|><|im_start|>assistant [{""entity"": ""presented""}, {""entity"": ""refusal""}, {""entity"": ""bear""}, {""entity"": ""peaks""}] <|im_end|>
<|im_start|>user Extract the entities contained in the text. Extract only entities contained in the text.
Return the result in a json format: [{""entity"":""entity_name""}]. <<There were some veins of the collateral circulation limited to the neck.>>> <|im_end|><|im_start|>assistant","[{""entity"": ""veins of the collateral circulation""}, {""entity"": ""the neck""}] ","[{""entity"": ""circulation""}, {""entity"": ""limited""}, {""entity"": ""the neck""}] <|im_end|><|im_end|><|im_end|><|im_end|><|im_end|>"
The goiter measured 18 x 11 cm.,"[{'id': '6999', 'offsets': array([11, 19]), 'role': '', 'semantic_type_id': '', 'text': 'measured', 'type': 'EVENT'}
 {'id': '7868', 'offsets': array([ 0, 10]), 'role': '', 'semantic_type_id': '', 'text': 'The goiter', 'type': 'BODYPART'}
 {'id': '8065', 'offsets': array([20, 30]), 'role': '', 'semantic_type_id': '', 'text': '18 x 11 cm', 'type': 'RML'}]","A 50-years-old woman, hypertensive, hospitalized for a large cervical mass appeared 30 years ago. In the family history, her mother, sisters and cousins underwent a surgery for MNG. Despite of the large volume of the mass, the patient never described signs of cervical compression whatsoever respiratory, digestive, laryngeal, vascular or neurologic signs. She never suffered from thyroid dysfunction. Her neck was deformed by the voluminous formation classified grade III according to the WHO modified classification. The mass took the front and the two sides of the neck. Its surface was embossed and covered by a thin normal skin. There were some veins of the collateral circulation limited to the neck. The goiter measured 18 x 11 cm. The mass was firm, painless, and mobile with the swallowing movements. Lymphadenopathy research was difficult and found no palpable lymph nodes. The laboratory tests (T 3, T 4 and TSH) were normal. Thoracic radiography showed a large cervical opacity roughly round and strewn with microcalcifications associated with a right eccentricity of the trachea. Cervical and chest CT revealed the presence of a partially calcified thyroid mass slightly plunging in the anterior mediastinum. It took heterogeneously the contrast and then evocate a large MNG. The trachea was surrounded by the goiter, slightly narrowed and right deviated as well as the lower part of the larynx. The right and left vascular axes of the neck (carotid artery and jugular vein) were deviated backward. The patient underwent a surgery for her enormous MNG slightly plunging in the mediastinum. Endotracheal intubation was relatively easy by the laryngoscope. The incision performed was a Kocher cervicotomy. There was a multinodular, hypervascularized goiter. Its lower end plunges behind the sternal manubrium. The larynx was deviated towards the right side. The total thyroidectomy was performed in two steps: initially a right lobo-isthmectomy, then the left lobectomy. The retrosternal part of the goiter was released using the finger by the same incision. Both recurrent laryngeal nerves (RLN) were not identified because of the hemorrhage. One parathyroid gland was accidently devascularized and was autotransplanted to the ipsilateral sternocleidomastoid muscle. The operation was finished by double aspiration drainage. In the first hours after surgery, the patient developed a large cervical hematoma. She was readmitted to the operating room, and after evacuation of the hematoma there was no vessels bleeding. The operation was completed with a double suction drainage. In the immediate postoperative period, the patient developed hemodynamic collapse requiring the introduction of dobutamine. After 48 hours of hemodynamic support, the blood pressure stabilized and dobutamine was stopped. Histological study concluded in multinodular colloid goiter. The patient was discharged from the hospital after 20 days in good health.
",EN100067,"<|im_start|>user Extract the entities contained in the text. Extract only entities contained in the text.
Return the result in a json format: [{""entity"":""entity_name""}]. <<The goiter measured 18 x 11 cm.>>> <|im_end|><|im_start|>assistant[{""entity"": ""measured""}, {""entity"": ""The goiter""}, {""entity"": ""18 x 11 cm""}] <|im_end|>","<|im_start|>user Extract the entities contained in the text. Extract only entities contained in the text.
Return the result in a json format: [{""entity"":""entity_name""}]. <<<We present a case of a 32-year-old woman with a history of gradual enlargement of the anterior neck.>>> <|im_end|><|im_start|>assistant [{""entity"": ""present""}, {""entity"": ""history""}, {""entity"": ""enlargement""}] <|im_end|>
<|im_start|>user Extract the entities contained in the text. Extract only entities contained in the text.
Return the result in a json format: [{""entity"":""entity_name""}]. <<<Patient information: a 9-month-old boy presented to the emergency room with a 3-day history of refusal to bear weight on the right lower extremity and febrile peaks of up to 38.5°C for 24 hours.>>> <|im_end|><|im_start|>assistant [{""entity"": ""presented""}, {""entity"": ""refusal""}, {""entity"": ""bear""}, {""entity"": ""peaks""}] <|im_end|>
<|im_start|>user Extract the entities contained in the text. Extract only entities contained in the text.
Return the result in a json format: [{""entity"":""entity_name""}]. <<The goiter measured 18 x 11 cm.>>> <|im_end|><|im_start|>assistant","[{""entity"": ""measured""}, {""entity"": ""The goiter""}, {""entity"": ""18 x 11 cm""}] ","[{""entity"": ""measured""}, {""entity"": ""goiter""}, {""entity"": ""18 x 11 cm""}]"
"The mass was firm, painless, and mobile with the swallowing movements.","[{'id': '7743', 'offsets': array([4, 8]), 'role': '', 'semantic_type_id': 'C0149736', 'text': 'mass', 'type': 'CLINENTITY'}]","A 50-years-old woman, hypertensive, hospitalized for a large cervical mass appeared 30 years ago. In the family history, her mother, sisters and cousins underwent a surgery for MNG. Despite of the large volume of the mass, the patient never described signs of cervical compression whatsoever respiratory, digestive, laryngeal, vascular or neurologic signs. She never suffered from thyroid dysfunction. Her neck was deformed by the voluminous formation classified grade III according to the WHO modified classification. The mass took the front and the two sides of the neck. Its surface was embossed and covered by a thin normal skin. There were some veins of the collateral circulation limited to the neck. The goiter measured 18 x 11 cm. The mass was firm, painless, and mobile with the swallowing movements. Lymphadenopathy research was difficult and found no palpable lymph nodes. The laboratory tests (T 3, T 4 and TSH) were normal. Thoracic radiography showed a large cervical opacity roughly round and strewn with microcalcifications associated with a right eccentricity of the trachea. Cervical and chest CT revealed the presence of a partially calcified thyroid mass slightly plunging in the anterior mediastinum. It took heterogeneously the contrast and then evocate a large MNG. The trachea was surrounded by the goiter, slightly narrowed and right deviated as well as the lower part of the larynx. The right and left vascular axes of the neck (carotid artery and jugular vein) were deviated backward. The patient underwent a surgery for her enormous MNG slightly plunging in the mediastinum. Endotracheal intubation was relatively easy by the laryngoscope. The incision performed was a Kocher cervicotomy. There was a multinodular, hypervascularized goiter. Its lower end plunges behind the sternal manubrium. The larynx was deviated towards the right side. The total thyroidectomy was performed in two steps: initially a right lobo-isthmectomy, then the left lobectomy. The retrosternal part of the goiter was released using the finger by the same incision. Both recurrent laryngeal nerves (RLN) were not identified because of the hemorrhage. One parathyroid gland was accidently devascularized and was autotransplanted to the ipsilateral sternocleidomastoid muscle. The operation was finished by double aspiration drainage. In the first hours after surgery, the patient developed a large cervical hematoma. She was readmitted to the operating room, and after evacuation of the hematoma there was no vessels bleeding. The operation was completed with a double suction drainage. In the immediate postoperative period, the patient developed hemodynamic collapse requiring the introduction of dobutamine. After 48 hours of hemodynamic support, the blood pressure stabilized and dobutamine was stopped. Histological study concluded in multinodular colloid goiter. The patient was discharged from the hospital after 20 days in good health.
",EN100067,"<|im_start|>user Extract the entities contained in the text. Extract only entities contained in the text.
Return the result in a json format: [{""entity"":""entity_name""}]. <<The mass was firm, painless, and mobile with the swallowing movements.>>> <|im_end|><|im_start|>assistant[{""entity"": ""mass""}] <|im_end|>","<|im_start|>user Extract the entities contained in the text. Extract only entities contained in the text.
Return the result in a json format: [{""entity"":""entity_name""}]. <<<We present a case of a 32-year-old woman with a history of gradual enlargement of the anterior neck.>>> <|im_end|><|im_start|>assistant [{""entity"": ""present""}, {""entity"": ""history""}, {""entity"": ""enlargement""}] <|im_end|>
<|im_start|>user Extract the entities contained in the text. Extract only entities contained in the text.
Return the result in a json format: [{""entity"":""entity_name""}]. <<<Patient information: a 9-month-old boy presented to the emergency room with a 3-day history of refusal to bear weight on the right lower extremity and febrile peaks of up to 38.5°C for 24 hours.>>> <|im_end|><|im_start|>assistant [{""entity"": ""presented""}, {""entity"": ""refusal""}, {""entity"": ""bear""}, {""entity"": ""peaks""}] <|im_end|>
<|im_start|>user Extract the entities contained in the text. Extract only entities contained in the text.
Return the result in a json format: [{""entity"":""entity_name""}]. <<The mass was firm, painless, and mobile with the swallowing movements.>>> <|im_end|><|im_start|>assistant","[{""entity"": ""mass""}] ","[{""entity"": ""The mass""}] <|im_end|><|im_end|><|im_end|><|im_end|><|im_end|><|im_end|><|im_end|><|im_end|><|im_end|><|im_end|><|im_end|><|im_end|><|im_end|><|im_end|><|im_end|><|im_end|><|im_end|><|im_end|>"
Lymphadenopathy research was difficult and found no palpable lymph nodes.,"[{'id': '7014', 'offsets': array([16, 24]), 'role': '', 'semantic_type_id': '', 'text': 'research', 'type': 'EVENT'}
 {'id': '7029', 'offsets': array([43, 48]), 'role': '', 'semantic_type_id': '', 'text': 'found', 'type': 'EVENT'}
 {'id': '7044', 'offsets': array([67, 72]), 'role': '', 'semantic_type_id': '', 'text': 'nodes', 'type': 'EVENT'}
 {'id': '7750', 'offsets': array([ 0, 15]), 'role': '', 'semantic_type_id': 'C1334458', 'text': 'Lymphadenopathy', 'type': 'CLINENTITY'}]","A 50-years-old woman, hypertensive, hospitalized for a large cervical mass appeared 30 years ago. In the family history, her mother, sisters and cousins underwent a surgery for MNG. Despite of the large volume of the mass, the patient never described signs of cervical compression whatsoever respiratory, digestive, laryngeal, vascular or neurologic signs. She never suffered from thyroid dysfunction. Her neck was deformed by the voluminous formation classified grade III according to the WHO modified classification. The mass took the front and the two sides of the neck. Its surface was embossed and covered by a thin normal skin. There were some veins of the collateral circulation limited to the neck. The goiter measured 18 x 11 cm. The mass was firm, painless, and mobile with the swallowing movements. Lymphadenopathy research was difficult and found no palpable lymph nodes. The laboratory tests (T 3, T 4 and TSH) were normal. Thoracic radiography showed a large cervical opacity roughly round and strewn with microcalcifications associated with a right eccentricity of the trachea. Cervical and chest CT revealed the presence of a partially calcified thyroid mass slightly plunging in the anterior mediastinum. It took heterogeneously the contrast and then evocate a large MNG. The trachea was surrounded by the goiter, slightly narrowed and right deviated as well as the lower part of the larynx. The right and left vascular axes of the neck (carotid artery and jugular vein) were deviated backward. The patient underwent a surgery for her enormous MNG slightly plunging in the mediastinum. Endotracheal intubation was relatively easy by the laryngoscope. The incision performed was a Kocher cervicotomy. There was a multinodular, hypervascularized goiter. Its lower end plunges behind the sternal manubrium. The larynx was deviated towards the right side. The total thyroidectomy was performed in two steps: initially a right lobo-isthmectomy, then the left lobectomy. The retrosternal part of the goiter was released using the finger by the same incision. Both recurrent laryngeal nerves (RLN) were not identified because of the hemorrhage. One parathyroid gland was accidently devascularized and was autotransplanted to the ipsilateral sternocleidomastoid muscle. The operation was finished by double aspiration drainage. In the first hours after surgery, the patient developed a large cervical hematoma. She was readmitted to the operating room, and after evacuation of the hematoma there was no vessels bleeding. The operation was completed with a double suction drainage. In the immediate postoperative period, the patient developed hemodynamic collapse requiring the introduction of dobutamine. After 48 hours of hemodynamic support, the blood pressure stabilized and dobutamine was stopped. Histological study concluded in multinodular colloid goiter. The patient was discharged from the hospital after 20 days in good health.
",EN100067,"<|im_start|>user Extract the entities contained in the text. Extract only entities contained in the text.
Return the result in a json format: [{""entity"":""entity_name""}]. <<Lymphadenopathy research was difficult and found no palpable lymph nodes.>>> <|im_end|><|im_start|>assistant[{""entity"": ""research""}, {""entity"": ""found""}, {""entity"": ""nodes""}, {""entity"": ""Lymphadenopathy""}] <|im_end|>","<|im_start|>user Extract the entities contained in the text. Extract only entities contained in the text.
Return the result in a json format: [{""entity"":""entity_name""}]. <<<We present a case of a 32-year-old woman with a history of gradual enlargement of the anterior neck.>>> <|im_end|><|im_start|>assistant [{""entity"": ""present""}, {""entity"": ""history""}, {""entity"": ""enlargement""}] <|im_end|>
<|im_start|>user Extract the entities contained in the text. Extract only entities contained in the text.
Return the result in a json format: [{""entity"":""entity_name""}]. <<<Patient information: a 9-month-old boy presented to the emergency room with a 3-day history of refusal to bear weight on the right lower extremity and febrile peaks of up to 38.5°C for 24 hours.>>> <|im_end|><|im_start|>assistant [{""entity"": ""presented""}, {""entity"": ""refusal""}, {""entity"": ""bear""}, {""entity"": ""peaks""}] <|im_end|>
<|im_start|>user Extract the entities contained in the text. Extract only entities contained in the text.
Return the result in a json format: [{""entity"":""entity_name""}]. <<Lymphadenopathy research was difficult and found no palpable lymph nodes.>>> <|im_end|><|im_start|>assistant","[{""entity"": ""research""}, {""entity"": ""found""}, {""entity"": ""nodes""}, {""entity"": ""Lymphadenopathy""}] ","[{""entity"": ""research""}, {""entity"": ""found""}, {""entity"": ""nodes""}, {""entity"": ""lymphadenopathy""},"
"The laboratory tests (T 3, T 4 and TSH) were normal.","[{'id': '7059', 'offsets': array([15, 20]), 'role': '', 'semantic_type_id': '', 'text': 'tests', 'type': 'EVENT'}]","A 50-years-old woman, hypertensive, hospitalized for a large cervical mass appeared 30 years ago. In the family history, her mother, sisters and cousins underwent a surgery for MNG. Despite of the large volume of the mass, the patient never described signs of cervical compression whatsoever respiratory, digestive, laryngeal, vascular or neurologic signs. She never suffered from thyroid dysfunction. Her neck was deformed by the voluminous formation classified grade III according to the WHO modified classification. The mass took the front and the two sides of the neck. Its surface was embossed and covered by a thin normal skin. There were some veins of the collateral circulation limited to the neck. The goiter measured 18 x 11 cm. The mass was firm, painless, and mobile with the swallowing movements. Lymphadenopathy research was difficult and found no palpable lymph nodes. The laboratory tests (T 3, T 4 and TSH) were normal. Thoracic radiography showed a large cervical opacity roughly round and strewn with microcalcifications associated with a right eccentricity of the trachea. Cervical and chest CT revealed the presence of a partially calcified thyroid mass slightly plunging in the anterior mediastinum. It took heterogeneously the contrast and then evocate a large MNG. The trachea was surrounded by the goiter, slightly narrowed and right deviated as well as the lower part of the larynx. The right and left vascular axes of the neck (carotid artery and jugular vein) were deviated backward. The patient underwent a surgery for her enormous MNG slightly plunging in the mediastinum. Endotracheal intubation was relatively easy by the laryngoscope. The incision performed was a Kocher cervicotomy. There was a multinodular, hypervascularized goiter. Its lower end plunges behind the sternal manubrium. The larynx was deviated towards the right side. The total thyroidectomy was performed in two steps: initially a right lobo-isthmectomy, then the left lobectomy. The retrosternal part of the goiter was released using the finger by the same incision. Both recurrent laryngeal nerves (RLN) were not identified because of the hemorrhage. One parathyroid gland was accidently devascularized and was autotransplanted to the ipsilateral sternocleidomastoid muscle. The operation was finished by double aspiration drainage. In the first hours after surgery, the patient developed a large cervical hematoma. She was readmitted to the operating room, and after evacuation of the hematoma there was no vessels bleeding. The operation was completed with a double suction drainage. In the immediate postoperative period, the patient developed hemodynamic collapse requiring the introduction of dobutamine. After 48 hours of hemodynamic support, the blood pressure stabilized and dobutamine was stopped. Histological study concluded in multinodular colloid goiter. The patient was discharged from the hospital after 20 days in good health.
",EN100067,"<|im_start|>user Extract the entities contained in the text. Extract only entities contained in the text.
Return the result in a json format: [{""entity"":""entity_name""}]. <<The laboratory tests (T 3, T 4 and TSH) were normal.>>> <|im_end|><|im_start|>assistant[{""entity"": ""tests""}] <|im_end|>","<|im_start|>user Extract the entities contained in the text. Extract only entities contained in the text.
Return the result in a json format: [{""entity"":""entity_name""}]. <<<We present a case of a 32-year-old woman with a history of gradual enlargement of the anterior neck.>>> <|im_end|><|im_start|>assistant [{""entity"": ""present""}, {""entity"": ""history""}, {""entity"": ""enlargement""}] <|im_end|>
<|im_start|>user Extract the entities contained in the text. Extract only entities contained in the text.
Return the result in a json format: [{""entity"":""entity_name""}]. <<<Patient information: a 9-month-old boy presented to the emergency room with a 3-day history of refusal to bear weight on the right lower extremity and febrile peaks of up to 38.5°C for 24 hours.>>> <|im_end|><|im_start|>assistant [{""entity"": ""presented""}, {""entity"": ""refusal""}, {""entity"": ""bear""}, {""entity"": ""peaks""}] <|im_end|>
<|im_start|>user Extract the entities contained in the text. Extract only entities contained in the text.
Return the result in a json format: [{""entity"":""entity_name""}]. <<The laboratory tests (T 3, T 4 and TSH) were normal.>>> <|im_end|><|im_start|>assistant","[{""entity"": ""tests""}] ","[{""entity"": ""tests""}, {""entity"": ""T 3""}, {""entity"": ""T 4""}, {""entity"": ""T"
Thoracic radiography showed a large cervical opacity roughly round and strewn with microcalcifications associated with a right eccentricity of the trachea.,"[{'id': '7074', 'offsets': array([ 9, 20]), 'role': '', 'semantic_type_id': '', 'text': 'radiography', 'type': 'EVENT'}
 {'id': '7089', 'offsets': array([21, 27]), 'role': '', 'semantic_type_id': '', 'text': 'showed', 'type': 'EVENT'}
 {'id': '7104', 'offsets': array([127, 139]), 'role': '', 'semantic_type_id': '', 'text': 'eccentricity', 'type': 'EVENT'}
 {'id': '7757', 'offsets': array([ 83, 102]), 'role': '', 'semantic_type_id': 'C0521174', 'text': 'microcalcifications', 'type': 'CLINENTITY'}
 {'id': '7874', 'offsets': array([36, 77]), 'role': '', 'semantic_type_id': '', 'text': 'cervical opacity roughly round and strewn', 'type': 'BODYPART'}
 {'id': '7880', 'offsets': array([147, 154]), 'role': '', 'semantic_type_id': '', 'text': 'trachea', 'type': 'BODYPART'}]","A 50-years-old woman, hypertensive, hospitalized for a large cervical mass appeared 30 years ago. In the family history, her mother, sisters and cousins underwent a surgery for MNG. Despite of the large volume of the mass, the patient never described signs of cervical compression whatsoever respiratory, digestive, laryngeal, vascular or neurologic signs. She never suffered from thyroid dysfunction. Her neck was deformed by the voluminous formation classified grade III according to the WHO modified classification. The mass took the front and the two sides of the neck. Its surface was embossed and covered by a thin normal skin. There were some veins of the collateral circulation limited to the neck. The goiter measured 18 x 11 cm. The mass was firm, painless, and mobile with the swallowing movements. Lymphadenopathy research was difficult and found no palpable lymph nodes. The laboratory tests (T 3, T 4 and TSH) were normal. Thoracic radiography showed a large cervical opacity roughly round and strewn with microcalcifications associated with a right eccentricity of the trachea. Cervical and chest CT revealed the presence of a partially calcified thyroid mass slightly plunging in the anterior mediastinum. It took heterogeneously the contrast and then evocate a large MNG. The trachea was surrounded by the goiter, slightly narrowed and right deviated as well as the lower part of the larynx. The right and left vascular axes of the neck (carotid artery and jugular vein) were deviated backward. The patient underwent a surgery for her enormous MNG slightly plunging in the mediastinum. Endotracheal intubation was relatively easy by the laryngoscope. The incision performed was a Kocher cervicotomy. There was a multinodular, hypervascularized goiter. Its lower end plunges behind the sternal manubrium. The larynx was deviated towards the right side. The total thyroidectomy was performed in two steps: initially a right lobo-isthmectomy, then the left lobectomy. The retrosternal part of the goiter was released using the finger by the same incision. Both recurrent laryngeal nerves (RLN) were not identified because of the hemorrhage. One parathyroid gland was accidently devascularized and was autotransplanted to the ipsilateral sternocleidomastoid muscle. The operation was finished by double aspiration drainage. In the first hours after surgery, the patient developed a large cervical hematoma. She was readmitted to the operating room, and after evacuation of the hematoma there was no vessels bleeding. The operation was completed with a double suction drainage. In the immediate postoperative period, the patient developed hemodynamic collapse requiring the introduction of dobutamine. After 48 hours of hemodynamic support, the blood pressure stabilized and dobutamine was stopped. Histological study concluded in multinodular colloid goiter. The patient was discharged from the hospital after 20 days in good health.
",EN100067,"<|im_start|>user Extract the entities contained in the text. Extract only entities contained in the text.
Return the result in a json format: [{""entity"":""entity_name""}]. <<Thoracic radiography showed a large cervical opacity roughly round and strewn with microcalcifications associated with a right eccentricity of the trachea.>>> <|im_end|><|im_start|>assistant[{""entity"": ""radiography""}, {""entity"": ""showed""}, {""entity"": ""eccentricity""}, {""entity"": ""microcalcifications""}, {""entity"": ""cervical opacity roughly round and strewn""}, {""entity"": ""trachea""}] <|im_end|>","<|im_start|>user Extract the entities contained in the text. Extract only entities contained in the text.
Return the result in a json format: [{""entity"":""entity_name""}]. <<<We present a case of a 32-year-old woman with a history of gradual enlargement of the anterior neck.>>> <|im_end|><|im_start|>assistant [{""entity"": ""present""}, {""entity"": ""history""}, {""entity"": ""enlargement""}] <|im_end|>
<|im_start|>user Extract the entities contained in the text. Extract only entities contained in the text.
Return the result in a json format: [{""entity"":""entity_name""}]. <<<Patient information: a 9-month-old boy presented to the emergency room with a 3-day history of refusal to bear weight on the right lower extremity and febrile peaks of up to 38.5°C for 24 hours.>>> <|im_end|><|im_start|>assistant [{""entity"": ""presented""}, {""entity"": ""refusal""}, {""entity"": ""bear""}, {""entity"": ""peaks""}] <|im_end|>
<|im_start|>user Extract the entities contained in the text. Extract only entities contained in the text.
Return the result in a json format: [{""entity"":""entity_name""}]. <<Thoracic radiography showed a large cervical opacity roughly round and strewn with microcalcifications associated with a right eccentricity of the trachea.>>> <|im_end|><|im_start|>assistant","[{""entity"": ""radiography""}, {""entity"": ""showed""}, {""entity"": ""eccentricity""}, {""entity"": ""microcalcifications""}, {""entity"": ""cervical opacity roughly round and strewn""}, {""entity"": ""trachea""}] ","[{""entity"": ""radiography""}, {""entity"": ""showed""}, {""entity"": ""opacities""}, {""entity"": ""micro"
Cervical and chest CT revealed the presence of a partially calcified thyroid mass slightly plunging in the anterior mediastinum.,"[{'id': '7119', 'offsets': array([19, 21]), 'role': '', 'semantic_type_id': '', 'text': 'CT', 'type': 'EVENT'}
 {'id': '7134', 'offsets': array([22, 30]), 'role': '', 'semantic_type_id': '', 'text': 'revealed', 'type': 'EVENT'}
 {'id': '7149', 'offsets': array([35, 43]), 'role': '', 'semantic_type_id': '', 'text': 'presence', 'type': 'EVENT'}
 {'id': '7764', 'offsets': array([69, 81]), 'role': '', 'semantic_type_id': 'C0349453', 'text': 'thyroid mass', 'type': 'CLINENTITY'}
 {'id': '7886', 'offsets': array([59, 81]), 'role': '', 'semantic_type_id': '', 'text': 'calcified thyroid mass', 'type': 'BODYPART'}
 {'id': '7892', 'offsets': array([103, 127]), 'role': '', 'semantic_type_id': '', 'text': 'the anterior mediastinum', 'type': 'BODYPART'}]","A 50-years-old woman, hypertensive, hospitalized for a large cervical mass appeared 30 years ago. In the family history, her mother, sisters and cousins underwent a surgery for MNG. Despite of the large volume of the mass, the patient never described signs of cervical compression whatsoever respiratory, digestive, laryngeal, vascular or neurologic signs. She never suffered from thyroid dysfunction. Her neck was deformed by the voluminous formation classified grade III according to the WHO modified classification. The mass took the front and the two sides of the neck. Its surface was embossed and covered by a thin normal skin. There were some veins of the collateral circulation limited to the neck. The goiter measured 18 x 11 cm. The mass was firm, painless, and mobile with the swallowing movements. Lymphadenopathy research was difficult and found no palpable lymph nodes. The laboratory tests (T 3, T 4 and TSH) were normal. Thoracic radiography showed a large cervical opacity roughly round and strewn with microcalcifications associated with a right eccentricity of the trachea. Cervical and chest CT revealed the presence of a partially calcified thyroid mass slightly plunging in the anterior mediastinum. It took heterogeneously the contrast and then evocate a large MNG. The trachea was surrounded by the goiter, slightly narrowed and right deviated as well as the lower part of the larynx. The right and left vascular axes of the neck (carotid artery and jugular vein) were deviated backward. The patient underwent a surgery for her enormous MNG slightly plunging in the mediastinum. Endotracheal intubation was relatively easy by the laryngoscope. The incision performed was a Kocher cervicotomy. There was a multinodular, hypervascularized goiter. Its lower end plunges behind the sternal manubrium. The larynx was deviated towards the right side. The total thyroidectomy was performed in two steps: initially a right lobo-isthmectomy, then the left lobectomy. The retrosternal part of the goiter was released using the finger by the same incision. Both recurrent laryngeal nerves (RLN) were not identified because of the hemorrhage. One parathyroid gland was accidently devascularized and was autotransplanted to the ipsilateral sternocleidomastoid muscle. The operation was finished by double aspiration drainage. In the first hours after surgery, the patient developed a large cervical hematoma. She was readmitted to the operating room, and after evacuation of the hematoma there was no vessels bleeding. The operation was completed with a double suction drainage. In the immediate postoperative period, the patient developed hemodynamic collapse requiring the introduction of dobutamine. After 48 hours of hemodynamic support, the blood pressure stabilized and dobutamine was stopped. Histological study concluded in multinodular colloid goiter. The patient was discharged from the hospital after 20 days in good health.
",EN100067,"<|im_start|>user Extract the entities contained in the text. Extract only entities contained in the text.
Return the result in a json format: [{""entity"":""entity_name""}]. <<Cervical and chest CT revealed the presence of a partially calcified thyroid mass slightly plunging in the anterior mediastinum.>>> <|im_end|><|im_start|>assistant[{""entity"": ""CT""}, {""entity"": ""revealed""}, {""entity"": ""presence""}, {""entity"": ""thyroid mass""}, {""entity"": ""calcified thyroid mass""}, {""entity"": ""the anterior mediastinum""}] <|im_end|>","<|im_start|>user Extract the entities contained in the text. Extract only entities contained in the text.
Return the result in a json format: [{""entity"":""entity_name""}]. <<<We present a case of a 32-year-old woman with a history of gradual enlargement of the anterior neck.>>> <|im_end|><|im_start|>assistant [{""entity"": ""present""}, {""entity"": ""history""}, {""entity"": ""enlargement""}] <|im_end|>
<|im_start|>user Extract the entities contained in the text. Extract only entities contained in the text.
Return the result in a json format: [{""entity"":""entity_name""}]. <<<Patient information: a 9-month-old boy presented to the emergency room with a 3-day history of refusal to bear weight on the right lower extremity and febrile peaks of up to 38.5°C for 24 hours.>>> <|im_end|><|im_start|>assistant [{""entity"": ""presented""}, {""entity"": ""refusal""}, {""entity"": ""bear""}, {""entity"": ""peaks""}] <|im_end|>
<|im_start|>user Extract the entities contained in the text. Extract only entities contained in the text.
Return the result in a json format: [{""entity"":""entity_name""}]. <<Cervical and chest CT revealed the presence of a partially calcified thyroid mass slightly plunging in the anterior mediastinum.>>> <|im_end|><|im_start|>assistant","[{""entity"": ""CT""}, {""entity"": ""revealed""}, {""entity"": ""presence""}, {""entity"": ""thyroid mass""}, {""entity"": ""calcified thyroid mass""}, {""entity"": ""the anterior mediastinum""}] ","[{""entity"": ""CT""}, {""entity"": ""revealed""}, {""entity"": ""presence""}, {""entity"": ""mass""}, {""entity"
It took heterogeneously the contrast and then evocate a large MNG.,"[{'id': '7771', 'offsets': array([62, 65]), 'role': '', 'semantic_type_id': '', 'text': 'MNG', 'type': 'CLINENTITY'}]","A 50-years-old woman, hypertensive, hospitalized for a large cervical mass appeared 30 years ago. In the family history, her mother, sisters and cousins underwent a surgery for MNG. Despite of the large volume of the mass, the patient never described signs of cervical compression whatsoever respiratory, digestive, laryngeal, vascular or neurologic signs. She never suffered from thyroid dysfunction. Her neck was deformed by the voluminous formation classified grade III according to the WHO modified classification. The mass took the front and the two sides of the neck. Its surface was embossed and covered by a thin normal skin. There were some veins of the collateral circulation limited to the neck. The goiter measured 18 x 11 cm. The mass was firm, painless, and mobile with the swallowing movements. Lymphadenopathy research was difficult and found no palpable lymph nodes. The laboratory tests (T 3, T 4 and TSH) were normal. Thoracic radiography showed a large cervical opacity roughly round and strewn with microcalcifications associated with a right eccentricity of the trachea. Cervical and chest CT revealed the presence of a partially calcified thyroid mass slightly plunging in the anterior mediastinum. It took heterogeneously the contrast and then evocate a large MNG. The trachea was surrounded by the goiter, slightly narrowed and right deviated as well as the lower part of the larynx. The right and left vascular axes of the neck (carotid artery and jugular vein) were deviated backward. The patient underwent a surgery for her enormous MNG slightly plunging in the mediastinum. Endotracheal intubation was relatively easy by the laryngoscope. The incision performed was a Kocher cervicotomy. There was a multinodular, hypervascularized goiter. Its lower end plunges behind the sternal manubrium. The larynx was deviated towards the right side. The total thyroidectomy was performed in two steps: initially a right lobo-isthmectomy, then the left lobectomy. The retrosternal part of the goiter was released using the finger by the same incision. Both recurrent laryngeal nerves (RLN) were not identified because of the hemorrhage. One parathyroid gland was accidently devascularized and was autotransplanted to the ipsilateral sternocleidomastoid muscle. The operation was finished by double aspiration drainage. In the first hours after surgery, the patient developed a large cervical hematoma. She was readmitted to the operating room, and after evacuation of the hematoma there was no vessels bleeding. The operation was completed with a double suction drainage. In the immediate postoperative period, the patient developed hemodynamic collapse requiring the introduction of dobutamine. After 48 hours of hemodynamic support, the blood pressure stabilized and dobutamine was stopped. Histological study concluded in multinodular colloid goiter. The patient was discharged from the hospital after 20 days in good health.
",EN100067,"<|im_start|>user Extract the entities contained in the text. Extract only entities contained in the text.
Return the result in a json format: [{""entity"":""entity_name""}]. <<It took heterogeneously the contrast and then evocate a large MNG.>>> <|im_end|><|im_start|>assistant[{""entity"": ""MNG""}] <|im_end|>","<|im_start|>user Extract the entities contained in the text. Extract only entities contained in the text.
Return the result in a json format: [{""entity"":""entity_name""}]. <<<We present a case of a 32-year-old woman with a history of gradual enlargement of the anterior neck.>>> <|im_end|><|im_start|>assistant [{""entity"": ""present""}, {""entity"": ""history""}, {""entity"": ""enlargement""}] <|im_end|>
<|im_start|>user Extract the entities contained in the text. Extract only entities contained in the text.
Return the result in a json format: [{""entity"":""entity_name""}]. <<<Patient information: a 9-month-old boy presented to the emergency room with a 3-day history of refusal to bear weight on the right lower extremity and febrile peaks of up to 38.5°C for 24 hours.>>> <|im_end|><|im_start|>assistant [{""entity"": ""presented""}, {""entity"": ""refusal""}, {""entity"": ""bear""}, {""entity"": ""peaks""}] <|im_end|>
<|im_start|>user Extract the entities contained in the text. Extract only entities contained in the text.
Return the result in a json format: [{""entity"":""entity_name""}]. <<It took heterogeneously the contrast and then evocate a large MNG.>>> <|im_end|><|im_start|>assistant","[{""entity"": ""MNG""}] ","[{""entity"": ""took""}, {""entity"": ""contrast""}, {""entity"": ""evocate""}, {""entity"": ""MNG""}, {"""
"The trachea was surrounded by the goiter, slightly narrowed and right deviated as well as the lower part of the larynx.","[{'id': '7164', 'offsets': array([16, 26]), 'role': '', 'semantic_type_id': '', 'text': 'surrounded', 'type': 'EVENT'}
 {'id': '7179', 'offsets': array([70, 78]), 'role': '', 'semantic_type_id': '', 'text': 'deviated', 'type': 'EVENT'}
 {'id': '7898', 'offsets': array([ 0, 11]), 'role': '', 'semantic_type_id': '', 'text': 'The trachea', 'type': 'BODYPART'}
 {'id': '7904', 'offsets': array([30, 40]), 'role': '', 'semantic_type_id': '', 'text': 'the goiter', 'type': 'BODYPART'}
 {'id': '7910', 'offsets': array([ 90, 118]), 'role': '', 'semantic_type_id': '', 'text': 'the lower part of the larynx', 'type': 'BODYPART'}]","A 50-years-old woman, hypertensive, hospitalized for a large cervical mass appeared 30 years ago. In the family history, her mother, sisters and cousins underwent a surgery for MNG. Despite of the large volume of the mass, the patient never described signs of cervical compression whatsoever respiratory, digestive, laryngeal, vascular or neurologic signs. She never suffered from thyroid dysfunction. Her neck was deformed by the voluminous formation classified grade III according to the WHO modified classification. The mass took the front and the two sides of the neck. Its surface was embossed and covered by a thin normal skin. There were some veins of the collateral circulation limited to the neck. The goiter measured 18 x 11 cm. The mass was firm, painless, and mobile with the swallowing movements. Lymphadenopathy research was difficult and found no palpable lymph nodes. The laboratory tests (T 3, T 4 and TSH) were normal. Thoracic radiography showed a large cervical opacity roughly round and strewn with microcalcifications associated with a right eccentricity of the trachea. Cervical and chest CT revealed the presence of a partially calcified thyroid mass slightly plunging in the anterior mediastinum. It took heterogeneously the contrast and then evocate a large MNG. The trachea was surrounded by the goiter, slightly narrowed and right deviated as well as the lower part of the larynx. The right and left vascular axes of the neck (carotid artery and jugular vein) were deviated backward. The patient underwent a surgery for her enormous MNG slightly plunging in the mediastinum. Endotracheal intubation was relatively easy by the laryngoscope. The incision performed was a Kocher cervicotomy. There was a multinodular, hypervascularized goiter. Its lower end plunges behind the sternal manubrium. The larynx was deviated towards the right side. The total thyroidectomy was performed in two steps: initially a right lobo-isthmectomy, then the left lobectomy. The retrosternal part of the goiter was released using the finger by the same incision. Both recurrent laryngeal nerves (RLN) were not identified because of the hemorrhage. One parathyroid gland was accidently devascularized and was autotransplanted to the ipsilateral sternocleidomastoid muscle. The operation was finished by double aspiration drainage. In the first hours after surgery, the patient developed a large cervical hematoma. She was readmitted to the operating room, and after evacuation of the hematoma there was no vessels bleeding. The operation was completed with a double suction drainage. In the immediate postoperative period, the patient developed hemodynamic collapse requiring the introduction of dobutamine. After 48 hours of hemodynamic support, the blood pressure stabilized and dobutamine was stopped. Histological study concluded in multinodular colloid goiter. The patient was discharged from the hospital after 20 days in good health.
",EN100067,"<|im_start|>user Extract the entities contained in the text. Extract only entities contained in the text.
Return the result in a json format: [{""entity"":""entity_name""}]. <<The trachea was surrounded by the goiter, slightly narrowed and right deviated as well as the lower part of the larynx.>>> <|im_end|><|im_start|>assistant[{""entity"": ""surrounded""}, {""entity"": ""deviated""}, {""entity"": ""The trachea""}, {""entity"": ""the goiter""}, {""entity"": ""the lower part of the larynx""}] <|im_end|>","<|im_start|>user Extract the entities contained in the text. Extract only entities contained in the text.
Return the result in a json format: [{""entity"":""entity_name""}]. <<<We present a case of a 32-year-old woman with a history of gradual enlargement of the anterior neck.>>> <|im_end|><|im_start|>assistant [{""entity"": ""present""}, {""entity"": ""history""}, {""entity"": ""enlargement""}] <|im_end|>
<|im_start|>user Extract the entities contained in the text. Extract only entities contained in the text.
Return the result in a json format: [{""entity"":""entity_name""}]. <<<Patient information: a 9-month-old boy presented to the emergency room with a 3-day history of refusal to bear weight on the right lower extremity and febrile peaks of up to 38.5°C for 24 hours.>>> <|im_end|><|im_start|>assistant [{""entity"": ""presented""}, {""entity"": ""refusal""}, {""entity"": ""bear""}, {""entity"": ""peaks""}] <|im_end|>
<|im_start|>user Extract the entities contained in the text. Extract only entities contained in the text.
Return the result in a json format: [{""entity"":""entity_name""}]. <<The trachea was surrounded by the goiter, slightly narrowed and right deviated as well as the lower part of the larynx.>>> <|im_end|><|im_start|>assistant","[{""entity"": ""surrounded""}, {""entity"": ""deviated""}, {""entity"": ""The trachea""}, {""entity"": ""the goiter""}, {""entity"": ""the lower part of the larynx""}] ","[{""entity"": ""surrounded""}, {""entity"": ""narrowed""}, {""entity"": ""deviated""}, {""entity"": ""tr"
The right and left vascular axes of the neck (carotid artery and jugular vein) were deviated backward.,"[{'id': '7194', 'offsets': array([84, 92]), 'role': '', 'semantic_type_id': '', 'text': 'deviated', 'type': 'EVENT'}
 {'id': '7916', 'offsets': array([ 0, 44]), 'role': '', 'semantic_type_id': '', 'text': 'The right and left vascular axes of the neck', 'type': 'BODYPART'}
 {'id': '7922', 'offsets': array([46, 77]), 'role': '', 'semantic_type_id': '', 'text': 'carotid artery and jugular vein', 'type': 'BODYPART'}]","A 50-years-old woman, hypertensive, hospitalized for a large cervical mass appeared 30 years ago. In the family history, her mother, sisters and cousins underwent a surgery for MNG. Despite of the large volume of the mass, the patient never described signs of cervical compression whatsoever respiratory, digestive, laryngeal, vascular or neurologic signs. She never suffered from thyroid dysfunction. Her neck was deformed by the voluminous formation classified grade III according to the WHO modified classification. The mass took the front and the two sides of the neck. Its surface was embossed and covered by a thin normal skin. There were some veins of the collateral circulation limited to the neck. The goiter measured 18 x 11 cm. The mass was firm, painless, and mobile with the swallowing movements. Lymphadenopathy research was difficult and found no palpable lymph nodes. The laboratory tests (T 3, T 4 and TSH) were normal. Thoracic radiography showed a large cervical opacity roughly round and strewn with microcalcifications associated with a right eccentricity of the trachea. Cervical and chest CT revealed the presence of a partially calcified thyroid mass slightly plunging in the anterior mediastinum. It took heterogeneously the contrast and then evocate a large MNG. The trachea was surrounded by the goiter, slightly narrowed and right deviated as well as the lower part of the larynx. The right and left vascular axes of the neck (carotid artery and jugular vein) were deviated backward. The patient underwent a surgery for her enormous MNG slightly plunging in the mediastinum. Endotracheal intubation was relatively easy by the laryngoscope. The incision performed was a Kocher cervicotomy. There was a multinodular, hypervascularized goiter. Its lower end plunges behind the sternal manubrium. The larynx was deviated towards the right side. The total thyroidectomy was performed in two steps: initially a right lobo-isthmectomy, then the left lobectomy. The retrosternal part of the goiter was released using the finger by the same incision. Both recurrent laryngeal nerves (RLN) were not identified because of the hemorrhage. One parathyroid gland was accidently devascularized and was autotransplanted to the ipsilateral sternocleidomastoid muscle. The operation was finished by double aspiration drainage. In the first hours after surgery, the patient developed a large cervical hematoma. She was readmitted to the operating room, and after evacuation of the hematoma there was no vessels bleeding. The operation was completed with a double suction drainage. In the immediate postoperative period, the patient developed hemodynamic collapse requiring the introduction of dobutamine. After 48 hours of hemodynamic support, the blood pressure stabilized and dobutamine was stopped. Histological study concluded in multinodular colloid goiter. The patient was discharged from the hospital after 20 days in good health.
",EN100067,"<|im_start|>user Extract the entities contained in the text. Extract only entities contained in the text.
Return the result in a json format: [{""entity"":""entity_name""}]. <<The right and left vascular axes of the neck (carotid artery and jugular vein) were deviated backward.>>> <|im_end|><|im_start|>assistant[{""entity"": ""deviated""}, {""entity"": ""The right and left vascular axes of the neck""}, {""entity"": ""carotid artery and jugular vein""}] <|im_end|>","<|im_start|>user Extract the entities contained in the text. Extract only entities contained in the text.
Return the result in a json format: [{""entity"":""entity_name""}]. <<<We present a case of a 32-year-old woman with a history of gradual enlargement of the anterior neck.>>> <|im_end|><|im_start|>assistant [{""entity"": ""present""}, {""entity"": ""history""}, {""entity"": ""enlargement""}] <|im_end|>
<|im_start|>user Extract the entities contained in the text. Extract only entities contained in the text.
Return the result in a json format: [{""entity"":""entity_name""}]. <<<Patient information: a 9-month-old boy presented to the emergency room with a 3-day history of refusal to bear weight on the right lower extremity and febrile peaks of up to 38.5°C for 24 hours.>>> <|im_end|><|im_start|>assistant [{""entity"": ""presented""}, {""entity"": ""refusal""}, {""entity"": ""bear""}, {""entity"": ""peaks""}] <|im_end|>
<|im_start|>user Extract the entities contained in the text. Extract only entities contained in the text.
Return the result in a json format: [{""entity"":""entity_name""}]. <<The right and left vascular axes of the neck (carotid artery and jugular vein) were deviated backward.>>> <|im_end|><|im_start|>assistant","[{""entity"": ""deviated""}, {""entity"": ""The right and left vascular axes of the neck""}, {""entity"": ""carotid artery and jugular vein""}] ","[{""entity"": ""axes""}, {""entity"": ""deviated""}, {""entity"": ""the neck""}, {""entity"": ""carotid"
The patient underwent a surgery for her enormous MNG slightly plunging in the mediastinum.,"[{'id': '7209', 'offsets': array([24, 31]), 'role': '', 'semantic_type_id': '', 'text': 'surgery', 'type': 'EVENT'}
 {'id': '7778', 'offsets': array([49, 52]), 'role': '', 'semantic_type_id': '', 'text': 'MNG', 'type': 'CLINENTITY'}
 {'id': '7928', 'offsets': array([74, 89]), 'role': '', 'semantic_type_id': '', 'text': 'the mediastinum', 'type': 'BODYPART'}
 {'id': '8030', 'offsets': array([ 0, 11]), 'role': 'PATIENT', 'semantic_type_id': '', 'text': 'The patient', 'type': 'ACTOR'}]","A 50-years-old woman, hypertensive, hospitalized for a large cervical mass appeared 30 years ago. In the family history, her mother, sisters and cousins underwent a surgery for MNG. Despite of the large volume of the mass, the patient never described signs of cervical compression whatsoever respiratory, digestive, laryngeal, vascular or neurologic signs. She never suffered from thyroid dysfunction. Her neck was deformed by the voluminous formation classified grade III according to the WHO modified classification. The mass took the front and the two sides of the neck. Its surface was embossed and covered by a thin normal skin. There were some veins of the collateral circulation limited to the neck. The goiter measured 18 x 11 cm. The mass was firm, painless, and mobile with the swallowing movements. Lymphadenopathy research was difficult and found no palpable lymph nodes. The laboratory tests (T 3, T 4 and TSH) were normal. Thoracic radiography showed a large cervical opacity roughly round and strewn with microcalcifications associated with a right eccentricity of the trachea. Cervical and chest CT revealed the presence of a partially calcified thyroid mass slightly plunging in the anterior mediastinum. It took heterogeneously the contrast and then evocate a large MNG. The trachea was surrounded by the goiter, slightly narrowed and right deviated as well as the lower part of the larynx. The right and left vascular axes of the neck (carotid artery and jugular vein) were deviated backward. The patient underwent a surgery for her enormous MNG slightly plunging in the mediastinum. Endotracheal intubation was relatively easy by the laryngoscope. The incision performed was a Kocher cervicotomy. There was a multinodular, hypervascularized goiter. Its lower end plunges behind the sternal manubrium. The larynx was deviated towards the right side. The total thyroidectomy was performed in two steps: initially a right lobo-isthmectomy, then the left lobectomy. The retrosternal part of the goiter was released using the finger by the same incision. Both recurrent laryngeal nerves (RLN) were not identified because of the hemorrhage. One parathyroid gland was accidently devascularized and was autotransplanted to the ipsilateral sternocleidomastoid muscle. The operation was finished by double aspiration drainage. In the first hours after surgery, the patient developed a large cervical hematoma. She was readmitted to the operating room, and after evacuation of the hematoma there was no vessels bleeding. The operation was completed with a double suction drainage. In the immediate postoperative period, the patient developed hemodynamic collapse requiring the introduction of dobutamine. After 48 hours of hemodynamic support, the blood pressure stabilized and dobutamine was stopped. Histological study concluded in multinodular colloid goiter. The patient was discharged from the hospital after 20 days in good health.
",EN100067,"<|im_start|>user Extract the entities contained in the text. Extract only entities contained in the text.
Return the result in a json format: [{""entity"":""entity_name""}]. <<The patient underwent a surgery for her enormous MNG slightly plunging in the mediastinum.>>> <|im_end|><|im_start|>assistant[{""entity"": ""surgery""}, {""entity"": ""MNG""}, {""entity"": ""the mediastinum""}, {""entity"": ""The patient""}] <|im_end|>","<|im_start|>user Extract the entities contained in the text. Extract only entities contained in the text.
Return the result in a json format: [{""entity"":""entity_name""}]. <<<We present a case of a 32-year-old woman with a history of gradual enlargement of the anterior neck.>>> <|im_end|><|im_start|>assistant [{""entity"": ""present""}, {""entity"": ""history""}, {""entity"": ""enlargement""}] <|im_end|>
<|im_start|>user Extract the entities contained in the text. Extract only entities contained in the text.
Return the result in a json format: [{""entity"":""entity_name""}]. <<<Patient information: a 9-month-old boy presented to the emergency room with a 3-day history of refusal to bear weight on the right lower extremity and febrile peaks of up to 38.5°C for 24 hours.>>> <|im_end|><|im_start|>assistant [{""entity"": ""presented""}, {""entity"": ""refusal""}, {""entity"": ""bear""}, {""entity"": ""peaks""}] <|im_end|>
<|im_start|>user Extract the entities contained in the text. Extract only entities contained in the text.
Return the result in a json format: [{""entity"":""entity_name""}]. <<The patient underwent a surgery for her enormous MNG slightly plunging in the mediastinum.>>> <|im_end|><|im_start|>assistant","[{""entity"": ""surgery""}, {""entity"": ""MNG""}, {""entity"": ""the mediastinum""}, {""entity"": ""The patient""}] ","[{""entity"": ""surgery""}, {""entity"": ""MNG""}, {""entity"": ""plunging""}, {""entity"": ""the"
The incision performed was a Kocher cervicotomy.,"[{'id': '7239', 'offsets': array([ 4, 12]), 'role': '', 'semantic_type_id': '', 'text': 'incision', 'type': 'EVENT'}]","A 50-years-old woman, hypertensive, hospitalized for a large cervical mass appeared 30 years ago. In the family history, her mother, sisters and cousins underwent a surgery for MNG. Despite of the large volume of the mass, the patient never described signs of cervical compression whatsoever respiratory, digestive, laryngeal, vascular or neurologic signs. She never suffered from thyroid dysfunction. Her neck was deformed by the voluminous formation classified grade III according to the WHO modified classification. The mass took the front and the two sides of the neck. Its surface was embossed and covered by a thin normal skin. There were some veins of the collateral circulation limited to the neck. The goiter measured 18 x 11 cm. The mass was firm, painless, and mobile with the swallowing movements. Lymphadenopathy research was difficult and found no palpable lymph nodes. The laboratory tests (T 3, T 4 and TSH) were normal. Thoracic radiography showed a large cervical opacity roughly round and strewn with microcalcifications associated with a right eccentricity of the trachea. Cervical and chest CT revealed the presence of a partially calcified thyroid mass slightly plunging in the anterior mediastinum. It took heterogeneously the contrast and then evocate a large MNG. The trachea was surrounded by the goiter, slightly narrowed and right deviated as well as the lower part of the larynx. The right and left vascular axes of the neck (carotid artery and jugular vein) were deviated backward. The patient underwent a surgery for her enormous MNG slightly plunging in the mediastinum. Endotracheal intubation was relatively easy by the laryngoscope. The incision performed was a Kocher cervicotomy. There was a multinodular, hypervascularized goiter. Its lower end plunges behind the sternal manubrium. The larynx was deviated towards the right side. The total thyroidectomy was performed in two steps: initially a right lobo-isthmectomy, then the left lobectomy. The retrosternal part of the goiter was released using the finger by the same incision. Both recurrent laryngeal nerves (RLN) were not identified because of the hemorrhage. One parathyroid gland was accidently devascularized and was autotransplanted to the ipsilateral sternocleidomastoid muscle. The operation was finished by double aspiration drainage. In the first hours after surgery, the patient developed a large cervical hematoma. She was readmitted to the operating room, and after evacuation of the hematoma there was no vessels bleeding. The operation was completed with a double suction drainage. In the immediate postoperative period, the patient developed hemodynamic collapse requiring the introduction of dobutamine. After 48 hours of hemodynamic support, the blood pressure stabilized and dobutamine was stopped. Histological study concluded in multinodular colloid goiter. The patient was discharged from the hospital after 20 days in good health.
",EN100067,"<|im_start|>user Extract the entities contained in the text. Extract only entities contained in the text.
Return the result in a json format: [{""entity"":""entity_name""}]. <<The incision performed was a Kocher cervicotomy.>>> <|im_end|><|im_start|>assistant[{""entity"": ""incision""}] <|im_end|>","<|im_start|>user Extract the entities contained in the text. Extract only entities contained in the text.
Return the result in a json format: [{""entity"":""entity_name""}]. <<<We present a case of a 32-year-old woman with a history of gradual enlargement of the anterior neck.>>> <|im_end|><|im_start|>assistant [{""entity"": ""present""}, {""entity"": ""history""}, {""entity"": ""enlargement""}] <|im_end|>
<|im_start|>user Extract the entities contained in the text. Extract only entities contained in the text.
Return the result in a json format: [{""entity"":""entity_name""}]. <<<Patient information: a 9-month-old boy presented to the emergency room with a 3-day history of refusal to bear weight on the right lower extremity and febrile peaks of up to 38.5°C for 24 hours.>>> <|im_end|><|im_start|>assistant [{""entity"": ""presented""}, {""entity"": ""refusal""}, {""entity"": ""bear""}, {""entity"": ""peaks""}] <|im_end|>
<|im_start|>user Extract the entities contained in the text. Extract only entities contained in the text.
Return the result in a json format: [{""entity"":""entity_name""}]. <<The incision performed was a Kocher cervicotomy.>>> <|im_end|><|im_start|>assistant","[{""entity"": ""incision""}] ","[{""entity"": ""incision""}, {""entity"": ""cervicotomy""}] <|im_end|><|im_end|><|im_end|><|im_end|><|im_end|><|im_end|><|im_end|><|im_end|><|im_end|>"
Its lower end plunges behind the sternal manubrium.,[],"A 50-years-old woman, hypertensive, hospitalized for a large cervical mass appeared 30 years ago. In the family history, her mother, sisters and cousins underwent a surgery for MNG. Despite of the large volume of the mass, the patient never described signs of cervical compression whatsoever respiratory, digestive, laryngeal, vascular or neurologic signs. She never suffered from thyroid dysfunction. Her neck was deformed by the voluminous formation classified grade III according to the WHO modified classification. The mass took the front and the two sides of the neck. Its surface was embossed and covered by a thin normal skin. There were some veins of the collateral circulation limited to the neck. The goiter measured 18 x 11 cm. The mass was firm, painless, and mobile with the swallowing movements. Lymphadenopathy research was difficult and found no palpable lymph nodes. The laboratory tests (T 3, T 4 and TSH) were normal. Thoracic radiography showed a large cervical opacity roughly round and strewn with microcalcifications associated with a right eccentricity of the trachea. Cervical and chest CT revealed the presence of a partially calcified thyroid mass slightly plunging in the anterior mediastinum. It took heterogeneously the contrast and then evocate a large MNG. The trachea was surrounded by the goiter, slightly narrowed and right deviated as well as the lower part of the larynx. The right and left vascular axes of the neck (carotid artery and jugular vein) were deviated backward. The patient underwent a surgery for her enormous MNG slightly plunging in the mediastinum. Endotracheal intubation was relatively easy by the laryngoscope. The incision performed was a Kocher cervicotomy. There was a multinodular, hypervascularized goiter. Its lower end plunges behind the sternal manubrium. The larynx was deviated towards the right side. The total thyroidectomy was performed in two steps: initially a right lobo-isthmectomy, then the left lobectomy. The retrosternal part of the goiter was released using the finger by the same incision. Both recurrent laryngeal nerves (RLN) were not identified because of the hemorrhage. One parathyroid gland was accidently devascularized and was autotransplanted to the ipsilateral sternocleidomastoid muscle. The operation was finished by double aspiration drainage. In the first hours after surgery, the patient developed a large cervical hematoma. She was readmitted to the operating room, and after evacuation of the hematoma there was no vessels bleeding. The operation was completed with a double suction drainage. In the immediate postoperative period, the patient developed hemodynamic collapse requiring the introduction of dobutamine. After 48 hours of hemodynamic support, the blood pressure stabilized and dobutamine was stopped. Histological study concluded in multinodular colloid goiter. The patient was discharged from the hospital after 20 days in good health.
",EN100067,"<|im_start|>user Extract the entities contained in the text. Extract only entities contained in the text.
Return the result in a json format: [{""entity"":""entity_name""}]. <<Its lower end plunges behind the sternal manubrium.>>> <|im_end|><|im_start|>assistant] <|im_end|>","<|im_start|>user Extract the entities contained in the text. Extract only entities contained in the text.
Return the result in a json format: [{""entity"":""entity_name""}]. <<<We present a case of a 32-year-old woman with a history of gradual enlargement of the anterior neck.>>> <|im_end|><|im_start|>assistant [{""entity"": ""present""}, {""entity"": ""history""}, {""entity"": ""enlargement""}] <|im_end|>
<|im_start|>user Extract the entities contained in the text. Extract only entities contained in the text.
Return the result in a json format: [{""entity"":""entity_name""}]. <<<Patient information: a 9-month-old boy presented to the emergency room with a 3-day history of refusal to bear weight on the right lower extremity and febrile peaks of up to 38.5°C for 24 hours.>>> <|im_end|><|im_start|>assistant [{""entity"": ""presented""}, {""entity"": ""refusal""}, {""entity"": ""bear""}, {""entity"": ""peaks""}] <|im_end|>
<|im_start|>user Extract the entities contained in the text. Extract only entities contained in the text.
Return the result in a json format: [{""entity"":""entity_name""}]. <<Its lower end plunges behind the sternal manubrium.>>> <|im_end|><|im_start|>assistant",] ,"[{""entity"": ""end""}, {""entity"": ""plunges""}, {""entity"": ""the sternal manubrium""}] "
The larynx was deviated towards the right side.,"[{'id': '7254', 'offsets': array([15, 23]), 'role': '', 'semantic_type_id': '', 'text': 'deviated', 'type': 'EVENT'}
 {'id': '7940', 'offsets': array([ 0, 10]), 'role': '', 'semantic_type_id': '', 'text': 'The larynx', 'type': 'BODYPART'}
 {'id': '7946', 'offsets': array([32, 46]), 'role': '', 'semantic_type_id': '', 'text': 'the right side', 'type': 'BODYPART'}]","A 50-years-old woman, hypertensive, hospitalized for a large cervical mass appeared 30 years ago. In the family history, her mother, sisters and cousins underwent a surgery for MNG. Despite of the large volume of the mass, the patient never described signs of cervical compression whatsoever respiratory, digestive, laryngeal, vascular or neurologic signs. She never suffered from thyroid dysfunction. Her neck was deformed by the voluminous formation classified grade III according to the WHO modified classification. The mass took the front and the two sides of the neck. Its surface was embossed and covered by a thin normal skin. There were some veins of the collateral circulation limited to the neck. The goiter measured 18 x 11 cm. The mass was firm, painless, and mobile with the swallowing movements. Lymphadenopathy research was difficult and found no palpable lymph nodes. The laboratory tests (T 3, T 4 and TSH) were normal. Thoracic radiography showed a large cervical opacity roughly round and strewn with microcalcifications associated with a right eccentricity of the trachea. Cervical and chest CT revealed the presence of a partially calcified thyroid mass slightly plunging in the anterior mediastinum. It took heterogeneously the contrast and then evocate a large MNG. The trachea was surrounded by the goiter, slightly narrowed and right deviated as well as the lower part of the larynx. The right and left vascular axes of the neck (carotid artery and jugular vein) were deviated backward. The patient underwent a surgery for her enormous MNG slightly plunging in the mediastinum. Endotracheal intubation was relatively easy by the laryngoscope. The incision performed was a Kocher cervicotomy. There was a multinodular, hypervascularized goiter. Its lower end plunges behind the sternal manubrium. The larynx was deviated towards the right side. The total thyroidectomy was performed in two steps: initially a right lobo-isthmectomy, then the left lobectomy. The retrosternal part of the goiter was released using the finger by the same incision. Both recurrent laryngeal nerves (RLN) were not identified because of the hemorrhage. One parathyroid gland was accidently devascularized and was autotransplanted to the ipsilateral sternocleidomastoid muscle. The operation was finished by double aspiration drainage. In the first hours after surgery, the patient developed a large cervical hematoma. She was readmitted to the operating room, and after evacuation of the hematoma there was no vessels bleeding. The operation was completed with a double suction drainage. In the immediate postoperative period, the patient developed hemodynamic collapse requiring the introduction of dobutamine. After 48 hours of hemodynamic support, the blood pressure stabilized and dobutamine was stopped. Histological study concluded in multinodular colloid goiter. The patient was discharged from the hospital after 20 days in good health.
",EN100067,"<|im_start|>user Extract the entities contained in the text. Extract only entities contained in the text.
Return the result in a json format: [{""entity"":""entity_name""}]. <<The larynx was deviated towards the right side.>>> <|im_end|><|im_start|>assistant[{""entity"": ""deviated""}, {""entity"": ""The larynx""}, {""entity"": ""the right side""}] <|im_end|>","<|im_start|>user Extract the entities contained in the text. Extract only entities contained in the text.
Return the result in a json format: [{""entity"":""entity_name""}]. <<<We present a case of a 32-year-old woman with a history of gradual enlargement of the anterior neck.>>> <|im_end|><|im_start|>assistant [{""entity"": ""present""}, {""entity"": ""history""}, {""entity"": ""enlargement""}] <|im_end|>
<|im_start|>user Extract the entities contained in the text. Extract only entities contained in the text.
Return the result in a json format: [{""entity"":""entity_name""}]. <<<Patient information: a 9-month-old boy presented to the emergency room with a 3-day history of refusal to bear weight on the right lower extremity and febrile peaks of up to 38.5°C for 24 hours.>>> <|im_end|><|im_start|>assistant [{""entity"": ""presented""}, {""entity"": ""refusal""}, {""entity"": ""bear""}, {""entity"": ""peaks""}] <|im_end|>
<|im_start|>user Extract the entities contained in the text. Extract only entities contained in the text.
Return the result in a json format: [{""entity"":""entity_name""}]. <<The larynx was deviated towards the right side.>>> <|im_end|><|im_start|>assistant","[{""entity"": ""deviated""}, {""entity"": ""The larynx""}, {""entity"": ""the right side""}] ","[{""entity"": ""deviated""}, {""entity"": ""The larynx""}, {""entity"": ""the right side""}] <|im_end|>"
The retrosternal part of the goiter was released using the finger by the same incision.,"[{'id': '7314', 'offsets': array([40, 48]), 'role': '', 'semantic_type_id': '', 'text': 'released', 'type': 'EVENT'}
 {'id': '7952', 'offsets': array([ 0, 35]), 'role': '', 'semantic_type_id': '', 'text': 'The retrosternal part of the goiter', 'type': 'BODYPART'}]","A 50-years-old woman, hypertensive, hospitalized for a large cervical mass appeared 30 years ago. In the family history, her mother, sisters and cousins underwent a surgery for MNG. Despite of the large volume of the mass, the patient never described signs of cervical compression whatsoever respiratory, digestive, laryngeal, vascular or neurologic signs. She never suffered from thyroid dysfunction. Her neck was deformed by the voluminous formation classified grade III according to the WHO modified classification. The mass took the front and the two sides of the neck. Its surface was embossed and covered by a thin normal skin. There were some veins of the collateral circulation limited to the neck. The goiter measured 18 x 11 cm. The mass was firm, painless, and mobile with the swallowing movements. Lymphadenopathy research was difficult and found no palpable lymph nodes. The laboratory tests (T 3, T 4 and TSH) were normal. Thoracic radiography showed a large cervical opacity roughly round and strewn with microcalcifications associated with a right eccentricity of the trachea. Cervical and chest CT revealed the presence of a partially calcified thyroid mass slightly plunging in the anterior mediastinum. It took heterogeneously the contrast and then evocate a large MNG. The trachea was surrounded by the goiter, slightly narrowed and right deviated as well as the lower part of the larynx. The right and left vascular axes of the neck (carotid artery and jugular vein) were deviated backward. The patient underwent a surgery for her enormous MNG slightly plunging in the mediastinum. Endotracheal intubation was relatively easy by the laryngoscope. The incision performed was a Kocher cervicotomy. There was a multinodular, hypervascularized goiter. Its lower end plunges behind the sternal manubrium. The larynx was deviated towards the right side. The total thyroidectomy was performed in two steps: initially a right lobo-isthmectomy, then the left lobectomy. The retrosternal part of the goiter was released using the finger by the same incision. Both recurrent laryngeal nerves (RLN) were not identified because of the hemorrhage. One parathyroid gland was accidently devascularized and was autotransplanted to the ipsilateral sternocleidomastoid muscle. The operation was finished by double aspiration drainage. In the first hours after surgery, the patient developed a large cervical hematoma. She was readmitted to the operating room, and after evacuation of the hematoma there was no vessels bleeding. The operation was completed with a double suction drainage. In the immediate postoperative period, the patient developed hemodynamic collapse requiring the introduction of dobutamine. After 48 hours of hemodynamic support, the blood pressure stabilized and dobutamine was stopped. Histological study concluded in multinodular colloid goiter. The patient was discharged from the hospital after 20 days in good health.
",EN100067,"<|im_start|>user Extract the entities contained in the text. Extract only entities contained in the text.
Return the result in a json format: [{""entity"":""entity_name""}]. <<The retrosternal part of the goiter was released using the finger by the same incision.>>> <|im_end|><|im_start|>assistant[{""entity"": ""released""}, {""entity"": ""The retrosternal part of the goiter""}] <|im_end|>","<|im_start|>user Extract the entities contained in the text. Extract only entities contained in the text.
Return the result in a json format: [{""entity"":""entity_name""}]. <<<We present a case of a 32-year-old woman with a history of gradual enlargement of the anterior neck.>>> <|im_end|><|im_start|>assistant [{""entity"": ""present""}, {""entity"": ""history""}, {""entity"": ""enlargement""}] <|im_end|>
<|im_start|>user Extract the entities contained in the text. Extract only entities contained in the text.
Return the result in a json format: [{""entity"":""entity_name""}]. <<<Patient information: a 9-month-old boy presented to the emergency room with a 3-day history of refusal to bear weight on the right lower extremity and febrile peaks of up to 38.5°C for 24 hours.>>> <|im_end|><|im_start|>assistant [{""entity"": ""presented""}, {""entity"": ""refusal""}, {""entity"": ""bear""}, {""entity"": ""peaks""}] <|im_end|>
<|im_start|>user Extract the entities contained in the text. Extract only entities contained in the text.
Return the result in a json format: [{""entity"":""entity_name""}]. <<The retrosternal part of the goiter was released using the finger by the same incision.>>> <|im_end|><|im_start|>assistant","[{""entity"": ""released""}, {""entity"": ""The retrosternal part of the goiter""}] ","[{""entity"": ""released""}, {""entity"": ""goiter""}, {""entity"": ""the goiter""}] <|im_end|><|im_end|><|im_end|><|im_end|>"
One parathyroid gland was accidently devascularized and was autotransplanted to the ipsilateral sternocleidomastoid muscle.,"[{'id': '7359', 'offsets': array([37, 51]), 'role': '', 'semantic_type_id': '', 'text': 'devascularized', 'type': 'EVENT'}
 {'id': '7374', 'offsets': array([60, 76]), 'role': '', 'semantic_type_id': '', 'text': 'autotransplanted', 'type': 'EVENT'}
 {'id': '7970', 'offsets': array([ 4, 21]), 'role': '', 'semantic_type_id': '', 'text': 'parathyroid gland', 'type': 'BODYPART'}
 {'id': '7976', 'offsets': array([ 80, 122]), 'role': '', 'semantic_type_id': '', 'text': 'the ipsilateral sternocleidomastoid muscle', 'type': 'BODYPART'}]","A 50-years-old woman, hypertensive, hospitalized for a large cervical mass appeared 30 years ago. In the family history, her mother, sisters and cousins underwent a surgery for MNG. Despite of the large volume of the mass, the patient never described signs of cervical compression whatsoever respiratory, digestive, laryngeal, vascular or neurologic signs. She never suffered from thyroid dysfunction. Her neck was deformed by the voluminous formation classified grade III according to the WHO modified classification. The mass took the front and the two sides of the neck. Its surface was embossed and covered by a thin normal skin. There were some veins of the collateral circulation limited to the neck. The goiter measured 18 x 11 cm. The mass was firm, painless, and mobile with the swallowing movements. Lymphadenopathy research was difficult and found no palpable lymph nodes. The laboratory tests (T 3, T 4 and TSH) were normal. Thoracic radiography showed a large cervical opacity roughly round and strewn with microcalcifications associated with a right eccentricity of the trachea. Cervical and chest CT revealed the presence of a partially calcified thyroid mass slightly plunging in the anterior mediastinum. It took heterogeneously the contrast and then evocate a large MNG. The trachea was surrounded by the goiter, slightly narrowed and right deviated as well as the lower part of the larynx. The right and left vascular axes of the neck (carotid artery and jugular vein) were deviated backward. The patient underwent a surgery for her enormous MNG slightly plunging in the mediastinum. Endotracheal intubation was relatively easy by the laryngoscope. The incision performed was a Kocher cervicotomy. There was a multinodular, hypervascularized goiter. Its lower end plunges behind the sternal manubrium. The larynx was deviated towards the right side. The total thyroidectomy was performed in two steps: initially a right lobo-isthmectomy, then the left lobectomy. The retrosternal part of the goiter was released using the finger by the same incision. Both recurrent laryngeal nerves (RLN) were not identified because of the hemorrhage. One parathyroid gland was accidently devascularized and was autotransplanted to the ipsilateral sternocleidomastoid muscle. The operation was finished by double aspiration drainage. In the first hours after surgery, the patient developed a large cervical hematoma. She was readmitted to the operating room, and after evacuation of the hematoma there was no vessels bleeding. The operation was completed with a double suction drainage. In the immediate postoperative period, the patient developed hemodynamic collapse requiring the introduction of dobutamine. After 48 hours of hemodynamic support, the blood pressure stabilized and dobutamine was stopped. Histological study concluded in multinodular colloid goiter. The patient was discharged from the hospital after 20 days in good health.
",EN100067,"<|im_start|>user Extract the entities contained in the text. Extract only entities contained in the text.
Return the result in a json format: [{""entity"":""entity_name""}]. <<One parathyroid gland was accidently devascularized and was autotransplanted to the ipsilateral sternocleidomastoid muscle.>>> <|im_end|><|im_start|>assistant[{""entity"": ""devascularized""}, {""entity"": ""autotransplanted""}, {""entity"": ""parathyroid gland""}, {""entity"": ""the ipsilateral sternocleidomastoid muscle""}] <|im_end|>","<|im_start|>user Extract the entities contained in the text. Extract only entities contained in the text.
Return the result in a json format: [{""entity"":""entity_name""}]. <<<We present a case of a 32-year-old woman with a history of gradual enlargement of the anterior neck.>>> <|im_end|><|im_start|>assistant [{""entity"": ""present""}, {""entity"": ""history""}, {""entity"": ""enlargement""}] <|im_end|>
<|im_start|>user Extract the entities contained in the text. Extract only entities contained in the text.
Return the result in a json format: [{""entity"":""entity_name""}]. <<<Patient information: a 9-month-old boy presented to the emergency room with a 3-day history of refusal to bear weight on the right lower extremity and febrile peaks of up to 38.5°C for 24 hours.>>> <|im_end|><|im_start|>assistant [{""entity"": ""presented""}, {""entity"": ""refusal""}, {""entity"": ""bear""}, {""entity"": ""peaks""}] <|im_end|>
<|im_start|>user Extract the entities contained in the text. Extract only entities contained in the text.
Return the result in a json format: [{""entity"":""entity_name""}]. <<One parathyroid gland was accidently devascularized and was autotransplanted to the ipsilateral sternocleidomastoid muscle.>>> <|im_end|><|im_start|>assistant","[{""entity"": ""devascularized""}, {""entity"": ""autotransplanted""}, {""entity"": ""parathyroid gland""}, {""entity"": ""the ipsilateral sternocleidomastoid muscle""}] ","[{""entity"": ""devascularized""}, {""entity"": ""autotransplanted""}, {""entity"": ""parathyroid gland""},"
The operation was finished by double aspiration drainage.,"[{'id': '7389', 'offsets': array([ 4, 13]), 'role': '', 'semantic_type_id': '', 'text': 'operation', 'type': 'EVENT'}
 {'id': '7404', 'offsets': array([18, 26]), 'role': '', 'semantic_type_id': '', 'text': 'finished', 'type': 'EVENT'}]","A 50-years-old woman, hypertensive, hospitalized for a large cervical mass appeared 30 years ago. In the family history, her mother, sisters and cousins underwent a surgery for MNG. Despite of the large volume of the mass, the patient never described signs of cervical compression whatsoever respiratory, digestive, laryngeal, vascular or neurologic signs. She never suffered from thyroid dysfunction. Her neck was deformed by the voluminous formation classified grade III according to the WHO modified classification. The mass took the front and the two sides of the neck. Its surface was embossed and covered by a thin normal skin. There were some veins of the collateral circulation limited to the neck. The goiter measured 18 x 11 cm. The mass was firm, painless, and mobile with the swallowing movements. Lymphadenopathy research was difficult and found no palpable lymph nodes. The laboratory tests (T 3, T 4 and TSH) were normal. Thoracic radiography showed a large cervical opacity roughly round and strewn with microcalcifications associated with a right eccentricity of the trachea. Cervical and chest CT revealed the presence of a partially calcified thyroid mass slightly plunging in the anterior mediastinum. It took heterogeneously the contrast and then evocate a large MNG. The trachea was surrounded by the goiter, slightly narrowed and right deviated as well as the lower part of the larynx. The right and left vascular axes of the neck (carotid artery and jugular vein) were deviated backward. The patient underwent a surgery for her enormous MNG slightly plunging in the mediastinum. Endotracheal intubation was relatively easy by the laryngoscope. The incision performed was a Kocher cervicotomy. There was a multinodular, hypervascularized goiter. Its lower end plunges behind the sternal manubrium. The larynx was deviated towards the right side. The total thyroidectomy was performed in two steps: initially a right lobo-isthmectomy, then the left lobectomy. The retrosternal part of the goiter was released using the finger by the same incision. Both recurrent laryngeal nerves (RLN) were not identified because of the hemorrhage. One parathyroid gland was accidently devascularized and was autotransplanted to the ipsilateral sternocleidomastoid muscle. The operation was finished by double aspiration drainage. In the first hours after surgery, the patient developed a large cervical hematoma. She was readmitted to the operating room, and after evacuation of the hematoma there was no vessels bleeding. The operation was completed with a double suction drainage. In the immediate postoperative period, the patient developed hemodynamic collapse requiring the introduction of dobutamine. After 48 hours of hemodynamic support, the blood pressure stabilized and dobutamine was stopped. Histological study concluded in multinodular colloid goiter. The patient was discharged from the hospital after 20 days in good health.
",EN100067,"<|im_start|>user Extract the entities contained in the text. Extract only entities contained in the text.
Return the result in a json format: [{""entity"":""entity_name""}]. <<The operation was finished by double aspiration drainage.>>> <|im_end|><|im_start|>assistant[{""entity"": ""operation""}, {""entity"": ""finished""}] <|im_end|>","<|im_start|>user Extract the entities contained in the text. Extract only entities contained in the text.
Return the result in a json format: [{""entity"":""entity_name""}]. <<<We present a case of a 32-year-old woman with a history of gradual enlargement of the anterior neck.>>> <|im_end|><|im_start|>assistant [{""entity"": ""present""}, {""entity"": ""history""}, {""entity"": ""enlargement""}] <|im_end|>
<|im_start|>user Extract the entities contained in the text. Extract only entities contained in the text.
Return the result in a json format: [{""entity"":""entity_name""}]. <<<Patient information: a 9-month-old boy presented to the emergency room with a 3-day history of refusal to bear weight on the right lower extremity and febrile peaks of up to 38.5°C for 24 hours.>>> <|im_end|><|im_start|>assistant [{""entity"": ""presented""}, {""entity"": ""refusal""}, {""entity"": ""bear""}, {""entity"": ""peaks""}] <|im_end|>
<|im_start|>user Extract the entities contained in the text. Extract only entities contained in the text.
Return the result in a json format: [{""entity"":""entity_name""}]. <<The operation was finished by double aspiration drainage.>>> <|im_end|><|im_start|>assistant","[{""entity"": ""operation""}, {""entity"": ""finished""}] ","[{""entity"": ""operation""}, {""entity"": ""finished""}, {""entity"": ""drainage""}] <|im_end|><|im_end|><|im_end|><|im_end|><|im_end|>"
"In the first hours after surgery, the patient developed a large cervical hematoma.","[{'id': '7419', 'offsets': array([46, 55]), 'role': '', 'semantic_type_id': '', 'text': 'developed', 'type': 'EVENT'}
 {'id': '7792', 'offsets': array([73, 81]), 'role': '', 'semantic_type_id': 'C0018944', 'text': 'hematoma', 'type': 'CLINENTITY'}
 {'id': '8037', 'offsets': array([34, 45]), 'role': 'PATIENT', 'semantic_type_id': '', 'text': 'the patient', 'type': 'ACTOR'}
 {'id': '8080', 'offsets': array([ 0, 32]), 'role': '', 'semantic_type_id': '', 'text': 'In the first hours after surgery', 'type': 'TIMEX3'}]","A 50-years-old woman, hypertensive, hospitalized for a large cervical mass appeared 30 years ago. In the family history, her mother, sisters and cousins underwent a surgery for MNG. Despite of the large volume of the mass, the patient never described signs of cervical compression whatsoever respiratory, digestive, laryngeal, vascular or neurologic signs. She never suffered from thyroid dysfunction. Her neck was deformed by the voluminous formation classified grade III according to the WHO modified classification. The mass took the front and the two sides of the neck. Its surface was embossed and covered by a thin normal skin. There were some veins of the collateral circulation limited to the neck. The goiter measured 18 x 11 cm. The mass was firm, painless, and mobile with the swallowing movements. Lymphadenopathy research was difficult and found no palpable lymph nodes. The laboratory tests (T 3, T 4 and TSH) were normal. Thoracic radiography showed a large cervical opacity roughly round and strewn with microcalcifications associated with a right eccentricity of the trachea. Cervical and chest CT revealed the presence of a partially calcified thyroid mass slightly plunging in the anterior mediastinum. It took heterogeneously the contrast and then evocate a large MNG. The trachea was surrounded by the goiter, slightly narrowed and right deviated as well as the lower part of the larynx. The right and left vascular axes of the neck (carotid artery and jugular vein) were deviated backward. The patient underwent a surgery for her enormous MNG slightly plunging in the mediastinum. Endotracheal intubation was relatively easy by the laryngoscope. The incision performed was a Kocher cervicotomy. There was a multinodular, hypervascularized goiter. Its lower end plunges behind the sternal manubrium. The larynx was deviated towards the right side. The total thyroidectomy was performed in two steps: initially a right lobo-isthmectomy, then the left lobectomy. The retrosternal part of the goiter was released using the finger by the same incision. Both recurrent laryngeal nerves (RLN) were not identified because of the hemorrhage. One parathyroid gland was accidently devascularized and was autotransplanted to the ipsilateral sternocleidomastoid muscle. The operation was finished by double aspiration drainage. In the first hours after surgery, the patient developed a large cervical hematoma. She was readmitted to the operating room, and after evacuation of the hematoma there was no vessels bleeding. The operation was completed with a double suction drainage. In the immediate postoperative period, the patient developed hemodynamic collapse requiring the introduction of dobutamine. After 48 hours of hemodynamic support, the blood pressure stabilized and dobutamine was stopped. Histological study concluded in multinodular colloid goiter. The patient was discharged from the hospital after 20 days in good health.
",EN100067,"<|im_start|>user Extract the entities contained in the text. Extract only entities contained in the text.
Return the result in a json format: [{""entity"":""entity_name""}]. <<In the first hours after surgery, the patient developed a large cervical hematoma.>>> <|im_end|><|im_start|>assistant[{""entity"": ""developed""}, {""entity"": ""hematoma""}, {""entity"": ""the patient""}, {""entity"": ""In the first hours after surgery""}] <|im_end|>","<|im_start|>user Extract the entities contained in the text. Extract only entities contained in the text.
Return the result in a json format: [{""entity"":""entity_name""}]. <<<We present a case of a 32-year-old woman with a history of gradual enlargement of the anterior neck.>>> <|im_end|><|im_start|>assistant [{""entity"": ""present""}, {""entity"": ""history""}, {""entity"": ""enlargement""}] <|im_end|>
<|im_start|>user Extract the entities contained in the text. Extract only entities contained in the text.
Return the result in a json format: [{""entity"":""entity_name""}]. <<<Patient information: a 9-month-old boy presented to the emergency room with a 3-day history of refusal to bear weight on the right lower extremity and febrile peaks of up to 38.5°C for 24 hours.>>> <|im_end|><|im_start|>assistant [{""entity"": ""presented""}, {""entity"": ""refusal""}, {""entity"": ""bear""}, {""entity"": ""peaks""}] <|im_end|>
<|im_start|>user Extract the entities contained in the text. Extract only entities contained in the text.
Return the result in a json format: [{""entity"":""entity_name""}]. <<In the first hours after surgery, the patient developed a large cervical hematoma.>>> <|im_end|><|im_start|>assistant","[{""entity"": ""developed""}, {""entity"": ""hematoma""}, {""entity"": ""the patient""}, {""entity"": ""In the first hours after surgery""}] ","[{""entity"": ""surgery""}, {""entity"": ""developed""}, {""entity"": ""hematoma""}, {""entity"": ""the"
"She was readmitted to the operating room, and after evacuation of the hematoma there was no vessels bleeding.","[{'id': '7434', 'offsets': array([ 8, 18]), 'role': '', 'semantic_type_id': '', 'text': 'readmitted', 'type': 'EVENT'}
 {'id': '7449', 'offsets': array([52, 62]), 'role': '', 'semantic_type_id': '', 'text': 'evacuation', 'type': 'EVENT'}
 {'id': '7464', 'offsets': array([100, 108]), 'role': '', 'semantic_type_id': '', 'text': 'bleeding', 'type': 'EVENT'}
 {'id': '7799', 'offsets': array([70, 78]), 'role': '', 'semantic_type_id': 'C0018944', 'text': 'hematoma', 'type': 'CLINENTITY'}
 {'id': '8044', 'offsets': array([0, 3]), 'role': 'PATIENT', 'semantic_type_id': '', 'text': 'She', 'type': 'ACTOR'}]","A 50-years-old woman, hypertensive, hospitalized for a large cervical mass appeared 30 years ago. In the family history, her mother, sisters and cousins underwent a surgery for MNG. Despite of the large volume of the mass, the patient never described signs of cervical compression whatsoever respiratory, digestive, laryngeal, vascular or neurologic signs. She never suffered from thyroid dysfunction. Her neck was deformed by the voluminous formation classified grade III according to the WHO modified classification. The mass took the front and the two sides of the neck. Its surface was embossed and covered by a thin normal skin. There were some veins of the collateral circulation limited to the neck. The goiter measured 18 x 11 cm. The mass was firm, painless, and mobile with the swallowing movements. Lymphadenopathy research was difficult and found no palpable lymph nodes. The laboratory tests (T 3, T 4 and TSH) were normal. Thoracic radiography showed a large cervical opacity roughly round and strewn with microcalcifications associated with a right eccentricity of the trachea. Cervical and chest CT revealed the presence of a partially calcified thyroid mass slightly plunging in the anterior mediastinum. It took heterogeneously the contrast and then evocate a large MNG. The trachea was surrounded by the goiter, slightly narrowed and right deviated as well as the lower part of the larynx. The right and left vascular axes of the neck (carotid artery and jugular vein) were deviated backward. The patient underwent a surgery for her enormous MNG slightly plunging in the mediastinum. Endotracheal intubation was relatively easy by the laryngoscope. The incision performed was a Kocher cervicotomy. There was a multinodular, hypervascularized goiter. Its lower end plunges behind the sternal manubrium. The larynx was deviated towards the right side. The total thyroidectomy was performed in two steps: initially a right lobo-isthmectomy, then the left lobectomy. The retrosternal part of the goiter was released using the finger by the same incision. Both recurrent laryngeal nerves (RLN) were not identified because of the hemorrhage. One parathyroid gland was accidently devascularized and was autotransplanted to the ipsilateral sternocleidomastoid muscle. The operation was finished by double aspiration drainage. In the first hours after surgery, the patient developed a large cervical hematoma. She was readmitted to the operating room, and after evacuation of the hematoma there was no vessels bleeding. The operation was completed with a double suction drainage. In the immediate postoperative period, the patient developed hemodynamic collapse requiring the introduction of dobutamine. After 48 hours of hemodynamic support, the blood pressure stabilized and dobutamine was stopped. Histological study concluded in multinodular colloid goiter. The patient was discharged from the hospital after 20 days in good health.
",EN100067,"<|im_start|>user Extract the entities contained in the text. Extract only entities contained in the text.
Return the result in a json format: [{""entity"":""entity_name""}]. <<She was readmitted to the operating room, and after evacuation of the hematoma there was no vessels bleeding.>>> <|im_end|><|im_start|>assistant[{""entity"": ""readmitted""}, {""entity"": ""evacuation""}, {""entity"": ""bleeding""}, {""entity"": ""hematoma""}, {""entity"": ""She""}] <|im_end|>","<|im_start|>user Extract the entities contained in the text. Extract only entities contained in the text.
Return the result in a json format: [{""entity"":""entity_name""}]. <<<We present a case of a 32-year-old woman with a history of gradual enlargement of the anterior neck.>>> <|im_end|><|im_start|>assistant [{""entity"": ""present""}, {""entity"": ""history""}, {""entity"": ""enlargement""}] <|im_end|>
<|im_start|>user Extract the entities contained in the text. Extract only entities contained in the text.
Return the result in a json format: [{""entity"":""entity_name""}]. <<<Patient information: a 9-month-old boy presented to the emergency room with a 3-day history of refusal to bear weight on the right lower extremity and febrile peaks of up to 38.5°C for 24 hours.>>> <|im_end|><|im_start|>assistant [{""entity"": ""presented""}, {""entity"": ""refusal""}, {""entity"": ""bear""}, {""entity"": ""peaks""}] <|im_end|>
<|im_start|>user Extract the entities contained in the text. Extract only entities contained in the text.
Return the result in a json format: [{""entity"":""entity_name""}]. <<She was readmitted to the operating room, and after evacuation of the hematoma there was no vessels bleeding.>>> <|im_end|><|im_start|>assistant","[{""entity"": ""readmitted""}, {""entity"": ""evacuation""}, {""entity"": ""bleeding""}, {""entity"": ""hematoma""}, {""entity"": ""She""}] ","[{""entity"": ""readmitted""}, {""entity"": ""evacuation""}, {""entity"": ""bleeding""}, {""entity"": ""hem"
The operation was completed with a double suction drainage.,"[{'id': '7479', 'offsets': array([ 4, 13]), 'role': '', 'semantic_type_id': '', 'text': 'operation', 'type': 'EVENT'}
 {'id': '7494', 'offsets': array([18, 27]), 'role': '', 'semantic_type_id': '', 'text': 'completed', 'type': 'EVENT'}]","A 50-years-old woman, hypertensive, hospitalized for a large cervical mass appeared 30 years ago. In the family history, her mother, sisters and cousins underwent a surgery for MNG. Despite of the large volume of the mass, the patient never described signs of cervical compression whatsoever respiratory, digestive, laryngeal, vascular or neurologic signs. She never suffered from thyroid dysfunction. Her neck was deformed by the voluminous formation classified grade III according to the WHO modified classification. The mass took the front and the two sides of the neck. Its surface was embossed and covered by a thin normal skin. There were some veins of the collateral circulation limited to the neck. The goiter measured 18 x 11 cm. The mass was firm, painless, and mobile with the swallowing movements. Lymphadenopathy research was difficult and found no palpable lymph nodes. The laboratory tests (T 3, T 4 and TSH) were normal. Thoracic radiography showed a large cervical opacity roughly round and strewn with microcalcifications associated with a right eccentricity of the trachea. Cervical and chest CT revealed the presence of a partially calcified thyroid mass slightly plunging in the anterior mediastinum. It took heterogeneously the contrast and then evocate a large MNG. The trachea was surrounded by the goiter, slightly narrowed and right deviated as well as the lower part of the larynx. The right and left vascular axes of the neck (carotid artery and jugular vein) were deviated backward. The patient underwent a surgery for her enormous MNG slightly plunging in the mediastinum. Endotracheal intubation was relatively easy by the laryngoscope. The incision performed was a Kocher cervicotomy. There was a multinodular, hypervascularized goiter. Its lower end plunges behind the sternal manubrium. The larynx was deviated towards the right side. The total thyroidectomy was performed in two steps: initially a right lobo-isthmectomy, then the left lobectomy. The retrosternal part of the goiter was released using the finger by the same incision. Both recurrent laryngeal nerves (RLN) were not identified because of the hemorrhage. One parathyroid gland was accidently devascularized and was autotransplanted to the ipsilateral sternocleidomastoid muscle. The operation was finished by double aspiration drainage. In the first hours after surgery, the patient developed a large cervical hematoma. She was readmitted to the operating room, and after evacuation of the hematoma there was no vessels bleeding. The operation was completed with a double suction drainage. In the immediate postoperative period, the patient developed hemodynamic collapse requiring the introduction of dobutamine. After 48 hours of hemodynamic support, the blood pressure stabilized and dobutamine was stopped. Histological study concluded in multinodular colloid goiter. The patient was discharged from the hospital after 20 days in good health.
",EN100067,"<|im_start|>user Extract the entities contained in the text. Extract only entities contained in the text.
Return the result in a json format: [{""entity"":""entity_name""}]. <<The operation was completed with a double suction drainage.>>> <|im_end|><|im_start|>assistant[{""entity"": ""operation""}, {""entity"": ""completed""}] <|im_end|>","<|im_start|>user Extract the entities contained in the text. Extract only entities contained in the text.
Return the result in a json format: [{""entity"":""entity_name""}]. <<<We present a case of a 32-year-old woman with a history of gradual enlargement of the anterior neck.>>> <|im_end|><|im_start|>assistant [{""entity"": ""present""}, {""entity"": ""history""}, {""entity"": ""enlargement""}] <|im_end|>
<|im_start|>user Extract the entities contained in the text. Extract only entities contained in the text.
Return the result in a json format: [{""entity"":""entity_name""}]. <<<Patient information: a 9-month-old boy presented to the emergency room with a 3-day history of refusal to bear weight on the right lower extremity and febrile peaks of up to 38.5°C for 24 hours.>>> <|im_end|><|im_start|>assistant [{""entity"": ""presented""}, {""entity"": ""refusal""}, {""entity"": ""bear""}, {""entity"": ""peaks""}] <|im_end|>
<|im_start|>user Extract the entities contained in the text. Extract only entities contained in the text.
Return the result in a json format: [{""entity"":""entity_name""}]. <<The operation was completed with a double suction drainage.>>> <|im_end|><|im_start|>assistant","[{""entity"": ""operation""}, {""entity"": ""completed""}] ","[{""entity"": ""operation""}] <|im_end|><|im_end|><|im_end|><|im_end|><|im_end|><|im_end|><|im_end|><|im_end|><|im_end|><|im_end|><|im_end|><|im_end|><|im_end|><|im_end|><|im_end|><|im_end|><|im_end|><|im_end|><|im_end|>"
"In the immediate postoperative period, the patient developed hemodynamic collapse requiring the introduction of dobutamine.","[{'id': '7509', 'offsets': array([73, 81]), 'role': '', 'semantic_type_id': '', 'text': 'collapse', 'type': 'EVENT'}
 {'id': '7524', 'offsets': array([112, 122]), 'role': '', 'semantic_type_id': '', 'text': 'dobutamine', 'type': 'EVENT'}
 {'id': '7806', 'offsets': array([61, 81]), 'role': '', 'semantic_type_id': 'C0948268', 'text': 'hemodynamic collapse', 'type': 'CLINENTITY'}
 {'id': '8051', 'offsets': array([39, 50]), 'role': 'PATIENT', 'semantic_type_id': '', 'text': 'the patient', 'type': 'ACTOR'}
 {'id': '8089', 'offsets': array([ 7, 37]), 'role': '', 'semantic_type_id': '', 'text': 'immediate postoperative period', 'type': 'TIMEX3'}]","A 50-years-old woman, hypertensive, hospitalized for a large cervical mass appeared 30 years ago. In the family history, her mother, sisters and cousins underwent a surgery for MNG. Despite of the large volume of the mass, the patient never described signs of cervical compression whatsoever respiratory, digestive, laryngeal, vascular or neurologic signs. She never suffered from thyroid dysfunction. Her neck was deformed by the voluminous formation classified grade III according to the WHO modified classification. The mass took the front and the two sides of the neck. Its surface was embossed and covered by a thin normal skin. There were some veins of the collateral circulation limited to the neck. The goiter measured 18 x 11 cm. The mass was firm, painless, and mobile with the swallowing movements. Lymphadenopathy research was difficult and found no palpable lymph nodes. The laboratory tests (T 3, T 4 and TSH) were normal. Thoracic radiography showed a large cervical opacity roughly round and strewn with microcalcifications associated with a right eccentricity of the trachea. Cervical and chest CT revealed the presence of a partially calcified thyroid mass slightly plunging in the anterior mediastinum. It took heterogeneously the contrast and then evocate a large MNG. The trachea was surrounded by the goiter, slightly narrowed and right deviated as well as the lower part of the larynx. The right and left vascular axes of the neck (carotid artery and jugular vein) were deviated backward. The patient underwent a surgery for her enormous MNG slightly plunging in the mediastinum. Endotracheal intubation was relatively easy by the laryngoscope. The incision performed was a Kocher cervicotomy. There was a multinodular, hypervascularized goiter. Its lower end plunges behind the sternal manubrium. The larynx was deviated towards the right side. The total thyroidectomy was performed in two steps: initially a right lobo-isthmectomy, then the left lobectomy. The retrosternal part of the goiter was released using the finger by the same incision. Both recurrent laryngeal nerves (RLN) were not identified because of the hemorrhage. One parathyroid gland was accidently devascularized and was autotransplanted to the ipsilateral sternocleidomastoid muscle. The operation was finished by double aspiration drainage. In the first hours after surgery, the patient developed a large cervical hematoma. She was readmitted to the operating room, and after evacuation of the hematoma there was no vessels bleeding. The operation was completed with a double suction drainage. In the immediate postoperative period, the patient developed hemodynamic collapse requiring the introduction of dobutamine. After 48 hours of hemodynamic support, the blood pressure stabilized and dobutamine was stopped. Histological study concluded in multinodular colloid goiter. The patient was discharged from the hospital after 20 days in good health.
",EN100067,"<|im_start|>user Extract the entities contained in the text. Extract only entities contained in the text.
Return the result in a json format: [{""entity"":""entity_name""}]. <<In the immediate postoperative period, the patient developed hemodynamic collapse requiring the introduction of dobutamine.>>> <|im_end|><|im_start|>assistant[{""entity"": ""collapse""}, {""entity"": ""dobutamine""}, {""entity"": ""hemodynamic collapse""}, {""entity"": ""the patient""}, {""entity"": ""immediate postoperative period""}] <|im_end|>","<|im_start|>user Extract the entities contained in the text. Extract only entities contained in the text.
Return the result in a json format: [{""entity"":""entity_name""}]. <<<We present a case of a 32-year-old woman with a history of gradual enlargement of the anterior neck.>>> <|im_end|><|im_start|>assistant [{""entity"": ""present""}, {""entity"": ""history""}, {""entity"": ""enlargement""}] <|im_end|>
<|im_start|>user Extract the entities contained in the text. Extract only entities contained in the text.
Return the result in a json format: [{""entity"":""entity_name""}]. <<<Patient information: a 9-month-old boy presented to the emergency room with a 3-day history of refusal to bear weight on the right lower extremity and febrile peaks of up to 38.5°C for 24 hours.>>> <|im_end|><|im_start|>assistant [{""entity"": ""presented""}, {""entity"": ""refusal""}, {""entity"": ""bear""}, {""entity"": ""peaks""}] <|im_end|>
<|im_start|>user Extract the entities contained in the text. Extract only entities contained in the text.
Return the result in a json format: [{""entity"":""entity_name""}]. <<In the immediate postoperative period, the patient developed hemodynamic collapse requiring the introduction of dobutamine.>>> <|im_end|><|im_start|>assistant","[{""entity"": ""collapse""}, {""entity"": ""dobutamine""}, {""entity"": ""hemodynamic collapse""}, {""entity"": ""the patient""}, {""entity"": ""immediate postoperative period""}] ","[{""entity"": ""collapse""}, {""entity"": ""introduction""}, {""entity"": ""the patient""}, {""entity"": ""postoperative period"
"After 48 hours of hemodynamic support, the blood pressure stabilized and dobutamine was stopped.","[{'id': '7539', 'offsets': array([30, 37]), 'role': '', 'semantic_type_id': '', 'text': 'support', 'type': 'EVENT'}
 {'id': '7554', 'offsets': array([49, 57]), 'role': '', 'semantic_type_id': '', 'text': 'pressure', 'type': 'EVENT'}
 {'id': '7569', 'offsets': array([58, 68]), 'role': '', 'semantic_type_id': '', 'text': 'stabilized', 'type': 'EVENT'}
 {'id': '7584', 'offsets': array([73, 83]), 'role': '', 'semantic_type_id': '', 'text': 'dobutamine', 'type': 'EVENT'}
 {'id': '7599', 'offsets': array([88, 95]), 'role': '', 'semantic_type_id': '', 'text': 'stopped', 'type': 'EVENT'}
 {'id': '8098', 'offsets': array([ 0, 14]), 'role': '', 'semantic_type_id': '', 'text': 'After 48 hours', 'type': 'TIMEX3'}]","A 50-years-old woman, hypertensive, hospitalized for a large cervical mass appeared 30 years ago. In the family history, her mother, sisters and cousins underwent a surgery for MNG. Despite of the large volume of the mass, the patient never described signs of cervical compression whatsoever respiratory, digestive, laryngeal, vascular or neurologic signs. She never suffered from thyroid dysfunction. Her neck was deformed by the voluminous formation classified grade III according to the WHO modified classification. The mass took the front and the two sides of the neck. Its surface was embossed and covered by a thin normal skin. There were some veins of the collateral circulation limited to the neck. The goiter measured 18 x 11 cm. The mass was firm, painless, and mobile with the swallowing movements. Lymphadenopathy research was difficult and found no palpable lymph nodes. The laboratory tests (T 3, T 4 and TSH) were normal. Thoracic radiography showed a large cervical opacity roughly round and strewn with microcalcifications associated with a right eccentricity of the trachea. Cervical and chest CT revealed the presence of a partially calcified thyroid mass slightly plunging in the anterior mediastinum. It took heterogeneously the contrast and then evocate a large MNG. The trachea was surrounded by the goiter, slightly narrowed and right deviated as well as the lower part of the larynx. The right and left vascular axes of the neck (carotid artery and jugular vein) were deviated backward. The patient underwent a surgery for her enormous MNG slightly plunging in the mediastinum. Endotracheal intubation was relatively easy by the laryngoscope. The incision performed was a Kocher cervicotomy. There was a multinodular, hypervascularized goiter. Its lower end plunges behind the sternal manubrium. The larynx was deviated towards the right side. The total thyroidectomy was performed in two steps: initially a right lobo-isthmectomy, then the left lobectomy. The retrosternal part of the goiter was released using the finger by the same incision. Both recurrent laryngeal nerves (RLN) were not identified because of the hemorrhage. One parathyroid gland was accidently devascularized and was autotransplanted to the ipsilateral sternocleidomastoid muscle. The operation was finished by double aspiration drainage. In the first hours after surgery, the patient developed a large cervical hematoma. She was readmitted to the operating room, and after evacuation of the hematoma there was no vessels bleeding. The operation was completed with a double suction drainage. In the immediate postoperative period, the patient developed hemodynamic collapse requiring the introduction of dobutamine. After 48 hours of hemodynamic support, the blood pressure stabilized and dobutamine was stopped. Histological study concluded in multinodular colloid goiter. The patient was discharged from the hospital after 20 days in good health.
",EN100067,"<|im_start|>user Extract the entities contained in the text. Extract only entities contained in the text.
Return the result in a json format: [{""entity"":""entity_name""}]. <<After 48 hours of hemodynamic support, the blood pressure stabilized and dobutamine was stopped.>>> <|im_end|><|im_start|>assistant[{""entity"": ""support""}, {""entity"": ""pressure""}, {""entity"": ""stabilized""}, {""entity"": ""dobutamine""}, {""entity"": ""stopped""}, {""entity"": ""After 48 hours""}] <|im_end|>","<|im_start|>user Extract the entities contained in the text. Extract only entities contained in the text.
Return the result in a json format: [{""entity"":""entity_name""}]. <<<We present a case of a 32-year-old woman with a history of gradual enlargement of the anterior neck.>>> <|im_end|><|im_start|>assistant [{""entity"": ""present""}, {""entity"": ""history""}, {""entity"": ""enlargement""}] <|im_end|>
<|im_start|>user Extract the entities contained in the text. Extract only entities contained in the text.
Return the result in a json format: [{""entity"":""entity_name""}]. <<<Patient information: a 9-month-old boy presented to the emergency room with a 3-day history of refusal to bear weight on the right lower extremity and febrile peaks of up to 38.5°C for 24 hours.>>> <|im_end|><|im_start|>assistant [{""entity"": ""presented""}, {""entity"": ""refusal""}, {""entity"": ""bear""}, {""entity"": ""peaks""}] <|im_end|>
<|im_start|>user Extract the entities contained in the text. Extract only entities contained in the text.
Return the result in a json format: [{""entity"":""entity_name""}]. <<After 48 hours of hemodynamic support, the blood pressure stabilized and dobutamine was stopped.>>> <|im_end|><|im_start|>assistant","[{""entity"": ""support""}, {""entity"": ""pressure""}, {""entity"": ""stabilized""}, {""entity"": ""dobutamine""}, {""entity"": ""stopped""}, {""entity"": ""After 48 hours""}] ","[{""entity"": ""support""}, {""entity"": ""stabilized""}, {""entity"": ""stopped""}, {""entity"": ""blood pressure""},"
Histological study concluded in multinodular colloid goiter.,"[{'id': '7614', 'offsets': array([13, 18]), 'role': '', 'semantic_type_id': '', 'text': 'study', 'type': 'EVENT'}
 {'id': '7629', 'offsets': array([19, 28]), 'role': '', 'semantic_type_id': '', 'text': 'concluded', 'type': 'EVENT'}
 {'id': '7813', 'offsets': array([32, 59]), 'role': '', 'semantic_type_id': 'C2231295', 'text': 'multinodular colloid goiter', 'type': 'CLINENTITY'}
 {'id': '7982', 'offsets': array([32, 59]), 'role': '', 'semantic_type_id': '', 'text': 'multinodular colloid goiter', 'type': 'BODYPART'}]","A 50-years-old woman, hypertensive, hospitalized for a large cervical mass appeared 30 years ago. In the family history, her mother, sisters and cousins underwent a surgery for MNG. Despite of the large volume of the mass, the patient never described signs of cervical compression whatsoever respiratory, digestive, laryngeal, vascular or neurologic signs. She never suffered from thyroid dysfunction. Her neck was deformed by the voluminous formation classified grade III according to the WHO modified classification. The mass took the front and the two sides of the neck. Its surface was embossed and covered by a thin normal skin. There were some veins of the collateral circulation limited to the neck. The goiter measured 18 x 11 cm. The mass was firm, painless, and mobile with the swallowing movements. Lymphadenopathy research was difficult and found no palpable lymph nodes. The laboratory tests (T 3, T 4 and TSH) were normal. Thoracic radiography showed a large cervical opacity roughly round and strewn with microcalcifications associated with a right eccentricity of the trachea. Cervical and chest CT revealed the presence of a partially calcified thyroid mass slightly plunging in the anterior mediastinum. It took heterogeneously the contrast and then evocate a large MNG. The trachea was surrounded by the goiter, slightly narrowed and right deviated as well as the lower part of the larynx. The right and left vascular axes of the neck (carotid artery and jugular vein) were deviated backward. The patient underwent a surgery for her enormous MNG slightly plunging in the mediastinum. Endotracheal intubation was relatively easy by the laryngoscope. The incision performed was a Kocher cervicotomy. There was a multinodular, hypervascularized goiter. Its lower end plunges behind the sternal manubrium. The larynx was deviated towards the right side. The total thyroidectomy was performed in two steps: initially a right lobo-isthmectomy, then the left lobectomy. The retrosternal part of the goiter was released using the finger by the same incision. Both recurrent laryngeal nerves (RLN) were not identified because of the hemorrhage. One parathyroid gland was accidently devascularized and was autotransplanted to the ipsilateral sternocleidomastoid muscle. The operation was finished by double aspiration drainage. In the first hours after surgery, the patient developed a large cervical hematoma. She was readmitted to the operating room, and after evacuation of the hematoma there was no vessels bleeding. The operation was completed with a double suction drainage. In the immediate postoperative period, the patient developed hemodynamic collapse requiring the introduction of dobutamine. After 48 hours of hemodynamic support, the blood pressure stabilized and dobutamine was stopped. Histological study concluded in multinodular colloid goiter. The patient was discharged from the hospital after 20 days in good health.
",EN100067,"<|im_start|>user Extract the entities contained in the text. Extract only entities contained in the text.
Return the result in a json format: [{""entity"":""entity_name""}]. <<Histological study concluded in multinodular colloid goiter.>>> <|im_end|><|im_start|>assistant[{""entity"": ""study""}, {""entity"": ""concluded""}, {""entity"": ""multinodular colloid goiter""}, {""entity"": ""multinodular colloid goiter""}] <|im_end|>","<|im_start|>user Extract the entities contained in the text. Extract only entities contained in the text.
Return the result in a json format: [{""entity"":""entity_name""}]. <<<We present a case of a 32-year-old woman with a history of gradual enlargement of the anterior neck.>>> <|im_end|><|im_start|>assistant [{""entity"": ""present""}, {""entity"": ""history""}, {""entity"": ""enlargement""}] <|im_end|>
<|im_start|>user Extract the entities contained in the text. Extract only entities contained in the text.
Return the result in a json format: [{""entity"":""entity_name""}]. <<<Patient information: a 9-month-old boy presented to the emergency room with a 3-day history of refusal to bear weight on the right lower extremity and febrile peaks of up to 38.5°C for 24 hours.>>> <|im_end|><|im_start|>assistant [{""entity"": ""presented""}, {""entity"": ""refusal""}, {""entity"": ""bear""}, {""entity"": ""peaks""}] <|im_end|>
<|im_start|>user Extract the entities contained in the text. Extract only entities contained in the text.
Return the result in a json format: [{""entity"":""entity_name""}]. <<Histological study concluded in multinodular colloid goiter.>>> <|im_end|><|im_start|>assistant","[{""entity"": ""study""}, {""entity"": ""concluded""}, {""entity"": ""multinodular colloid goiter""}, {""entity"": ""multinodular colloid goiter""}] ","[{""entity"": ""study""}, {""entity"": ""concluded""}, {""entity"": ""multinodular colloid goiter""}, {"""
The patient was discharged from the hospital after 20 days in good health.,"[{'id': '7644', 'offsets': array([16, 26]), 'role': '', 'semantic_type_id': '', 'text': 'discharged', 'type': 'EVENT'}
 {'id': '8058', 'offsets': array([ 0, 11]), 'role': 'PATIENT', 'semantic_type_id': '', 'text': 'The patient', 'type': 'ACTOR'}
 {'id': '8107', 'offsets': array([51, 58]), 'role': '', 'semantic_type_id': '', 'text': '20 days', 'type': 'TIMEX3'}]","A 50-years-old woman, hypertensive, hospitalized for a large cervical mass appeared 30 years ago. In the family history, her mother, sisters and cousins underwent a surgery for MNG. Despite of the large volume of the mass, the patient never described signs of cervical compression whatsoever respiratory, digestive, laryngeal, vascular or neurologic signs. She never suffered from thyroid dysfunction. Her neck was deformed by the voluminous formation classified grade III according to the WHO modified classification. The mass took the front and the two sides of the neck. Its surface was embossed and covered by a thin normal skin. There were some veins of the collateral circulation limited to the neck. The goiter measured 18 x 11 cm. The mass was firm, painless, and mobile with the swallowing movements. Lymphadenopathy research was difficult and found no palpable lymph nodes. The laboratory tests (T 3, T 4 and TSH) were normal. Thoracic radiography showed a large cervical opacity roughly round and strewn with microcalcifications associated with a right eccentricity of the trachea. Cervical and chest CT revealed the presence of a partially calcified thyroid mass slightly plunging in the anterior mediastinum. It took heterogeneously the contrast and then evocate a large MNG. The trachea was surrounded by the goiter, slightly narrowed and right deviated as well as the lower part of the larynx. The right and left vascular axes of the neck (carotid artery and jugular vein) were deviated backward. The patient underwent a surgery for her enormous MNG slightly plunging in the mediastinum. Endotracheal intubation was relatively easy by the laryngoscope. The incision performed was a Kocher cervicotomy. There was a multinodular, hypervascularized goiter. Its lower end plunges behind the sternal manubrium. The larynx was deviated towards the right side. The total thyroidectomy was performed in two steps: initially a right lobo-isthmectomy, then the left lobectomy. The retrosternal part of the goiter was released using the finger by the same incision. Both recurrent laryngeal nerves (RLN) were not identified because of the hemorrhage. One parathyroid gland was accidently devascularized and was autotransplanted to the ipsilateral sternocleidomastoid muscle. The operation was finished by double aspiration drainage. In the first hours after surgery, the patient developed a large cervical hematoma. She was readmitted to the operating room, and after evacuation of the hematoma there was no vessels bleeding. The operation was completed with a double suction drainage. In the immediate postoperative period, the patient developed hemodynamic collapse requiring the introduction of dobutamine. After 48 hours of hemodynamic support, the blood pressure stabilized and dobutamine was stopped. Histological study concluded in multinodular colloid goiter. The patient was discharged from the hospital after 20 days in good health.
",EN100067,"<|im_start|>user Extract the entities contained in the text. Extract only entities contained in the text.
Return the result in a json format: [{""entity"":""entity_name""}]. <<The patient was discharged from the hospital after 20 days in good health.>>> <|im_end|><|im_start|>assistant[{""entity"": ""discharged""}, {""entity"": ""The patient""}, {""entity"": ""20 days""}] <|im_end|>","<|im_start|>user Extract the entities contained in the text. Extract only entities contained in the text.
Return the result in a json format: [{""entity"":""entity_name""}]. <<<We present a case of a 32-year-old woman with a history of gradual enlargement of the anterior neck.>>> <|im_end|><|im_start|>assistant [{""entity"": ""present""}, {""entity"": ""history""}, {""entity"": ""enlargement""}] <|im_end|>
<|im_start|>user Extract the entities contained in the text. Extract only entities contained in the text.
Return the result in a json format: [{""entity"":""entity_name""}]. <<<Patient information: a 9-month-old boy presented to the emergency room with a 3-day history of refusal to bear weight on the right lower extremity and febrile peaks of up to 38.5°C for 24 hours.>>> <|im_end|><|im_start|>assistant [{""entity"": ""presented""}, {""entity"": ""refusal""}, {""entity"": ""bear""}, {""entity"": ""peaks""}] <|im_end|>
<|im_start|>user Extract the entities contained in the text. Extract only entities contained in the text.
Return the result in a json format: [{""entity"":""entity_name""}]. <<The patient was discharged from the hospital after 20 days in good health.>>> <|im_end|><|im_start|>assistant","[{""entity"": ""discharged""}, {""entity"": ""The patient""}, {""entity"": ""20 days""}] ","[{""entity"": ""discharged""}, {""entity"": ""The patient""}, {""entity"": ""20 days""}] <|im_end|><|im_end|><|im_end|>"
A 21-year-old male was referred to the gastroenterology clinic for incidental findings of severe chronic pancreatitis on cross-sectional imaging but no associated symptoms of pancreatitis.,"[{'id': '4397', 'offsets': array([23, 31]), 'role': '', 'semantic_type_id': '', 'text': 'referred', 'type': 'EVENT'}
 {'id': '4412', 'offsets': array([78, 86]), 'role': '', 'semantic_type_id': '', 'text': 'findings', 'type': 'EVENT'}
 {'id': '4427', 'offsets': array([105, 117]), 'role': '', 'semantic_type_id': '', 'text': 'pancreatitis', 'type': 'EVENT'}
 {'id': '4442', 'offsets': array([137, 144]), 'role': '', 'semantic_type_id': '', 'text': 'imaging', 'type': 'EVENT'}
 {'id': '4457', 'offsets': array([163, 171]), 'role': '', 'semantic_type_id': '', 'text': 'symptoms', 'type': 'EVENT'}
 {'id': '5432', 'offsets': array([ 97, 117]), 'role': '', 'semantic_type_id': 'C0149521', 'text': 'chronic pancreatitis', 'type': 'CLINENTITY'}
 {'id': '5439', 'offsets': array([175, 187]), 'role': '', 'semantic_type_id': 'C0030305', 'text': 'pancreatitis', 'type': 'CLINENTITY'}
 {'id': '5563', 'offsets': array([ 0, 18]), 'role': 'PATIENT', 'semantic_type_id': '', 'text': 'A 21-year-old male', 'type': 'ACTOR'}]","A 21-year-old male was referred to the gastroenterology clinic for incidental findings of severe chronic pancreatitis on cross-sectional imaging but no associated symptoms of pancreatitis. He had presented to the emergency department for abdominal pain consistent with prior episodes of renal colic. Computed tomography scan confirmed the presence of renal calculi that passed with conservative management. An incidental finding on the imaging showed marked pancreatic atrophy with multiple sub-centimeter calcifications consistent with severe chronic pancreatitis. Remarkably, he did not report having any symptoms associated with pancreatic insufficiency including epigastric pain, vomiting, steatorrhea and weight loss. He denied having any prior episodes of acute pancreatitis and had no history of alcohol use. His laboratory tests were all within normal range, including complete blood count, liver function tests, amylase and lipase. His family history was significant as his father had an isolated episode of pancreatitis which required abdominal surgery. Magnetic resonance cholangiopancreatography (MRCP) showed severe parenchymal atrophy and pancreatic ductal stones with ductal dilation to 9mm. Due to his young age and atypical presentation, he was referred for genetic testing and counselling. He underwent genetic testing for various genes known to cause hereditary pancreatitis: CASR, CFTR, CTRC, PRSS1, SPINK1. He tested positive for homozygous variant of SPINK1 (N34S) mutation. Reflex testing of at-risk relatives confirmed that both of his parents were heterozygous carriers of the same SPINK1 (N34S) mutation and a review of their extended pedigree revealed that they were distant cousins. Given his asymptomatic clinical course, he remains under close follow-up without requiring any specific treatment for pancreatic insufficiency. Due to the severity of pancreatitis noted on imaging and long expected lifespan, he was counselled about the increased risk of pancreatic malignancy and is undergoing regular cross-sectional imaging for the detection and prevention of cancer.
",EN100339,"<|im_start|>user Extract the entities contained in the text. Extract only entities contained in the text.
Return the result in a json format: [{""entity"":""entity_name""}]. <<A 21-year-old male was referred to the gastroenterology clinic for incidental findings of severe chronic pancreatitis on cross-sectional imaging but no associated symptoms of pancreatitis.>>> <|im_end|><|im_start|>assistant[{""entity"": ""referred""}, {""entity"": ""findings""}, {""entity"": ""pancreatitis""}, {""entity"": ""imaging""}, {""entity"": ""symptoms""}, {""entity"": ""chronic pancreatitis""}, {""entity"": ""pancreatitis""}, {""entity"": ""A 21-year-old male""}] <|im_end|>","<|im_start|>user Extract the entities contained in the text. Extract only entities contained in the text.
Return the result in a json format: [{""entity"":""entity_name""}]. <<<We present a case of a 32-year-old woman with a history of gradual enlargement of the anterior neck.>>> <|im_end|><|im_start|>assistant [{""entity"": ""present""}, {""entity"": ""history""}, {""entity"": ""enlargement""}] <|im_end|>
<|im_start|>user Extract the entities contained in the text. Extract only entities contained in the text.
Return the result in a json format: [{""entity"":""entity_name""}]. <<<Patient information: a 9-month-old boy presented to the emergency room with a 3-day history of refusal to bear weight on the right lower extremity and febrile peaks of up to 38.5°C for 24 hours.>>> <|im_end|><|im_start|>assistant [{""entity"": ""presented""}, {""entity"": ""refusal""}, {""entity"": ""bear""}, {""entity"": ""peaks""}] <|im_end|>
<|im_start|>user Extract the entities contained in the text. Extract only entities contained in the text.
Return the result in a json format: [{""entity"":""entity_name""}]. <<A 21-year-old male was referred to the gastroenterology clinic for incidental findings of severe chronic pancreatitis on cross-sectional imaging but no associated symptoms of pancreatitis.>>> <|im_end|><|im_start|>assistant","[{""entity"": ""referred""}, {""entity"": ""findings""}, {""entity"": ""pancreatitis""}, {""entity"": ""imaging""}, {""entity"": ""symptoms""}, {""entity"": ""chronic pancreatitis""}, {""entity"": ""pancreatitis""}, {""entity"": ""A 21-year-old male""}] ","[{""entity"": ""referred""}, {""entity"": ""findings""}, {""entity"": ""pancreatitis""}, {""entity"": ""pan"
He had presented to the emergency department for abdominal pain consistent with prior episodes of renal colic.,"[{'id': '4472', 'offsets': array([ 7, 16]), 'role': '', 'semantic_type_id': '', 'text': 'presented', 'type': 'EVENT'}
 {'id': '4487', 'offsets': array([59, 63]), 'role': '', 'semantic_type_id': '', 'text': 'pain', 'type': 'EVENT'}
 {'id': '4502', 'offsets': array([104, 109]), 'role': '', 'semantic_type_id': '', 'text': 'colic', 'type': 'EVENT'}
 {'id': '5446', 'offsets': array([49, 63]), 'role': '', 'semantic_type_id': 'C0000737', 'text': 'abdominal pain', 'type': 'CLINENTITY'}
 {'id': '5453', 'offsets': array([ 98, 109]), 'role': '', 'semantic_type_id': 'C0152169', 'text': 'renal colic', 'type': 'CLINENTITY'}
 {'id': '5570', 'offsets': array([0, 2]), 'role': 'PATIENT', 'semantic_type_id': '', 'text': 'He', 'type': 'ACTOR'}]","A 21-year-old male was referred to the gastroenterology clinic for incidental findings of severe chronic pancreatitis on cross-sectional imaging but no associated symptoms of pancreatitis. He had presented to the emergency department for abdominal pain consistent with prior episodes of renal colic. Computed tomography scan confirmed the presence of renal calculi that passed with conservative management. An incidental finding on the imaging showed marked pancreatic atrophy with multiple sub-centimeter calcifications consistent with severe chronic pancreatitis. Remarkably, he did not report having any symptoms associated with pancreatic insufficiency including epigastric pain, vomiting, steatorrhea and weight loss. He denied having any prior episodes of acute pancreatitis and had no history of alcohol use. His laboratory tests were all within normal range, including complete blood count, liver function tests, amylase and lipase. His family history was significant as his father had an isolated episode of pancreatitis which required abdominal surgery. Magnetic resonance cholangiopancreatography (MRCP) showed severe parenchymal atrophy and pancreatic ductal stones with ductal dilation to 9mm. Due to his young age and atypical presentation, he was referred for genetic testing and counselling. He underwent genetic testing for various genes known to cause hereditary pancreatitis: CASR, CFTR, CTRC, PRSS1, SPINK1. He tested positive for homozygous variant of SPINK1 (N34S) mutation. Reflex testing of at-risk relatives confirmed that both of his parents were heterozygous carriers of the same SPINK1 (N34S) mutation and a review of their extended pedigree revealed that they were distant cousins. Given his asymptomatic clinical course, he remains under close follow-up without requiring any specific treatment for pancreatic insufficiency. Due to the severity of pancreatitis noted on imaging and long expected lifespan, he was counselled about the increased risk of pancreatic malignancy and is undergoing regular cross-sectional imaging for the detection and prevention of cancer.
",EN100339,"<|im_start|>user Extract the entities contained in the text. Extract only entities contained in the text.
Return the result in a json format: [{""entity"":""entity_name""}]. <<He had presented to the emergency department for abdominal pain consistent with prior episodes of renal colic.>>> <|im_end|><|im_start|>assistant[{""entity"": ""presented""}, {""entity"": ""pain""}, {""entity"": ""colic""}, {""entity"": ""abdominal pain""}, {""entity"": ""renal colic""}, {""entity"": ""He""}] <|im_end|>","<|im_start|>user Extract the entities contained in the text. Extract only entities contained in the text.
Return the result in a json format: [{""entity"":""entity_name""}]. <<<We present a case of a 32-year-old woman with a history of gradual enlargement of the anterior neck.>>> <|im_end|><|im_start|>assistant [{""entity"": ""present""}, {""entity"": ""history""}, {""entity"": ""enlargement""}] <|im_end|>
<|im_start|>user Extract the entities contained in the text. Extract only entities contained in the text.
Return the result in a json format: [{""entity"":""entity_name""}]. <<<Patient information: a 9-month-old boy presented to the emergency room with a 3-day history of refusal to bear weight on the right lower extremity and febrile peaks of up to 38.5°C for 24 hours.>>> <|im_end|><|im_start|>assistant [{""entity"": ""presented""}, {""entity"": ""refusal""}, {""entity"": ""bear""}, {""entity"": ""peaks""}] <|im_end|>
<|im_start|>user Extract the entities contained in the text. Extract only entities contained in the text.
Return the result in a json format: [{""entity"":""entity_name""}]. <<He had presented to the emergency department for abdominal pain consistent with prior episodes of renal colic.>>> <|im_end|><|im_start|>assistant","[{""entity"": ""presented""}, {""entity"": ""pain""}, {""entity"": ""colic""}, {""entity"": ""abdominal pain""}, {""entity"": ""renal colic""}, {""entity"": ""He""}] ","[{""entity"": ""presented""}, {""entity"": ""pain""}, {""entity"": ""consistent""}, {""entity"": ""episodes""}, {"""
An incidental finding on the imaging showed marked pancreatic atrophy with multiple sub-centimeter calcifications consistent with severe chronic pancreatitis.,"[{'id': '4592', 'offsets': array([14, 21]), 'role': '', 'semantic_type_id': '', 'text': 'finding', 'type': 'EVENT'}
 {'id': '4607', 'offsets': array([37, 43]), 'role': '', 'semantic_type_id': '', 'text': 'showed', 'type': 'EVENT'}
 {'id': '4622', 'offsets': array([62, 69]), 'role': '', 'semantic_type_id': '', 'text': 'atrophy', 'type': 'EVENT'}
 {'id': '4637', 'offsets': array([145, 157]), 'role': '', 'semantic_type_id': '', 'text': 'pancreatitis', 'type': 'EVENT'}
 {'id': '5467', 'offsets': array([51, 69]), 'role': '', 'semantic_type_id': 'C0152014', 'text': 'pancreatic atrophy', 'type': 'CLINENTITY'}
 {'id': '5474', 'offsets': array([137, 157]), 'role': '', 'semantic_type_id': 'C0149521', 'text': 'chronic pancreatitis', 'type': 'CLINENTITY'}]","A 21-year-old male was referred to the gastroenterology clinic for incidental findings of severe chronic pancreatitis on cross-sectional imaging but no associated symptoms of pancreatitis. He had presented to the emergency department for abdominal pain consistent with prior episodes of renal colic. Computed tomography scan confirmed the presence of renal calculi that passed with conservative management. An incidental finding on the imaging showed marked pancreatic atrophy with multiple sub-centimeter calcifications consistent with severe chronic pancreatitis. Remarkably, he did not report having any symptoms associated with pancreatic insufficiency including epigastric pain, vomiting, steatorrhea and weight loss. He denied having any prior episodes of acute pancreatitis and had no history of alcohol use. His laboratory tests were all within normal range, including complete blood count, liver function tests, amylase and lipase. His family history was significant as his father had an isolated episode of pancreatitis which required abdominal surgery. Magnetic resonance cholangiopancreatography (MRCP) showed severe parenchymal atrophy and pancreatic ductal stones with ductal dilation to 9mm. Due to his young age and atypical presentation, he was referred for genetic testing and counselling. He underwent genetic testing for various genes known to cause hereditary pancreatitis: CASR, CFTR, CTRC, PRSS1, SPINK1. He tested positive for homozygous variant of SPINK1 (N34S) mutation. Reflex testing of at-risk relatives confirmed that both of his parents were heterozygous carriers of the same SPINK1 (N34S) mutation and a review of their extended pedigree revealed that they were distant cousins. Given his asymptomatic clinical course, he remains under close follow-up without requiring any specific treatment for pancreatic insufficiency. Due to the severity of pancreatitis noted on imaging and long expected lifespan, he was counselled about the increased risk of pancreatic malignancy and is undergoing regular cross-sectional imaging for the detection and prevention of cancer.
",EN100339,"<|im_start|>user Extract the entities contained in the text. Extract only entities contained in the text.
Return the result in a json format: [{""entity"":""entity_name""}]. <<An incidental finding on the imaging showed marked pancreatic atrophy with multiple sub-centimeter calcifications consistent with severe chronic pancreatitis.>>> <|im_end|><|im_start|>assistant[{""entity"": ""finding""}, {""entity"": ""showed""}, {""entity"": ""atrophy""}, {""entity"": ""pancreatitis""}, {""entity"": ""pancreatic atrophy""}, {""entity"": ""chronic pancreatitis""}] <|im_end|>","<|im_start|>user Extract the entities contained in the text. Extract only entities contained in the text.
Return the result in a json format: [{""entity"":""entity_name""}]. <<<We present a case of a 32-year-old woman with a history of gradual enlargement of the anterior neck.>>> <|im_end|><|im_start|>assistant [{""entity"": ""present""}, {""entity"": ""history""}, {""entity"": ""enlargement""}] <|im_end|>
<|im_start|>user Extract the entities contained in the text. Extract only entities contained in the text.
Return the result in a json format: [{""entity"":""entity_name""}]. <<<Patient information: a 9-month-old boy presented to the emergency room with a 3-day history of refusal to bear weight on the right lower extremity and febrile peaks of up to 38.5°C for 24 hours.>>> <|im_end|><|im_start|>assistant [{""entity"": ""presented""}, {""entity"": ""refusal""}, {""entity"": ""bear""}, {""entity"": ""peaks""}] <|im_end|>
<|im_start|>user Extract the entities contained in the text. Extract only entities contained in the text.
Return the result in a json format: [{""entity"":""entity_name""}]. <<An incidental finding on the imaging showed marked pancreatic atrophy with multiple sub-centimeter calcifications consistent with severe chronic pancreatitis.>>> <|im_end|><|im_start|>assistant","[{""entity"": ""finding""}, {""entity"": ""showed""}, {""entity"": ""atrophy""}, {""entity"": ""pancreatitis""}, {""entity"": ""pancreatic atrophy""}, {""entity"": ""chronic pancreatitis""}] ","[{""entity"": ""finding""}, {""entity"": ""showed""}, {""entity"": ""atrophy""}, {""entity"": ""calcifications""},"
He denied having any prior episodes of acute pancreatitis and had no history of alcohol use.,"[{'id': '4757', 'offsets': array([3, 9]), 'role': '', 'semantic_type_id': '', 'text': 'denied', 'type': 'EVENT'}
 {'id': '4772', 'offsets': array([45, 57]), 'role': '', 'semantic_type_id': '', 'text': 'pancreatitis', 'type': 'EVENT'}
 {'id': '4787', 'offsets': array([88, 91]), 'role': '', 'semantic_type_id': '', 'text': 'use', 'type': 'EVENT'}
 {'id': '5509', 'offsets': array([39, 57]), 'role': '', 'semantic_type_id': 'C0001339', 'text': 'acute pancreatitis', 'type': 'CLINENTITY'}
 {'id': '5584', 'offsets': array([0, 2]), 'role': 'PATIENT', 'semantic_type_id': '', 'text': 'He', 'type': 'ACTOR'}]","A 21-year-old male was referred to the gastroenterology clinic for incidental findings of severe chronic pancreatitis on cross-sectional imaging but no associated symptoms of pancreatitis. He had presented to the emergency department for abdominal pain consistent with prior episodes of renal colic. Computed tomography scan confirmed the presence of renal calculi that passed with conservative management. An incidental finding on the imaging showed marked pancreatic atrophy with multiple sub-centimeter calcifications consistent with severe chronic pancreatitis. Remarkably, he did not report having any symptoms associated with pancreatic insufficiency including epigastric pain, vomiting, steatorrhea and weight loss. He denied having any prior episodes of acute pancreatitis and had no history of alcohol use. His laboratory tests were all within normal range, including complete blood count, liver function tests, amylase and lipase. His family history was significant as his father had an isolated episode of pancreatitis which required abdominal surgery. Magnetic resonance cholangiopancreatography (MRCP) showed severe parenchymal atrophy and pancreatic ductal stones with ductal dilation to 9mm. Due to his young age and atypical presentation, he was referred for genetic testing and counselling. He underwent genetic testing for various genes known to cause hereditary pancreatitis: CASR, CFTR, CTRC, PRSS1, SPINK1. He tested positive for homozygous variant of SPINK1 (N34S) mutation. Reflex testing of at-risk relatives confirmed that both of his parents were heterozygous carriers of the same SPINK1 (N34S) mutation and a review of their extended pedigree revealed that they were distant cousins. Given his asymptomatic clinical course, he remains under close follow-up without requiring any specific treatment for pancreatic insufficiency. Due to the severity of pancreatitis noted on imaging and long expected lifespan, he was counselled about the increased risk of pancreatic malignancy and is undergoing regular cross-sectional imaging for the detection and prevention of cancer.
",EN100339,"<|im_start|>user Extract the entities contained in the text. Extract only entities contained in the text.
Return the result in a json format: [{""entity"":""entity_name""}]. <<He denied having any prior episodes of acute pancreatitis and had no history of alcohol use.>>> <|im_end|><|im_start|>assistant[{""entity"": ""denied""}, {""entity"": ""pancreatitis""}, {""entity"": ""use""}, {""entity"": ""acute pancreatitis""}, {""entity"": ""He""}] <|im_end|>","<|im_start|>user Extract the entities contained in the text. Extract only entities contained in the text.
Return the result in a json format: [{""entity"":""entity_name""}]. <<<We present a case of a 32-year-old woman with a history of gradual enlargement of the anterior neck.>>> <|im_end|><|im_start|>assistant [{""entity"": ""present""}, {""entity"": ""history""}, {""entity"": ""enlargement""}] <|im_end|>
<|im_start|>user Extract the entities contained in the text. Extract only entities contained in the text.
Return the result in a json format: [{""entity"":""entity_name""}]. <<<Patient information: a 9-month-old boy presented to the emergency room with a 3-day history of refusal to bear weight on the right lower extremity and febrile peaks of up to 38.5°C for 24 hours.>>> <|im_end|><|im_start|>assistant [{""entity"": ""presented""}, {""entity"": ""refusal""}, {""entity"": ""bear""}, {""entity"": ""peaks""}] <|im_end|>
<|im_start|>user Extract the entities contained in the text. Extract only entities contained in the text.
Return the result in a json format: [{""entity"":""entity_name""}]. <<He denied having any prior episodes of acute pancreatitis and had no history of alcohol use.>>> <|im_end|><|im_start|>assistant","[{""entity"": ""denied""}, {""entity"": ""pancreatitis""}, {""entity"": ""use""}, {""entity"": ""acute pancreatitis""}, {""entity"": ""He""}] ","[{""entity"": ""denied""}, {""entity"": ""episodes""}, {""entity"": ""pancreatitis""}, {""entity"": ""history"
His family history was significant as his father had an isolated episode of pancreatitis which required abdominal surgery.,"[{'id': '4877', 'offsets': array([11, 18]), 'role': '', 'semantic_type_id': '', 'text': 'history', 'type': 'EVENT'}
 {'id': '4892', 'offsets': array([23, 34]), 'role': '', 'semantic_type_id': '', 'text': 'significant', 'type': 'EVENT'}
 {'id': '4907', 'offsets': array([76, 88]), 'role': '', 'semantic_type_id': '', 'text': 'pancreatitis', 'type': 'EVENT'}
 {'id': '4922', 'offsets': array([ 95, 103]), 'role': '', 'semantic_type_id': '', 'text': 'required', 'type': 'EVENT'}
 {'id': '4937', 'offsets': array([114, 121]), 'role': '', 'semantic_type_id': '', 'text': 'surgery', 'type': 'EVENT'}
 {'id': '5516', 'offsets': array([76, 88]), 'role': '', 'semantic_type_id': 'C0030305', 'text': 'pancreatitis', 'type': 'CLINENTITY'}
 {'id': '5591', 'offsets': array([38, 48]), 'role': 'OTHER', 'semantic_type_id': '', 'text': 'his father', 'type': 'ACTOR'}]","A 21-year-old male was referred to the gastroenterology clinic for incidental findings of severe chronic pancreatitis on cross-sectional imaging but no associated symptoms of pancreatitis. He had presented to the emergency department for abdominal pain consistent with prior episodes of renal colic. Computed tomography scan confirmed the presence of renal calculi that passed with conservative management. An incidental finding on the imaging showed marked pancreatic atrophy with multiple sub-centimeter calcifications consistent with severe chronic pancreatitis. Remarkably, he did not report having any symptoms associated with pancreatic insufficiency including epigastric pain, vomiting, steatorrhea and weight loss. He denied having any prior episodes of acute pancreatitis and had no history of alcohol use. His laboratory tests were all within normal range, including complete blood count, liver function tests, amylase and lipase. His family history was significant as his father had an isolated episode of pancreatitis which required abdominal surgery. Magnetic resonance cholangiopancreatography (MRCP) showed severe parenchymal atrophy and pancreatic ductal stones with ductal dilation to 9mm. Due to his young age and atypical presentation, he was referred for genetic testing and counselling. He underwent genetic testing for various genes known to cause hereditary pancreatitis: CASR, CFTR, CTRC, PRSS1, SPINK1. He tested positive for homozygous variant of SPINK1 (N34S) mutation. Reflex testing of at-risk relatives confirmed that both of his parents were heterozygous carriers of the same SPINK1 (N34S) mutation and a review of their extended pedigree revealed that they were distant cousins. Given his asymptomatic clinical course, he remains under close follow-up without requiring any specific treatment for pancreatic insufficiency. Due to the severity of pancreatitis noted on imaging and long expected lifespan, he was counselled about the increased risk of pancreatic malignancy and is undergoing regular cross-sectional imaging for the detection and prevention of cancer.
",EN100339,"<|im_start|>user Extract the entities contained in the text. Extract only entities contained in the text.
Return the result in a json format: [{""entity"":""entity_name""}]. <<His family history was significant as his father had an isolated episode of pancreatitis which required abdominal surgery.>>> <|im_end|><|im_start|>assistant[{""entity"": ""history""}, {""entity"": ""significant""}, {""entity"": ""pancreatitis""}, {""entity"": ""required""}, {""entity"": ""surgery""}, {""entity"": ""pancreatitis""}, {""entity"": ""his father""}] <|im_end|>","<|im_start|>user Extract the entities contained in the text. Extract only entities contained in the text.
Return the result in a json format: [{""entity"":""entity_name""}]. <<<We present a case of a 32-year-old woman with a history of gradual enlargement of the anterior neck.>>> <|im_end|><|im_start|>assistant [{""entity"": ""present""}, {""entity"": ""history""}, {""entity"": ""enlargement""}] <|im_end|>
<|im_start|>user Extract the entities contained in the text. Extract only entities contained in the text.
Return the result in a json format: [{""entity"":""entity_name""}]. <<<Patient information: a 9-month-old boy presented to the emergency room with a 3-day history of refusal to bear weight on the right lower extremity and febrile peaks of up to 38.5°C for 24 hours.>>> <|im_end|><|im_start|>assistant [{""entity"": ""presented""}, {""entity"": ""refusal""}, {""entity"": ""bear""}, {""entity"": ""peaks""}] <|im_end|>
<|im_start|>user Extract the entities contained in the text. Extract only entities contained in the text.
Return the result in a json format: [{""entity"":""entity_name""}]. <<His family history was significant as his father had an isolated episode of pancreatitis which required abdominal surgery.>>> <|im_end|><|im_start|>assistant","[{""entity"": ""history""}, {""entity"": ""significant""}, {""entity"": ""pancreatitis""}, {""entity"": ""required""}, {""entity"": ""surgery""}, {""entity"": ""pancreatitis""}, {""entity"": ""his father""}] ","[{""entity"": ""history""}, {""entity"": ""pancreatitis""}, {""entity"": ""surgery""}, {""entity"": ""pancre"
Magnetic resonance cholangiopancreatography (MRCP) showed severe parenchymal atrophy and pancreatic ductal stones with ductal dilation to 9mm.,"[{'id': '4952', 'offsets': array([19, 43]), 'role': '', 'semantic_type_id': '', 'text': 'cholangiopancreatography', 'type': 'EVENT'}
 {'id': '4967', 'offsets': array([45, 49]), 'role': '', 'semantic_type_id': '', 'text': 'MRCP', 'type': 'EVENT'}
 {'id': '4982', 'offsets': array([51, 57]), 'role': '', 'semantic_type_id': '', 'text': 'showed', 'type': 'EVENT'}
 {'id': '4997', 'offsets': array([77, 84]), 'role': '', 'semantic_type_id': '', 'text': 'atrophy', 'type': 'EVENT'}
 {'id': '5012', 'offsets': array([107, 113]), 'role': '', 'semantic_type_id': '', 'text': 'stones', 'type': 'EVENT'}
 {'id': '5653', 'offsets': array([138, 141]), 'role': '', 'semantic_type_id': '', 'text': '9mm', 'type': 'RML'}]","A 21-year-old male was referred to the gastroenterology clinic for incidental findings of severe chronic pancreatitis on cross-sectional imaging but no associated symptoms of pancreatitis. He had presented to the emergency department for abdominal pain consistent with prior episodes of renal colic. Computed tomography scan confirmed the presence of renal calculi that passed with conservative management. An incidental finding on the imaging showed marked pancreatic atrophy with multiple sub-centimeter calcifications consistent with severe chronic pancreatitis. Remarkably, he did not report having any symptoms associated with pancreatic insufficiency including epigastric pain, vomiting, steatorrhea and weight loss. He denied having any prior episodes of acute pancreatitis and had no history of alcohol use. His laboratory tests were all within normal range, including complete blood count, liver function tests, amylase and lipase. His family history was significant as his father had an isolated episode of pancreatitis which required abdominal surgery. Magnetic resonance cholangiopancreatography (MRCP) showed severe parenchymal atrophy and pancreatic ductal stones with ductal dilation to 9mm. Due to his young age and atypical presentation, he was referred for genetic testing and counselling. He underwent genetic testing for various genes known to cause hereditary pancreatitis: CASR, CFTR, CTRC, PRSS1, SPINK1. He tested positive for homozygous variant of SPINK1 (N34S) mutation. Reflex testing of at-risk relatives confirmed that both of his parents were heterozygous carriers of the same SPINK1 (N34S) mutation and a review of their extended pedigree revealed that they were distant cousins. Given his asymptomatic clinical course, he remains under close follow-up without requiring any specific treatment for pancreatic insufficiency. Due to the severity of pancreatitis noted on imaging and long expected lifespan, he was counselled about the increased risk of pancreatic malignancy and is undergoing regular cross-sectional imaging for the detection and prevention of cancer.
",EN100339,"<|im_start|>user Extract the entities contained in the text. Extract only entities contained in the text.
Return the result in a json format: [{""entity"":""entity_name""}]. <<Magnetic resonance cholangiopancreatography (MRCP) showed severe parenchymal atrophy and pancreatic ductal stones with ductal dilation to 9mm.>>> <|im_end|><|im_start|>assistant[{""entity"": ""cholangiopancreatography""}, {""entity"": ""MRCP""}, {""entity"": ""showed""}, {""entity"": ""atrophy""}, {""entity"": ""stones""}, {""entity"": ""9mm""}] <|im_end|>","<|im_start|>user Extract the entities contained in the text. Extract only entities contained in the text.
Return the result in a json format: [{""entity"":""entity_name""}]. <<<We present a case of a 32-year-old woman with a history of gradual enlargement of the anterior neck.>>> <|im_end|><|im_start|>assistant [{""entity"": ""present""}, {""entity"": ""history""}, {""entity"": ""enlargement""}] <|im_end|>
<|im_start|>user Extract the entities contained in the text. Extract only entities contained in the text.
Return the result in a json format: [{""entity"":""entity_name""}]. <<<Patient information: a 9-month-old boy presented to the emergency room with a 3-day history of refusal to bear weight on the right lower extremity and febrile peaks of up to 38.5°C for 24 hours.>>> <|im_end|><|im_start|>assistant [{""entity"": ""presented""}, {""entity"": ""refusal""}, {""entity"": ""bear""}, {""entity"": ""peaks""}] <|im_end|>
<|im_start|>user Extract the entities contained in the text. Extract only entities contained in the text.
Return the result in a json format: [{""entity"":""entity_name""}]. <<Magnetic resonance cholangiopancreatography (MRCP) showed severe parenchymal atrophy and pancreatic ductal stones with ductal dilation to 9mm.>>> <|im_end|><|im_start|>assistant","[{""entity"": ""cholangiopancreatography""}, {""entity"": ""MRCP""}, {""entity"": ""showed""}, {""entity"": ""atrophy""}, {""entity"": ""stones""}, {""entity"": ""9mm""}] ","[{""entity"": ""cholangiopancreatography""}, {""entity"": ""showed""}, {""entity"": ""atrophy""}, {"""
"Due to his young age and atypical presentation, he was referred for genetic testing and counselling.","[{'id': '5027', 'offsets': array([34, 46]), 'role': '', 'semantic_type_id': '', 'text': 'presentation', 'type': 'EVENT'}
 {'id': '5042', 'offsets': array([55, 63]), 'role': '', 'semantic_type_id': '', 'text': 'referred', 'type': 'EVENT'}
 {'id': '5057', 'offsets': array([76, 83]), 'role': '', 'semantic_type_id': '', 'text': 'testing', 'type': 'EVENT'}
 {'id': '5072', 'offsets': array([88, 99]), 'role': '', 'semantic_type_id': '', 'text': 'counselling', 'type': 'EVENT'}
 {'id': '5598', 'offsets': array([48, 50]), 'role': 'PATIENT', 'semantic_type_id': '', 'text': 'he', 'type': 'ACTOR'}]","A 21-year-old male was referred to the gastroenterology clinic for incidental findings of severe chronic pancreatitis on cross-sectional imaging but no associated symptoms of pancreatitis. He had presented to the emergency department for abdominal pain consistent with prior episodes of renal colic. Computed tomography scan confirmed the presence of renal calculi that passed with conservative management. An incidental finding on the imaging showed marked pancreatic atrophy with multiple sub-centimeter calcifications consistent with severe chronic pancreatitis. Remarkably, he did not report having any symptoms associated with pancreatic insufficiency including epigastric pain, vomiting, steatorrhea and weight loss. He denied having any prior episodes of acute pancreatitis and had no history of alcohol use. His laboratory tests were all within normal range, including complete blood count, liver function tests, amylase and lipase. His family history was significant as his father had an isolated episode of pancreatitis which required abdominal surgery. Magnetic resonance cholangiopancreatography (MRCP) showed severe parenchymal atrophy and pancreatic ductal stones with ductal dilation to 9mm. Due to his young age and atypical presentation, he was referred for genetic testing and counselling. He underwent genetic testing for various genes known to cause hereditary pancreatitis: CASR, CFTR, CTRC, PRSS1, SPINK1. He tested positive for homozygous variant of SPINK1 (N34S) mutation. Reflex testing of at-risk relatives confirmed that both of his parents were heterozygous carriers of the same SPINK1 (N34S) mutation and a review of their extended pedigree revealed that they were distant cousins. Given his asymptomatic clinical course, he remains under close follow-up without requiring any specific treatment for pancreatic insufficiency. Due to the severity of pancreatitis noted on imaging and long expected lifespan, he was counselled about the increased risk of pancreatic malignancy and is undergoing regular cross-sectional imaging for the detection and prevention of cancer.
",EN100339,"<|im_start|>user Extract the entities contained in the text. Extract only entities contained in the text.
Return the result in a json format: [{""entity"":""entity_name""}]. <<Due to his young age and atypical presentation, he was referred for genetic testing and counselling.>>> <|im_end|><|im_start|>assistant[{""entity"": ""presentation""}, {""entity"": ""referred""}, {""entity"": ""testing""}, {""entity"": ""counselling""}, {""entity"": ""he""}] <|im_end|>","<|im_start|>user Extract the entities contained in the text. Extract only entities contained in the text.
Return the result in a json format: [{""entity"":""entity_name""}]. <<<We present a case of a 32-year-old woman with a history of gradual enlargement of the anterior neck.>>> <|im_end|><|im_start|>assistant [{""entity"": ""present""}, {""entity"": ""history""}, {""entity"": ""enlargement""}] <|im_end|>
<|im_start|>user Extract the entities contained in the text. Extract only entities contained in the text.
Return the result in a json format: [{""entity"":""entity_name""}]. <<<Patient information: a 9-month-old boy presented to the emergency room with a 3-day history of refusal to bear weight on the right lower extremity and febrile peaks of up to 38.5°C for 24 hours.>>> <|im_end|><|im_start|>assistant [{""entity"": ""presented""}, {""entity"": ""refusal""}, {""entity"": ""bear""}, {""entity"": ""peaks""}] <|im_end|>
<|im_start|>user Extract the entities contained in the text. Extract only entities contained in the text.
Return the result in a json format: [{""entity"":""entity_name""}]. <<Due to his young age and atypical presentation, he was referred for genetic testing and counselling.>>> <|im_end|><|im_start|>assistant","[{""entity"": ""presentation""}, {""entity"": ""referred""}, {""entity"": ""testing""}, {""entity"": ""counselling""}, {""entity"": ""he""}] ","[{""entity"": ""age""}, {""entity"": ""presentation""}, {""entity"": ""testing""}, {""entity"": ""counselling""}, {"""
"He underwent genetic testing for various genes known to cause hereditary pancreatitis: CASR, CFTR, CTRC, PRSS1, SPINK1.","[{'id': '5087', 'offsets': array([21, 28]), 'role': '', 'semantic_type_id': '', 'text': 'testing', 'type': 'EVENT'}
 {'id': '5102', 'offsets': array([56, 61]), 'role': '', 'semantic_type_id': '', 'text': 'cause', 'type': 'EVENT'}
 {'id': '5117', 'offsets': array([73, 85]), 'role': '', 'semantic_type_id': '', 'text': 'pancreatitis', 'type': 'EVENT'}
 {'id': '5523', 'offsets': array([62, 85]), 'role': '', 'semantic_type_id': 'C0238339', 'text': 'hereditary pancreatitis', 'type': 'CLINENTITY'}
 {'id': '5605', 'offsets': array([0, 2]), 'role': 'PATIENT', 'semantic_type_id': '', 'text': 'He', 'type': 'ACTOR'}]","A 21-year-old male was referred to the gastroenterology clinic for incidental findings of severe chronic pancreatitis on cross-sectional imaging but no associated symptoms of pancreatitis. He had presented to the emergency department for abdominal pain consistent with prior episodes of renal colic. Computed tomography scan confirmed the presence of renal calculi that passed with conservative management. An incidental finding on the imaging showed marked pancreatic atrophy with multiple sub-centimeter calcifications consistent with severe chronic pancreatitis. Remarkably, he did not report having any symptoms associated with pancreatic insufficiency including epigastric pain, vomiting, steatorrhea and weight loss. He denied having any prior episodes of acute pancreatitis and had no history of alcohol use. His laboratory tests were all within normal range, including complete blood count, liver function tests, amylase and lipase. His family history was significant as his father had an isolated episode of pancreatitis which required abdominal surgery. Magnetic resonance cholangiopancreatography (MRCP) showed severe parenchymal atrophy and pancreatic ductal stones with ductal dilation to 9mm. Due to his young age and atypical presentation, he was referred for genetic testing and counselling. He underwent genetic testing for various genes known to cause hereditary pancreatitis: CASR, CFTR, CTRC, PRSS1, SPINK1. He tested positive for homozygous variant of SPINK1 (N34S) mutation. Reflex testing of at-risk relatives confirmed that both of his parents were heterozygous carriers of the same SPINK1 (N34S) mutation and a review of their extended pedigree revealed that they were distant cousins. Given his asymptomatic clinical course, he remains under close follow-up without requiring any specific treatment for pancreatic insufficiency. Due to the severity of pancreatitis noted on imaging and long expected lifespan, he was counselled about the increased risk of pancreatic malignancy and is undergoing regular cross-sectional imaging for the detection and prevention of cancer.
",EN100339,"<|im_start|>user Extract the entities contained in the text. Extract only entities contained in the text.
Return the result in a json format: [{""entity"":""entity_name""}]. <<He underwent genetic testing for various genes known to cause hereditary pancreatitis: CASR, CFTR, CTRC, PRSS1, SPINK1.>>> <|im_end|><|im_start|>assistant[{""entity"": ""testing""}, {""entity"": ""cause""}, {""entity"": ""pancreatitis""}, {""entity"": ""hereditary pancreatitis""}, {""entity"": ""He""}] <|im_end|>","<|im_start|>user Extract the entities contained in the text. Extract only entities contained in the text.
Return the result in a json format: [{""entity"":""entity_name""}]. <<<We present a case of a 32-year-old woman with a history of gradual enlargement of the anterior neck.>>> <|im_end|><|im_start|>assistant [{""entity"": ""present""}, {""entity"": ""history""}, {""entity"": ""enlargement""}] <|im_end|>
<|im_start|>user Extract the entities contained in the text. Extract only entities contained in the text.
Return the result in a json format: [{""entity"":""entity_name""}]. <<<Patient information: a 9-month-old boy presented to the emergency room with a 3-day history of refusal to bear weight on the right lower extremity and febrile peaks of up to 38.5°C for 24 hours.>>> <|im_end|><|im_start|>assistant [{""entity"": ""presented""}, {""entity"": ""refusal""}, {""entity"": ""bear""}, {""entity"": ""peaks""}] <|im_end|>
<|im_start|>user Extract the entities contained in the text. Extract only entities contained in the text.
Return the result in a json format: [{""entity"":""entity_name""}]. <<He underwent genetic testing for various genes known to cause hereditary pancreatitis: CASR, CFTR, CTRC, PRSS1, SPINK1.>>> <|im_end|><|im_start|>assistant","[{""entity"": ""testing""}, {""entity"": ""cause""}, {""entity"": ""pancreatitis""}, {""entity"": ""hereditary pancreatitis""}, {""entity"": ""He""}] ","[{""entity"": ""testing""}, {""entity"": ""cause""}, {""entity"": ""pancreatitis""}, {""entity"": ""hereditary pancre"
He tested positive for homozygous variant of SPINK1 (N34S) mutation.,"[{'id': '5132', 'offsets': array([3, 9]), 'role': '', 'semantic_type_id': '', 'text': 'tested', 'type': 'EVENT'}
 {'id': '5147', 'offsets': array([59, 67]), 'role': '', 'semantic_type_id': '', 'text': 'mutation', 'type': 'EVENT'}
 {'id': '5612', 'offsets': array([0, 2]), 'role': 'PATIENT', 'semantic_type_id': '', 'text': 'He', 'type': 'ACTOR'}
 {'id': '5659', 'offsets': array([10, 18]), 'role': '', 'semantic_type_id': '', 'text': 'positive', 'type': 'RML'}]","A 21-year-old male was referred to the gastroenterology clinic for incidental findings of severe chronic pancreatitis on cross-sectional imaging but no associated symptoms of pancreatitis. He had presented to the emergency department for abdominal pain consistent with prior episodes of renal colic. Computed tomography scan confirmed the presence of renal calculi that passed with conservative management. An incidental finding on the imaging showed marked pancreatic atrophy with multiple sub-centimeter calcifications consistent with severe chronic pancreatitis. Remarkably, he did not report having any symptoms associated with pancreatic insufficiency including epigastric pain, vomiting, steatorrhea and weight loss. He denied having any prior episodes of acute pancreatitis and had no history of alcohol use. His laboratory tests were all within normal range, including complete blood count, liver function tests, amylase and lipase. His family history was significant as his father had an isolated episode of pancreatitis which required abdominal surgery. Magnetic resonance cholangiopancreatography (MRCP) showed severe parenchymal atrophy and pancreatic ductal stones with ductal dilation to 9mm. Due to his young age and atypical presentation, he was referred for genetic testing and counselling. He underwent genetic testing for various genes known to cause hereditary pancreatitis: CASR, CFTR, CTRC, PRSS1, SPINK1. He tested positive for homozygous variant of SPINK1 (N34S) mutation. Reflex testing of at-risk relatives confirmed that both of his parents were heterozygous carriers of the same SPINK1 (N34S) mutation and a review of their extended pedigree revealed that they were distant cousins. Given his asymptomatic clinical course, he remains under close follow-up without requiring any specific treatment for pancreatic insufficiency. Due to the severity of pancreatitis noted on imaging and long expected lifespan, he was counselled about the increased risk of pancreatic malignancy and is undergoing regular cross-sectional imaging for the detection and prevention of cancer.
",EN100339,"<|im_start|>user Extract the entities contained in the text. Extract only entities contained in the text.
Return the result in a json format: [{""entity"":""entity_name""}]. <<He tested positive for homozygous variant of SPINK1 (N34S) mutation.>>> <|im_end|><|im_start|>assistant[{""entity"": ""tested""}, {""entity"": ""mutation""}, {""entity"": ""He""}, {""entity"": ""positive""}] <|im_end|>","<|im_start|>user Extract the entities contained in the text. Extract only entities contained in the text.
Return the result in a json format: [{""entity"":""entity_name""}]. <<<We present a case of a 32-year-old woman with a history of gradual enlargement of the anterior neck.>>> <|im_end|><|im_start|>assistant [{""entity"": ""present""}, {""entity"": ""history""}, {""entity"": ""enlargement""}] <|im_end|>
<|im_start|>user Extract the entities contained in the text. Extract only entities contained in the text.
Return the result in a json format: [{""entity"":""entity_name""}]. <<<Patient information: a 9-month-old boy presented to the emergency room with a 3-day history of refusal to bear weight on the right lower extremity and febrile peaks of up to 38.5°C for 24 hours.>>> <|im_end|><|im_start|>assistant [{""entity"": ""presented""}, {""entity"": ""refusal""}, {""entity"": ""bear""}, {""entity"": ""peaks""}] <|im_end|>
<|im_start|>user Extract the entities contained in the text. Extract only entities contained in the text.
Return the result in a json format: [{""entity"":""entity_name""}]. <<He tested positive for homozygous variant of SPINK1 (N34S) mutation.>>> <|im_end|><|im_start|>assistant","[{""entity"": ""tested""}, {""entity"": ""mutation""}, {""entity"": ""He""}, {""entity"": ""positive""}] ","[{""entity"": ""tested""}, {""entity"": ""mutation""}, {""entity"": ""positive""}] <|im_end|><|im_end|><|im_end|><|im_end|><|im_end|><|im_end|><|im_end|>"
Reflex testing of at-risk relatives confirmed that both of his parents were heterozygous carriers of the same SPINK1 (N34S) mutation and a review of their extended pedigree revealed that they were distant cousins.,"[{'id': '5162', 'offsets': array([ 7, 14]), 'role': '', 'semantic_type_id': '', 'text': 'testing', 'type': 'EVENT'}
 {'id': '5177', 'offsets': array([36, 45]), 'role': '', 'semantic_type_id': '', 'text': 'confirmed', 'type': 'EVENT'}
 {'id': '5192', 'offsets': array([89, 97]), 'role': '', 'semantic_type_id': '', 'text': 'carriers', 'type': 'EVENT'}
 {'id': '5207', 'offsets': array([139, 145]), 'role': '', 'semantic_type_id': '', 'text': 'review', 'type': 'EVENT'}
 {'id': '5222', 'offsets': array([173, 181]), 'role': '', 'semantic_type_id': '', 'text': 'revealed', 'type': 'EVENT'}
 {'id': '5237', 'offsets': array([205, 212]), 'role': '', 'semantic_type_id': '', 'text': 'cousins', 'type': 'EVENT'}
 {'id': '5619', 'offsets': array([59, 70]), 'role': 'OTHER', 'semantic_type_id': '', 'text': 'his parents', 'type': 'ACTOR'}
 {'id': '5626', 'offsets': array([187, 191]), 'role': 'OTHER', 'semantic_type_id': '', 'text': 'they', 'type': 'ACTOR'}]","A 21-year-old male was referred to the gastroenterology clinic for incidental findings of severe chronic pancreatitis on cross-sectional imaging but no associated symptoms of pancreatitis. He had presented to the emergency department for abdominal pain consistent with prior episodes of renal colic. Computed tomography scan confirmed the presence of renal calculi that passed with conservative management. An incidental finding on the imaging showed marked pancreatic atrophy with multiple sub-centimeter calcifications consistent with severe chronic pancreatitis. Remarkably, he did not report having any symptoms associated with pancreatic insufficiency including epigastric pain, vomiting, steatorrhea and weight loss. He denied having any prior episodes of acute pancreatitis and had no history of alcohol use. His laboratory tests were all within normal range, including complete blood count, liver function tests, amylase and lipase. His family history was significant as his father had an isolated episode of pancreatitis which required abdominal surgery. Magnetic resonance cholangiopancreatography (MRCP) showed severe parenchymal atrophy and pancreatic ductal stones with ductal dilation to 9mm. Due to his young age and atypical presentation, he was referred for genetic testing and counselling. He underwent genetic testing for various genes known to cause hereditary pancreatitis: CASR, CFTR, CTRC, PRSS1, SPINK1. He tested positive for homozygous variant of SPINK1 (N34S) mutation. Reflex testing of at-risk relatives confirmed that both of his parents were heterozygous carriers of the same SPINK1 (N34S) mutation and a review of their extended pedigree revealed that they were distant cousins. Given his asymptomatic clinical course, he remains under close follow-up without requiring any specific treatment for pancreatic insufficiency. Due to the severity of pancreatitis noted on imaging and long expected lifespan, he was counselled about the increased risk of pancreatic malignancy and is undergoing regular cross-sectional imaging for the detection and prevention of cancer.
",EN100339,"<|im_start|>user Extract the entities contained in the text. Extract only entities contained in the text.
Return the result in a json format: [{""entity"":""entity_name""}]. <<Reflex testing of at-risk relatives confirmed that both of his parents were heterozygous carriers of the same SPINK1 (N34S) mutation and a review of their extended pedigree revealed that they were distant cousins.>>> <|im_end|><|im_start|>assistant[{""entity"": ""testing""}, {""entity"": ""confirmed""}, {""entity"": ""carriers""}, {""entity"": ""review""}, {""entity"": ""revealed""}, {""entity"": ""cousins""}, {""entity"": ""his parents""}, {""entity"": ""they""}] <|im_end|>","<|im_start|>user Extract the entities contained in the text. Extract only entities contained in the text.
Return the result in a json format: [{""entity"":""entity_name""}]. <<<We present a case of a 32-year-old woman with a history of gradual enlargement of the anterior neck.>>> <|im_end|><|im_start|>assistant [{""entity"": ""present""}, {""entity"": ""history""}, {""entity"": ""enlargement""}] <|im_end|>
<|im_start|>user Extract the entities contained in the text. Extract only entities contained in the text.
Return the result in a json format: [{""entity"":""entity_name""}]. <<<Patient information: a 9-month-old boy presented to the emergency room with a 3-day history of refusal to bear weight on the right lower extremity and febrile peaks of up to 38.5°C for 24 hours.>>> <|im_end|><|im_start|>assistant [{""entity"": ""presented""}, {""entity"": ""refusal""}, {""entity"": ""bear""}, {""entity"": ""peaks""}] <|im_end|>
<|im_start|>user Extract the entities contained in the text. Extract only entities contained in the text.
Return the result in a json format: [{""entity"":""entity_name""}]. <<Reflex testing of at-risk relatives confirmed that both of his parents were heterozygous carriers of the same SPINK1 (N34S) mutation and a review of their extended pedigree revealed that they were distant cousins.>>> <|im_end|><|im_start|>assistant","[{""entity"": ""testing""}, {""entity"": ""confirmed""}, {""entity"": ""carriers""}, {""entity"": ""review""}, {""entity"": ""revealed""}, {""entity"": ""cousins""}, {""entity"": ""his parents""}, {""entity"": ""they""}] ","[{""entity"": ""testing""}, {""entity"": ""confirmed""}, {""entity"": ""mutation""}, {""entity"": ""revealed""}, {""entity"
"Given his asymptomatic clinical course, he remains under close follow-up without requiring any specific treatment for pancreatic insufficiency.","[{'id': '5252', 'offsets': array([32, 38]), 'role': '', 'semantic_type_id': '', 'text': 'course', 'type': 'EVENT'}
 {'id': '5267', 'offsets': array([63, 72]), 'role': '', 'semantic_type_id': '', 'text': 'follow-up', 'type': 'EVENT'}
 {'id': '5282', 'offsets': array([81, 90]), 'role': '', 'semantic_type_id': '', 'text': 'requiring', 'type': 'EVENT'}
 {'id': '5297', 'offsets': array([104, 113]), 'role': '', 'semantic_type_id': '', 'text': 'treatment', 'type': 'EVENT'}
 {'id': '5530', 'offsets': array([118, 142]), 'role': '', 'semantic_type_id': 'C0030293', 'text': 'pancreatic insufficiency', 'type': 'CLINENTITY'}
 {'id': '5633', 'offsets': array([40, 42]), 'role': 'PATIENT', 'semantic_type_id': '', 'text': 'he', 'type': 'ACTOR'}]","A 21-year-old male was referred to the gastroenterology clinic for incidental findings of severe chronic pancreatitis on cross-sectional imaging but no associated symptoms of pancreatitis. He had presented to the emergency department for abdominal pain consistent with prior episodes of renal colic. Computed tomography scan confirmed the presence of renal calculi that passed with conservative management. An incidental finding on the imaging showed marked pancreatic atrophy with multiple sub-centimeter calcifications consistent with severe chronic pancreatitis. Remarkably, he did not report having any symptoms associated with pancreatic insufficiency including epigastric pain, vomiting, steatorrhea and weight loss. He denied having any prior episodes of acute pancreatitis and had no history of alcohol use. His laboratory tests were all within normal range, including complete blood count, liver function tests, amylase and lipase. His family history was significant as his father had an isolated episode of pancreatitis which required abdominal surgery. Magnetic resonance cholangiopancreatography (MRCP) showed severe parenchymal atrophy and pancreatic ductal stones with ductal dilation to 9mm. Due to his young age and atypical presentation, he was referred for genetic testing and counselling. He underwent genetic testing for various genes known to cause hereditary pancreatitis: CASR, CFTR, CTRC, PRSS1, SPINK1. He tested positive for homozygous variant of SPINK1 (N34S) mutation. Reflex testing of at-risk relatives confirmed that both of his parents were heterozygous carriers of the same SPINK1 (N34S) mutation and a review of their extended pedigree revealed that they were distant cousins. Given his asymptomatic clinical course, he remains under close follow-up without requiring any specific treatment for pancreatic insufficiency. Due to the severity of pancreatitis noted on imaging and long expected lifespan, he was counselled about the increased risk of pancreatic malignancy and is undergoing regular cross-sectional imaging for the detection and prevention of cancer.
",EN100339,"<|im_start|>user Extract the entities contained in the text. Extract only entities contained in the text.
Return the result in a json format: [{""entity"":""entity_name""}]. <<Given his asymptomatic clinical course, he remains under close follow-up without requiring any specific treatment for pancreatic insufficiency.>>> <|im_end|><|im_start|>assistant[{""entity"": ""course""}, {""entity"": ""follow-up""}, {""entity"": ""requiring""}, {""entity"": ""treatment""}, {""entity"": ""pancreatic insufficiency""}, {""entity"": ""he""}] <|im_end|>","<|im_start|>user Extract the entities contained in the text. Extract only entities contained in the text.
Return the result in a json format: [{""entity"":""entity_name""}]. <<<We present a case of a 32-year-old woman with a history of gradual enlargement of the anterior neck.>>> <|im_end|><|im_start|>assistant [{""entity"": ""present""}, {""entity"": ""history""}, {""entity"": ""enlargement""}] <|im_end|>
<|im_start|>user Extract the entities contained in the text. Extract only entities contained in the text.
Return the result in a json format: [{""entity"":""entity_name""}]. <<<Patient information: a 9-month-old boy presented to the emergency room with a 3-day history of refusal to bear weight on the right lower extremity and febrile peaks of up to 38.5°C for 24 hours.>>> <|im_end|><|im_start|>assistant [{""entity"": ""presented""}, {""entity"": ""refusal""}, {""entity"": ""bear""}, {""entity"": ""peaks""}] <|im_end|>
<|im_start|>user Extract the entities contained in the text. Extract only entities contained in the text.
Return the result in a json format: [{""entity"":""entity_name""}]. <<Given his asymptomatic clinical course, he remains under close follow-up without requiring any specific treatment for pancreatic insufficiency.>>> <|im_end|><|im_start|>assistant","[{""entity"": ""course""}, {""entity"": ""follow-up""}, {""entity"": ""requiring""}, {""entity"": ""treatment""}, {""entity"": ""pancreatic insufficiency""}, {""entity"": ""he""}] ","[{""entity"": ""course""}, {""entity"": ""follow-up""}, {""entity"": ""treatment""}, {""entity"": ""insufficiency"
"Due to the severity of pancreatitis noted on imaging and long expected lifespan, he was counselled about the increased risk of pancreatic malignancy and is undergoing regular cross-sectional imaging for the detection and prevention of cancer.","[{'id': '5312', 'offsets': array([23, 35]), 'role': '', 'semantic_type_id': '', 'text': 'pancreatitis', 'type': 'EVENT'}
 {'id': '5327', 'offsets': array([45, 52]), 'role': '', 'semantic_type_id': '', 'text': 'imaging', 'type': 'EVENT'}
 {'id': '5342', 'offsets': array([88, 98]), 'role': '', 'semantic_type_id': '', 'text': 'counselled', 'type': 'EVENT'}
 {'id': '5357', 'offsets': array([119, 123]), 'role': '', 'semantic_type_id': '', 'text': 'risk', 'type': 'EVENT'}
 {'id': '5372', 'offsets': array([138, 148]), 'role': '', 'semantic_type_id': '', 'text': 'malignancy', 'type': 'EVENT'}
 {'id': '5387', 'offsets': array([191, 198]), 'role': '', 'semantic_type_id': '', 'text': 'imaging', 'type': 'EVENT'}
 {'id': '5402', 'offsets': array([207, 216]), 'role': '', 'semantic_type_id': '', 'text': 'detection', 'type': 'EVENT'}
 {'id': '5417', 'offsets': array([221, 231]), 'role': '', 'semantic_type_id': '', 'text': 'prevention', 'type': 'EVENT'}
 {'id': '5537', 'offsets': array([23, 35]), 'role': '', 'semantic_type_id': 'C0030305', 'text': 'pancreatitis', 'type': 'CLINENTITY'}
 {'id': '5544', 'offsets': array([235, 241]), 'role': '', 'semantic_type_id': 'C0006826', 'text': 'cancer', 'type': 'CLINENTITY'}
 {'id': '5640', 'offsets': array([81, 83]), 'role': 'PATIENT', 'semantic_type_id': '', 'text': 'he', 'type': 'ACTOR'}]","A 21-year-old male was referred to the gastroenterology clinic for incidental findings of severe chronic pancreatitis on cross-sectional imaging but no associated symptoms of pancreatitis. He had presented to the emergency department for abdominal pain consistent with prior episodes of renal colic. Computed tomography scan confirmed the presence of renal calculi that passed with conservative management. An incidental finding on the imaging showed marked pancreatic atrophy with multiple sub-centimeter calcifications consistent with severe chronic pancreatitis. Remarkably, he did not report having any symptoms associated with pancreatic insufficiency including epigastric pain, vomiting, steatorrhea and weight loss. He denied having any prior episodes of acute pancreatitis and had no history of alcohol use. His laboratory tests were all within normal range, including complete blood count, liver function tests, amylase and lipase. His family history was significant as his father had an isolated episode of pancreatitis which required abdominal surgery. Magnetic resonance cholangiopancreatography (MRCP) showed severe parenchymal atrophy and pancreatic ductal stones with ductal dilation to 9mm. Due to his young age and atypical presentation, he was referred for genetic testing and counselling. He underwent genetic testing for various genes known to cause hereditary pancreatitis: CASR, CFTR, CTRC, PRSS1, SPINK1. He tested positive for homozygous variant of SPINK1 (N34S) mutation. Reflex testing of at-risk relatives confirmed that both of his parents were heterozygous carriers of the same SPINK1 (N34S) mutation and a review of their extended pedigree revealed that they were distant cousins. Given his asymptomatic clinical course, he remains under close follow-up without requiring any specific treatment for pancreatic insufficiency. Due to the severity of pancreatitis noted on imaging and long expected lifespan, he was counselled about the increased risk of pancreatic malignancy and is undergoing regular cross-sectional imaging for the detection and prevention of cancer.
",EN100339,"<|im_start|>user Extract the entities contained in the text. Extract only entities contained in the text.
Return the result in a json format: [{""entity"":""entity_name""}]. <<Due to the severity of pancreatitis noted on imaging and long expected lifespan, he was counselled about the increased risk of pancreatic malignancy and is undergoing regular cross-sectional imaging for the detection and prevention of cancer.>>> <|im_end|><|im_start|>assistant[{""entity"": ""pancreatitis""}, {""entity"": ""imaging""}, {""entity"": ""counselled""}, {""entity"": ""risk""}, {""entity"": ""malignancy""}, {""entity"": ""imaging""}, {""entity"": ""detection""}, {""entity"": ""prevention""}, {""entity"": ""pancreatitis""}, {""entity"": ""cancer""}, {""entity"": ""he""}] <|im_end|>","<|im_start|>user Extract the entities contained in the text. Extract only entities contained in the text.
Return the result in a json format: [{""entity"":""entity_name""}]. <<<We present a case of a 32-year-old woman with a history of gradual enlargement of the anterior neck.>>> <|im_end|><|im_start|>assistant [{""entity"": ""present""}, {""entity"": ""history""}, {""entity"": ""enlargement""}] <|im_end|>
<|im_start|>user Extract the entities contained in the text. Extract only entities contained in the text.
Return the result in a json format: [{""entity"":""entity_name""}]. <<<Patient information: a 9-month-old boy presented to the emergency room with a 3-day history of refusal to bear weight on the right lower extremity and febrile peaks of up to 38.5°C for 24 hours.>>> <|im_end|><|im_start|>assistant [{""entity"": ""presented""}, {""entity"": ""refusal""}, {""entity"": ""bear""}, {""entity"": ""peaks""}] <|im_end|>
<|im_start|>user Extract the entities contained in the text. Extract only entities contained in the text.
Return the result in a json format: [{""entity"":""entity_name""}]. <<Due to the severity of pancreatitis noted on imaging and long expected lifespan, he was counselled about the increased risk of pancreatic malignancy and is undergoing regular cross-sectional imaging for the detection and prevention of cancer.>>> <|im_end|><|im_start|>assistant","[{""entity"": ""pancreatitis""}, {""entity"": ""imaging""}, {""entity"": ""counselled""}, {""entity"": ""risk""}, {""entity"": ""malignancy""}, {""entity"": ""imaging""}, {""entity"": ""detection""}, {""entity"": ""prevention""}, {""entity"": ""pancreatitis""}, {""entity"": ""cancer""}, {""entity"": ""he""}] ","[{""entity"": ""noted""}, {""entity"": ""pancreatitis""}, {""entity"": ""risk""}, {""entity"": ""malign"
Laboratory tests revealed that she had elevated bilirubin and liver enzyme levels.,"[{'id': '1597', 'offsets': array([11, 16]), 'role': '', 'semantic_type_id': '', 'text': 'tests', 'type': 'EVENT'}
 {'id': '1612', 'offsets': array([17, 25]), 'role': '', 'semantic_type_id': '', 'text': 'revealed', 'type': 'EVENT'}
 {'id': '1627', 'offsets': array([75, 81]), 'role': '', 'semantic_type_id': '', 'text': 'levels', 'type': 'EVENT'}
 {'id': '1955', 'offsets': array([31, 34]), 'role': 'PATIENT', 'semantic_type_id': '', 'text': 'she', 'type': 'ACTOR'}
 {'id': '1976', 'offsets': array([39, 47]), 'role': '', 'semantic_type_id': '', 'text': 'elevated', 'type': 'RML'}]","We present a case of a 77-year-old Caucasian woman with obstructive jaundice. Laboratory tests revealed that she had elevated bilirubin and liver enzyme levels. A computed tomographic scan showed a homogeneous 5 × 3-cm mass obstructing the common bile duct. The results of brush cytology were consistent with a bile duct villous papilloma. However, on the basis of the tumor's radiological features, a preliminary diagnosis of extrahepatic bile duct malignant tumor was made. After discussion among the multidisciplinary team, a surgical resection of the bile duct tumor was performed. Histopathological examination confirmed a villous adenoma. The patient's postoperative course was uneventful.
",EN105094,"<|im_start|>user Extract the entities contained in the text. Extract only entities contained in the text.
Return the result in a json format: [{""entity"":""entity_name""}]. <<Laboratory tests revealed that she had elevated bilirubin and liver enzyme levels.>>> <|im_end|><|im_start|>assistant[{""entity"": ""tests""}, {""entity"": ""revealed""}, {""entity"": ""levels""}, {""entity"": ""she""}, {""entity"": ""elevated""}] <|im_end|>","<|im_start|>user Extract the entities contained in the text. Extract only entities contained in the text.
Return the result in a json format: [{""entity"":""entity_name""}]. <<<We present a case of a 32-year-old woman with a history of gradual enlargement of the anterior neck.>>> <|im_end|><|im_start|>assistant [{""entity"": ""present""}, {""entity"": ""history""}, {""entity"": ""enlargement""}] <|im_end|>
<|im_start|>user Extract the entities contained in the text. Extract only entities contained in the text.
Return the result in a json format: [{""entity"":""entity_name""}]. <<<Patient information: a 9-month-old boy presented to the emergency room with a 3-day history of refusal to bear weight on the right lower extremity and febrile peaks of up to 38.5°C for 24 hours.>>> <|im_end|><|im_start|>assistant [{""entity"": ""presented""}, {""entity"": ""refusal""}, {""entity"": ""bear""}, {""entity"": ""peaks""}] <|im_end|>
<|im_start|>user Extract the entities contained in the text. Extract only entities contained in the text.
Return the result in a json format: [{""entity"":""entity_name""}]. <<Laboratory tests revealed that she had elevated bilirubin and liver enzyme levels.>>> <|im_end|><|im_start|>assistant","[{""entity"": ""tests""}, {""entity"": ""revealed""}, {""entity"": ""levels""}, {""entity"": ""she""}, {""entity"": ""elevated""}] ","[{""entity"": ""tests""}, {""entity"": ""revealed""}, {""entity"": ""she""}, {""entity"": ""elevated bil"
A computed tomographic scan showed a homogeneous 5 × 3-cm mass obstructing the common bile duct.,"[{'id': '1642', 'offsets': array([23, 27]), 'role': '', 'semantic_type_id': '', 'text': 'scan', 'type': 'EVENT'}
 {'id': '1657', 'offsets': array([28, 34]), 'role': '', 'semantic_type_id': '', 'text': 'showed', 'type': 'EVENT'}
 {'id': '1672', 'offsets': array([58, 62]), 'role': '', 'semantic_type_id': '', 'text': 'mass', 'type': 'EVENT'}
 {'id': '1687', 'offsets': array([63, 74]), 'role': '', 'semantic_type_id': '', 'text': 'obstructing', 'type': 'EVENT'}
 {'id': '1924', 'offsets': array([75, 95]), 'role': '', 'semantic_type_id': '', 'text': 'the common bile duct', 'type': 'BODYPART'}]","We present a case of a 77-year-old Caucasian woman with obstructive jaundice. Laboratory tests revealed that she had elevated bilirubin and liver enzyme levels. A computed tomographic scan showed a homogeneous 5 × 3-cm mass obstructing the common bile duct. The results of brush cytology were consistent with a bile duct villous papilloma. However, on the basis of the tumor's radiological features, a preliminary diagnosis of extrahepatic bile duct malignant tumor was made. After discussion among the multidisciplinary team, a surgical resection of the bile duct tumor was performed. Histopathological examination confirmed a villous adenoma. The patient's postoperative course was uneventful.
",EN105094,"<|im_start|>user Extract the entities contained in the text. Extract only entities contained in the text.
Return the result in a json format: [{""entity"":""entity_name""}]. <<A computed tomographic scan showed a homogeneous 5 × 3-cm mass obstructing the common bile duct.>>> <|im_end|><|im_start|>assistant[{""entity"": ""scan""}, {""entity"": ""showed""}, {""entity"": ""mass""}, {""entity"": ""obstructing""}, {""entity"": ""the common bile duct""}] <|im_end|>","<|im_start|>user Extract the entities contained in the text. Extract only entities contained in the text.
Return the result in a json format: [{""entity"":""entity_name""}]. <<<We present a case of a 32-year-old woman with a history of gradual enlargement of the anterior neck.>>> <|im_end|><|im_start|>assistant [{""entity"": ""present""}, {""entity"": ""history""}, {""entity"": ""enlargement""}] <|im_end|>
<|im_start|>user Extract the entities contained in the text. Extract only entities contained in the text.
Return the result in a json format: [{""entity"":""entity_name""}]. <<<Patient information: a 9-month-old boy presented to the emergency room with a 3-day history of refusal to bear weight on the right lower extremity and febrile peaks of up to 38.5°C for 24 hours.>>> <|im_end|><|im_start|>assistant [{""entity"": ""presented""}, {""entity"": ""refusal""}, {""entity"": ""bear""}, {""entity"": ""peaks""}] <|im_end|>
<|im_start|>user Extract the entities contained in the text. Extract only entities contained in the text.
Return the result in a json format: [{""entity"":""entity_name""}]. <<A computed tomographic scan showed a homogeneous 5 × 3-cm mass obstructing the common bile duct.>>> <|im_end|><|im_start|>assistant","[{""entity"": ""scan""}, {""entity"": ""showed""}, {""entity"": ""mass""}, {""entity"": ""obstructing""}, {""entity"": ""the common bile duct""}] ","[{""entity"": ""scan""}, {""entity"": ""showed""}, {""entity"": ""mass""}, {""entity"": ""obstructing""},"
The results of brush cytology were consistent with a bile duct villous papilloma.,"[{'id': '1702', 'offsets': array([ 4, 11]), 'role': '', 'semantic_type_id': '', 'text': 'results', 'type': 'EVENT'}
 {'id': '1717', 'offsets': array([35, 45]), 'role': '', 'semantic_type_id': '', 'text': 'consistent', 'type': 'EVENT'}
 {'id': '1732', 'offsets': array([71, 80]), 'role': '', 'semantic_type_id': '', 'text': 'papilloma', 'type': 'EVENT'}
 {'id': '1889', 'offsets': array([63, 80]), 'role': '', 'semantic_type_id': 'C0206674', 'text': 'villous papilloma', 'type': 'CLINENTITY'}
 {'id': '1930', 'offsets': array([53, 62]), 'role': '', 'semantic_type_id': '', 'text': 'bile duct', 'type': 'BODYPART'}]","We present a case of a 77-year-old Caucasian woman with obstructive jaundice. Laboratory tests revealed that she had elevated bilirubin and liver enzyme levels. A computed tomographic scan showed a homogeneous 5 × 3-cm mass obstructing the common bile duct. The results of brush cytology were consistent with a bile duct villous papilloma. However, on the basis of the tumor's radiological features, a preliminary diagnosis of extrahepatic bile duct malignant tumor was made. After discussion among the multidisciplinary team, a surgical resection of the bile duct tumor was performed. Histopathological examination confirmed a villous adenoma. The patient's postoperative course was uneventful.
",EN105094,"<|im_start|>user Extract the entities contained in the text. Extract only entities contained in the text.
Return the result in a json format: [{""entity"":""entity_name""}]. <<The results of brush cytology were consistent with a bile duct villous papilloma.>>> <|im_end|><|im_start|>assistant[{""entity"": ""results""}, {""entity"": ""consistent""}, {""entity"": ""papilloma""}, {""entity"": ""villous papilloma""}, {""entity"": ""bile duct""}] <|im_end|>","<|im_start|>user Extract the entities contained in the text. Extract only entities contained in the text.
Return the result in a json format: [{""entity"":""entity_name""}]. <<<We present a case of a 32-year-old woman with a history of gradual enlargement of the anterior neck.>>> <|im_end|><|im_start|>assistant [{""entity"": ""present""}, {""entity"": ""history""}, {""entity"": ""enlargement""}] <|im_end|>
<|im_start|>user Extract the entities contained in the text. Extract only entities contained in the text.
Return the result in a json format: [{""entity"":""entity_name""}]. <<<Patient information: a 9-month-old boy presented to the emergency room with a 3-day history of refusal to bear weight on the right lower extremity and febrile peaks of up to 38.5°C for 24 hours.>>> <|im_end|><|im_start|>assistant [{""entity"": ""presented""}, {""entity"": ""refusal""}, {""entity"": ""bear""}, {""entity"": ""peaks""}] <|im_end|>
<|im_start|>user Extract the entities contained in the text. Extract only entities contained in the text.
Return the result in a json format: [{""entity"":""entity_name""}]. <<The results of brush cytology were consistent with a bile duct villous papilloma.>>> <|im_end|><|im_start|>assistant","[{""entity"": ""results""}, {""entity"": ""consistent""}, {""entity"": ""papilloma""}, {""entity"": ""villous papilloma""}, {""entity"": ""bile duct""}] ","[{""entity"": ""cytology""}, {""entity"": ""consistent""}, {""entity"": ""papilloma""}, {""entity"": """
"However, on the basis of the tumor's radiological features, a preliminary diagnosis of extrahepatic bile duct malignant tumor was made.","[{'id': '1747', 'offsets': array([50, 58]), 'role': '', 'semantic_type_id': '', 'text': 'features', 'type': 'EVENT'}
 {'id': '1762', 'offsets': array([120, 125]), 'role': '', 'semantic_type_id': '', 'text': 'tumor', 'type': 'EVENT'}
 {'id': '1896', 'offsets': array([29, 36]), 'role': '', 'semantic_type_id': 'C0027651', 'text': ""tumor's"", 'type': 'CLINENTITY'}
 {'id': '1903', 'offsets': array([ 87, 125]), 'role': '', 'semantic_type_id': 'C0153453', 'text': 'extrahepatic bile duct malignant tumor', 'type': 'CLINENTITY'}
 {'id': '1936', 'offsets': array([100, 109]), 'role': '', 'semantic_type_id': '', 'text': 'bile duct', 'type': 'BODYPART'}]","We present a case of a 77-year-old Caucasian woman with obstructive jaundice. Laboratory tests revealed that she had elevated bilirubin and liver enzyme levels. A computed tomographic scan showed a homogeneous 5 × 3-cm mass obstructing the common bile duct. The results of brush cytology were consistent with a bile duct villous papilloma. However, on the basis of the tumor's radiological features, a preliminary diagnosis of extrahepatic bile duct malignant tumor was made. After discussion among the multidisciplinary team, a surgical resection of the bile duct tumor was performed. Histopathological examination confirmed a villous adenoma. The patient's postoperative course was uneventful.
",EN105094,"<|im_start|>user Extract the entities contained in the text. Extract only entities contained in the text.
Return the result in a json format: [{""entity"":""entity_name""}]. <<However, on the basis of the tumor's radiological features, a preliminary diagnosis of extrahepatic bile duct malignant tumor was made.>>> <|im_end|><|im_start|>assistant[{""entity"": ""features""}, {""entity"": ""tumor""}, {""entity"": ""tumor's""}, {""entity"": ""extrahepatic bile duct malignant tumor""}, {""entity"": ""bile duct""}] <|im_end|>","<|im_start|>user Extract the entities contained in the text. Extract only entities contained in the text.
Return the result in a json format: [{""entity"":""entity_name""}]. <<<We present a case of a 32-year-old woman with a history of gradual enlargement of the anterior neck.>>> <|im_end|><|im_start|>assistant [{""entity"": ""present""}, {""entity"": ""history""}, {""entity"": ""enlargement""}] <|im_end|>
<|im_start|>user Extract the entities contained in the text. Extract only entities contained in the text.
Return the result in a json format: [{""entity"":""entity_name""}]. <<<Patient information: a 9-month-old boy presented to the emergency room with a 3-day history of refusal to bear weight on the right lower extremity and febrile peaks of up to 38.5°C for 24 hours.>>> <|im_end|><|im_start|>assistant [{""entity"": ""presented""}, {""entity"": ""refusal""}, {""entity"": ""bear""}, {""entity"": ""peaks""}] <|im_end|>
<|im_start|>user Extract the entities contained in the text. Extract only entities contained in the text.
Return the result in a json format: [{""entity"":""entity_name""}]. <<However, on the basis of the tumor's radiological features, a preliminary diagnosis of extrahepatic bile duct malignant tumor was made.>>> <|im_end|><|im_start|>assistant","[{""entity"": ""features""}, {""entity"": ""tumor""}, {""entity"": ""tumor's""}, {""entity"": ""extrahepatic bile duct malignant tumor""}, {""entity"": ""bile duct""}] ","[{""entity"": ""diagnosis""}, {""entity"": ""tumor""}, {""entity"": ""bile duct malignant tumor""}, {""entity"":"
"After discussion among the multidisciplinary team, a surgical resection of the bile duct tumor was performed.","[{'id': '1777', 'offsets': array([ 6, 16]), 'role': '', 'semantic_type_id': '', 'text': 'discussion', 'type': 'EVENT'}
 {'id': '1792', 'offsets': array([62, 71]), 'role': '', 'semantic_type_id': '', 'text': 'resection', 'type': 'EVENT'}
 {'id': '1910', 'offsets': array([79, 94]), 'role': '', 'semantic_type_id': 'C0005396', 'text': 'bile duct tumor', 'type': 'CLINENTITY'}
 {'id': '1942', 'offsets': array([79, 88]), 'role': '', 'semantic_type_id': '', 'text': 'bile duct', 'type': 'BODYPART'}
 {'id': '1962', 'offsets': array([23, 49]), 'role': 'H-PROFESSIONAL', 'semantic_type_id': '', 'text': 'the multidisciplinary team', 'type': 'ACTOR'}]","We present a case of a 77-year-old Caucasian woman with obstructive jaundice. Laboratory tests revealed that she had elevated bilirubin and liver enzyme levels. A computed tomographic scan showed a homogeneous 5 × 3-cm mass obstructing the common bile duct. The results of brush cytology were consistent with a bile duct villous papilloma. However, on the basis of the tumor's radiological features, a preliminary diagnosis of extrahepatic bile duct malignant tumor was made. After discussion among the multidisciplinary team, a surgical resection of the bile duct tumor was performed. Histopathological examination confirmed a villous adenoma. The patient's postoperative course was uneventful.
",EN105094,"<|im_start|>user Extract the entities contained in the text. Extract only entities contained in the text.
Return the result in a json format: [{""entity"":""entity_name""}]. <<After discussion among the multidisciplinary team, a surgical resection of the bile duct tumor was performed.>>> <|im_end|><|im_start|>assistant[{""entity"": ""discussion""}, {""entity"": ""resection""}, {""entity"": ""bile duct tumor""}, {""entity"": ""bile duct""}, {""entity"": ""the multidisciplinary team""}] <|im_end|>","<|im_start|>user Extract the entities contained in the text. Extract only entities contained in the text.
Return the result in a json format: [{""entity"":""entity_name""}]. <<<We present a case of a 32-year-old woman with a history of gradual enlargement of the anterior neck.>>> <|im_end|><|im_start|>assistant [{""entity"": ""present""}, {""entity"": ""history""}, {""entity"": ""enlargement""}] <|im_end|>
<|im_start|>user Extract the entities contained in the text. Extract only entities contained in the text.
Return the result in a json format: [{""entity"":""entity_name""}]. <<<Patient information: a 9-month-old boy presented to the emergency room with a 3-day history of refusal to bear weight on the right lower extremity and febrile peaks of up to 38.5°C for 24 hours.>>> <|im_end|><|im_start|>assistant [{""entity"": ""presented""}, {""entity"": ""refusal""}, {""entity"": ""bear""}, {""entity"": ""peaks""}] <|im_end|>
<|im_start|>user Extract the entities contained in the text. Extract only entities contained in the text.
Return the result in a json format: [{""entity"":""entity_name""}]. <<After discussion among the multidisciplinary team, a surgical resection of the bile duct tumor was performed.>>> <|im_end|><|im_start|>assistant","[{""entity"": ""discussion""}, {""entity"": ""resection""}, {""entity"": ""bile duct tumor""}, {""entity"": ""bile duct""}, {""entity"": ""the multidisciplinary team""}] ","[{""entity"": ""discussion""}, {""entity"": ""resection""}, {""entity"": ""tumor""}, {""entity"": ""bile duct"
Histopathological examination confirmed a villous adenoma.,"[{'id': '1807', 'offsets': array([18, 29]), 'role': '', 'semantic_type_id': '', 'text': 'examination', 'type': 'EVENT'}
 {'id': '1822', 'offsets': array([30, 39]), 'role': '', 'semantic_type_id': '', 'text': 'confirmed', 'type': 'EVENT'}
 {'id': '1837', 'offsets': array([50, 57]), 'role': '', 'semantic_type_id': '', 'text': 'adenoma', 'type': 'EVENT'}
 {'id': '1917', 'offsets': array([42, 57]), 'role': '', 'semantic_type_id': 'C0206674', 'text': 'villous adenoma', 'type': 'CLINENTITY'}]","We present a case of a 77-year-old Caucasian woman with obstructive jaundice. Laboratory tests revealed that she had elevated bilirubin and liver enzyme levels. A computed tomographic scan showed a homogeneous 5 × 3-cm mass obstructing the common bile duct. The results of brush cytology were consistent with a bile duct villous papilloma. However, on the basis of the tumor's radiological features, a preliminary diagnosis of extrahepatic bile duct malignant tumor was made. After discussion among the multidisciplinary team, a surgical resection of the bile duct tumor was performed. Histopathological examination confirmed a villous adenoma. The patient's postoperative course was uneventful.
",EN105094,"<|im_start|>user Extract the entities contained in the text. Extract only entities contained in the text.
Return the result in a json format: [{""entity"":""entity_name""}]. <<Histopathological examination confirmed a villous adenoma.>>> <|im_end|><|im_start|>assistant[{""entity"": ""examination""}, {""entity"": ""confirmed""}, {""entity"": ""adenoma""}, {""entity"": ""villous adenoma""}] <|im_end|>","<|im_start|>user Extract the entities contained in the text. Extract only entities contained in the text.
Return the result in a json format: [{""entity"":""entity_name""}]. <<<We present a case of a 32-year-old woman with a history of gradual enlargement of the anterior neck.>>> <|im_end|><|im_start|>assistant [{""entity"": ""present""}, {""entity"": ""history""}, {""entity"": ""enlargement""}] <|im_end|>
<|im_start|>user Extract the entities contained in the text. Extract only entities contained in the text.
Return the result in a json format: [{""entity"":""entity_name""}]. <<<Patient information: a 9-month-old boy presented to the emergency room with a 3-day history of refusal to bear weight on the right lower extremity and febrile peaks of up to 38.5°C for 24 hours.>>> <|im_end|><|im_start|>assistant [{""entity"": ""presented""}, {""entity"": ""refusal""}, {""entity"": ""bear""}, {""entity"": ""peaks""}] <|im_end|>
<|im_start|>user Extract the entities contained in the text. Extract only entities contained in the text.
Return the result in a json format: [{""entity"":""entity_name""}]. <<Histopathological examination confirmed a villous adenoma.>>> <|im_end|><|im_start|>assistant","[{""entity"": ""examination""}, {""entity"": ""confirmed""}, {""entity"": ""adenoma""}, {""entity"": ""villous adenoma""}] ","[{""entity"": ""examination""}, {""entity"": ""confirmed""}, {""entity"": ""adenoma""}, {""entity"": ""villous"
The patient's postoperative course was uneventful.,"[{'id': '1852', 'offsets': array([28, 34]), 'role': '', 'semantic_type_id': '', 'text': 'course', 'type': 'EVENT'}
 {'id': '1867', 'offsets': array([39, 49]), 'role': '', 'semantic_type_id': '', 'text': 'uneventful', 'type': 'EVENT'}
 {'id': '1969', 'offsets': array([ 0, 13]), 'role': 'PATIENT', 'semantic_type_id': '', 'text': ""The patient's"", 'type': 'ACTOR'}
 {'id': '1982', 'offsets': array([14, 27]), 'role': '', 'semantic_type_id': '', 'text': 'postoperative', 'type': 'TIMEX3'}]","We present a case of a 77-year-old Caucasian woman with obstructive jaundice. Laboratory tests revealed that she had elevated bilirubin and liver enzyme levels. A computed tomographic scan showed a homogeneous 5 × 3-cm mass obstructing the common bile duct. The results of brush cytology were consistent with a bile duct villous papilloma. However, on the basis of the tumor's radiological features, a preliminary diagnosis of extrahepatic bile duct malignant tumor was made. After discussion among the multidisciplinary team, a surgical resection of the bile duct tumor was performed. Histopathological examination confirmed a villous adenoma. The patient's postoperative course was uneventful.
",EN105094,"<|im_start|>user Extract the entities contained in the text. Extract only entities contained in the text.
Return the result in a json format: [{""entity"":""entity_name""}]. <<The patient's postoperative course was uneventful.>>> <|im_end|><|im_start|>assistant[{""entity"": ""course""}, {""entity"": ""uneventful""}, {""entity"": ""The patient's""}, {""entity"": ""postoperative""}] <|im_end|>","<|im_start|>user Extract the entities contained in the text. Extract only entities contained in the text.
Return the result in a json format: [{""entity"":""entity_name""}]. <<<We present a case of a 32-year-old woman with a history of gradual enlargement of the anterior neck.>>> <|im_end|><|im_start|>assistant [{""entity"": ""present""}, {""entity"": ""history""}, {""entity"": ""enlargement""}] <|im_end|>
<|im_start|>user Extract the entities contained in the text. Extract only entities contained in the text.
Return the result in a json format: [{""entity"":""entity_name""}]. <<<Patient information: a 9-month-old boy presented to the emergency room with a 3-day history of refusal to bear weight on the right lower extremity and febrile peaks of up to 38.5°C for 24 hours.>>> <|im_end|><|im_start|>assistant [{""entity"": ""presented""}, {""entity"": ""refusal""}, {""entity"": ""bear""}, {""entity"": ""peaks""}] <|im_end|>
<|im_start|>user Extract the entities contained in the text. Extract only entities contained in the text.
Return the result in a json format: [{""entity"":""entity_name""}]. <<The patient's postoperative course was uneventful.>>> <|im_end|><|im_start|>assistant","[{""entity"": ""course""}, {""entity"": ""uneventful""}, {""entity"": ""The patient's""}, {""entity"": ""postoperative""}] ","[{""entity"": ""course""}, {""entity"": ""uneventful""}, {""entity"": ""postoperative""}, {""entity"": ""The patient"
Her family history did not include any autoimmune disease.,"[{'id': '7710', 'offsets': array([11, 18]), 'role': '', 'semantic_type_id': '', 'text': 'history', 'type': 'EVENT'}
 {'id': '7725', 'offsets': array([50, 57]), 'role': '', 'semantic_type_id': '', 'text': 'disease', 'type': 'EVENT'}
 {'id': '9457', 'offsets': array([39, 57]), 'role': '', 'semantic_type_id': 'C0004364', 'text': 'autoimmune disease', 'type': 'CLINENTITY'}
 {'id': '9715', 'offsets': array([ 4, 10]), 'role': 'OTHER', 'semantic_type_id': '', 'text': 'family', 'type': 'ACTOR'}]","A 77-year-old Tunisian woman was hospitalized because of massive painful ascites. Her family history did not include any autoimmune disease. She denied a history of hepatitis, jaundice or alcohol use. She had a history of diabetes, hypertension treated by glinide and calcium blocker. She was explored 4 years prior to admission for exudative pleuritis of the right lung without any established diagnosis after multiple explorations including thoracoscopy with biopsies. On admission, blood pressure was 150/70 mmHg, her rate was 80 /mn and body temperature was 37°C. The physical examination showed only abdominal distension related to the important ascites without collateral venous circulation. She had no skin lesions, lymphadenopathy, or hepatosplenomegaly and lower extremities showed no edema. Laboratory investigations showed: leucopenia with white blood cell count = 3100/mm3, lymphopenia = 840/mm3, hemoglobin = 10.5g/dL ; low serum albumin level = 29g/L, 47;-globulin = 19g/L. blood glucose levels = 180 mg/dl and hemoglobin A1c = 8.6 %. Urine analysis showed trace protein (0.03g/24h). Platelet count, activated partial thromboplastin time, liver function tests, blood urea nitrogen, serum creatinine, erythrocyte sediment rate and total cholesterol were within normal limits. Tests for HBsAg and HCV were negative. Abdominal ultrasonography showed ascitic fluid without any sign of bowel loop thickening or enteritis. Neither lymphadenopathy nor liver abnormality was present. A chest X-ray film disclosed bilateral pleural effusion. Ascitic obtained by aspiration contained 170 cells mm3 (67% lymphocytes), 46g/L protein, but no malignant cells. Cultures for bacteria and mycobacteria gave no growth. Tuberculosis investigation including initial tuberculin skin test and the research of Koch bacilli in sputum and urine were negative. Echocardiogram and electrocardiogram were normal. Computed tomographic scan showed massive ascites, no dysmorphic liver, and a mild bilateral pleural effusion. Pelvic examination was normal. Oesogastroduodenoscopy showed hiatal hernia without oesophageal varices. An exploratory laparoscopy was performed, revealing a large amount of ascite, a normal liver appearance, and no granulations suggesting tuberculosis or peritoneal carcinosis. Histological examination of the peritoneum showed non specific chronic inflammation. Systemic lupus erythematosus was suspected based on pleuritis, lymphopenia and leucopenia. An additional serologic survey revealed markedly elevated anti-nuclear antibody (ANA) titer of 1/1600 and a significantly elevated titer of antibody to double-stranded DNA (83 IU/mL ; normal < 30 IU/mL). She had also positive serum antibody against the Smith antigen and low serum level of C3 complement component: 67 mg/dL (serum normal range: 84 – 151). Relying on these findings, the patient was diagnosed with SLE since 4 of the 11 diagnostic criteria of the American College of Rheumatology were met. The SLEDAI score according to Systemic Lupus Erythematosus Disease Activity Index was estimated to be 7 on admission. Hydroxychloroquine 200 mg daily in combination with diuretics was initiated. One month later, there was no detectable ascitic fluid and no pleural effusions. Five months later she remained free from symptoms while continuing to take Hydroxychloroquine
",EN100114,"<|im_start|>user Extract the entities contained in the text. Extract only entities contained in the text.
Return the result in a json format: [{""entity"":""entity_name""}]. <<Her family history did not include any autoimmune disease.>>> <|im_end|><|im_start|>assistant[{""entity"": ""history""}, {""entity"": ""disease""}, {""entity"": ""autoimmune disease""}, {""entity"": ""family""}] <|im_end|>","<|im_start|>user Extract the entities contained in the text. Extract only entities contained in the text.
Return the result in a json format: [{""entity"":""entity_name""}]. <<<We present a case of a 32-year-old woman with a history of gradual enlargement of the anterior neck.>>> <|im_end|><|im_start|>assistant [{""entity"": ""present""}, {""entity"": ""history""}, {""entity"": ""enlargement""}] <|im_end|>
<|im_start|>user Extract the entities contained in the text. Extract only entities contained in the text.
Return the result in a json format: [{""entity"":""entity_name""}]. <<<Patient information: a 9-month-old boy presented to the emergency room with a 3-day history of refusal to bear weight on the right lower extremity and febrile peaks of up to 38.5°C for 24 hours.>>> <|im_end|><|im_start|>assistant [{""entity"": ""presented""}, {""entity"": ""refusal""}, {""entity"": ""bear""}, {""entity"": ""peaks""}] <|im_end|>
<|im_start|>user Extract the entities contained in the text. Extract only entities contained in the text.
Return the result in a json format: [{""entity"":""entity_name""}]. <<Her family history did not include any autoimmune disease.>>> <|im_end|><|im_start|>assistant","[{""entity"": ""history""}, {""entity"": ""disease""}, {""entity"": ""autoimmune disease""}, {""entity"": ""family""}] ","[{""entity"": ""history""}, {""entity"": ""disease""}, {""entity"": ""autoimmune disease""}, {""entity"": ""autoimmune"
"She had a history of diabetes, hypertension treated by glinide and calcium blocker.","[{'id': '7785', 'offsets': array([21, 29]), 'role': '', 'semantic_type_id': '', 'text': 'diabetes', 'type': 'EVENT'}
 {'id': '7800', 'offsets': array([31, 43]), 'role': '', 'semantic_type_id': '', 'text': 'hypertension', 'type': 'EVENT'}
 {'id': '7815', 'offsets': array([44, 51]), 'role': '', 'semantic_type_id': '', 'text': 'treated', 'type': 'EVENT'}
 {'id': '9478', 'offsets': array([21, 29]), 'role': '', 'semantic_type_id': 'C0011849', 'text': 'diabetes', 'type': 'CLINENTITY'}
 {'id': '9485', 'offsets': array([31, 43]), 'role': '', 'semantic_type_id': 'C0020538', 'text': 'hypertension', 'type': 'CLINENTITY'}
 {'id': '9729', 'offsets': array([0, 3]), 'role': 'PATIENT', 'semantic_type_id': '', 'text': 'She', 'type': 'ACTOR'}]","A 77-year-old Tunisian woman was hospitalized because of massive painful ascites. Her family history did not include any autoimmune disease. She denied a history of hepatitis, jaundice or alcohol use. She had a history of diabetes, hypertension treated by glinide and calcium blocker. She was explored 4 years prior to admission for exudative pleuritis of the right lung without any established diagnosis after multiple explorations including thoracoscopy with biopsies. On admission, blood pressure was 150/70 mmHg, her rate was 80 /mn and body temperature was 37°C. The physical examination showed only abdominal distension related to the important ascites without collateral venous circulation. She had no skin lesions, lymphadenopathy, or hepatosplenomegaly and lower extremities showed no edema. Laboratory investigations showed: leucopenia with white blood cell count = 3100/mm3, lymphopenia = 840/mm3, hemoglobin = 10.5g/dL ; low serum albumin level = 29g/L, 47;-globulin = 19g/L. blood glucose levels = 180 mg/dl and hemoglobin A1c = 8.6 %. Urine analysis showed trace protein (0.03g/24h). Platelet count, activated partial thromboplastin time, liver function tests, blood urea nitrogen, serum creatinine, erythrocyte sediment rate and total cholesterol were within normal limits. Tests for HBsAg and HCV were negative. Abdominal ultrasonography showed ascitic fluid without any sign of bowel loop thickening or enteritis. Neither lymphadenopathy nor liver abnormality was present. A chest X-ray film disclosed bilateral pleural effusion. Ascitic obtained by aspiration contained 170 cells mm3 (67% lymphocytes), 46g/L protein, but no malignant cells. Cultures for bacteria and mycobacteria gave no growth. Tuberculosis investigation including initial tuberculin skin test and the research of Koch bacilli in sputum and urine were negative. Echocardiogram and electrocardiogram were normal. Computed tomographic scan showed massive ascites, no dysmorphic liver, and a mild bilateral pleural effusion. Pelvic examination was normal. Oesogastroduodenoscopy showed hiatal hernia without oesophageal varices. An exploratory laparoscopy was performed, revealing a large amount of ascite, a normal liver appearance, and no granulations suggesting tuberculosis or peritoneal carcinosis. Histological examination of the peritoneum showed non specific chronic inflammation. Systemic lupus erythematosus was suspected based on pleuritis, lymphopenia and leucopenia. An additional serologic survey revealed markedly elevated anti-nuclear antibody (ANA) titer of 1/1600 and a significantly elevated titer of antibody to double-stranded DNA (83 IU/mL ; normal < 30 IU/mL). She had also positive serum antibody against the Smith antigen and low serum level of C3 complement component: 67 mg/dL (serum normal range: 84 – 151). Relying on these findings, the patient was diagnosed with SLE since 4 of the 11 diagnostic criteria of the American College of Rheumatology were met. The SLEDAI score according to Systemic Lupus Erythematosus Disease Activity Index was estimated to be 7 on admission. Hydroxychloroquine 200 mg daily in combination with diuretics was initiated. One month later, there was no detectable ascitic fluid and no pleural effusions. Five months later she remained free from symptoms while continuing to take Hydroxychloroquine
",EN100114,"<|im_start|>user Extract the entities contained in the text. Extract only entities contained in the text.
Return the result in a json format: [{""entity"":""entity_name""}]. <<She had a history of diabetes, hypertension treated by glinide and calcium blocker.>>> <|im_end|><|im_start|>assistant[{""entity"": ""diabetes""}, {""entity"": ""hypertension""}, {""entity"": ""treated""}, {""entity"": ""diabetes""}, {""entity"": ""hypertension""}, {""entity"": ""She""}] <|im_end|>","<|im_start|>user Extract the entities contained in the text. Extract only entities contained in the text.
Return the result in a json format: [{""entity"":""entity_name""}]. <<<We present a case of a 32-year-old woman with a history of gradual enlargement of the anterior neck.>>> <|im_end|><|im_start|>assistant [{""entity"": ""present""}, {""entity"": ""history""}, {""entity"": ""enlargement""}] <|im_end|>
<|im_start|>user Extract the entities contained in the text. Extract only entities contained in the text.
Return the result in a json format: [{""entity"":""entity_name""}]. <<<Patient information: a 9-month-old boy presented to the emergency room with a 3-day history of refusal to bear weight on the right lower extremity and febrile peaks of up to 38.5°C for 24 hours.>>> <|im_end|><|im_start|>assistant [{""entity"": ""presented""}, {""entity"": ""refusal""}, {""entity"": ""bear""}, {""entity"": ""peaks""}] <|im_end|>
<|im_start|>user Extract the entities contained in the text. Extract only entities contained in the text.
Return the result in a json format: [{""entity"":""entity_name""}]. <<She had a history of diabetes, hypertension treated by glinide and calcium blocker.>>> <|im_end|><|im_start|>assistant","[{""entity"": ""diabetes""}, {""entity"": ""hypertension""}, {""entity"": ""treated""}, {""entity"": ""diabetes""}, {""entity"": ""hypertension""}, {""entity"": ""She""}] ","[{""entity"": ""diabetes""}, {""entity"": ""hypertension""}, {""entity"": ""treated""}, {""entity"": ""di"
She was explored 4 years prior to admission for exudative pleuritis of the right lung without any established diagnosis after multiple explorations including thoracoscopy with biopsies.,"[{'id': '7830', 'offsets': array([ 8, 16]), 'role': '', 'semantic_type_id': '', 'text': 'explored', 'type': 'EVENT'}
 {'id': '7845', 'offsets': array([34, 43]), 'role': '', 'semantic_type_id': '', 'text': 'admission', 'type': 'EVENT'}
 {'id': '7860', 'offsets': array([58, 67]), 'role': '', 'semantic_type_id': '', 'text': 'pleuritis', 'type': 'EVENT'}
 {'id': '7875', 'offsets': array([110, 119]), 'role': '', 'semantic_type_id': '', 'text': 'diagnosis', 'type': 'EVENT'}
 {'id': '7890', 'offsets': array([158, 170]), 'role': '', 'semantic_type_id': '', 'text': 'thoracoscopy', 'type': 'EVENT'}
 {'id': '9492', 'offsets': array([48, 67]), 'role': '', 'semantic_type_id': 'C3887490', 'text': 'exudative pleuritis', 'type': 'CLINENTITY'}
 {'id': '9576', 'offsets': array([71, 85]), 'role': '', 'semantic_type_id': '', 'text': 'the right lung', 'type': 'BODYPART'}
 {'id': '9736', 'offsets': array([0, 3]), 'role': 'PATIENT', 'semantic_type_id': '', 'text': 'She', 'type': 'ACTOR'}
 {'id': '9927', 'offsets': array([17, 24]), 'role': '', 'semantic_type_id': '', 'text': '4 years', 'type': 'TIMEX3'}]","A 77-year-old Tunisian woman was hospitalized because of massive painful ascites. Her family history did not include any autoimmune disease. She denied a history of hepatitis, jaundice or alcohol use. She had a history of diabetes, hypertension treated by glinide and calcium blocker. She was explored 4 years prior to admission for exudative pleuritis of the right lung without any established diagnosis after multiple explorations including thoracoscopy with biopsies. On admission, blood pressure was 150/70 mmHg, her rate was 80 /mn and body temperature was 37°C. The physical examination showed only abdominal distension related to the important ascites without collateral venous circulation. She had no skin lesions, lymphadenopathy, or hepatosplenomegaly and lower extremities showed no edema. Laboratory investigations showed: leucopenia with white blood cell count = 3100/mm3, lymphopenia = 840/mm3, hemoglobin = 10.5g/dL ; low serum albumin level = 29g/L, 47;-globulin = 19g/L. blood glucose levels = 180 mg/dl and hemoglobin A1c = 8.6 %. Urine analysis showed trace protein (0.03g/24h). Platelet count, activated partial thromboplastin time, liver function tests, blood urea nitrogen, serum creatinine, erythrocyte sediment rate and total cholesterol were within normal limits. Tests for HBsAg and HCV were negative. Abdominal ultrasonography showed ascitic fluid without any sign of bowel loop thickening or enteritis. Neither lymphadenopathy nor liver abnormality was present. A chest X-ray film disclosed bilateral pleural effusion. Ascitic obtained by aspiration contained 170 cells mm3 (67% lymphocytes), 46g/L protein, but no malignant cells. Cultures for bacteria and mycobacteria gave no growth. Tuberculosis investigation including initial tuberculin skin test and the research of Koch bacilli in sputum and urine were negative. Echocardiogram and electrocardiogram were normal. Computed tomographic scan showed massive ascites, no dysmorphic liver, and a mild bilateral pleural effusion. Pelvic examination was normal. Oesogastroduodenoscopy showed hiatal hernia without oesophageal varices. An exploratory laparoscopy was performed, revealing a large amount of ascite, a normal liver appearance, and no granulations suggesting tuberculosis or peritoneal carcinosis. Histological examination of the peritoneum showed non specific chronic inflammation. Systemic lupus erythematosus was suspected based on pleuritis, lymphopenia and leucopenia. An additional serologic survey revealed markedly elevated anti-nuclear antibody (ANA) titer of 1/1600 and a significantly elevated titer of antibody to double-stranded DNA (83 IU/mL ; normal < 30 IU/mL). She had also positive serum antibody against the Smith antigen and low serum level of C3 complement component: 67 mg/dL (serum normal range: 84 – 151). Relying on these findings, the patient was diagnosed with SLE since 4 of the 11 diagnostic criteria of the American College of Rheumatology were met. The SLEDAI score according to Systemic Lupus Erythematosus Disease Activity Index was estimated to be 7 on admission. Hydroxychloroquine 200 mg daily in combination with diuretics was initiated. One month later, there was no detectable ascitic fluid and no pleural effusions. Five months later she remained free from symptoms while continuing to take Hydroxychloroquine
",EN100114,"<|im_start|>user Extract the entities contained in the text. Extract only entities contained in the text.
Return the result in a json format: [{""entity"":""entity_name""}]. <<She was explored 4 years prior to admission for exudative pleuritis of the right lung without any established diagnosis after multiple explorations including thoracoscopy with biopsies.>>> <|im_end|><|im_start|>assistant[{""entity"": ""explored""}, {""entity"": ""admission""}, {""entity"": ""pleuritis""}, {""entity"": ""diagnosis""}, {""entity"": ""thoracoscopy""}, {""entity"": ""exudative pleuritis""}, {""entity"": ""the right lung""}, {""entity"": ""She""}, {""entity"": ""4 years""}] <|im_end|>","<|im_start|>user Extract the entities contained in the text. Extract only entities contained in the text.
Return the result in a json format: [{""entity"":""entity_name""}]. <<<We present a case of a 32-year-old woman with a history of gradual enlargement of the anterior neck.>>> <|im_end|><|im_start|>assistant [{""entity"": ""present""}, {""entity"": ""history""}, {""entity"": ""enlargement""}] <|im_end|>
<|im_start|>user Extract the entities contained in the text. Extract only entities contained in the text.
Return the result in a json format: [{""entity"":""entity_name""}]. <<<Patient information: a 9-month-old boy presented to the emergency room with a 3-day history of refusal to bear weight on the right lower extremity and febrile peaks of up to 38.5°C for 24 hours.>>> <|im_end|><|im_start|>assistant [{""entity"": ""presented""}, {""entity"": ""refusal""}, {""entity"": ""bear""}, {""entity"": ""peaks""}] <|im_end|>
<|im_start|>user Extract the entities contained in the text. Extract only entities contained in the text.
Return the result in a json format: [{""entity"":""entity_name""}]. <<She was explored 4 years prior to admission for exudative pleuritis of the right lung without any established diagnosis after multiple explorations including thoracoscopy with biopsies.>>> <|im_end|><|im_start|>assistant","[{""entity"": ""explored""}, {""entity"": ""admission""}, {""entity"": ""pleuritis""}, {""entity"": ""diagnosis""}, {""entity"": ""thoracoscopy""}, {""entity"": ""exudative pleuritis""}, {""entity"": ""the right lung""}, {""entity"": ""She""}, {""entity"": ""4 years""}] ","[{""entity"": ""explored""}, {""entity"": ""admission""}, {""entity"": ""pleuritis""}, {""entity"": ""di"
"On admission, blood pressure was 150/70 mmHg, her rate was 80 /mn and body temperature was 37°C.","[{'id': '7905', 'offsets': array([ 3, 12]), 'role': '', 'semantic_type_id': '', 'text': 'admission', 'type': 'EVENT'}
 {'id': '7920', 'offsets': array([20, 28]), 'role': '', 'semantic_type_id': '', 'text': 'pressure', 'type': 'EVENT'}
 {'id': '7935', 'offsets': array([50, 54]), 'role': '', 'semantic_type_id': '', 'text': 'rate', 'type': 'EVENT'}
 {'id': '7950', 'offsets': array([75, 86]), 'role': '', 'semantic_type_id': '', 'text': 'temperature', 'type': 'EVENT'}
 {'id': '9582', 'offsets': array([14, 19]), 'role': '', 'semantic_type_id': '', 'text': 'blood', 'type': 'BODYPART'}
 {'id': '9771', 'offsets': array([33, 44]), 'role': '', 'semantic_type_id': '', 'text': '150/70 mmHg', 'type': 'RML'}
 {'id': '9777', 'offsets': array([59, 65]), 'role': '', 'semantic_type_id': '', 'text': '80 /mn', 'type': 'RML'}
 {'id': '9783', 'offsets': array([91, 95]), 'role': '', 'semantic_type_id': '', 'text': '37°C', 'type': 'RML'}]","A 77-year-old Tunisian woman was hospitalized because of massive painful ascites. Her family history did not include any autoimmune disease. She denied a history of hepatitis, jaundice or alcohol use. She had a history of diabetes, hypertension treated by glinide and calcium blocker. She was explored 4 years prior to admission for exudative pleuritis of the right lung without any established diagnosis after multiple explorations including thoracoscopy with biopsies. On admission, blood pressure was 150/70 mmHg, her rate was 80 /mn and body temperature was 37°C. The physical examination showed only abdominal distension related to the important ascites without collateral venous circulation. She had no skin lesions, lymphadenopathy, or hepatosplenomegaly and lower extremities showed no edema. Laboratory investigations showed: leucopenia with white blood cell count = 3100/mm3, lymphopenia = 840/mm3, hemoglobin = 10.5g/dL ; low serum albumin level = 29g/L, 47;-globulin = 19g/L. blood glucose levels = 180 mg/dl and hemoglobin A1c = 8.6 %. Urine analysis showed trace protein (0.03g/24h). Platelet count, activated partial thromboplastin time, liver function tests, blood urea nitrogen, serum creatinine, erythrocyte sediment rate and total cholesterol were within normal limits. Tests for HBsAg and HCV were negative. Abdominal ultrasonography showed ascitic fluid without any sign of bowel loop thickening or enteritis. Neither lymphadenopathy nor liver abnormality was present. A chest X-ray film disclosed bilateral pleural effusion. Ascitic obtained by aspiration contained 170 cells mm3 (67% lymphocytes), 46g/L protein, but no malignant cells. Cultures for bacteria and mycobacteria gave no growth. Tuberculosis investigation including initial tuberculin skin test and the research of Koch bacilli in sputum and urine were negative. Echocardiogram and electrocardiogram were normal. Computed tomographic scan showed massive ascites, no dysmorphic liver, and a mild bilateral pleural effusion. Pelvic examination was normal. Oesogastroduodenoscopy showed hiatal hernia without oesophageal varices. An exploratory laparoscopy was performed, revealing a large amount of ascite, a normal liver appearance, and no granulations suggesting tuberculosis or peritoneal carcinosis. Histological examination of the peritoneum showed non specific chronic inflammation. Systemic lupus erythematosus was suspected based on pleuritis, lymphopenia and leucopenia. An additional serologic survey revealed markedly elevated anti-nuclear antibody (ANA) titer of 1/1600 and a significantly elevated titer of antibody to double-stranded DNA (83 IU/mL ; normal < 30 IU/mL). She had also positive serum antibody against the Smith antigen and low serum level of C3 complement component: 67 mg/dL (serum normal range: 84 – 151). Relying on these findings, the patient was diagnosed with SLE since 4 of the 11 diagnostic criteria of the American College of Rheumatology were met. The SLEDAI score according to Systemic Lupus Erythematosus Disease Activity Index was estimated to be 7 on admission. Hydroxychloroquine 200 mg daily in combination with diuretics was initiated. One month later, there was no detectable ascitic fluid and no pleural effusions. Five months later she remained free from symptoms while continuing to take Hydroxychloroquine
",EN100114,"<|im_start|>user Extract the entities contained in the text. Extract only entities contained in the text.
Return the result in a json format: [{""entity"":""entity_name""}]. <<On admission, blood pressure was 150/70 mmHg, her rate was 80 /mn and body temperature was 37°C.>>> <|im_end|><|im_start|>assistant[{""entity"": ""admission""}, {""entity"": ""pressure""}, {""entity"": ""rate""}, {""entity"": ""temperature""}, {""entity"": ""blood""}, {""entity"": ""150/70 mmHg""}, {""entity"": ""80 /mn""}, {""entity"": ""37°C""}] <|im_end|>","<|im_start|>user Extract the entities contained in the text. Extract only entities contained in the text.
Return the result in a json format: [{""entity"":""entity_name""}]. <<<We present a case of a 32-year-old woman with a history of gradual enlargement of the anterior neck.>>> <|im_end|><|im_start|>assistant [{""entity"": ""present""}, {""entity"": ""history""}, {""entity"": ""enlargement""}] <|im_end|>
<|im_start|>user Extract the entities contained in the text. Extract only entities contained in the text.
Return the result in a json format: [{""entity"":""entity_name""}]. <<<Patient information: a 9-month-old boy presented to the emergency room with a 3-day history of refusal to bear weight on the right lower extremity and febrile peaks of up to 38.5°C for 24 hours.>>> <|im_end|><|im_start|>assistant [{""entity"": ""presented""}, {""entity"": ""refusal""}, {""entity"": ""bear""}, {""entity"": ""peaks""}] <|im_end|>
<|im_start|>user Extract the entities contained in the text. Extract only entities contained in the text.
Return the result in a json format: [{""entity"":""entity_name""}]. <<On admission, blood pressure was 150/70 mmHg, her rate was 80 /mn and body temperature was 37°C.>>> <|im_end|><|im_start|>assistant","[{""entity"": ""admission""}, {""entity"": ""pressure""}, {""entity"": ""rate""}, {""entity"": ""temperature""}, {""entity"": ""blood""}, {""entity"": ""150/70 mmHg""}, {""entity"": ""80 /mn""}, {""entity"": ""37°C""}] ","[{""entity"": ""admission""}, {""entity"": ""pressure""}, {""entity"": ""rate""}, {""entity"": ""temperature""}, {""entity"
"She had no skin lesions, lymphadenopathy, or hepatosplenomegaly and lower extremities showed no edema.","[{'id': '8040', 'offsets': array([16, 23]), 'role': '', 'semantic_type_id': '', 'text': 'lesions', 'type': 'EVENT'}
 {'id': '8055', 'offsets': array([25, 40]), 'role': '', 'semantic_type_id': '', 'text': 'lymphadenopathy', 'type': 'EVENT'}
 {'id': '8070', 'offsets': array([45, 63]), 'role': '', 'semantic_type_id': '', 'text': 'hepatosplenomegaly', 'type': 'EVENT'}
 {'id': '8085', 'offsets': array([86, 92]), 'role': '', 'semantic_type_id': '', 'text': 'showed', 'type': 'EVENT'}
 {'id': '8100', 'offsets': array([ 96, 101]), 'role': '', 'semantic_type_id': '', 'text': 'edema', 'type': 'EVENT'}
 {'id': '9588', 'offsets': array([11, 15]), 'role': '', 'semantic_type_id': '', 'text': 'skin', 'type': 'BODYPART'}
 {'id': '9594', 'offsets': array([68, 85]), 'role': '', 'semantic_type_id': '', 'text': 'lower extremities', 'type': 'BODYPART'}
 {'id': '9743', 'offsets': array([0, 3]), 'role': 'PATIENT', 'semantic_type_id': '', 'text': 'She', 'type': 'ACTOR'}]","A 77-year-old Tunisian woman was hospitalized because of massive painful ascites. Her family history did not include any autoimmune disease. She denied a history of hepatitis, jaundice or alcohol use. She had a history of diabetes, hypertension treated by glinide and calcium blocker. She was explored 4 years prior to admission for exudative pleuritis of the right lung without any established diagnosis after multiple explorations including thoracoscopy with biopsies. On admission, blood pressure was 150/70 mmHg, her rate was 80 /mn and body temperature was 37°C. The physical examination showed only abdominal distension related to the important ascites without collateral venous circulation. She had no skin lesions, lymphadenopathy, or hepatosplenomegaly and lower extremities showed no edema. Laboratory investigations showed: leucopenia with white blood cell count = 3100/mm3, lymphopenia = 840/mm3, hemoglobin = 10.5g/dL ; low serum albumin level = 29g/L, 47;-globulin = 19g/L. blood glucose levels = 180 mg/dl and hemoglobin A1c = 8.6 %. Urine analysis showed trace protein (0.03g/24h). Platelet count, activated partial thromboplastin time, liver function tests, blood urea nitrogen, serum creatinine, erythrocyte sediment rate and total cholesterol were within normal limits. Tests for HBsAg and HCV were negative. Abdominal ultrasonography showed ascitic fluid without any sign of bowel loop thickening or enteritis. Neither lymphadenopathy nor liver abnormality was present. A chest X-ray film disclosed bilateral pleural effusion. Ascitic obtained by aspiration contained 170 cells mm3 (67% lymphocytes), 46g/L protein, but no malignant cells. Cultures for bacteria and mycobacteria gave no growth. Tuberculosis investigation including initial tuberculin skin test and the research of Koch bacilli in sputum and urine were negative. Echocardiogram and electrocardiogram were normal. Computed tomographic scan showed massive ascites, no dysmorphic liver, and a mild bilateral pleural effusion. Pelvic examination was normal. Oesogastroduodenoscopy showed hiatal hernia without oesophageal varices. An exploratory laparoscopy was performed, revealing a large amount of ascite, a normal liver appearance, and no granulations suggesting tuberculosis or peritoneal carcinosis. Histological examination of the peritoneum showed non specific chronic inflammation. Systemic lupus erythematosus was suspected based on pleuritis, lymphopenia and leucopenia. An additional serologic survey revealed markedly elevated anti-nuclear antibody (ANA) titer of 1/1600 and a significantly elevated titer of antibody to double-stranded DNA (83 IU/mL ; normal < 30 IU/mL). She had also positive serum antibody against the Smith antigen and low serum level of C3 complement component: 67 mg/dL (serum normal range: 84 – 151). Relying on these findings, the patient was diagnosed with SLE since 4 of the 11 diagnostic criteria of the American College of Rheumatology were met. The SLEDAI score according to Systemic Lupus Erythematosus Disease Activity Index was estimated to be 7 on admission. Hydroxychloroquine 200 mg daily in combination with diuretics was initiated. One month later, there was no detectable ascitic fluid and no pleural effusions. Five months later she remained free from symptoms while continuing to take Hydroxychloroquine
",EN100114,"<|im_start|>user Extract the entities contained in the text. Extract only entities contained in the text.
Return the result in a json format: [{""entity"":""entity_name""}]. <<She had no skin lesions, lymphadenopathy, or hepatosplenomegaly and lower extremities showed no edema.>>> <|im_end|><|im_start|>assistant[{""entity"": ""lesions""}, {""entity"": ""lymphadenopathy""}, {""entity"": ""hepatosplenomegaly""}, {""entity"": ""showed""}, {""entity"": ""edema""}, {""entity"": ""skin""}, {""entity"": ""lower extremities""}, {""entity"": ""She""}] <|im_end|>","<|im_start|>user Extract the entities contained in the text. Extract only entities contained in the text.
Return the result in a json format: [{""entity"":""entity_name""}]. <<<We present a case of a 32-year-old woman with a history of gradual enlargement of the anterior neck.>>> <|im_end|><|im_start|>assistant [{""entity"": ""present""}, {""entity"": ""history""}, {""entity"": ""enlargement""}] <|im_end|>
<|im_start|>user Extract the entities contained in the text. Extract only entities contained in the text.
Return the result in a json format: [{""entity"":""entity_name""}]. <<<Patient information: a 9-month-old boy presented to the emergency room with a 3-day history of refusal to bear weight on the right lower extremity and febrile peaks of up to 38.5°C for 24 hours.>>> <|im_end|><|im_start|>assistant [{""entity"": ""presented""}, {""entity"": ""refusal""}, {""entity"": ""bear""}, {""entity"": ""peaks""}] <|im_end|>
<|im_start|>user Extract the entities contained in the text. Extract only entities contained in the text.
Return the result in a json format: [{""entity"":""entity_name""}]. <<She had no skin lesions, lymphadenopathy, or hepatosplenomegaly and lower extremities showed no edema.>>> <|im_end|><|im_start|>assistant","[{""entity"": ""lesions""}, {""entity"": ""lymphadenopathy""}, {""entity"": ""hepatosplenomegaly""}, {""entity"": ""showed""}, {""entity"": ""edema""}, {""entity"": ""skin""}, {""entity"": ""lower extremities""}, {""entity"": ""She""}] ","[{""entity"": ""lesions""}, {""entity"": ""lymphadenopathy""}, {""entity"": ""hepatosplenomegaly"
Urine analysis showed trace protein (0.03g/24h).,"[{'id': '8265', 'offsets': array([ 6, 14]), 'role': '', 'semantic_type_id': '', 'text': 'analysis', 'type': 'EVENT'}
 {'id': '8280', 'offsets': array([15, 21]), 'role': '', 'semantic_type_id': '', 'text': 'showed', 'type': 'EVENT'}
 {'id': '8295', 'offsets': array([28, 35]), 'role': '', 'semantic_type_id': '', 'text': 'protein', 'type': 'EVENT'}
 {'id': '9612', 'offsets': array([0, 5]), 'role': '', 'semantic_type_id': '', 'text': 'Urine', 'type': 'BODYPART'}
 {'id': '9831', 'offsets': array([37, 46]), 'role': '', 'semantic_type_id': '', 'text': '0.03g/24h', 'type': 'RML'}]","A 77-year-old Tunisian woman was hospitalized because of massive painful ascites. Her family history did not include any autoimmune disease. She denied a history of hepatitis, jaundice or alcohol use. She had a history of diabetes, hypertension treated by glinide and calcium blocker. She was explored 4 years prior to admission for exudative pleuritis of the right lung without any established diagnosis after multiple explorations including thoracoscopy with biopsies. On admission, blood pressure was 150/70 mmHg, her rate was 80 /mn and body temperature was 37°C. The physical examination showed only abdominal distension related to the important ascites without collateral venous circulation. She had no skin lesions, lymphadenopathy, or hepatosplenomegaly and lower extremities showed no edema. Laboratory investigations showed: leucopenia with white blood cell count = 3100/mm3, lymphopenia = 840/mm3, hemoglobin = 10.5g/dL ; low serum albumin level = 29g/L, 47;-globulin = 19g/L. blood glucose levels = 180 mg/dl and hemoglobin A1c = 8.6 %. Urine analysis showed trace protein (0.03g/24h). Platelet count, activated partial thromboplastin time, liver function tests, blood urea nitrogen, serum creatinine, erythrocyte sediment rate and total cholesterol were within normal limits. Tests for HBsAg and HCV were negative. Abdominal ultrasonography showed ascitic fluid without any sign of bowel loop thickening or enteritis. Neither lymphadenopathy nor liver abnormality was present. A chest X-ray film disclosed bilateral pleural effusion. Ascitic obtained by aspiration contained 170 cells mm3 (67% lymphocytes), 46g/L protein, but no malignant cells. Cultures for bacteria and mycobacteria gave no growth. Tuberculosis investigation including initial tuberculin skin test and the research of Koch bacilli in sputum and urine were negative. Echocardiogram and electrocardiogram were normal. Computed tomographic scan showed massive ascites, no dysmorphic liver, and a mild bilateral pleural effusion. Pelvic examination was normal. Oesogastroduodenoscopy showed hiatal hernia without oesophageal varices. An exploratory laparoscopy was performed, revealing a large amount of ascite, a normal liver appearance, and no granulations suggesting tuberculosis or peritoneal carcinosis. Histological examination of the peritoneum showed non specific chronic inflammation. Systemic lupus erythematosus was suspected based on pleuritis, lymphopenia and leucopenia. An additional serologic survey revealed markedly elevated anti-nuclear antibody (ANA) titer of 1/1600 and a significantly elevated titer of antibody to double-stranded DNA (83 IU/mL ; normal < 30 IU/mL). She had also positive serum antibody against the Smith antigen and low serum level of C3 complement component: 67 mg/dL (serum normal range: 84 – 151). Relying on these findings, the patient was diagnosed with SLE since 4 of the 11 diagnostic criteria of the American College of Rheumatology were met. The SLEDAI score according to Systemic Lupus Erythematosus Disease Activity Index was estimated to be 7 on admission. Hydroxychloroquine 200 mg daily in combination with diuretics was initiated. One month later, there was no detectable ascitic fluid and no pleural effusions. Five months later she remained free from symptoms while continuing to take Hydroxychloroquine
",EN100114,"<|im_start|>user Extract the entities contained in the text. Extract only entities contained in the text.
Return the result in a json format: [{""entity"":""entity_name""}]. <<Urine analysis showed trace protein (0.03g/24h).>>> <|im_end|><|im_start|>assistant[{""entity"": ""analysis""}, {""entity"": ""showed""}, {""entity"": ""protein""}, {""entity"": ""Urine""}, {""entity"": ""0.03g/24h""}] <|im_end|>","<|im_start|>user Extract the entities contained in the text. Extract only entities contained in the text.
Return the result in a json format: [{""entity"":""entity_name""}]. <<<We present a case of a 32-year-old woman with a history of gradual enlargement of the anterior neck.>>> <|im_end|><|im_start|>assistant [{""entity"": ""present""}, {""entity"": ""history""}, {""entity"": ""enlargement""}] <|im_end|>
<|im_start|>user Extract the entities contained in the text. Extract only entities contained in the text.
Return the result in a json format: [{""entity"":""entity_name""}]. <<<Patient information: a 9-month-old boy presented to the emergency room with a 3-day history of refusal to bear weight on the right lower extremity and febrile peaks of up to 38.5°C for 24 hours.>>> <|im_end|><|im_start|>assistant [{""entity"": ""presented""}, {""entity"": ""refusal""}, {""entity"": ""bear""}, {""entity"": ""peaks""}] <|im_end|>
<|im_start|>user Extract the entities contained in the text. Extract only entities contained in the text.
Return the result in a json format: [{""entity"":""entity_name""}]. <<Urine analysis showed trace protein (0.03g/24h).>>> <|im_end|><|im_start|>assistant","[{""entity"": ""analysis""}, {""entity"": ""showed""}, {""entity"": ""protein""}, {""entity"": ""Urine""}, {""entity"": ""0.03g/24h""}] ","[{""entity"": ""analysis""}, {""entity"": ""showed""}, {""entity"": ""protein""}, {""entity"": ""peaks""}, {"""
"Platelet count, activated partial thromboplastin time, liver function tests, blood urea nitrogen, serum creatinine, erythrocyte sediment rate and total cholesterol were within normal limits.","[{'id': '8310', 'offsets': array([ 9, 14]), 'role': '', 'semantic_type_id': '', 'text': 'count', 'type': 'EVENT'}
 {'id': '8325', 'offsets': array([49, 53]), 'role': '', 'semantic_type_id': '', 'text': 'time', 'type': 'EVENT'}
 {'id': '8340', 'offsets': array([70, 75]), 'role': '', 'semantic_type_id': '', 'text': 'tests', 'type': 'EVENT'}
 {'id': '8355', 'offsets': array([88, 96]), 'role': '', 'semantic_type_id': '', 'text': 'nitrogen', 'type': 'EVENT'}
 {'id': '8370', 'offsets': array([104, 114]), 'role': '', 'semantic_type_id': '', 'text': 'creatinine', 'type': 'EVENT'}
 {'id': '8385', 'offsets': array([137, 141]), 'role': '', 'semantic_type_id': '', 'text': 'rate', 'type': 'EVENT'}
 {'id': '8400', 'offsets': array([152, 163]), 'role': '', 'semantic_type_id': '', 'text': 'cholesterol', 'type': 'EVENT'}
 {'id': '9618', 'offsets': array([0, 8]), 'role': '', 'semantic_type_id': '', 'text': 'Platelet', 'type': 'BODYPART'}
 {'id': '9624', 'offsets': array([55, 60]), 'role': '', 'semantic_type_id': '', 'text': 'liver', 'type': 'BODYPART'}
 {'id': '9630', 'offsets': array([77, 82]), 'role': '', 'semantic_type_id': '', 'text': 'blood', 'type': 'BODYPART'}
 {'id': '9636', 'offsets': array([83, 87]), 'role': '', 'semantic_type_id': '', 'text': 'urea', 'type': 'BODYPART'}
 {'id': '9837', 'offsets': array([176, 189]), 'role': '', 'semantic_type_id': '', 'text': 'normal limits', 'type': 'RML'}]","A 77-year-old Tunisian woman was hospitalized because of massive painful ascites. Her family history did not include any autoimmune disease. She denied a history of hepatitis, jaundice or alcohol use. She had a history of diabetes, hypertension treated by glinide and calcium blocker. She was explored 4 years prior to admission for exudative pleuritis of the right lung without any established diagnosis after multiple explorations including thoracoscopy with biopsies. On admission, blood pressure was 150/70 mmHg, her rate was 80 /mn and body temperature was 37°C. The physical examination showed only abdominal distension related to the important ascites without collateral venous circulation. She had no skin lesions, lymphadenopathy, or hepatosplenomegaly and lower extremities showed no edema. Laboratory investigations showed: leucopenia with white blood cell count = 3100/mm3, lymphopenia = 840/mm3, hemoglobin = 10.5g/dL ; low serum albumin level = 29g/L, 47;-globulin = 19g/L. blood glucose levels = 180 mg/dl and hemoglobin A1c = 8.6 %. Urine analysis showed trace protein (0.03g/24h). Platelet count, activated partial thromboplastin time, liver function tests, blood urea nitrogen, serum creatinine, erythrocyte sediment rate and total cholesterol were within normal limits. Tests for HBsAg and HCV were negative. Abdominal ultrasonography showed ascitic fluid without any sign of bowel loop thickening or enteritis. Neither lymphadenopathy nor liver abnormality was present. A chest X-ray film disclosed bilateral pleural effusion. Ascitic obtained by aspiration contained 170 cells mm3 (67% lymphocytes), 46g/L protein, but no malignant cells. Cultures for bacteria and mycobacteria gave no growth. Tuberculosis investigation including initial tuberculin skin test and the research of Koch bacilli in sputum and urine were negative. Echocardiogram and electrocardiogram were normal. Computed tomographic scan showed massive ascites, no dysmorphic liver, and a mild bilateral pleural effusion. Pelvic examination was normal. Oesogastroduodenoscopy showed hiatal hernia without oesophageal varices. An exploratory laparoscopy was performed, revealing a large amount of ascite, a normal liver appearance, and no granulations suggesting tuberculosis or peritoneal carcinosis. Histological examination of the peritoneum showed non specific chronic inflammation. Systemic lupus erythematosus was suspected based on pleuritis, lymphopenia and leucopenia. An additional serologic survey revealed markedly elevated anti-nuclear antibody (ANA) titer of 1/1600 and a significantly elevated titer of antibody to double-stranded DNA (83 IU/mL ; normal < 30 IU/mL). She had also positive serum antibody against the Smith antigen and low serum level of C3 complement component: 67 mg/dL (serum normal range: 84 – 151). Relying on these findings, the patient was diagnosed with SLE since 4 of the 11 diagnostic criteria of the American College of Rheumatology were met. The SLEDAI score according to Systemic Lupus Erythematosus Disease Activity Index was estimated to be 7 on admission. Hydroxychloroquine 200 mg daily in combination with diuretics was initiated. One month later, there was no detectable ascitic fluid and no pleural effusions. Five months later she remained free from symptoms while continuing to take Hydroxychloroquine
",EN100114,"<|im_start|>user Extract the entities contained in the text. Extract only entities contained in the text.
Return the result in a json format: [{""entity"":""entity_name""}]. <<Platelet count, activated partial thromboplastin time, liver function tests, blood urea nitrogen, serum creatinine, erythrocyte sediment rate and total cholesterol were within normal limits.>>> <|im_end|><|im_start|>assistant[{""entity"": ""count""}, {""entity"": ""time""}, {""entity"": ""tests""}, {""entity"": ""nitrogen""}, {""entity"": ""creatinine""}, {""entity"": ""rate""}, {""entity"": ""cholesterol""}, {""entity"": ""Platelet""}, {""entity"": ""liver""}, {""entity"": ""blood""}, {""entity"": ""urea""}, {""entity"": ""normal limits""}] <|im_end|>","<|im_start|>user Extract the entities contained in the text. Extract only entities contained in the text.
Return the result in a json format: [{""entity"":""entity_name""}]. <<<We present a case of a 32-year-old woman with a history of gradual enlargement of the anterior neck.>>> <|im_end|><|im_start|>assistant [{""entity"": ""present""}, {""entity"": ""history""}, {""entity"": ""enlargement""}] <|im_end|>
<|im_start|>user Extract the entities contained in the text. Extract only entities contained in the text.
Return the result in a json format: [{""entity"":""entity_name""}]. <<<Patient information: a 9-month-old boy presented to the emergency room with a 3-day history of refusal to bear weight on the right lower extremity and febrile peaks of up to 38.5°C for 24 hours.>>> <|im_end|><|im_start|>assistant [{""entity"": ""presented""}, {""entity"": ""refusal""}, {""entity"": ""bear""}, {""entity"": ""peaks""}] <|im_end|>
<|im_start|>user Extract the entities contained in the text. Extract only entities contained in the text.
Return the result in a json format: [{""entity"":""entity_name""}]. <<Platelet count, activated partial thromboplastin time, liver function tests, blood urea nitrogen, serum creatinine, erythrocyte sediment rate and total cholesterol were within normal limits.>>> <|im_end|><|im_start|>assistant","[{""entity"": ""count""}, {""entity"": ""time""}, {""entity"": ""tests""}, {""entity"": ""nitrogen""}, {""entity"": ""creatinine""}, {""entity"": ""rate""}, {""entity"": ""cholesterol""}, {""entity"": ""Platelet""}, {""entity"": ""liver""}, {""entity"": ""blood""}, {""entity"": ""urea""}, {""entity"": ""normal limits""}] ","[{""entity"": ""count""}, {""entity"": ""time""}, {""entity"": ""tests""}, {""entity"": ""nitrogen""}, {""entity"
Tests for HBsAg and HCV were negative.,"[{'id': '8415', 'offsets': array([0, 5]), 'role': '', 'semantic_type_id': '', 'text': 'Tests', 'type': 'EVENT'}
 {'id': '9843', 'offsets': array([29, 37]), 'role': '', 'semantic_type_id': '', 'text': 'negative', 'type': 'RML'}]","A 77-year-old Tunisian woman was hospitalized because of massive painful ascites. Her family history did not include any autoimmune disease. She denied a history of hepatitis, jaundice or alcohol use. She had a history of diabetes, hypertension treated by glinide and calcium blocker. She was explored 4 years prior to admission for exudative pleuritis of the right lung without any established diagnosis after multiple explorations including thoracoscopy with biopsies. On admission, blood pressure was 150/70 mmHg, her rate was 80 /mn and body temperature was 37°C. The physical examination showed only abdominal distension related to the important ascites without collateral venous circulation. She had no skin lesions, lymphadenopathy, or hepatosplenomegaly and lower extremities showed no edema. Laboratory investigations showed: leucopenia with white blood cell count = 3100/mm3, lymphopenia = 840/mm3, hemoglobin = 10.5g/dL ; low serum albumin level = 29g/L, 47;-globulin = 19g/L. blood glucose levels = 180 mg/dl and hemoglobin A1c = 8.6 %. Urine analysis showed trace protein (0.03g/24h). Platelet count, activated partial thromboplastin time, liver function tests, blood urea nitrogen, serum creatinine, erythrocyte sediment rate and total cholesterol were within normal limits. Tests for HBsAg and HCV were negative. Abdominal ultrasonography showed ascitic fluid without any sign of bowel loop thickening or enteritis. Neither lymphadenopathy nor liver abnormality was present. A chest X-ray film disclosed bilateral pleural effusion. Ascitic obtained by aspiration contained 170 cells mm3 (67% lymphocytes), 46g/L protein, but no malignant cells. Cultures for bacteria and mycobacteria gave no growth. Tuberculosis investigation including initial tuberculin skin test and the research of Koch bacilli in sputum and urine were negative. Echocardiogram and electrocardiogram were normal. Computed tomographic scan showed massive ascites, no dysmorphic liver, and a mild bilateral pleural effusion. Pelvic examination was normal. Oesogastroduodenoscopy showed hiatal hernia without oesophageal varices. An exploratory laparoscopy was performed, revealing a large amount of ascite, a normal liver appearance, and no granulations suggesting tuberculosis or peritoneal carcinosis. Histological examination of the peritoneum showed non specific chronic inflammation. Systemic lupus erythematosus was suspected based on pleuritis, lymphopenia and leucopenia. An additional serologic survey revealed markedly elevated anti-nuclear antibody (ANA) titer of 1/1600 and a significantly elevated titer of antibody to double-stranded DNA (83 IU/mL ; normal < 30 IU/mL). She had also positive serum antibody against the Smith antigen and low serum level of C3 complement component: 67 mg/dL (serum normal range: 84 – 151). Relying on these findings, the patient was diagnosed with SLE since 4 of the 11 diagnostic criteria of the American College of Rheumatology were met. The SLEDAI score according to Systemic Lupus Erythematosus Disease Activity Index was estimated to be 7 on admission. Hydroxychloroquine 200 mg daily in combination with diuretics was initiated. One month later, there was no detectable ascitic fluid and no pleural effusions. Five months later she remained free from symptoms while continuing to take Hydroxychloroquine
",EN100114,"<|im_start|>user Extract the entities contained in the text. Extract only entities contained in the text.
Return the result in a json format: [{""entity"":""entity_name""}]. <<Tests for HBsAg and HCV were negative.>>> <|im_end|><|im_start|>assistant[{""entity"": ""Tests""}, {""entity"": ""negative""}] <|im_end|>","<|im_start|>user Extract the entities contained in the text. Extract only entities contained in the text.
Return the result in a json format: [{""entity"":""entity_name""}]. <<<We present a case of a 32-year-old woman with a history of gradual enlargement of the anterior neck.>>> <|im_end|><|im_start|>assistant [{""entity"": ""present""}, {""entity"": ""history""}, {""entity"": ""enlargement""}] <|im_end|>
<|im_start|>user Extract the entities contained in the text. Extract only entities contained in the text.
Return the result in a json format: [{""entity"":""entity_name""}]. <<<Patient information: a 9-month-old boy presented to the emergency room with a 3-day history of refusal to bear weight on the right lower extremity and febrile peaks of up to 38.5°C for 24 hours.>>> <|im_end|><|im_start|>assistant [{""entity"": ""presented""}, {""entity"": ""refusal""}, {""entity"": ""bear""}, {""entity"": ""peaks""}] <|im_end|>
<|im_start|>user Extract the entities contained in the text. Extract only entities contained in the text.
Return the result in a json format: [{""entity"":""entity_name""}]. <<Tests for HBsAg and HCV were negative.>>> <|im_end|><|im_start|>assistant","[{""entity"": ""Tests""}, {""entity"": ""negative""}] ","[{""entity"": ""HBsAg""}, {""entity"": ""HCV""}] <|im_end|><|im_end|><|im_end|><|im_end|><|im_end|><|im_end|><|im_end|><|im_end|><|im_end|><|im_end|>"
Abdominal ultrasonography showed ascitic fluid without any sign of bowel loop thickening or enteritis.,"[{'id': '8430', 'offsets': array([10, 25]), 'role': '', 'semantic_type_id': '', 'text': 'ultrasonography', 'type': 'EVENT'}
 {'id': '8445', 'offsets': array([26, 32]), 'role': '', 'semantic_type_id': '', 'text': 'showed', 'type': 'EVENT'}
 {'id': '8460', 'offsets': array([41, 46]), 'role': '', 'semantic_type_id': '', 'text': 'fluid', 'type': 'EVENT'}
 {'id': '8475', 'offsets': array([59, 63]), 'role': '', 'semantic_type_id': '', 'text': 'sign', 'type': 'EVENT'}
 {'id': '8490', 'offsets': array([78, 88]), 'role': '', 'semantic_type_id': '', 'text': 'thickening', 'type': 'EVENT'}
 {'id': '8505', 'offsets': array([ 92, 101]), 'role': '', 'semantic_type_id': '', 'text': 'enteritis', 'type': 'EVENT'}
 {'id': '9642', 'offsets': array([67, 72]), 'role': '', 'semantic_type_id': '', 'text': 'bowel', 'type': 'BODYPART'}]","A 77-year-old Tunisian woman was hospitalized because of massive painful ascites. Her family history did not include any autoimmune disease. She denied a history of hepatitis, jaundice or alcohol use. She had a history of diabetes, hypertension treated by glinide and calcium blocker. She was explored 4 years prior to admission for exudative pleuritis of the right lung without any established diagnosis after multiple explorations including thoracoscopy with biopsies. On admission, blood pressure was 150/70 mmHg, her rate was 80 /mn and body temperature was 37°C. The physical examination showed only abdominal distension related to the important ascites without collateral venous circulation. She had no skin lesions, lymphadenopathy, or hepatosplenomegaly and lower extremities showed no edema. Laboratory investigations showed: leucopenia with white blood cell count = 3100/mm3, lymphopenia = 840/mm3, hemoglobin = 10.5g/dL ; low serum albumin level = 29g/L, 47;-globulin = 19g/L. blood glucose levels = 180 mg/dl and hemoglobin A1c = 8.6 %. Urine analysis showed trace protein (0.03g/24h). Platelet count, activated partial thromboplastin time, liver function tests, blood urea nitrogen, serum creatinine, erythrocyte sediment rate and total cholesterol were within normal limits. Tests for HBsAg and HCV were negative. Abdominal ultrasonography showed ascitic fluid without any sign of bowel loop thickening or enteritis. Neither lymphadenopathy nor liver abnormality was present. A chest X-ray film disclosed bilateral pleural effusion. Ascitic obtained by aspiration contained 170 cells mm3 (67% lymphocytes), 46g/L protein, but no malignant cells. Cultures for bacteria and mycobacteria gave no growth. Tuberculosis investigation including initial tuberculin skin test and the research of Koch bacilli in sputum and urine were negative. Echocardiogram and electrocardiogram were normal. Computed tomographic scan showed massive ascites, no dysmorphic liver, and a mild bilateral pleural effusion. Pelvic examination was normal. Oesogastroduodenoscopy showed hiatal hernia without oesophageal varices. An exploratory laparoscopy was performed, revealing a large amount of ascite, a normal liver appearance, and no granulations suggesting tuberculosis or peritoneal carcinosis. Histological examination of the peritoneum showed non specific chronic inflammation. Systemic lupus erythematosus was suspected based on pleuritis, lymphopenia and leucopenia. An additional serologic survey revealed markedly elevated anti-nuclear antibody (ANA) titer of 1/1600 and a significantly elevated titer of antibody to double-stranded DNA (83 IU/mL ; normal < 30 IU/mL). She had also positive serum antibody against the Smith antigen and low serum level of C3 complement component: 67 mg/dL (serum normal range: 84 – 151). Relying on these findings, the patient was diagnosed with SLE since 4 of the 11 diagnostic criteria of the American College of Rheumatology were met. The SLEDAI score according to Systemic Lupus Erythematosus Disease Activity Index was estimated to be 7 on admission. Hydroxychloroquine 200 mg daily in combination with diuretics was initiated. One month later, there was no detectable ascitic fluid and no pleural effusions. Five months later she remained free from symptoms while continuing to take Hydroxychloroquine
",EN100114,"<|im_start|>user Extract the entities contained in the text. Extract only entities contained in the text.
Return the result in a json format: [{""entity"":""entity_name""}]. <<Abdominal ultrasonography showed ascitic fluid without any sign of bowel loop thickening or enteritis.>>> <|im_end|><|im_start|>assistant[{""entity"": ""ultrasonography""}, {""entity"": ""showed""}, {""entity"": ""fluid""}, {""entity"": ""sign""}, {""entity"": ""thickening""}, {""entity"": ""enteritis""}, {""entity"": ""bowel""}] <|im_end|>","<|im_start|>user Extract the entities contained in the text. Extract only entities contained in the text.
Return the result in a json format: [{""entity"":""entity_name""}]. <<<We present a case of a 32-year-old woman with a history of gradual enlargement of the anterior neck.>>> <|im_end|><|im_start|>assistant [{""entity"": ""present""}, {""entity"": ""history""}, {""entity"": ""enlargement""}] <|im_end|>
<|im_start|>user Extract the entities contained in the text. Extract only entities contained in the text.
Return the result in a json format: [{""entity"":""entity_name""}]. <<<Patient information: a 9-month-old boy presented to the emergency room with a 3-day history of refusal to bear weight on the right lower extremity and febrile peaks of up to 38.5°C for 24 hours.>>> <|im_end|><|im_start|>assistant [{""entity"": ""presented""}, {""entity"": ""refusal""}, {""entity"": ""bear""}, {""entity"": ""peaks""}] <|im_end|>
<|im_start|>user Extract the entities contained in the text. Extract only entities contained in the text.
Return the result in a json format: [{""entity"":""entity_name""}]. <<Abdominal ultrasonography showed ascitic fluid without any sign of bowel loop thickening or enteritis.>>> <|im_end|><|im_start|>assistant","[{""entity"": ""ultrasonography""}, {""entity"": ""showed""}, {""entity"": ""fluid""}, {""entity"": ""sign""}, {""entity"": ""thickening""}, {""entity"": ""enteritis""}, {""entity"": ""bowel""}] ","[{""entity"": ""ultrasonography""}, {""entity"": ""showed""}, {""entity"": ""thickening""}, {""entity"":"
Neither lymphadenopathy nor liver abnormality was present.,"[{'id': '8520', 'offsets': array([ 8, 23]), 'role': '', 'semantic_type_id': '', 'text': 'lymphadenopathy', 'type': 'EVENT'}
 {'id': '8535', 'offsets': array([34, 45]), 'role': '', 'semantic_type_id': '', 'text': 'abnormality', 'type': 'EVENT'}
 {'id': '9648', 'offsets': array([28, 33]), 'role': '', 'semantic_type_id': '', 'text': 'liver', 'type': 'BODYPART'}]","A 77-year-old Tunisian woman was hospitalized because of massive painful ascites. Her family history did not include any autoimmune disease. She denied a history of hepatitis, jaundice or alcohol use. She had a history of diabetes, hypertension treated by glinide and calcium blocker. She was explored 4 years prior to admission for exudative pleuritis of the right lung without any established diagnosis after multiple explorations including thoracoscopy with biopsies. On admission, blood pressure was 150/70 mmHg, her rate was 80 /mn and body temperature was 37°C. The physical examination showed only abdominal distension related to the important ascites without collateral venous circulation. She had no skin lesions, lymphadenopathy, or hepatosplenomegaly and lower extremities showed no edema. Laboratory investigations showed: leucopenia with white blood cell count = 3100/mm3, lymphopenia = 840/mm3, hemoglobin = 10.5g/dL ; low serum albumin level = 29g/L, 47;-globulin = 19g/L. blood glucose levels = 180 mg/dl and hemoglobin A1c = 8.6 %. Urine analysis showed trace protein (0.03g/24h). Platelet count, activated partial thromboplastin time, liver function tests, blood urea nitrogen, serum creatinine, erythrocyte sediment rate and total cholesterol were within normal limits. Tests for HBsAg and HCV were negative. Abdominal ultrasonography showed ascitic fluid without any sign of bowel loop thickening or enteritis. Neither lymphadenopathy nor liver abnormality was present. A chest X-ray film disclosed bilateral pleural effusion. Ascitic obtained by aspiration contained 170 cells mm3 (67% lymphocytes), 46g/L protein, but no malignant cells. Cultures for bacteria and mycobacteria gave no growth. Tuberculosis investigation including initial tuberculin skin test and the research of Koch bacilli in sputum and urine were negative. Echocardiogram and electrocardiogram were normal. Computed tomographic scan showed massive ascites, no dysmorphic liver, and a mild bilateral pleural effusion. Pelvic examination was normal. Oesogastroduodenoscopy showed hiatal hernia without oesophageal varices. An exploratory laparoscopy was performed, revealing a large amount of ascite, a normal liver appearance, and no granulations suggesting tuberculosis or peritoneal carcinosis. Histological examination of the peritoneum showed non specific chronic inflammation. Systemic lupus erythematosus was suspected based on pleuritis, lymphopenia and leucopenia. An additional serologic survey revealed markedly elevated anti-nuclear antibody (ANA) titer of 1/1600 and a significantly elevated titer of antibody to double-stranded DNA (83 IU/mL ; normal < 30 IU/mL). She had also positive serum antibody against the Smith antigen and low serum level of C3 complement component: 67 mg/dL (serum normal range: 84 – 151). Relying on these findings, the patient was diagnosed with SLE since 4 of the 11 diagnostic criteria of the American College of Rheumatology were met. The SLEDAI score according to Systemic Lupus Erythematosus Disease Activity Index was estimated to be 7 on admission. Hydroxychloroquine 200 mg daily in combination with diuretics was initiated. One month later, there was no detectable ascitic fluid and no pleural effusions. Five months later she remained free from symptoms while continuing to take Hydroxychloroquine
",EN100114,"<|im_start|>user Extract the entities contained in the text. Extract only entities contained in the text.
Return the result in a json format: [{""entity"":""entity_name""}]. <<Neither lymphadenopathy nor liver abnormality was present.>>> <|im_end|><|im_start|>assistant[{""entity"": ""lymphadenopathy""}, {""entity"": ""abnormality""}, {""entity"": ""liver""}] <|im_end|>","<|im_start|>user Extract the entities contained in the text. Extract only entities contained in the text.
Return the result in a json format: [{""entity"":""entity_name""}]. <<<We present a case of a 32-year-old woman with a history of gradual enlargement of the anterior neck.>>> <|im_end|><|im_start|>assistant [{""entity"": ""present""}, {""entity"": ""history""}, {""entity"": ""enlargement""}] <|im_end|>
<|im_start|>user Extract the entities contained in the text. Extract only entities contained in the text.
Return the result in a json format: [{""entity"":""entity_name""}]. <<<Patient information: a 9-month-old boy presented to the emergency room with a 3-day history of refusal to bear weight on the right lower extremity and febrile peaks of up to 38.5°C for 24 hours.>>> <|im_end|><|im_start|>assistant [{""entity"": ""presented""}, {""entity"": ""refusal""}, {""entity"": ""bear""}, {""entity"": ""peaks""}] <|im_end|>
<|im_start|>user Extract the entities contained in the text. Extract only entities contained in the text.
Return the result in a json format: [{""entity"":""entity_name""}]. <<Neither lymphadenopathy nor liver abnormality was present.>>> <|im_end|><|im_start|>assistant","[{""entity"": ""lymphadenopathy""}, {""entity"": ""abnormality""}, {""entity"": ""liver""}] ","[{""entity"": ""lymphadenopathy""}, {""entity"": ""abnormality""}, {""entity"": ""present""}] <|im_end|><|im_end|>"
A chest X-ray film disclosed bilateral pleural effusion.,"[{'id': '8550', 'offsets': array([19, 28]), 'role': '', 'semantic_type_id': '', 'text': 'disclosed', 'type': 'EVENT'}
 {'id': '8565', 'offsets': array([47, 55]), 'role': '', 'semantic_type_id': '', 'text': 'effusion', 'type': 'EVENT'}
 {'id': '9506', 'offsets': array([29, 55]), 'role': '', 'semantic_type_id': 'C0747635', 'text': 'bilateral pleural effusion', 'type': 'CLINENTITY'}
 {'id': '9654', 'offsets': array([2, 7]), 'role': '', 'semantic_type_id': '', 'text': 'chest', 'type': 'BODYPART'}]","A 77-year-old Tunisian woman was hospitalized because of massive painful ascites. Her family history did not include any autoimmune disease. She denied a history of hepatitis, jaundice or alcohol use. She had a history of diabetes, hypertension treated by glinide and calcium blocker. She was explored 4 years prior to admission for exudative pleuritis of the right lung without any established diagnosis after multiple explorations including thoracoscopy with biopsies. On admission, blood pressure was 150/70 mmHg, her rate was 80 /mn and body temperature was 37°C. The physical examination showed only abdominal distension related to the important ascites without collateral venous circulation. She had no skin lesions, lymphadenopathy, or hepatosplenomegaly and lower extremities showed no edema. Laboratory investigations showed: leucopenia with white blood cell count = 3100/mm3, lymphopenia = 840/mm3, hemoglobin = 10.5g/dL ; low serum albumin level = 29g/L, 47;-globulin = 19g/L. blood glucose levels = 180 mg/dl and hemoglobin A1c = 8.6 %. Urine analysis showed trace protein (0.03g/24h). Platelet count, activated partial thromboplastin time, liver function tests, blood urea nitrogen, serum creatinine, erythrocyte sediment rate and total cholesterol were within normal limits. Tests for HBsAg and HCV were negative. Abdominal ultrasonography showed ascitic fluid without any sign of bowel loop thickening or enteritis. Neither lymphadenopathy nor liver abnormality was present. A chest X-ray film disclosed bilateral pleural effusion. Ascitic obtained by aspiration contained 170 cells mm3 (67% lymphocytes), 46g/L protein, but no malignant cells. Cultures for bacteria and mycobacteria gave no growth. Tuberculosis investigation including initial tuberculin skin test and the research of Koch bacilli in sputum and urine were negative. Echocardiogram and electrocardiogram were normal. Computed tomographic scan showed massive ascites, no dysmorphic liver, and a mild bilateral pleural effusion. Pelvic examination was normal. Oesogastroduodenoscopy showed hiatal hernia without oesophageal varices. An exploratory laparoscopy was performed, revealing a large amount of ascite, a normal liver appearance, and no granulations suggesting tuberculosis or peritoneal carcinosis. Histological examination of the peritoneum showed non specific chronic inflammation. Systemic lupus erythematosus was suspected based on pleuritis, lymphopenia and leucopenia. An additional serologic survey revealed markedly elevated anti-nuclear antibody (ANA) titer of 1/1600 and a significantly elevated titer of antibody to double-stranded DNA (83 IU/mL ; normal < 30 IU/mL). She had also positive serum antibody against the Smith antigen and low serum level of C3 complement component: 67 mg/dL (serum normal range: 84 – 151). Relying on these findings, the patient was diagnosed with SLE since 4 of the 11 diagnostic criteria of the American College of Rheumatology were met. The SLEDAI score according to Systemic Lupus Erythematosus Disease Activity Index was estimated to be 7 on admission. Hydroxychloroquine 200 mg daily in combination with diuretics was initiated. One month later, there was no detectable ascitic fluid and no pleural effusions. Five months later she remained free from symptoms while continuing to take Hydroxychloroquine
",EN100114,"<|im_start|>user Extract the entities contained in the text. Extract only entities contained in the text.
Return the result in a json format: [{""entity"":""entity_name""}]. <<A chest X-ray film disclosed bilateral pleural effusion.>>> <|im_end|><|im_start|>assistant[{""entity"": ""disclosed""}, {""entity"": ""effusion""}, {""entity"": ""bilateral pleural effusion""}, {""entity"": ""chest""}] <|im_end|>","<|im_start|>user Extract the entities contained in the text. Extract only entities contained in the text.
Return the result in a json format: [{""entity"":""entity_name""}]. <<<We present a case of a 32-year-old woman with a history of gradual enlargement of the anterior neck.>>> <|im_end|><|im_start|>assistant [{""entity"": ""present""}, {""entity"": ""history""}, {""entity"": ""enlargement""}] <|im_end|>
<|im_start|>user Extract the entities contained in the text. Extract only entities contained in the text.
Return the result in a json format: [{""entity"":""entity_name""}]. <<<Patient information: a 9-month-old boy presented to the emergency room with a 3-day history of refusal to bear weight on the right lower extremity and febrile peaks of up to 38.5°C for 24 hours.>>> <|im_end|><|im_start|>assistant [{""entity"": ""presented""}, {""entity"": ""refusal""}, {""entity"": ""bear""}, {""entity"": ""peaks""}] <|im_end|>
<|im_start|>user Extract the entities contained in the text. Extract only entities contained in the text.
Return the result in a json format: [{""entity"":""entity_name""}]. <<A chest X-ray film disclosed bilateral pleural effusion.>>> <|im_end|><|im_start|>assistant","[{""entity"": ""disclosed""}, {""entity"": ""effusion""}, {""entity"": ""bilateral pleural effusion""}, {""entity"": ""chest""}] ","[{""entity"": ""X-ray""}, {""entity"": ""disclosed""}, {""entity"": ""effusion""}, {""entity"": ""bilateral"
Tuberculosis investigation including initial tuberculin skin test and the research of Koch bacilli in sputum and urine were negative.,"[{'id': '8685', 'offsets': array([13, 26]), 'role': '', 'semantic_type_id': '', 'text': 'investigation', 'type': 'EVENT'}
 {'id': '8700', 'offsets': array([61, 65]), 'role': '', 'semantic_type_id': '', 'text': 'test', 'type': 'EVENT'}
 {'id': '8715', 'offsets': array([74, 82]), 'role': '', 'semantic_type_id': '', 'text': 'research', 'type': 'EVENT'}
 {'id': '9660', 'offsets': array([102, 108]), 'role': '', 'semantic_type_id': '', 'text': 'sputum', 'type': 'BODYPART'}
 {'id': '9666', 'offsets': array([113, 118]), 'role': '', 'semantic_type_id': '', 'text': 'urine', 'type': 'BODYPART'}
 {'id': '9861', 'offsets': array([124, 132]), 'role': '', 'semantic_type_id': '', 'text': 'negative', 'type': 'RML'}]","A 77-year-old Tunisian woman was hospitalized because of massive painful ascites. Her family history did not include any autoimmune disease. She denied a history of hepatitis, jaundice or alcohol use. She had a history of diabetes, hypertension treated by glinide and calcium blocker. She was explored 4 years prior to admission for exudative pleuritis of the right lung without any established diagnosis after multiple explorations including thoracoscopy with biopsies. On admission, blood pressure was 150/70 mmHg, her rate was 80 /mn and body temperature was 37°C. The physical examination showed only abdominal distension related to the important ascites without collateral venous circulation. She had no skin lesions, lymphadenopathy, or hepatosplenomegaly and lower extremities showed no edema. Laboratory investigations showed: leucopenia with white blood cell count = 3100/mm3, lymphopenia = 840/mm3, hemoglobin = 10.5g/dL ; low serum albumin level = 29g/L, 47;-globulin = 19g/L. blood glucose levels = 180 mg/dl and hemoglobin A1c = 8.6 %. Urine analysis showed trace protein (0.03g/24h). Platelet count, activated partial thromboplastin time, liver function tests, blood urea nitrogen, serum creatinine, erythrocyte sediment rate and total cholesterol were within normal limits. Tests for HBsAg and HCV were negative. Abdominal ultrasonography showed ascitic fluid without any sign of bowel loop thickening or enteritis. Neither lymphadenopathy nor liver abnormality was present. A chest X-ray film disclosed bilateral pleural effusion. Ascitic obtained by aspiration contained 170 cells mm3 (67% lymphocytes), 46g/L protein, but no malignant cells. Cultures for bacteria and mycobacteria gave no growth. Tuberculosis investigation including initial tuberculin skin test and the research of Koch bacilli in sputum and urine were negative. Echocardiogram and electrocardiogram were normal. Computed tomographic scan showed massive ascites, no dysmorphic liver, and a mild bilateral pleural effusion. Pelvic examination was normal. Oesogastroduodenoscopy showed hiatal hernia without oesophageal varices. An exploratory laparoscopy was performed, revealing a large amount of ascite, a normal liver appearance, and no granulations suggesting tuberculosis or peritoneal carcinosis. Histological examination of the peritoneum showed non specific chronic inflammation. Systemic lupus erythematosus was suspected based on pleuritis, lymphopenia and leucopenia. An additional serologic survey revealed markedly elevated anti-nuclear antibody (ANA) titer of 1/1600 and a significantly elevated titer of antibody to double-stranded DNA (83 IU/mL ; normal < 30 IU/mL). She had also positive serum antibody against the Smith antigen and low serum level of C3 complement component: 67 mg/dL (serum normal range: 84 – 151). Relying on these findings, the patient was diagnosed with SLE since 4 of the 11 diagnostic criteria of the American College of Rheumatology were met. The SLEDAI score according to Systemic Lupus Erythematosus Disease Activity Index was estimated to be 7 on admission. Hydroxychloroquine 200 mg daily in combination with diuretics was initiated. One month later, there was no detectable ascitic fluid and no pleural effusions. Five months later she remained free from symptoms while continuing to take Hydroxychloroquine
",EN100114,"<|im_start|>user Extract the entities contained in the text. Extract only entities contained in the text.
Return the result in a json format: [{""entity"":""entity_name""}]. <<Tuberculosis investigation including initial tuberculin skin test and the research of Koch bacilli in sputum and urine were negative.>>> <|im_end|><|im_start|>assistant[{""entity"": ""investigation""}, {""entity"": ""test""}, {""entity"": ""research""}, {""entity"": ""sputum""}, {""entity"": ""urine""}, {""entity"": ""negative""}] <|im_end|>","<|im_start|>user Extract the entities contained in the text. Extract only entities contained in the text.
Return the result in a json format: [{""entity"":""entity_name""}]. <<<We present a case of a 32-year-old woman with a history of gradual enlargement of the anterior neck.>>> <|im_end|><|im_start|>assistant [{""entity"": ""present""}, {""entity"": ""history""}, {""entity"": ""enlargement""}] <|im_end|>
<|im_start|>user Extract the entities contained in the text. Extract only entities contained in the text.
Return the result in a json format: [{""entity"":""entity_name""}]. <<<Patient information: a 9-month-old boy presented to the emergency room with a 3-day history of refusal to bear weight on the right lower extremity and febrile peaks of up to 38.5°C for 24 hours.>>> <|im_end|><|im_start|>assistant [{""entity"": ""presented""}, {""entity"": ""refusal""}, {""entity"": ""bear""}, {""entity"": ""peaks""}] <|im_end|>
<|im_start|>user Extract the entities contained in the text. Extract only entities contained in the text.
Return the result in a json format: [{""entity"":""entity_name""}]. <<Tuberculosis investigation including initial tuberculin skin test and the research of Koch bacilli in sputum and urine were negative.>>> <|im_end|><|im_start|>assistant","[{""entity"": ""investigation""}, {""entity"": ""test""}, {""entity"": ""research""}, {""entity"": ""sputum""}, {""entity"": ""urine""}, {""entity"": ""negative""}] ","[{""entity"": ""investigation""}, {""entity"": ""test""}, {""entity"": ""bacilli""}, {""entity"": ""sputum"
Echocardiogram and electrocardiogram were normal.,"[{'id': '8730', 'offsets': array([ 0, 14]), 'role': '', 'semantic_type_id': '', 'text': 'Echocardiogram', 'type': 'EVENT'}
 {'id': '8745', 'offsets': array([19, 36]), 'role': '', 'semantic_type_id': '', 'text': 'electrocardiogram', 'type': 'EVENT'}
 {'id': '9867', 'offsets': array([42, 48]), 'role': '', 'semantic_type_id': '', 'text': 'normal', 'type': 'RML'}]","A 77-year-old Tunisian woman was hospitalized because of massive painful ascites. Her family history did not include any autoimmune disease. She denied a history of hepatitis, jaundice or alcohol use. She had a history of diabetes, hypertension treated by glinide and calcium blocker. She was explored 4 years prior to admission for exudative pleuritis of the right lung without any established diagnosis after multiple explorations including thoracoscopy with biopsies. On admission, blood pressure was 150/70 mmHg, her rate was 80 /mn and body temperature was 37°C. The physical examination showed only abdominal distension related to the important ascites without collateral venous circulation. She had no skin lesions, lymphadenopathy, or hepatosplenomegaly and lower extremities showed no edema. Laboratory investigations showed: leucopenia with white blood cell count = 3100/mm3, lymphopenia = 840/mm3, hemoglobin = 10.5g/dL ; low serum albumin level = 29g/L, 47;-globulin = 19g/L. blood glucose levels = 180 mg/dl and hemoglobin A1c = 8.6 %. Urine analysis showed trace protein (0.03g/24h). Platelet count, activated partial thromboplastin time, liver function tests, blood urea nitrogen, serum creatinine, erythrocyte sediment rate and total cholesterol were within normal limits. Tests for HBsAg and HCV were negative. Abdominal ultrasonography showed ascitic fluid without any sign of bowel loop thickening or enteritis. Neither lymphadenopathy nor liver abnormality was present. A chest X-ray film disclosed bilateral pleural effusion. Ascitic obtained by aspiration contained 170 cells mm3 (67% lymphocytes), 46g/L protein, but no malignant cells. Cultures for bacteria and mycobacteria gave no growth. Tuberculosis investigation including initial tuberculin skin test and the research of Koch bacilli in sputum and urine were negative. Echocardiogram and electrocardiogram were normal. Computed tomographic scan showed massive ascites, no dysmorphic liver, and a mild bilateral pleural effusion. Pelvic examination was normal. Oesogastroduodenoscopy showed hiatal hernia without oesophageal varices. An exploratory laparoscopy was performed, revealing a large amount of ascite, a normal liver appearance, and no granulations suggesting tuberculosis or peritoneal carcinosis. Histological examination of the peritoneum showed non specific chronic inflammation. Systemic lupus erythematosus was suspected based on pleuritis, lymphopenia and leucopenia. An additional serologic survey revealed markedly elevated anti-nuclear antibody (ANA) titer of 1/1600 and a significantly elevated titer of antibody to double-stranded DNA (83 IU/mL ; normal < 30 IU/mL). She had also positive serum antibody against the Smith antigen and low serum level of C3 complement component: 67 mg/dL (serum normal range: 84 – 151). Relying on these findings, the patient was diagnosed with SLE since 4 of the 11 diagnostic criteria of the American College of Rheumatology were met. The SLEDAI score according to Systemic Lupus Erythematosus Disease Activity Index was estimated to be 7 on admission. Hydroxychloroquine 200 mg daily in combination with diuretics was initiated. One month later, there was no detectable ascitic fluid and no pleural effusions. Five months later she remained free from symptoms while continuing to take Hydroxychloroquine
",EN100114,"<|im_start|>user Extract the entities contained in the text. Extract only entities contained in the text.
Return the result in a json format: [{""entity"":""entity_name""}]. <<Echocardiogram and electrocardiogram were normal.>>> <|im_end|><|im_start|>assistant[{""entity"": ""Echocardiogram""}, {""entity"": ""electrocardiogram""}, {""entity"": ""normal""}] <|im_end|>","<|im_start|>user Extract the entities contained in the text. Extract only entities contained in the text.
Return the result in a json format: [{""entity"":""entity_name""}]. <<<We present a case of a 32-year-old woman with a history of gradual enlargement of the anterior neck.>>> <|im_end|><|im_start|>assistant [{""entity"": ""present""}, {""entity"": ""history""}, {""entity"": ""enlargement""}] <|im_end|>
<|im_start|>user Extract the entities contained in the text. Extract only entities contained in the text.
Return the result in a json format: [{""entity"":""entity_name""}]. <<<Patient information: a 9-month-old boy presented to the emergency room with a 3-day history of refusal to bear weight on the right lower extremity and febrile peaks of up to 38.5°C for 24 hours.>>> <|im_end|><|im_start|>assistant [{""entity"": ""presented""}, {""entity"": ""refusal""}, {""entity"": ""bear""}, {""entity"": ""peaks""}] <|im_end|>
<|im_start|>user Extract the entities contained in the text. Extract only entities contained in the text.
Return the result in a json format: [{""entity"":""entity_name""}]. <<Echocardiogram and electrocardiogram were normal.>>> <|im_end|><|im_start|>assistant","[{""entity"": ""Echocardiogram""}, {""entity"": ""electrocardiogram""}, {""entity"": ""normal""}] ","[{""entity"": ""echocardiogram""}, {""entity"": ""electrocardiogram""}] <|im_end|><|im_end|><|im_end|><|im_end|><|im_end|><|im_end|>"
"Computed tomographic scan showed massive ascites, no dysmorphic liver, and a mild bilateral pleural effusion.","[{'id': '8760', 'offsets': array([21, 25]), 'role': '', 'semantic_type_id': '', 'text': 'scan', 'type': 'EVENT'}
 {'id': '8775', 'offsets': array([26, 32]), 'role': '', 'semantic_type_id': '', 'text': 'showed', 'type': 'EVENT'}
 {'id': '8790', 'offsets': array([41, 48]), 'role': '', 'semantic_type_id': '', 'text': 'ascites', 'type': 'EVENT'}
 {'id': '8805', 'offsets': array([100, 108]), 'role': '', 'semantic_type_id': '', 'text': 'effusion', 'type': 'EVENT'}
 {'id': '9513', 'offsets': array([41, 48]), 'role': '', 'semantic_type_id': 'C0003962', 'text': 'ascites', 'type': 'CLINENTITY'}
 {'id': '9520', 'offsets': array([ 82, 108]), 'role': '', 'semantic_type_id': 'C0747635', 'text': 'bilateral pleural effusion', 'type': 'CLINENTITY'}
 {'id': '9672', 'offsets': array([53, 69]), 'role': '', 'semantic_type_id': '', 'text': 'dysmorphic liver', 'type': 'BODYPART'}]","A 77-year-old Tunisian woman was hospitalized because of massive painful ascites. Her family history did not include any autoimmune disease. She denied a history of hepatitis, jaundice or alcohol use. She had a history of diabetes, hypertension treated by glinide and calcium blocker. She was explored 4 years prior to admission for exudative pleuritis of the right lung without any established diagnosis after multiple explorations including thoracoscopy with biopsies. On admission, blood pressure was 150/70 mmHg, her rate was 80 /mn and body temperature was 37°C. The physical examination showed only abdominal distension related to the important ascites without collateral venous circulation. She had no skin lesions, lymphadenopathy, or hepatosplenomegaly and lower extremities showed no edema. Laboratory investigations showed: leucopenia with white blood cell count = 3100/mm3, lymphopenia = 840/mm3, hemoglobin = 10.5g/dL ; low serum albumin level = 29g/L, 47;-globulin = 19g/L. blood glucose levels = 180 mg/dl and hemoglobin A1c = 8.6 %. Urine analysis showed trace protein (0.03g/24h). Platelet count, activated partial thromboplastin time, liver function tests, blood urea nitrogen, serum creatinine, erythrocyte sediment rate and total cholesterol were within normal limits. Tests for HBsAg and HCV were negative. Abdominal ultrasonography showed ascitic fluid without any sign of bowel loop thickening or enteritis. Neither lymphadenopathy nor liver abnormality was present. A chest X-ray film disclosed bilateral pleural effusion. Ascitic obtained by aspiration contained 170 cells mm3 (67% lymphocytes), 46g/L protein, but no malignant cells. Cultures for bacteria and mycobacteria gave no growth. Tuberculosis investigation including initial tuberculin skin test and the research of Koch bacilli in sputum and urine were negative. Echocardiogram and electrocardiogram were normal. Computed tomographic scan showed massive ascites, no dysmorphic liver, and a mild bilateral pleural effusion. Pelvic examination was normal. Oesogastroduodenoscopy showed hiatal hernia without oesophageal varices. An exploratory laparoscopy was performed, revealing a large amount of ascite, a normal liver appearance, and no granulations suggesting tuberculosis or peritoneal carcinosis. Histological examination of the peritoneum showed non specific chronic inflammation. Systemic lupus erythematosus was suspected based on pleuritis, lymphopenia and leucopenia. An additional serologic survey revealed markedly elevated anti-nuclear antibody (ANA) titer of 1/1600 and a significantly elevated titer of antibody to double-stranded DNA (83 IU/mL ; normal < 30 IU/mL). She had also positive serum antibody against the Smith antigen and low serum level of C3 complement component: 67 mg/dL (serum normal range: 84 – 151). Relying on these findings, the patient was diagnosed with SLE since 4 of the 11 diagnostic criteria of the American College of Rheumatology were met. The SLEDAI score according to Systemic Lupus Erythematosus Disease Activity Index was estimated to be 7 on admission. Hydroxychloroquine 200 mg daily in combination with diuretics was initiated. One month later, there was no detectable ascitic fluid and no pleural effusions. Five months later she remained free from symptoms while continuing to take Hydroxychloroquine
",EN100114,"<|im_start|>user Extract the entities contained in the text. Extract only entities contained in the text.
Return the result in a json format: [{""entity"":""entity_name""}]. <<Computed tomographic scan showed massive ascites, no dysmorphic liver, and a mild bilateral pleural effusion.>>> <|im_end|><|im_start|>assistant[{""entity"": ""scan""}, {""entity"": ""showed""}, {""entity"": ""ascites""}, {""entity"": ""effusion""}, {""entity"": ""ascites""}, {""entity"": ""bilateral pleural effusion""}, {""entity"": ""dysmorphic liver""}] <|im_end|>","<|im_start|>user Extract the entities contained in the text. Extract only entities contained in the text.
Return the result in a json format: [{""entity"":""entity_name""}]. <<<We present a case of a 32-year-old woman with a history of gradual enlargement of the anterior neck.>>> <|im_end|><|im_start|>assistant [{""entity"": ""present""}, {""entity"": ""history""}, {""entity"": ""enlargement""}] <|im_end|>
<|im_start|>user Extract the entities contained in the text. Extract only entities contained in the text.
Return the result in a json format: [{""entity"":""entity_name""}]. <<<Patient information: a 9-month-old boy presented to the emergency room with a 3-day history of refusal to bear weight on the right lower extremity and febrile peaks of up to 38.5°C for 24 hours.>>> <|im_end|><|im_start|>assistant [{""entity"": ""presented""}, {""entity"": ""refusal""}, {""entity"": ""bear""}, {""entity"": ""peaks""}] <|im_end|>
<|im_start|>user Extract the entities contained in the text. Extract only entities contained in the text.
Return the result in a json format: [{""entity"":""entity_name""}]. <<Computed tomographic scan showed massive ascites, no dysmorphic liver, and a mild bilateral pleural effusion.>>> <|im_end|><|im_start|>assistant","[{""entity"": ""scan""}, {""entity"": ""showed""}, {""entity"": ""ascites""}, {""entity"": ""effusion""}, {""entity"": ""ascites""}, {""entity"": ""bilateral pleural effusion""}, {""entity"": ""dysmorphic liver""}] ","[{""entity"": ""scan""}, {""entity"": ""showed""}, {""entity"": ""ascites""}, {""entity"": ""dysm"
Pelvic examination was normal.,"[{'id': '8820', 'offsets': array([ 7, 18]), 'role': '', 'semantic_type_id': '', 'text': 'examination', 'type': 'EVENT'}
 {'id': '9873', 'offsets': array([23, 29]), 'role': '', 'semantic_type_id': '', 'text': 'normal', 'type': 'RML'}]","A 77-year-old Tunisian woman was hospitalized because of massive painful ascites. Her family history did not include any autoimmune disease. She denied a history of hepatitis, jaundice or alcohol use. She had a history of diabetes, hypertension treated by glinide and calcium blocker. She was explored 4 years prior to admission for exudative pleuritis of the right lung without any established diagnosis after multiple explorations including thoracoscopy with biopsies. On admission, blood pressure was 150/70 mmHg, her rate was 80 /mn and body temperature was 37°C. The physical examination showed only abdominal distension related to the important ascites without collateral venous circulation. She had no skin lesions, lymphadenopathy, or hepatosplenomegaly and lower extremities showed no edema. Laboratory investigations showed: leucopenia with white blood cell count = 3100/mm3, lymphopenia = 840/mm3, hemoglobin = 10.5g/dL ; low serum albumin level = 29g/L, 47;-globulin = 19g/L. blood glucose levels = 180 mg/dl and hemoglobin A1c = 8.6 %. Urine analysis showed trace protein (0.03g/24h). Platelet count, activated partial thromboplastin time, liver function tests, blood urea nitrogen, serum creatinine, erythrocyte sediment rate and total cholesterol were within normal limits. Tests for HBsAg and HCV were negative. Abdominal ultrasonography showed ascitic fluid without any sign of bowel loop thickening or enteritis. Neither lymphadenopathy nor liver abnormality was present. A chest X-ray film disclosed bilateral pleural effusion. Ascitic obtained by aspiration contained 170 cells mm3 (67% lymphocytes), 46g/L protein, but no malignant cells. Cultures for bacteria and mycobacteria gave no growth. Tuberculosis investigation including initial tuberculin skin test and the research of Koch bacilli in sputum and urine were negative. Echocardiogram and electrocardiogram were normal. Computed tomographic scan showed massive ascites, no dysmorphic liver, and a mild bilateral pleural effusion. Pelvic examination was normal. Oesogastroduodenoscopy showed hiatal hernia without oesophageal varices. An exploratory laparoscopy was performed, revealing a large amount of ascite, a normal liver appearance, and no granulations suggesting tuberculosis or peritoneal carcinosis. Histological examination of the peritoneum showed non specific chronic inflammation. Systemic lupus erythematosus was suspected based on pleuritis, lymphopenia and leucopenia. An additional serologic survey revealed markedly elevated anti-nuclear antibody (ANA) titer of 1/1600 and a significantly elevated titer of antibody to double-stranded DNA (83 IU/mL ; normal < 30 IU/mL). She had also positive serum antibody against the Smith antigen and low serum level of C3 complement component: 67 mg/dL (serum normal range: 84 – 151). Relying on these findings, the patient was diagnosed with SLE since 4 of the 11 diagnostic criteria of the American College of Rheumatology were met. The SLEDAI score according to Systemic Lupus Erythematosus Disease Activity Index was estimated to be 7 on admission. Hydroxychloroquine 200 mg daily in combination with diuretics was initiated. One month later, there was no detectable ascitic fluid and no pleural effusions. Five months later she remained free from symptoms while continuing to take Hydroxychloroquine
",EN100114,"<|im_start|>user Extract the entities contained in the text. Extract only entities contained in the text.
Return the result in a json format: [{""entity"":""entity_name""}]. <<Pelvic examination was normal.>>> <|im_end|><|im_start|>assistant[{""entity"": ""examination""}, {""entity"": ""normal""}] <|im_end|>","<|im_start|>user Extract the entities contained in the text. Extract only entities contained in the text.
Return the result in a json format: [{""entity"":""entity_name""}]. <<<We present a case of a 32-year-old woman with a history of gradual enlargement of the anterior neck.>>> <|im_end|><|im_start|>assistant [{""entity"": ""present""}, {""entity"": ""history""}, {""entity"": ""enlargement""}] <|im_end|>
<|im_start|>user Extract the entities contained in the text. Extract only entities contained in the text.
Return the result in a json format: [{""entity"":""entity_name""}]. <<<Patient information: a 9-month-old boy presented to the emergency room with a 3-day history of refusal to bear weight on the right lower extremity and febrile peaks of up to 38.5°C for 24 hours.>>> <|im_end|><|im_start|>assistant [{""entity"": ""presented""}, {""entity"": ""refusal""}, {""entity"": ""bear""}, {""entity"": ""peaks""}] <|im_end|>
<|im_start|>user Extract the entities contained in the text. Extract only entities contained in the text.
Return the result in a json format: [{""entity"":""entity_name""}]. <<Pelvic examination was normal.>>> <|im_end|><|im_start|>assistant","[{""entity"": ""examination""}, {""entity"": ""normal""}] ","[{""entity"": ""examination""}] <|im_end|><|im_end|><|im_end|><|im_end|><|im_end|><|im_end|><|im_end|><|im_end|><|im_end|><|im_end|><|im_end|><|im_end|><|im_end|><|im_end|><|im_end|><|im_end|><|im_end|><|im_end|>"
Oesogastroduodenoscopy showed hiatal hernia without oesophageal varices.,"[{'id': '8835', 'offsets': array([ 0, 22]), 'role': '', 'semantic_type_id': '', 'text': 'Oesogastroduodenoscopy', 'type': 'EVENT'}
 {'id': '8850', 'offsets': array([23, 29]), 'role': '', 'semantic_type_id': '', 'text': 'showed', 'type': 'EVENT'}
 {'id': '8865', 'offsets': array([37, 43]), 'role': '', 'semantic_type_id': '', 'text': 'hernia', 'type': 'EVENT'}
 {'id': '9527', 'offsets': array([30, 43]), 'role': '', 'semantic_type_id': 'C3489393', 'text': 'hiatal hernia', 'type': 'CLINENTITY'}]","A 77-year-old Tunisian woman was hospitalized because of massive painful ascites. Her family history did not include any autoimmune disease. She denied a history of hepatitis, jaundice or alcohol use. She had a history of diabetes, hypertension treated by glinide and calcium blocker. She was explored 4 years prior to admission for exudative pleuritis of the right lung without any established diagnosis after multiple explorations including thoracoscopy with biopsies. On admission, blood pressure was 150/70 mmHg, her rate was 80 /mn and body temperature was 37°C. The physical examination showed only abdominal distension related to the important ascites without collateral venous circulation. She had no skin lesions, lymphadenopathy, or hepatosplenomegaly and lower extremities showed no edema. Laboratory investigations showed: leucopenia with white blood cell count = 3100/mm3, lymphopenia = 840/mm3, hemoglobin = 10.5g/dL ; low serum albumin level = 29g/L, 47;-globulin = 19g/L. blood glucose levels = 180 mg/dl and hemoglobin A1c = 8.6 %. Urine analysis showed trace protein (0.03g/24h). Platelet count, activated partial thromboplastin time, liver function tests, blood urea nitrogen, serum creatinine, erythrocyte sediment rate and total cholesterol were within normal limits. Tests for HBsAg and HCV were negative. Abdominal ultrasonography showed ascitic fluid without any sign of bowel loop thickening or enteritis. Neither lymphadenopathy nor liver abnormality was present. A chest X-ray film disclosed bilateral pleural effusion. Ascitic obtained by aspiration contained 170 cells mm3 (67% lymphocytes), 46g/L protein, but no malignant cells. Cultures for bacteria and mycobacteria gave no growth. Tuberculosis investigation including initial tuberculin skin test and the research of Koch bacilli in sputum and urine were negative. Echocardiogram and electrocardiogram were normal. Computed tomographic scan showed massive ascites, no dysmorphic liver, and a mild bilateral pleural effusion. Pelvic examination was normal. Oesogastroduodenoscopy showed hiatal hernia without oesophageal varices. An exploratory laparoscopy was performed, revealing a large amount of ascite, a normal liver appearance, and no granulations suggesting tuberculosis or peritoneal carcinosis. Histological examination of the peritoneum showed non specific chronic inflammation. Systemic lupus erythematosus was suspected based on pleuritis, lymphopenia and leucopenia. An additional serologic survey revealed markedly elevated anti-nuclear antibody (ANA) titer of 1/1600 and a significantly elevated titer of antibody to double-stranded DNA (83 IU/mL ; normal < 30 IU/mL). She had also positive serum antibody against the Smith antigen and low serum level of C3 complement component: 67 mg/dL (serum normal range: 84 – 151). Relying on these findings, the patient was diagnosed with SLE since 4 of the 11 diagnostic criteria of the American College of Rheumatology were met. The SLEDAI score according to Systemic Lupus Erythematosus Disease Activity Index was estimated to be 7 on admission. Hydroxychloroquine 200 mg daily in combination with diuretics was initiated. One month later, there was no detectable ascitic fluid and no pleural effusions. Five months later she remained free from symptoms while continuing to take Hydroxychloroquine
",EN100114,"<|im_start|>user Extract the entities contained in the text. Extract only entities contained in the text.
Return the result in a json format: [{""entity"":""entity_name""}]. <<Oesogastroduodenoscopy showed hiatal hernia without oesophageal varices.>>> <|im_end|><|im_start|>assistant[{""entity"": ""Oesogastroduodenoscopy""}, {""entity"": ""showed""}, {""entity"": ""hernia""}, {""entity"": ""hiatal hernia""}] <|im_end|>","<|im_start|>user Extract the entities contained in the text. Extract only entities contained in the text.
Return the result in a json format: [{""entity"":""entity_name""}]. <<<We present a case of a 32-year-old woman with a history of gradual enlargement of the anterior neck.>>> <|im_end|><|im_start|>assistant [{""entity"": ""present""}, {""entity"": ""history""}, {""entity"": ""enlargement""}] <|im_end|>
<|im_start|>user Extract the entities contained in the text. Extract only entities contained in the text.
Return the result in a json format: [{""entity"":""entity_name""}]. <<<Patient information: a 9-month-old boy presented to the emergency room with a 3-day history of refusal to bear weight on the right lower extremity and febrile peaks of up to 38.5°C for 24 hours.>>> <|im_end|><|im_start|>assistant [{""entity"": ""presented""}, {""entity"": ""refusal""}, {""entity"": ""bear""}, {""entity"": ""peaks""}] <|im_end|>
<|im_start|>user Extract the entities contained in the text. Extract only entities contained in the text.
Return the result in a json format: [{""entity"":""entity_name""}]. <<Oesogastroduodenoscopy showed hiatal hernia without oesophageal varices.>>> <|im_end|><|im_start|>assistant","[{""entity"": ""Oesogastroduodenoscopy""}, {""entity"": ""showed""}, {""entity"": ""hernia""}, {""entity"": ""hiatal hernia""}] ","[{""entity"": ""Oesogastroduodenoscopy""}, {""entity"": ""showed""}, {""entity"": ""hernia"
"An exploratory laparoscopy was performed, revealing a large amount of ascite, a normal liver appearance, and no granulations suggesting tuberculosis or peritoneal carcinosis.","[{'id': '8880', 'offsets': array([15, 26]), 'role': '', 'semantic_type_id': '', 'text': 'laparoscopy', 'type': 'EVENT'}
 {'id': '8895', 'offsets': array([42, 51]), 'role': '', 'semantic_type_id': '', 'text': 'revealing', 'type': 'EVENT'}
 {'id': '8910', 'offsets': array([70, 76]), 'role': '', 'semantic_type_id': '', 'text': 'ascite', 'type': 'EVENT'}
 {'id': '8925', 'offsets': array([ 93, 103]), 'role': '', 'semantic_type_id': '', 'text': 'appearance', 'type': 'EVENT'}
 {'id': '8940', 'offsets': array([112, 124]), 'role': '', 'semantic_type_id': '', 'text': 'granulations', 'type': 'EVENT'}
 {'id': '8955', 'offsets': array([136, 148]), 'role': '', 'semantic_type_id': '', 'text': 'tuberculosis', 'type': 'EVENT'}
 {'id': '8970', 'offsets': array([163, 173]), 'role': '', 'semantic_type_id': '', 'text': 'carcinosis', 'type': 'EVENT'}
 {'id': '9534', 'offsets': array([70, 76]), 'role': '', 'semantic_type_id': 'C0003962', 'text': 'ascite', 'type': 'CLINENTITY'}
 {'id': '9678', 'offsets': array([78, 92]), 'role': '', 'semantic_type_id': '', 'text': 'a normal liver', 'type': 'BODYPART'}]","A 77-year-old Tunisian woman was hospitalized because of massive painful ascites. Her family history did not include any autoimmune disease. She denied a history of hepatitis, jaundice or alcohol use. She had a history of diabetes, hypertension treated by glinide and calcium blocker. She was explored 4 years prior to admission for exudative pleuritis of the right lung without any established diagnosis after multiple explorations including thoracoscopy with biopsies. On admission, blood pressure was 150/70 mmHg, her rate was 80 /mn and body temperature was 37°C. The physical examination showed only abdominal distension related to the important ascites without collateral venous circulation. She had no skin lesions, lymphadenopathy, or hepatosplenomegaly and lower extremities showed no edema. Laboratory investigations showed: leucopenia with white blood cell count = 3100/mm3, lymphopenia = 840/mm3, hemoglobin = 10.5g/dL ; low serum albumin level = 29g/L, 47;-globulin = 19g/L. blood glucose levels = 180 mg/dl and hemoglobin A1c = 8.6 %. Urine analysis showed trace protein (0.03g/24h). Platelet count, activated partial thromboplastin time, liver function tests, blood urea nitrogen, serum creatinine, erythrocyte sediment rate and total cholesterol were within normal limits. Tests for HBsAg and HCV were negative. Abdominal ultrasonography showed ascitic fluid without any sign of bowel loop thickening or enteritis. Neither lymphadenopathy nor liver abnormality was present. A chest X-ray film disclosed bilateral pleural effusion. Ascitic obtained by aspiration contained 170 cells mm3 (67% lymphocytes), 46g/L protein, but no malignant cells. Cultures for bacteria and mycobacteria gave no growth. Tuberculosis investigation including initial tuberculin skin test and the research of Koch bacilli in sputum and urine were negative. Echocardiogram and electrocardiogram were normal. Computed tomographic scan showed massive ascites, no dysmorphic liver, and a mild bilateral pleural effusion. Pelvic examination was normal. Oesogastroduodenoscopy showed hiatal hernia without oesophageal varices. An exploratory laparoscopy was performed, revealing a large amount of ascite, a normal liver appearance, and no granulations suggesting tuberculosis or peritoneal carcinosis. Histological examination of the peritoneum showed non specific chronic inflammation. Systemic lupus erythematosus was suspected based on pleuritis, lymphopenia and leucopenia. An additional serologic survey revealed markedly elevated anti-nuclear antibody (ANA) titer of 1/1600 and a significantly elevated titer of antibody to double-stranded DNA (83 IU/mL ; normal < 30 IU/mL). She had also positive serum antibody against the Smith antigen and low serum level of C3 complement component: 67 mg/dL (serum normal range: 84 – 151). Relying on these findings, the patient was diagnosed with SLE since 4 of the 11 diagnostic criteria of the American College of Rheumatology were met. The SLEDAI score according to Systemic Lupus Erythematosus Disease Activity Index was estimated to be 7 on admission. Hydroxychloroquine 200 mg daily in combination with diuretics was initiated. One month later, there was no detectable ascitic fluid and no pleural effusions. Five months later she remained free from symptoms while continuing to take Hydroxychloroquine
",EN100114,"<|im_start|>user Extract the entities contained in the text. Extract only entities contained in the text.
Return the result in a json format: [{""entity"":""entity_name""}]. <<An exploratory laparoscopy was performed, revealing a large amount of ascite, a normal liver appearance, and no granulations suggesting tuberculosis or peritoneal carcinosis.>>> <|im_end|><|im_start|>assistant[{""entity"": ""laparoscopy""}, {""entity"": ""revealing""}, {""entity"": ""ascite""}, {""entity"": ""appearance""}, {""entity"": ""granulations""}, {""entity"": ""tuberculosis""}, {""entity"": ""carcinosis""}, {""entity"": ""ascite""}, {""entity"": ""a normal liver""}] <|im_end|>","<|im_start|>user Extract the entities contained in the text. Extract only entities contained in the text.
Return the result in a json format: [{""entity"":""entity_name""}]. <<<We present a case of a 32-year-old woman with a history of gradual enlargement of the anterior neck.>>> <|im_end|><|im_start|>assistant [{""entity"": ""present""}, {""entity"": ""history""}, {""entity"": ""enlargement""}] <|im_end|>
<|im_start|>user Extract the entities contained in the text. Extract only entities contained in the text.
Return the result in a json format: [{""entity"":""entity_name""}]. <<<Patient information: a 9-month-old boy presented to the emergency room with a 3-day history of refusal to bear weight on the right lower extremity and febrile peaks of up to 38.5°C for 24 hours.>>> <|im_end|><|im_start|>assistant [{""entity"": ""presented""}, {""entity"": ""refusal""}, {""entity"": ""bear""}, {""entity"": ""peaks""}] <|im_end|>
<|im_start|>user Extract the entities contained in the text. Extract only entities contained in the text.
Return the result in a json format: [{""entity"":""entity_name""}]. <<An exploratory laparoscopy was performed, revealing a large amount of ascite, a normal liver appearance, and no granulations suggesting tuberculosis or peritoneal carcinosis.>>> <|im_end|><|im_start|>assistant","[{""entity"": ""laparoscopy""}, {""entity"": ""revealing""}, {""entity"": ""ascite""}, {""entity"": ""appearance""}, {""entity"": ""granulations""}, {""entity"": ""tuberculosis""}, {""entity"": ""carcinosis""}, {""entity"": ""ascite""}, {""entity"": ""a normal liver""}] ","[{""entity"": ""laparoscopy""}, {""entity"": ""revealing""}, {""entity"": ""ascite""}, {""entity"": """
Histological examination of the peritoneum showed non specific chronic inflammation.,"[{'id': '8985', 'offsets': array([13, 24]), 'role': '', 'semantic_type_id': '', 'text': 'examination', 'type': 'EVENT'}
 {'id': '9000', 'offsets': array([43, 49]), 'role': '', 'semantic_type_id': '', 'text': 'showed', 'type': 'EVENT'}
 {'id': '9015', 'offsets': array([71, 83]), 'role': '', 'semantic_type_id': '', 'text': 'inflammation', 'type': 'EVENT'}
 {'id': '9684', 'offsets': array([28, 42]), 'role': '', 'semantic_type_id': '', 'text': 'the peritoneum', 'type': 'BODYPART'}]","A 77-year-old Tunisian woman was hospitalized because of massive painful ascites. Her family history did not include any autoimmune disease. She denied a history of hepatitis, jaundice or alcohol use. She had a history of diabetes, hypertension treated by glinide and calcium blocker. She was explored 4 years prior to admission for exudative pleuritis of the right lung without any established diagnosis after multiple explorations including thoracoscopy with biopsies. On admission, blood pressure was 150/70 mmHg, her rate was 80 /mn and body temperature was 37°C. The physical examination showed only abdominal distension related to the important ascites without collateral venous circulation. She had no skin lesions, lymphadenopathy, or hepatosplenomegaly and lower extremities showed no edema. Laboratory investigations showed: leucopenia with white blood cell count = 3100/mm3, lymphopenia = 840/mm3, hemoglobin = 10.5g/dL ; low serum albumin level = 29g/L, 47;-globulin = 19g/L. blood glucose levels = 180 mg/dl and hemoglobin A1c = 8.6 %. Urine analysis showed trace protein (0.03g/24h). Platelet count, activated partial thromboplastin time, liver function tests, blood urea nitrogen, serum creatinine, erythrocyte sediment rate and total cholesterol were within normal limits. Tests for HBsAg and HCV were negative. Abdominal ultrasonography showed ascitic fluid without any sign of bowel loop thickening or enteritis. Neither lymphadenopathy nor liver abnormality was present. A chest X-ray film disclosed bilateral pleural effusion. Ascitic obtained by aspiration contained 170 cells mm3 (67% lymphocytes), 46g/L protein, but no malignant cells. Cultures for bacteria and mycobacteria gave no growth. Tuberculosis investigation including initial tuberculin skin test and the research of Koch bacilli in sputum and urine were negative. Echocardiogram and electrocardiogram were normal. Computed tomographic scan showed massive ascites, no dysmorphic liver, and a mild bilateral pleural effusion. Pelvic examination was normal. Oesogastroduodenoscopy showed hiatal hernia without oesophageal varices. An exploratory laparoscopy was performed, revealing a large amount of ascite, a normal liver appearance, and no granulations suggesting tuberculosis or peritoneal carcinosis. Histological examination of the peritoneum showed non specific chronic inflammation. Systemic lupus erythematosus was suspected based on pleuritis, lymphopenia and leucopenia. An additional serologic survey revealed markedly elevated anti-nuclear antibody (ANA) titer of 1/1600 and a significantly elevated titer of antibody to double-stranded DNA (83 IU/mL ; normal < 30 IU/mL). She had also positive serum antibody against the Smith antigen and low serum level of C3 complement component: 67 mg/dL (serum normal range: 84 – 151). Relying on these findings, the patient was diagnosed with SLE since 4 of the 11 diagnostic criteria of the American College of Rheumatology were met. The SLEDAI score according to Systemic Lupus Erythematosus Disease Activity Index was estimated to be 7 on admission. Hydroxychloroquine 200 mg daily in combination with diuretics was initiated. One month later, there was no detectable ascitic fluid and no pleural effusions. Five months later she remained free from symptoms while continuing to take Hydroxychloroquine
",EN100114,"<|im_start|>user Extract the entities contained in the text. Extract only entities contained in the text.
Return the result in a json format: [{""entity"":""entity_name""}]. <<Histological examination of the peritoneum showed non specific chronic inflammation.>>> <|im_end|><|im_start|>assistant[{""entity"": ""examination""}, {""entity"": ""showed""}, {""entity"": ""inflammation""}, {""entity"": ""the peritoneum""}] <|im_end|>","<|im_start|>user Extract the entities contained in the text. Extract only entities contained in the text.
Return the result in a json format: [{""entity"":""entity_name""}]. <<<We present a case of a 32-year-old woman with a history of gradual enlargement of the anterior neck.>>> <|im_end|><|im_start|>assistant [{""entity"": ""present""}, {""entity"": ""history""}, {""entity"": ""enlargement""}] <|im_end|>
<|im_start|>user Extract the entities contained in the text. Extract only entities contained in the text.
Return the result in a json format: [{""entity"":""entity_name""}]. <<<Patient information: a 9-month-old boy presented to the emergency room with a 3-day history of refusal to bear weight on the right lower extremity and febrile peaks of up to 38.5°C for 24 hours.>>> <|im_end|><|im_start|>assistant [{""entity"": ""presented""}, {""entity"": ""refusal""}, {""entity"": ""bear""}, {""entity"": ""peaks""}] <|im_end|>
<|im_start|>user Extract the entities contained in the text. Extract only entities contained in the text.
Return the result in a json format: [{""entity"":""entity_name""}]. <<Histological examination of the peritoneum showed non specific chronic inflammation.>>> <|im_end|><|im_start|>assistant","[{""entity"": ""examination""}, {""entity"": ""showed""}, {""entity"": ""inflammation""}, {""entity"": ""the peritoneum""}] ","[{""entity"": ""examination""}, {""entity"": ""showed""}, {""entity"": ""inflammation""}, {""entity"": ""per"
An additional serologic survey revealed markedly elevated anti-nuclear antibody (ANA) titer of 1/1600 and a significantly elevated titer of antibody to double-stranded DNA (83 IU/mL ; normal < 30 IU/mL).,"[{'id': '9105', 'offsets': array([24, 30]), 'role': '', 'semantic_type_id': '', 'text': 'survey', 'type': 'EVENT'}
 {'id': '9120', 'offsets': array([31, 39]), 'role': '', 'semantic_type_id': '', 'text': 'revealed', 'type': 'EVENT'}
 {'id': '9135', 'offsets': array([86, 91]), 'role': '', 'semantic_type_id': '', 'text': 'titer', 'type': 'EVENT'}
 {'id': '9150', 'offsets': array([131, 136]), 'role': '', 'semantic_type_id': '', 'text': 'titer', 'type': 'EVENT'}
 {'id': '9690', 'offsets': array([71, 79]), 'role': '', 'semantic_type_id': '', 'text': 'antibody', 'type': 'BODYPART'}
 {'id': '9696', 'offsets': array([81, 84]), 'role': '', 'semantic_type_id': '', 'text': 'ANA', 'type': 'BODYPART'}
 {'id': '9702', 'offsets': array([140, 148]), 'role': '', 'semantic_type_id': '', 'text': 'antibody', 'type': 'BODYPART'}
 {'id': '9879', 'offsets': array([ 95, 101]), 'role': '', 'semantic_type_id': '', 'text': '1/1600', 'type': 'RML'}
 {'id': '9885', 'offsets': array([173, 181]), 'role': '', 'semantic_type_id': '', 'text': '83 IU/mL', 'type': 'RML'}
 {'id': '9891', 'offsets': array([191, 201]), 'role': '', 'semantic_type_id': '', 'text': '< 30 IU/mL', 'type': 'RML'}]","A 77-year-old Tunisian woman was hospitalized because of massive painful ascites. Her family history did not include any autoimmune disease. She denied a history of hepatitis, jaundice or alcohol use. She had a history of diabetes, hypertension treated by glinide and calcium blocker. She was explored 4 years prior to admission for exudative pleuritis of the right lung without any established diagnosis after multiple explorations including thoracoscopy with biopsies. On admission, blood pressure was 150/70 mmHg, her rate was 80 /mn and body temperature was 37°C. The physical examination showed only abdominal distension related to the important ascites without collateral venous circulation. She had no skin lesions, lymphadenopathy, or hepatosplenomegaly and lower extremities showed no edema. Laboratory investigations showed: leucopenia with white blood cell count = 3100/mm3, lymphopenia = 840/mm3, hemoglobin = 10.5g/dL ; low serum albumin level = 29g/L, 47;-globulin = 19g/L. blood glucose levels = 180 mg/dl and hemoglobin A1c = 8.6 %. Urine analysis showed trace protein (0.03g/24h). Platelet count, activated partial thromboplastin time, liver function tests, blood urea nitrogen, serum creatinine, erythrocyte sediment rate and total cholesterol were within normal limits. Tests for HBsAg and HCV were negative. Abdominal ultrasonography showed ascitic fluid without any sign of bowel loop thickening or enteritis. Neither lymphadenopathy nor liver abnormality was present. A chest X-ray film disclosed bilateral pleural effusion. Ascitic obtained by aspiration contained 170 cells mm3 (67% lymphocytes), 46g/L protein, but no malignant cells. Cultures for bacteria and mycobacteria gave no growth. Tuberculosis investigation including initial tuberculin skin test and the research of Koch bacilli in sputum and urine were negative. Echocardiogram and electrocardiogram were normal. Computed tomographic scan showed massive ascites, no dysmorphic liver, and a mild bilateral pleural effusion. Pelvic examination was normal. Oesogastroduodenoscopy showed hiatal hernia without oesophageal varices. An exploratory laparoscopy was performed, revealing a large amount of ascite, a normal liver appearance, and no granulations suggesting tuberculosis or peritoneal carcinosis. Histological examination of the peritoneum showed non specific chronic inflammation. Systemic lupus erythematosus was suspected based on pleuritis, lymphopenia and leucopenia. An additional serologic survey revealed markedly elevated anti-nuclear antibody (ANA) titer of 1/1600 and a significantly elevated titer of antibody to double-stranded DNA (83 IU/mL ; normal < 30 IU/mL). She had also positive serum antibody against the Smith antigen and low serum level of C3 complement component: 67 mg/dL (serum normal range: 84 – 151). Relying on these findings, the patient was diagnosed with SLE since 4 of the 11 diagnostic criteria of the American College of Rheumatology were met. The SLEDAI score according to Systemic Lupus Erythematosus Disease Activity Index was estimated to be 7 on admission. Hydroxychloroquine 200 mg daily in combination with diuretics was initiated. One month later, there was no detectable ascitic fluid and no pleural effusions. Five months later she remained free from symptoms while continuing to take Hydroxychloroquine
",EN100114,"<|im_start|>user Extract the entities contained in the text. Extract only entities contained in the text.
Return the result in a json format: [{""entity"":""entity_name""}]. <<An additional serologic survey revealed markedly elevated anti-nuclear antibody (ANA) titer of 1/1600 and a significantly elevated titer of antibody to double-stranded DNA (83 IU/mL ; normal < 30 IU/mL).>>> <|im_end|><|im_start|>assistant[{""entity"": ""survey""}, {""entity"": ""revealed""}, {""entity"": ""titer""}, {""entity"": ""titer""}, {""entity"": ""antibody""}, {""entity"": ""ANA""}, {""entity"": ""antibody""}, {""entity"": ""1/1600""}, {""entity"": ""83 IU/mL""}, {""entity"": ""< 30 IU/mL""}] <|im_end|>","<|im_start|>user Extract the entities contained in the text. Extract only entities contained in the text.
Return the result in a json format: [{""entity"":""entity_name""}]. <<<We present a case of a 32-year-old woman with a history of gradual enlargement of the anterior neck.>>> <|im_end|><|im_start|>assistant [{""entity"": ""present""}, {""entity"": ""history""}, {""entity"": ""enlargement""}] <|im_end|>
<|im_start|>user Extract the entities contained in the text. Extract only entities contained in the text.
Return the result in a json format: [{""entity"":""entity_name""}]. <<<Patient information: a 9-month-old boy presented to the emergency room with a 3-day history of refusal to bear weight on the right lower extremity and febrile peaks of up to 38.5°C for 24 hours.>>> <|im_end|><|im_start|>assistant [{""entity"": ""presented""}, {""entity"": ""refusal""}, {""entity"": ""bear""}, {""entity"": ""peaks""}] <|im_end|>
<|im_start|>user Extract the entities contained in the text. Extract only entities contained in the text.
Return the result in a json format: [{""entity"":""entity_name""}]. <<An additional serologic survey revealed markedly elevated anti-nuclear antibody (ANA) titer of 1/1600 and a significantly elevated titer of antibody to double-stranded DNA (83 IU/mL ; normal < 30 IU/mL).>>> <|im_end|><|im_start|>assistant","[{""entity"": ""survey""}, {""entity"": ""revealed""}, {""entity"": ""titer""}, {""entity"": ""titer""}, {""entity"": ""antibody""}, {""entity"": ""ANA""}, {""entity"": ""antibody""}, {""entity"": ""1/1600""}, {""entity"": ""83 IU/mL""}, {""entity"": ""< 30 IU/mL""}] ","[{""entity"": ""survey""}, {""entity"": ""revealed""}, {""entity"": ""titer""}, {""entity"": ""titer""},"
She had also positive serum antibody against the Smith antigen and low serum level of C3 complement component: 67 mg/dL (serum normal range: 84 – 151).,"[{'id': '9165', 'offsets': array([22, 27]), 'role': '', 'semantic_type_id': '', 'text': 'serum', 'type': 'EVENT'}
 {'id': '9180', 'offsets': array([77, 82]), 'role': '', 'semantic_type_id': '', 'text': 'level', 'type': 'EVENT'}
 {'id': '9195', 'offsets': array([121, 126]), 'role': '', 'semantic_type_id': '', 'text': 'serum', 'type': 'EVENT'}
 {'id': '9750', 'offsets': array([0, 3]), 'role': 'PATIENT', 'semantic_type_id': '', 'text': 'She', 'type': 'ACTOR'}
 {'id': '9897', 'offsets': array([13, 21]), 'role': '', 'semantic_type_id': '', 'text': 'positive', 'type': 'RML'}
 {'id': '9903', 'offsets': array([111, 119]), 'role': '', 'semantic_type_id': '', 'text': '67 mg/dL', 'type': 'RML'}
 {'id': '9909', 'offsets': array([141, 143]), 'role': '', 'semantic_type_id': '', 'text': '84', 'type': 'RML'}
 {'id': '9915', 'offsets': array([146, 149]), 'role': '', 'semantic_type_id': '', 'text': '151', 'type': 'RML'}]","A 77-year-old Tunisian woman was hospitalized because of massive painful ascites. Her family history did not include any autoimmune disease. She denied a history of hepatitis, jaundice or alcohol use. She had a history of diabetes, hypertension treated by glinide and calcium blocker. She was explored 4 years prior to admission for exudative pleuritis of the right lung without any established diagnosis after multiple explorations including thoracoscopy with biopsies. On admission, blood pressure was 150/70 mmHg, her rate was 80 /mn and body temperature was 37°C. The physical examination showed only abdominal distension related to the important ascites without collateral venous circulation. She had no skin lesions, lymphadenopathy, or hepatosplenomegaly and lower extremities showed no edema. Laboratory investigations showed: leucopenia with white blood cell count = 3100/mm3, lymphopenia = 840/mm3, hemoglobin = 10.5g/dL ; low serum albumin level = 29g/L, 47;-globulin = 19g/L. blood glucose levels = 180 mg/dl and hemoglobin A1c = 8.6 %. Urine analysis showed trace protein (0.03g/24h). Platelet count, activated partial thromboplastin time, liver function tests, blood urea nitrogen, serum creatinine, erythrocyte sediment rate and total cholesterol were within normal limits. Tests for HBsAg and HCV were negative. Abdominal ultrasonography showed ascitic fluid without any sign of bowel loop thickening or enteritis. Neither lymphadenopathy nor liver abnormality was present. A chest X-ray film disclosed bilateral pleural effusion. Ascitic obtained by aspiration contained 170 cells mm3 (67% lymphocytes), 46g/L protein, but no malignant cells. Cultures for bacteria and mycobacteria gave no growth. Tuberculosis investigation including initial tuberculin skin test and the research of Koch bacilli in sputum and urine were negative. Echocardiogram and electrocardiogram were normal. Computed tomographic scan showed massive ascites, no dysmorphic liver, and a mild bilateral pleural effusion. Pelvic examination was normal. Oesogastroduodenoscopy showed hiatal hernia without oesophageal varices. An exploratory laparoscopy was performed, revealing a large amount of ascite, a normal liver appearance, and no granulations suggesting tuberculosis or peritoneal carcinosis. Histological examination of the peritoneum showed non specific chronic inflammation. Systemic lupus erythematosus was suspected based on pleuritis, lymphopenia and leucopenia. An additional serologic survey revealed markedly elevated anti-nuclear antibody (ANA) titer of 1/1600 and a significantly elevated titer of antibody to double-stranded DNA (83 IU/mL ; normal < 30 IU/mL). She had also positive serum antibody against the Smith antigen and low serum level of C3 complement component: 67 mg/dL (serum normal range: 84 – 151). Relying on these findings, the patient was diagnosed with SLE since 4 of the 11 diagnostic criteria of the American College of Rheumatology were met. The SLEDAI score according to Systemic Lupus Erythematosus Disease Activity Index was estimated to be 7 on admission. Hydroxychloroquine 200 mg daily in combination with diuretics was initiated. One month later, there was no detectable ascitic fluid and no pleural effusions. Five months later she remained free from symptoms while continuing to take Hydroxychloroquine
",EN100114,"<|im_start|>user Extract the entities contained in the text. Extract only entities contained in the text.
Return the result in a json format: [{""entity"":""entity_name""}]. <<She had also positive serum antibody against the Smith antigen and low serum level of C3 complement component: 67 mg/dL (serum normal range: 84 – 151).>>> <|im_end|><|im_start|>assistant[{""entity"": ""serum""}, {""entity"": ""level""}, {""entity"": ""serum""}, {""entity"": ""She""}, {""entity"": ""positive""}, {""entity"": ""67 mg/dL""}, {""entity"": ""84""}, {""entity"": ""151""}] <|im_end|>","<|im_start|>user Extract the entities contained in the text. Extract only entities contained in the text.
Return the result in a json format: [{""entity"":""entity_name""}]. <<<We present a case of a 32-year-old woman with a history of gradual enlargement of the anterior neck.>>> <|im_end|><|im_start|>assistant [{""entity"": ""present""}, {""entity"": ""history""}, {""entity"": ""enlargement""}] <|im_end|>
<|im_start|>user Extract the entities contained in the text. Extract only entities contained in the text.
Return the result in a json format: [{""entity"":""entity_name""}]. <<<Patient information: a 9-month-old boy presented to the emergency room with a 3-day history of refusal to bear weight on the right lower extremity and febrile peaks of up to 38.5°C for 24 hours.>>> <|im_end|><|im_start|>assistant [{""entity"": ""presented""}, {""entity"": ""refusal""}, {""entity"": ""bear""}, {""entity"": ""peaks""}] <|im_end|>
<|im_start|>user Extract the entities contained in the text. Extract only entities contained in the text.
Return the result in a json format: [{""entity"":""entity_name""}]. <<She had also positive serum antibody against the Smith antigen and low serum level of C3 complement component: 67 mg/dL (serum normal range: 84 – 151).>>> <|im_end|><|im_start|>assistant","[{""entity"": ""serum""}, {""entity"": ""level""}, {""entity"": ""serum""}, {""entity"": ""She""}, {""entity"": ""positive""}, {""entity"": ""67 mg/dL""}, {""entity"": ""84""}, {""entity"": ""151""}] ","[{""entity"": ""antigen""}, {""entity"": ""level""}, {""entity"": ""C3""}, {""entity"": ""67 mg"
"Relying on these findings, the patient was diagnosed with SLE since 4 of the 11 diagnostic criteria of the American College of Rheumatology were met.","[{'id': '9210', 'offsets': array([17, 25]), 'role': '', 'semantic_type_id': '', 'text': 'findings', 'type': 'EVENT'}
 {'id': '9225', 'offsets': array([43, 52]), 'role': '', 'semantic_type_id': '', 'text': 'diagnosed', 'type': 'EVENT'}
 {'id': '9240', 'offsets': array([58, 61]), 'role': '', 'semantic_type_id': '', 'text': 'SLE', 'type': 'EVENT'}
 {'id': '9255', 'offsets': array([145, 148]), 'role': '', 'semantic_type_id': '', 'text': 'met', 'type': 'EVENT'}
 {'id': '9569', 'offsets': array([58, 61]), 'role': '', 'semantic_type_id': 'C0024141', 'text': 'SLE', 'type': 'CLINENTITY'}
 {'id': '9757', 'offsets': array([27, 38]), 'role': 'PATIENT', 'semantic_type_id': '', 'text': 'the patient', 'type': 'ACTOR'}]","A 77-year-old Tunisian woman was hospitalized because of massive painful ascites. Her family history did not include any autoimmune disease. She denied a history of hepatitis, jaundice or alcohol use. She had a history of diabetes, hypertension treated by glinide and calcium blocker. She was explored 4 years prior to admission for exudative pleuritis of the right lung without any established diagnosis after multiple explorations including thoracoscopy with biopsies. On admission, blood pressure was 150/70 mmHg, her rate was 80 /mn and body temperature was 37°C. The physical examination showed only abdominal distension related to the important ascites without collateral venous circulation. She had no skin lesions, lymphadenopathy, or hepatosplenomegaly and lower extremities showed no edema. Laboratory investigations showed: leucopenia with white blood cell count = 3100/mm3, lymphopenia = 840/mm3, hemoglobin = 10.5g/dL ; low serum albumin level = 29g/L, 47;-globulin = 19g/L. blood glucose levels = 180 mg/dl and hemoglobin A1c = 8.6 %. Urine analysis showed trace protein (0.03g/24h). Platelet count, activated partial thromboplastin time, liver function tests, blood urea nitrogen, serum creatinine, erythrocyte sediment rate and total cholesterol were within normal limits. Tests for HBsAg and HCV were negative. Abdominal ultrasonography showed ascitic fluid without any sign of bowel loop thickening or enteritis. Neither lymphadenopathy nor liver abnormality was present. A chest X-ray film disclosed bilateral pleural effusion. Ascitic obtained by aspiration contained 170 cells mm3 (67% lymphocytes), 46g/L protein, but no malignant cells. Cultures for bacteria and mycobacteria gave no growth. Tuberculosis investigation including initial tuberculin skin test and the research of Koch bacilli in sputum and urine were negative. Echocardiogram and electrocardiogram were normal. Computed tomographic scan showed massive ascites, no dysmorphic liver, and a mild bilateral pleural effusion. Pelvic examination was normal. Oesogastroduodenoscopy showed hiatal hernia without oesophageal varices. An exploratory laparoscopy was performed, revealing a large amount of ascite, a normal liver appearance, and no granulations suggesting tuberculosis or peritoneal carcinosis. Histological examination of the peritoneum showed non specific chronic inflammation. Systemic lupus erythematosus was suspected based on pleuritis, lymphopenia and leucopenia. An additional serologic survey revealed markedly elevated anti-nuclear antibody (ANA) titer of 1/1600 and a significantly elevated titer of antibody to double-stranded DNA (83 IU/mL ; normal < 30 IU/mL). She had also positive serum antibody against the Smith antigen and low serum level of C3 complement component: 67 mg/dL (serum normal range: 84 – 151). Relying on these findings, the patient was diagnosed with SLE since 4 of the 11 diagnostic criteria of the American College of Rheumatology were met. The SLEDAI score according to Systemic Lupus Erythematosus Disease Activity Index was estimated to be 7 on admission. Hydroxychloroquine 200 mg daily in combination with diuretics was initiated. One month later, there was no detectable ascitic fluid and no pleural effusions. Five months later she remained free from symptoms while continuing to take Hydroxychloroquine
",EN100114,"<|im_start|>user Extract the entities contained in the text. Extract only entities contained in the text.
Return the result in a json format: [{""entity"":""entity_name""}]. <<Relying on these findings, the patient was diagnosed with SLE since 4 of the 11 diagnostic criteria of the American College of Rheumatology were met.>>> <|im_end|><|im_start|>assistant[{""entity"": ""findings""}, {""entity"": ""diagnosed""}, {""entity"": ""SLE""}, {""entity"": ""met""}, {""entity"": ""SLE""}, {""entity"": ""the patient""}] <|im_end|>","<|im_start|>user Extract the entities contained in the text. Extract only entities contained in the text.
Return the result in a json format: [{""entity"":""entity_name""}]. <<<We present a case of a 32-year-old woman with a history of gradual enlargement of the anterior neck.>>> <|im_end|><|im_start|>assistant [{""entity"": ""present""}, {""entity"": ""history""}, {""entity"": ""enlargement""}] <|im_end|>
<|im_start|>user Extract the entities contained in the text. Extract only entities contained in the text.
Return the result in a json format: [{""entity"":""entity_name""}]. <<<Patient information: a 9-month-old boy presented to the emergency room with a 3-day history of refusal to bear weight on the right lower extremity and febrile peaks of up to 38.5°C for 24 hours.>>> <|im_end|><|im_start|>assistant [{""entity"": ""presented""}, {""entity"": ""refusal""}, {""entity"": ""bear""}, {""entity"": ""peaks""}] <|im_end|>
<|im_start|>user Extract the entities contained in the text. Extract only entities contained in the text.
Return the result in a json format: [{""entity"":""entity_name""}]. <<Relying on these findings, the patient was diagnosed with SLE since 4 of the 11 diagnostic criteria of the American College of Rheumatology were met.>>> <|im_end|><|im_start|>assistant","[{""entity"": ""findings""}, {""entity"": ""diagnosed""}, {""entity"": ""SLE""}, {""entity"": ""met""}, {""entity"": ""SLE""}, {""entity"": ""the patient""}] ","[{""entity"": ""diagnosed""}, {""entity"": ""SLE""}, {""entity"": ""criteria""}, {""entity"": ""met""},"
Five months later she remained free from symptoms while continuing to take Hydroxychloroquine,"[{'id': '9390', 'offsets': array([22, 30]), 'role': '', 'semantic_type_id': '', 'text': 'remained', 'type': 'EVENT'}
 {'id': '9405', 'offsets': array([41, 49]), 'role': '', 'semantic_type_id': '', 'text': 'symptoms', 'type': 'EVENT'}
 {'id': '9420', 'offsets': array([56, 66]), 'role': '', 'semantic_type_id': '', 'text': 'continuing', 'type': 'EVENT'}
 {'id': '9435', 'offsets': array([70, 74]), 'role': '', 'semantic_type_id': '', 'text': 'take', 'type': 'EVENT'}
 {'id': '9764', 'offsets': array([18, 21]), 'role': 'PATIENT', 'semantic_type_id': '', 'text': 'she', 'type': 'ACTOR'}
 {'id': '9954', 'offsets': array([ 0, 17]), 'role': '', 'semantic_type_id': '', 'text': 'Five months later', 'type': 'TIMEX3'}]","A 77-year-old Tunisian woman was hospitalized because of massive painful ascites. Her family history did not include any autoimmune disease. She denied a history of hepatitis, jaundice or alcohol use. She had a history of diabetes, hypertension treated by glinide and calcium blocker. She was explored 4 years prior to admission for exudative pleuritis of the right lung without any established diagnosis after multiple explorations including thoracoscopy with biopsies. On admission, blood pressure was 150/70 mmHg, her rate was 80 /mn and body temperature was 37°C. The physical examination showed only abdominal distension related to the important ascites without collateral venous circulation. She had no skin lesions, lymphadenopathy, or hepatosplenomegaly and lower extremities showed no edema. Laboratory investigations showed: leucopenia with white blood cell count = 3100/mm3, lymphopenia = 840/mm3, hemoglobin = 10.5g/dL ; low serum albumin level = 29g/L, 47;-globulin = 19g/L. blood glucose levels = 180 mg/dl and hemoglobin A1c = 8.6 %. Urine analysis showed trace protein (0.03g/24h). Platelet count, activated partial thromboplastin time, liver function tests, blood urea nitrogen, serum creatinine, erythrocyte sediment rate and total cholesterol were within normal limits. Tests for HBsAg and HCV were negative. Abdominal ultrasonography showed ascitic fluid without any sign of bowel loop thickening or enteritis. Neither lymphadenopathy nor liver abnormality was present. A chest X-ray film disclosed bilateral pleural effusion. Ascitic obtained by aspiration contained 170 cells mm3 (67% lymphocytes), 46g/L protein, but no malignant cells. Cultures for bacteria and mycobacteria gave no growth. Tuberculosis investigation including initial tuberculin skin test and the research of Koch bacilli in sputum and urine were negative. Echocardiogram and electrocardiogram were normal. Computed tomographic scan showed massive ascites, no dysmorphic liver, and a mild bilateral pleural effusion. Pelvic examination was normal. Oesogastroduodenoscopy showed hiatal hernia without oesophageal varices. An exploratory laparoscopy was performed, revealing a large amount of ascite, a normal liver appearance, and no granulations suggesting tuberculosis or peritoneal carcinosis. Histological examination of the peritoneum showed non specific chronic inflammation. Systemic lupus erythematosus was suspected based on pleuritis, lymphopenia and leucopenia. An additional serologic survey revealed markedly elevated anti-nuclear antibody (ANA) titer of 1/1600 and a significantly elevated titer of antibody to double-stranded DNA (83 IU/mL ; normal < 30 IU/mL). She had also positive serum antibody against the Smith antigen and low serum level of C3 complement component: 67 mg/dL (serum normal range: 84 – 151). Relying on these findings, the patient was diagnosed with SLE since 4 of the 11 diagnostic criteria of the American College of Rheumatology were met. The SLEDAI score according to Systemic Lupus Erythematosus Disease Activity Index was estimated to be 7 on admission. Hydroxychloroquine 200 mg daily in combination with diuretics was initiated. One month later, there was no detectable ascitic fluid and no pleural effusions. Five months later she remained free from symptoms while continuing to take Hydroxychloroquine
",EN100114,"<|im_start|>user Extract the entities contained in the text. Extract only entities contained in the text.
Return the result in a json format: [{""entity"":""entity_name""}]. <<Five months later she remained free from symptoms while continuing to take Hydroxychloroquine>>> <|im_end|><|im_start|>assistant[{""entity"": ""remained""}, {""entity"": ""symptoms""}, {""entity"": ""continuing""}, {""entity"": ""take""}, {""entity"": ""she""}, {""entity"": ""Five months later""}] <|im_end|>","<|im_start|>user Extract the entities contained in the text. Extract only entities contained in the text.
Return the result in a json format: [{""entity"":""entity_name""}]. <<<We present a case of a 32-year-old woman with a history of gradual enlargement of the anterior neck.>>> <|im_end|><|im_start|>assistant [{""entity"": ""present""}, {""entity"": ""history""}, {""entity"": ""enlargement""}] <|im_end|>
<|im_start|>user Extract the entities contained in the text. Extract only entities contained in the text.
Return the result in a json format: [{""entity"":""entity_name""}]. <<<Patient information: a 9-month-old boy presented to the emergency room with a 3-day history of refusal to bear weight on the right lower extremity and febrile peaks of up to 38.5°C for 24 hours.>>> <|im_end|><|im_start|>assistant [{""entity"": ""presented""}, {""entity"": ""refusal""}, {""entity"": ""bear""}, {""entity"": ""peaks""}] <|im_end|>
<|im_start|>user Extract the entities contained in the text. Extract only entities contained in the text.
Return the result in a json format: [{""entity"":""entity_name""}]. <<Five months later she remained free from symptoms while continuing to take Hydroxychloroquine>>> <|im_end|><|im_start|>assistant","[{""entity"": ""remained""}, {""entity"": ""symptoms""}, {""entity"": ""continuing""}, {""entity"": ""take""}, {""entity"": ""she""}, {""entity"": ""Five months later""}] ","[{""entity"": ""free""}, {""entity"": ""symptoms""}, {""entity"": ""taking""}, {""entity"": ""Hydroxychlor"
A 13-year-old boy diagnosed with WHO diagnostic criteria of probable NS was referred from Atanga HC III in Pader district where he was enrolled and undergoing care at the nodding syndrome treatment center; he came with a history of progressive swelling and pain in the right lumbar region.,"[{'id': '8308', 'offsets': array([18, 27]), 'role': '', 'semantic_type_id': '', 'text': 'diagnosed', 'type': 'EVENT'}
 {'id': '8323', 'offsets': array([76, 84]), 'role': '', 'semantic_type_id': '', 'text': 'referred', 'type': 'EVENT'}
 {'id': '8338', 'offsets': array([221, 228]), 'role': '', 'semantic_type_id': '', 'text': 'history', 'type': 'EVENT'}
 {'id': '8353', 'offsets': array([244, 252]), 'role': '', 'semantic_type_id': '', 'text': 'swelling', 'type': 'EVENT'}
 {'id': '8368', 'offsets': array([257, 261]), 'role': '', 'semantic_type_id': '', 'text': 'pain', 'type': 'EVENT'}
 {'id': '9328', 'offsets': array([69, 71]), 'role': '', 'semantic_type_id': 'C3658353', 'text': 'NS', 'type': 'CLINENTITY'}
 {'id': '9335', 'offsets': array([171, 187]), 'role': '', 'semantic_type_id': 'C3658353', 'text': 'nodding syndrome', 'type': 'CLINENTITY'}
 {'id': '9342', 'offsets': array([244, 288]), 'role': '', 'semantic_type_id': '', 'text': 'swelling and pain in the right lumbar region', 'type': 'CLINENTITY'}
 {'id': '9349', 'offsets': array([257, 288]), 'role': '', 'semantic_type_id': 'C0024031', 'text': 'pain in the right lumbar region', 'type': 'CLINENTITY'}
 {'id': '9482', 'offsets': array([265, 288]), 'role': '', 'semantic_type_id': '', 'text': 'the right lumbar region', 'type': 'BODYPART'}
 {'id': '9536', 'offsets': array([ 0, 17]), 'role': 'PATIENT', 'semantic_type_id': '', 'text': 'A 13-year-old boy', 'type': 'ACTOR'}
 {'id': '9543', 'offsets': array([128, 130]), 'role': 'PATIENT', 'semantic_type_id': '', 'text': 'he', 'type': 'ACTOR'}
 {'id': '9550', 'offsets': array([206, 208]), 'role': 'PATIENT', 'semantic_type_id': '', 'text': 'he', 'type': 'ACTOR'}]","A 13-year-old boy diagnosed with WHO diagnostic criteria of probable NS was referred from Atanga HC III in Pader district where he was enrolled and undergoing care at the nodding syndrome treatment center; he came with a history of progressive swelling and pain in the right lumbar region. The swelling was associated with a high grade fever which was constant and only partially relieved by analgesics. These symptoms were not associated with vomiting, constipation, yellow eyes, loss of appetite or weight loss. The patient reported a history of falling from a tree during one of the nodding episodes in October 2012 and hit his abdomen onto a tree branch. On further probe on his childhood history, his mother reported that he was born normally at home by a Traditional Birth Attendant (TBA) in one of the Internally Displaced peoples (IDP) camps in 2000. She reported that there was an uneventful pregnancy which was carried to term and delivery by Spontaneous vaginal delivery (SVD). She reported that during her pregnancy, she had exclusive feeding on the relief food provided by WFP (beans, yellow posho and cooking oil) during the IDP camps and denies history of ingestion of herbs or medications which caused adverse events during and after the pregnancy. She reported that her child had a normal physical, cognitive and social childhood development before the onset of nodding which began in May 27th 2011 immediately after returning home from IDP camps. The child was enrolled in Atanga treatment centre and was being managed with Carbamazepine, multivitamins and Ivermectin. She reported that in spite of these medications the child continued to have seizures and nodding at least twice a day and had since dropped out of school. On general examination, he was dehydrated, febrile and moderately wasted. There was a right lumbar region mass, tender, indurated and non-fluctuant. The spleen and liver were not palpable. There was no renal or supra-pubic tenderness. The rectum was full of faecal material which was of normal colour and consistency. The anal tone was normal and there was no blood on examining fingure. Haematological investigations were conducted and showed neutrophilia, lympocytosis, monocytosis, and eosinophilia. There were immature granulocytes and atypical lymphocytes seen on the peripheral film report. Other laboratory results including liver function tests (ALT, AST) were elevated while serum protein levels were low; renal functions tests (serum creatinine, blood urea and nitrogen level), and serum electrolytes (K+, Na+, Cl-, HC03-) which were within normal ranges. Abdominal Ultrasound showed inflamed internal and external oblique muscles of the anterior abdominal wall. The patient underwent incision and drainage at Gulu Hospital and wound left open for 14 days and thereafter secondary wound closure was conducted. He received supplementary food rehabilitation and his seizure medication was changed to Sodium Valproate 200mg once a day under direct observation therapy (DOTS) and close monitoring of the vital signs. The patient continued to have regular follow up in the surgical ward; seizures and nodding stopped completely from the time of intervention in the hospital. With these interventions for over one month the child had no seizures nor nodding and the child returned to normal life. A subsequent review of the haematological and clinical chemistry findings 2 weeks later showed that renal function tests, serum electrolytes were normal except the liver enzymes level were elevated and were still high.
",EN100075,"<|im_start|>user Extract the entities contained in the text. Extract only entities contained in the text.
Return the result in a json format: [{""entity"":""entity_name""}]. <<A 13-year-old boy diagnosed with WHO diagnostic criteria of probable NS was referred from Atanga HC III in Pader district where he was enrolled and undergoing care at the nodding syndrome treatment center; he came with a history of progressive swelling and pain in the right lumbar region.>>> <|im_end|><|im_start|>assistant[{""entity"": ""diagnosed""}, {""entity"": ""referred""}, {""entity"": ""history""}, {""entity"": ""swelling""}, {""entity"": ""pain""}, {""entity"": ""NS""}, {""entity"": ""nodding syndrome""}, {""entity"": ""swelling and pain in the right lumbar region""}, {""entity"": ""pain in the right lumbar region""}, {""entity"": ""the right lumbar region""}, {""entity"": ""A 13-year-old boy""}, {""entity"": ""he""}, {""entity"": ""he""}] <|im_end|>","<|im_start|>user Extract the entities contained in the text. Extract only entities contained in the text.
Return the result in a json format: [{""entity"":""entity_name""}]. <<<We present a case of a 32-year-old woman with a history of gradual enlargement of the anterior neck.>>> <|im_end|><|im_start|>assistant [{""entity"": ""present""}, {""entity"": ""history""}, {""entity"": ""enlargement""}] <|im_end|>
<|im_start|>user Extract the entities contained in the text. Extract only entities contained in the text.
Return the result in a json format: [{""entity"":""entity_name""}]. <<<Patient information: a 9-month-old boy presented to the emergency room with a 3-day history of refusal to bear weight on the right lower extremity and febrile peaks of up to 38.5°C for 24 hours.>>> <|im_end|><|im_start|>assistant [{""entity"": ""presented""}, {""entity"": ""refusal""}, {""entity"": ""bear""}, {""entity"": ""peaks""}] <|im_end|>
<|im_start|>user Extract the entities contained in the text. Extract only entities contained in the text.
Return the result in a json format: [{""entity"":""entity_name""}]. <<A 13-year-old boy diagnosed with WHO diagnostic criteria of probable NS was referred from Atanga HC III in Pader district where he was enrolled and undergoing care at the nodding syndrome treatment center; he came with a history of progressive swelling and pain in the right lumbar region.>>> <|im_end|><|im_start|>assistant","[{""entity"": ""diagnosed""}, {""entity"": ""referred""}, {""entity"": ""history""}, {""entity"": ""swelling""}, {""entity"": ""pain""}, {""entity"": ""NS""}, {""entity"": ""nodding syndrome""}, {""entity"": ""swelling and pain in the right lumbar region""}, {""entity"": ""pain in the right lumbar region""}, {""entity"": ""the right lumbar region""}, {""entity"": ""A 13-year-old boy""}, {""entity"": ""he""}, {""entity"": ""he""}] ","[{""entity"": ""diagnosed""}, {""entity"": ""criteria""}, {""entity"": ""NS""}, {""entity"": ""referred""},"
The swelling was associated with a high grade fever which was constant and only partially relieved by analgesics.,"[{'id': '8383', 'offsets': array([ 4, 12]), 'role': '', 'semantic_type_id': '', 'text': 'swelling', 'type': 'EVENT'}
 {'id': '8398', 'offsets': array([17, 27]), 'role': '', 'semantic_type_id': '', 'text': 'associated', 'type': 'EVENT'}
 {'id': '8413', 'offsets': array([46, 51]), 'role': '', 'semantic_type_id': '', 'text': 'fever', 'type': 'EVENT'}
 {'id': '9356', 'offsets': array([ 4, 12]), 'role': '', 'semantic_type_id': 'C0038999', 'text': 'swelling', 'type': 'CLINENTITY'}
 {'id': '9363', 'offsets': array([46, 51]), 'role': '', 'semantic_type_id': 'C0015967', 'text': 'fever', 'type': 'CLINENTITY'}]","A 13-year-old boy diagnosed with WHO diagnostic criteria of probable NS was referred from Atanga HC III in Pader district where he was enrolled and undergoing care at the nodding syndrome treatment center; he came with a history of progressive swelling and pain in the right lumbar region. The swelling was associated with a high grade fever which was constant and only partially relieved by analgesics. These symptoms were not associated with vomiting, constipation, yellow eyes, loss of appetite or weight loss. The patient reported a history of falling from a tree during one of the nodding episodes in October 2012 and hit his abdomen onto a tree branch. On further probe on his childhood history, his mother reported that he was born normally at home by a Traditional Birth Attendant (TBA) in one of the Internally Displaced peoples (IDP) camps in 2000. She reported that there was an uneventful pregnancy which was carried to term and delivery by Spontaneous vaginal delivery (SVD). She reported that during her pregnancy, she had exclusive feeding on the relief food provided by WFP (beans, yellow posho and cooking oil) during the IDP camps and denies history of ingestion of herbs or medications which caused adverse events during and after the pregnancy. She reported that her child had a normal physical, cognitive and social childhood development before the onset of nodding which began in May 27th 2011 immediately after returning home from IDP camps. The child was enrolled in Atanga treatment centre and was being managed with Carbamazepine, multivitamins and Ivermectin. She reported that in spite of these medications the child continued to have seizures and nodding at least twice a day and had since dropped out of school. On general examination, he was dehydrated, febrile and moderately wasted. There was a right lumbar region mass, tender, indurated and non-fluctuant. The spleen and liver were not palpable. There was no renal or supra-pubic tenderness. The rectum was full of faecal material which was of normal colour and consistency. The anal tone was normal and there was no blood on examining fingure. Haematological investigations were conducted and showed neutrophilia, lympocytosis, monocytosis, and eosinophilia. There were immature granulocytes and atypical lymphocytes seen on the peripheral film report. Other laboratory results including liver function tests (ALT, AST) were elevated while serum protein levels were low; renal functions tests (serum creatinine, blood urea and nitrogen level), and serum electrolytes (K+, Na+, Cl-, HC03-) which were within normal ranges. Abdominal Ultrasound showed inflamed internal and external oblique muscles of the anterior abdominal wall. The patient underwent incision and drainage at Gulu Hospital and wound left open for 14 days and thereafter secondary wound closure was conducted. He received supplementary food rehabilitation and his seizure medication was changed to Sodium Valproate 200mg once a day under direct observation therapy (DOTS) and close monitoring of the vital signs. The patient continued to have regular follow up in the surgical ward; seizures and nodding stopped completely from the time of intervention in the hospital. With these interventions for over one month the child had no seizures nor nodding and the child returned to normal life. A subsequent review of the haematological and clinical chemistry findings 2 weeks later showed that renal function tests, serum electrolytes were normal except the liver enzymes level were elevated and were still high.
",EN100075,"<|im_start|>user Extract the entities contained in the text. Extract only entities contained in the text.
Return the result in a json format: [{""entity"":""entity_name""}]. <<The swelling was associated with a high grade fever which was constant and only partially relieved by analgesics.>>> <|im_end|><|im_start|>assistant[{""entity"": ""swelling""}, {""entity"": ""associated""}, {""entity"": ""fever""}, {""entity"": ""swelling""}, {""entity"": ""fever""}] <|im_end|>","<|im_start|>user Extract the entities contained in the text. Extract only entities contained in the text.
Return the result in a json format: [{""entity"":""entity_name""}]. <<<We present a case of a 32-year-old woman with a history of gradual enlargement of the anterior neck.>>> <|im_end|><|im_start|>assistant [{""entity"": ""present""}, {""entity"": ""history""}, {""entity"": ""enlargement""}] <|im_end|>
<|im_start|>user Extract the entities contained in the text. Extract only entities contained in the text.
Return the result in a json format: [{""entity"":""entity_name""}]. <<<Patient information: a 9-month-old boy presented to the emergency room with a 3-day history of refusal to bear weight on the right lower extremity and febrile peaks of up to 38.5°C for 24 hours.>>> <|im_end|><|im_start|>assistant [{""entity"": ""presented""}, {""entity"": ""refusal""}, {""entity"": ""bear""}, {""entity"": ""peaks""}] <|im_end|>
<|im_start|>user Extract the entities contained in the text. Extract only entities contained in the text.
Return the result in a json format: [{""entity"":""entity_name""}]. <<The swelling was associated with a high grade fever which was constant and only partially relieved by analgesics.>>> <|im_end|><|im_start|>assistant","[{""entity"": ""swelling""}, {""entity"": ""associated""}, {""entity"": ""fever""}, {""entity"": ""swelling""}, {""entity"": ""fever""}] ","[{""entity"": ""swelling""}, {""entity"": ""fever""}, {""entity"": ""constant""}, {""entity"": ""relieved""},"
The patient reported a history of falling from a tree during one of the nodding episodes in October 2012 and hit his abdomen onto a tree branch.,"[{'id': '8518', 'offsets': array([23, 30]), 'role': '', 'semantic_type_id': '', 'text': 'history', 'type': 'EVENT'}
 {'id': '8533', 'offsets': array([34, 41]), 'role': '', 'semantic_type_id': '', 'text': 'falling', 'type': 'EVENT'}
 {'id': '8548', 'offsets': array([109, 112]), 'role': '', 'semantic_type_id': '', 'text': 'hit', 'type': 'EVENT'}
 {'id': '9405', 'offsets': array([72, 79]), 'role': '', 'semantic_type_id': 'C3658353', 'text': 'nodding', 'type': 'CLINENTITY'}
 {'id': '9488', 'offsets': array([117, 124]), 'role': '', 'semantic_type_id': '', 'text': 'abdomen', 'type': 'BODYPART'}
 {'id': '9557', 'offsets': array([ 0, 11]), 'role': 'PATIENT', 'semantic_type_id': '', 'text': 'The patient', 'type': 'ACTOR'}
 {'id': '9676', 'offsets': array([ 89, 104]), 'role': '', 'semantic_type_id': '', 'text': 'in October 2012', 'type': 'TIMEX3'}]","A 13-year-old boy diagnosed with WHO diagnostic criteria of probable NS was referred from Atanga HC III in Pader district where he was enrolled and undergoing care at the nodding syndrome treatment center; he came with a history of progressive swelling and pain in the right lumbar region. The swelling was associated with a high grade fever which was constant and only partially relieved by analgesics. These symptoms were not associated with vomiting, constipation, yellow eyes, loss of appetite or weight loss. The patient reported a history of falling from a tree during one of the nodding episodes in October 2012 and hit his abdomen onto a tree branch. On further probe on his childhood history, his mother reported that he was born normally at home by a Traditional Birth Attendant (TBA) in one of the Internally Displaced peoples (IDP) camps in 2000. She reported that there was an uneventful pregnancy which was carried to term and delivery by Spontaneous vaginal delivery (SVD). She reported that during her pregnancy, she had exclusive feeding on the relief food provided by WFP (beans, yellow posho and cooking oil) during the IDP camps and denies history of ingestion of herbs or medications which caused adverse events during and after the pregnancy. She reported that her child had a normal physical, cognitive and social childhood development before the onset of nodding which began in May 27th 2011 immediately after returning home from IDP camps. The child was enrolled in Atanga treatment centre and was being managed with Carbamazepine, multivitamins and Ivermectin. She reported that in spite of these medications the child continued to have seizures and nodding at least twice a day and had since dropped out of school. On general examination, he was dehydrated, febrile and moderately wasted. There was a right lumbar region mass, tender, indurated and non-fluctuant. The spleen and liver were not palpable. There was no renal or supra-pubic tenderness. The rectum was full of faecal material which was of normal colour and consistency. The anal tone was normal and there was no blood on examining fingure. Haematological investigations were conducted and showed neutrophilia, lympocytosis, monocytosis, and eosinophilia. There were immature granulocytes and atypical lymphocytes seen on the peripheral film report. Other laboratory results including liver function tests (ALT, AST) were elevated while serum protein levels were low; renal functions tests (serum creatinine, blood urea and nitrogen level), and serum electrolytes (K+, Na+, Cl-, HC03-) which were within normal ranges. Abdominal Ultrasound showed inflamed internal and external oblique muscles of the anterior abdominal wall. The patient underwent incision and drainage at Gulu Hospital and wound left open for 14 days and thereafter secondary wound closure was conducted. He received supplementary food rehabilitation and his seizure medication was changed to Sodium Valproate 200mg once a day under direct observation therapy (DOTS) and close monitoring of the vital signs. The patient continued to have regular follow up in the surgical ward; seizures and nodding stopped completely from the time of intervention in the hospital. With these interventions for over one month the child had no seizures nor nodding and the child returned to normal life. A subsequent review of the haematological and clinical chemistry findings 2 weeks later showed that renal function tests, serum electrolytes were normal except the liver enzymes level were elevated and were still high.
",EN100075,"<|im_start|>user Extract the entities contained in the text. Extract only entities contained in the text.
Return the result in a json format: [{""entity"":""entity_name""}]. <<The patient reported a history of falling from a tree during one of the nodding episodes in October 2012 and hit his abdomen onto a tree branch.>>> <|im_end|><|im_start|>assistant[{""entity"": ""history""}, {""entity"": ""falling""}, {""entity"": ""hit""}, {""entity"": ""nodding""}, {""entity"": ""abdomen""}, {""entity"": ""The patient""}, {""entity"": ""in October 2012""}] <|im_end|>","<|im_start|>user Extract the entities contained in the text. Extract only entities contained in the text.
Return the result in a json format: [{""entity"":""entity_name""}]. <<<We present a case of a 32-year-old woman with a history of gradual enlargement of the anterior neck.>>> <|im_end|><|im_start|>assistant [{""entity"": ""present""}, {""entity"": ""history""}, {""entity"": ""enlargement""}] <|im_end|>
<|im_start|>user Extract the entities contained in the text. Extract only entities contained in the text.
Return the result in a json format: [{""entity"":""entity_name""}]. <<<Patient information: a 9-month-old boy presented to the emergency room with a 3-day history of refusal to bear weight on the right lower extremity and febrile peaks of up to 38.5°C for 24 hours.>>> <|im_end|><|im_start|>assistant [{""entity"": ""presented""}, {""entity"": ""refusal""}, {""entity"": ""bear""}, {""entity"": ""peaks""}] <|im_end|>
<|im_start|>user Extract the entities contained in the text. Extract only entities contained in the text.
Return the result in a json format: [{""entity"":""entity_name""}]. <<The patient reported a history of falling from a tree during one of the nodding episodes in October 2012 and hit his abdomen onto a tree branch.>>> <|im_end|><|im_start|>assistant","[{""entity"": ""history""}, {""entity"": ""falling""}, {""entity"": ""hit""}, {""entity"": ""nodding""}, {""entity"": ""abdomen""}, {""entity"": ""The patient""}, {""entity"": ""in October 2012""}] ","[{""entity"": ""reported""}, {""entity"": ""history""}, {""entity"": ""falling""}, {""entity"": ""nodding""}, {"""
"On further probe on his childhood history, his mother reported that he was born normally at home by a Traditional Birth Attendant (TBA) in one of the Internally Displaced peoples (IDP) camps in 2000.","[{'id': '9564', 'offsets': array([43, 53]), 'role': 'OTHER', 'semantic_type_id': '', 'text': 'his mother', 'type': 'ACTOR'}
 {'id': '9571', 'offsets': array([68, 70]), 'role': 'PATIENT', 'semantic_type_id': '', 'text': 'he', 'type': 'ACTOR'}
 {'id': '9685', 'offsets': array([191, 198]), 'role': '', 'semantic_type_id': '', 'text': 'in 2000', 'type': 'TIMEX3'}]","A 13-year-old boy diagnosed with WHO diagnostic criteria of probable NS was referred from Atanga HC III in Pader district where he was enrolled and undergoing care at the nodding syndrome treatment center; he came with a history of progressive swelling and pain in the right lumbar region. The swelling was associated with a high grade fever which was constant and only partially relieved by analgesics. These symptoms were not associated with vomiting, constipation, yellow eyes, loss of appetite or weight loss. The patient reported a history of falling from a tree during one of the nodding episodes in October 2012 and hit his abdomen onto a tree branch. On further probe on his childhood history, his mother reported that he was born normally at home by a Traditional Birth Attendant (TBA) in one of the Internally Displaced peoples (IDP) camps in 2000. She reported that there was an uneventful pregnancy which was carried to term and delivery by Spontaneous vaginal delivery (SVD). She reported that during her pregnancy, she had exclusive feeding on the relief food provided by WFP (beans, yellow posho and cooking oil) during the IDP camps and denies history of ingestion of herbs or medications which caused adverse events during and after the pregnancy. She reported that her child had a normal physical, cognitive and social childhood development before the onset of nodding which began in May 27th 2011 immediately after returning home from IDP camps. The child was enrolled in Atanga treatment centre and was being managed with Carbamazepine, multivitamins and Ivermectin. She reported that in spite of these medications the child continued to have seizures and nodding at least twice a day and had since dropped out of school. On general examination, he was dehydrated, febrile and moderately wasted. There was a right lumbar region mass, tender, indurated and non-fluctuant. The spleen and liver were not palpable. There was no renal or supra-pubic tenderness. The rectum was full of faecal material which was of normal colour and consistency. The anal tone was normal and there was no blood on examining fingure. Haematological investigations were conducted and showed neutrophilia, lympocytosis, monocytosis, and eosinophilia. There were immature granulocytes and atypical lymphocytes seen on the peripheral film report. Other laboratory results including liver function tests (ALT, AST) were elevated while serum protein levels were low; renal functions tests (serum creatinine, blood urea and nitrogen level), and serum electrolytes (K+, Na+, Cl-, HC03-) which were within normal ranges. Abdominal Ultrasound showed inflamed internal and external oblique muscles of the anterior abdominal wall. The patient underwent incision and drainage at Gulu Hospital and wound left open for 14 days and thereafter secondary wound closure was conducted. He received supplementary food rehabilitation and his seizure medication was changed to Sodium Valproate 200mg once a day under direct observation therapy (DOTS) and close monitoring of the vital signs. The patient continued to have regular follow up in the surgical ward; seizures and nodding stopped completely from the time of intervention in the hospital. With these interventions for over one month the child had no seizures nor nodding and the child returned to normal life. A subsequent review of the haematological and clinical chemistry findings 2 weeks later showed that renal function tests, serum electrolytes were normal except the liver enzymes level were elevated and were still high.
",EN100075,"<|im_start|>user Extract the entities contained in the text. Extract only entities contained in the text.
Return the result in a json format: [{""entity"":""entity_name""}]. <<On further probe on his childhood history, his mother reported that he was born normally at home by a Traditional Birth Attendant (TBA) in one of the Internally Displaced peoples (IDP) camps in 2000.>>> <|im_end|><|im_start|>assistant[{""entity"": ""his mother""}, {""entity"": ""he""}, {""entity"": ""in 2000""}] <|im_end|>","<|im_start|>user Extract the entities contained in the text. Extract only entities contained in the text.
Return the result in a json format: [{""entity"":""entity_name""}]. <<<We present a case of a 32-year-old woman with a history of gradual enlargement of the anterior neck.>>> <|im_end|><|im_start|>assistant [{""entity"": ""present""}, {""entity"": ""history""}, {""entity"": ""enlargement""}] <|im_end|>
<|im_start|>user Extract the entities contained in the text. Extract only entities contained in the text.
Return the result in a json format: [{""entity"":""entity_name""}]. <<<Patient information: a 9-month-old boy presented to the emergency room with a 3-day history of refusal to bear weight on the right lower extremity and febrile peaks of up to 38.5°C for 24 hours.>>> <|im_end|><|im_start|>assistant [{""entity"": ""presented""}, {""entity"": ""refusal""}, {""entity"": ""bear""}, {""entity"": ""peaks""}] <|im_end|>
<|im_start|>user Extract the entities contained in the text. Extract only entities contained in the text.
Return the result in a json format: [{""entity"":""entity_name""}]. <<On further probe on his childhood history, his mother reported that he was born normally at home by a Traditional Birth Attendant (TBA) in one of the Internally Displaced peoples (IDP) camps in 2000.>>> <|im_end|><|im_start|>assistant","[{""entity"": ""his mother""}, {""entity"": ""he""}, {""entity"": ""in 2000""}] ","[{""entity"": ""probe""}, {""entity"": ""reported""}, {""entity"": ""born""}, {""entity"": ""attendant""}, {""entity"
She reported that there was an uneventful pregnancy which was carried to term and delivery by Spontaneous vaginal delivery (SVD).,"[{'id': '8563', 'offsets': array([ 4, 12]), 'role': '', 'semantic_type_id': '', 'text': 'reported', 'type': 'EVENT'}
 {'id': '8578', 'offsets': array([42, 51]), 'role': '', 'semantic_type_id': '', 'text': 'pregnancy', 'type': 'EVENT'}
 {'id': '8593', 'offsets': array([82, 90]), 'role': '', 'semantic_type_id': '', 'text': 'delivery', 'type': 'EVENT'}
 {'id': '9578', 'offsets': array([0, 3]), 'role': 'OTHER', 'semantic_type_id': '', 'text': 'She', 'type': 'ACTOR'}]","A 13-year-old boy diagnosed with WHO diagnostic criteria of probable NS was referred from Atanga HC III in Pader district where he was enrolled and undergoing care at the nodding syndrome treatment center; he came with a history of progressive swelling and pain in the right lumbar region. The swelling was associated with a high grade fever which was constant and only partially relieved by analgesics. These symptoms were not associated with vomiting, constipation, yellow eyes, loss of appetite or weight loss. The patient reported a history of falling from a tree during one of the nodding episodes in October 2012 and hit his abdomen onto a tree branch. On further probe on his childhood history, his mother reported that he was born normally at home by a Traditional Birth Attendant (TBA) in one of the Internally Displaced peoples (IDP) camps in 2000. She reported that there was an uneventful pregnancy which was carried to term and delivery by Spontaneous vaginal delivery (SVD). She reported that during her pregnancy, she had exclusive feeding on the relief food provided by WFP (beans, yellow posho and cooking oil) during the IDP camps and denies history of ingestion of herbs or medications which caused adverse events during and after the pregnancy. She reported that her child had a normal physical, cognitive and social childhood development before the onset of nodding which began in May 27th 2011 immediately after returning home from IDP camps. The child was enrolled in Atanga treatment centre and was being managed with Carbamazepine, multivitamins and Ivermectin. She reported that in spite of these medications the child continued to have seizures and nodding at least twice a day and had since dropped out of school. On general examination, he was dehydrated, febrile and moderately wasted. There was a right lumbar region mass, tender, indurated and non-fluctuant. The spleen and liver were not palpable. There was no renal or supra-pubic tenderness. The rectum was full of faecal material which was of normal colour and consistency. The anal tone was normal and there was no blood on examining fingure. Haematological investigations were conducted and showed neutrophilia, lympocytosis, monocytosis, and eosinophilia. There were immature granulocytes and atypical lymphocytes seen on the peripheral film report. Other laboratory results including liver function tests (ALT, AST) were elevated while serum protein levels were low; renal functions tests (serum creatinine, blood urea and nitrogen level), and serum electrolytes (K+, Na+, Cl-, HC03-) which were within normal ranges. Abdominal Ultrasound showed inflamed internal and external oblique muscles of the anterior abdominal wall. The patient underwent incision and drainage at Gulu Hospital and wound left open for 14 days and thereafter secondary wound closure was conducted. He received supplementary food rehabilitation and his seizure medication was changed to Sodium Valproate 200mg once a day under direct observation therapy (DOTS) and close monitoring of the vital signs. The patient continued to have regular follow up in the surgical ward; seizures and nodding stopped completely from the time of intervention in the hospital. With these interventions for over one month the child had no seizures nor nodding and the child returned to normal life. A subsequent review of the haematological and clinical chemistry findings 2 weeks later showed that renal function tests, serum electrolytes were normal except the liver enzymes level were elevated and were still high.
",EN100075,"<|im_start|>user Extract the entities contained in the text. Extract only entities contained in the text.
Return the result in a json format: [{""entity"":""entity_name""}]. <<She reported that there was an uneventful pregnancy which was carried to term and delivery by Spontaneous vaginal delivery (SVD).>>> <|im_end|><|im_start|>assistant[{""entity"": ""reported""}, {""entity"": ""pregnancy""}, {""entity"": ""delivery""}, {""entity"": ""She""}] <|im_end|>","<|im_start|>user Extract the entities contained in the text. Extract only entities contained in the text.
Return the result in a json format: [{""entity"":""entity_name""}]. <<<We present a case of a 32-year-old woman with a history of gradual enlargement of the anterior neck.>>> <|im_end|><|im_start|>assistant [{""entity"": ""present""}, {""entity"": ""history""}, {""entity"": ""enlargement""}] <|im_end|>
<|im_start|>user Extract the entities contained in the text. Extract only entities contained in the text.
Return the result in a json format: [{""entity"":""entity_name""}]. <<<Patient information: a 9-month-old boy presented to the emergency room with a 3-day history of refusal to bear weight on the right lower extremity and febrile peaks of up to 38.5°C for 24 hours.>>> <|im_end|><|im_start|>assistant [{""entity"": ""presented""}, {""entity"": ""refusal""}, {""entity"": ""bear""}, {""entity"": ""peaks""}] <|im_end|>
<|im_start|>user Extract the entities contained in the text. Extract only entities contained in the text.
Return the result in a json format: [{""entity"":""entity_name""}]. <<She reported that there was an uneventful pregnancy which was carried to term and delivery by Spontaneous vaginal delivery (SVD).>>> <|im_end|><|im_start|>assistant","[{""entity"": ""reported""}, {""entity"": ""pregnancy""}, {""entity"": ""delivery""}, {""entity"": ""She""}] ","[{""entity"": ""reported""}, {""entity"": ""pregnancy""}, {""entity"": ""carried""}, {""entity"": ""delivery""},"
"The child was enrolled in Atanga treatment centre and was being managed with Carbamazepine, multivitamins and Ivermectin.","[{'id': '9613', 'offsets': array([0, 9]), 'role': 'PATIENT', 'semantic_type_id': '', 'text': 'The child', 'type': 'ACTOR'}]","A 13-year-old boy diagnosed with WHO diagnostic criteria of probable NS was referred from Atanga HC III in Pader district where he was enrolled and undergoing care at the nodding syndrome treatment center; he came with a history of progressive swelling and pain in the right lumbar region. The swelling was associated with a high grade fever which was constant and only partially relieved by analgesics. These symptoms were not associated with vomiting, constipation, yellow eyes, loss of appetite or weight loss. The patient reported a history of falling from a tree during one of the nodding episodes in October 2012 and hit his abdomen onto a tree branch. On further probe on his childhood history, his mother reported that he was born normally at home by a Traditional Birth Attendant (TBA) in one of the Internally Displaced peoples (IDP) camps in 2000. She reported that there was an uneventful pregnancy which was carried to term and delivery by Spontaneous vaginal delivery (SVD). She reported that during her pregnancy, she had exclusive feeding on the relief food provided by WFP (beans, yellow posho and cooking oil) during the IDP camps and denies history of ingestion of herbs or medications which caused adverse events during and after the pregnancy. She reported that her child had a normal physical, cognitive and social childhood development before the onset of nodding which began in May 27th 2011 immediately after returning home from IDP camps. The child was enrolled in Atanga treatment centre and was being managed with Carbamazepine, multivitamins and Ivermectin. She reported that in spite of these medications the child continued to have seizures and nodding at least twice a day and had since dropped out of school. On general examination, he was dehydrated, febrile and moderately wasted. There was a right lumbar region mass, tender, indurated and non-fluctuant. The spleen and liver were not palpable. There was no renal or supra-pubic tenderness. The rectum was full of faecal material which was of normal colour and consistency. The anal tone was normal and there was no blood on examining fingure. Haematological investigations were conducted and showed neutrophilia, lympocytosis, monocytosis, and eosinophilia. There were immature granulocytes and atypical lymphocytes seen on the peripheral film report. Other laboratory results including liver function tests (ALT, AST) were elevated while serum protein levels were low; renal functions tests (serum creatinine, blood urea and nitrogen level), and serum electrolytes (K+, Na+, Cl-, HC03-) which were within normal ranges. Abdominal Ultrasound showed inflamed internal and external oblique muscles of the anterior abdominal wall. The patient underwent incision and drainage at Gulu Hospital and wound left open for 14 days and thereafter secondary wound closure was conducted. He received supplementary food rehabilitation and his seizure medication was changed to Sodium Valproate 200mg once a day under direct observation therapy (DOTS) and close monitoring of the vital signs. The patient continued to have regular follow up in the surgical ward; seizures and nodding stopped completely from the time of intervention in the hospital. With these interventions for over one month the child had no seizures nor nodding and the child returned to normal life. A subsequent review of the haematological and clinical chemistry findings 2 weeks later showed that renal function tests, serum electrolytes were normal except the liver enzymes level were elevated and were still high.
",EN100075,"<|im_start|>user Extract the entities contained in the text. Extract only entities contained in the text.
Return the result in a json format: [{""entity"":""entity_name""}]. <<The child was enrolled in Atanga treatment centre and was being managed with Carbamazepine, multivitamins and Ivermectin.>>> <|im_end|><|im_start|>assistant[{""entity"": ""The child""}] <|im_end|>","<|im_start|>user Extract the entities contained in the text. Extract only entities contained in the text.
Return the result in a json format: [{""entity"":""entity_name""}]. <<<We present a case of a 32-year-old woman with a history of gradual enlargement of the anterior neck.>>> <|im_end|><|im_start|>assistant [{""entity"": ""present""}, {""entity"": ""history""}, {""entity"": ""enlargement""}] <|im_end|>
<|im_start|>user Extract the entities contained in the text. Extract only entities contained in the text.
Return the result in a json format: [{""entity"":""entity_name""}]. <<<Patient information: a 9-month-old boy presented to the emergency room with a 3-day history of refusal to bear weight on the right lower extremity and febrile peaks of up to 38.5°C for 24 hours.>>> <|im_end|><|im_start|>assistant [{""entity"": ""presented""}, {""entity"": ""refusal""}, {""entity"": ""bear""}, {""entity"": ""peaks""}] <|im_end|>
<|im_start|>user Extract the entities contained in the text. Extract only entities contained in the text.
Return the result in a json format: [{""entity"":""entity_name""}]. <<The child was enrolled in Atanga treatment centre and was being managed with Carbamazepine, multivitamins and Ivermectin.>>> <|im_end|><|im_start|>assistant","[{""entity"": ""The child""}] ","[{""entity"": ""enrolled""}, {""entity"": ""managed""}, {""entity"": ""The child""}] <|im_end|><|im_end|><|im_end|><|im_end|><|im_end|>"
She reported that in spite of these medications the child continued to have seizures and nodding at least twice a day and had since dropped out of school.,"[{'id': '8728', 'offsets': array([ 4, 12]), 'role': '', 'semantic_type_id': '', 'text': 'reported', 'type': 'EVENT'}
 {'id': '8743', 'offsets': array([76, 84]), 'role': '', 'semantic_type_id': '', 'text': 'seizures', 'type': 'EVENT'}
 {'id': '8758', 'offsets': array([89, 96]), 'role': '', 'semantic_type_id': '', 'text': 'nodding', 'type': 'EVENT'}
 {'id': '9419', 'offsets': array([76, 84]), 'role': '', 'semantic_type_id': 'C0036572', 'text': 'seizures', 'type': 'CLINENTITY'}
 {'id': '9426', 'offsets': array([89, 96]), 'role': '', 'semantic_type_id': 'C3658353', 'text': 'nodding', 'type': 'CLINENTITY'}
 {'id': '9620', 'offsets': array([0, 3]), 'role': 'OTHER', 'semantic_type_id': '', 'text': 'She', 'type': 'ACTOR'}
 {'id': '9627', 'offsets': array([48, 57]), 'role': 'PATIENT', 'semantic_type_id': '', 'text': 'the child', 'type': 'ACTOR'}
 {'id': '9703', 'offsets': array([106, 117]), 'role': '', 'semantic_type_id': '', 'text': 'twice a day', 'type': 'TIMEX3'}]","A 13-year-old boy diagnosed with WHO diagnostic criteria of probable NS was referred from Atanga HC III in Pader district where he was enrolled and undergoing care at the nodding syndrome treatment center; he came with a history of progressive swelling and pain in the right lumbar region. The swelling was associated with a high grade fever which was constant and only partially relieved by analgesics. These symptoms were not associated with vomiting, constipation, yellow eyes, loss of appetite or weight loss. The patient reported a history of falling from a tree during one of the nodding episodes in October 2012 and hit his abdomen onto a tree branch. On further probe on his childhood history, his mother reported that he was born normally at home by a Traditional Birth Attendant (TBA) in one of the Internally Displaced peoples (IDP) camps in 2000. She reported that there was an uneventful pregnancy which was carried to term and delivery by Spontaneous vaginal delivery (SVD). She reported that during her pregnancy, she had exclusive feeding on the relief food provided by WFP (beans, yellow posho and cooking oil) during the IDP camps and denies history of ingestion of herbs or medications which caused adverse events during and after the pregnancy. She reported that her child had a normal physical, cognitive and social childhood development before the onset of nodding which began in May 27th 2011 immediately after returning home from IDP camps. The child was enrolled in Atanga treatment centre and was being managed with Carbamazepine, multivitamins and Ivermectin. She reported that in spite of these medications the child continued to have seizures and nodding at least twice a day and had since dropped out of school. On general examination, he was dehydrated, febrile and moderately wasted. There was a right lumbar region mass, tender, indurated and non-fluctuant. The spleen and liver were not palpable. There was no renal or supra-pubic tenderness. The rectum was full of faecal material which was of normal colour and consistency. The anal tone was normal and there was no blood on examining fingure. Haematological investigations were conducted and showed neutrophilia, lympocytosis, monocytosis, and eosinophilia. There were immature granulocytes and atypical lymphocytes seen on the peripheral film report. Other laboratory results including liver function tests (ALT, AST) were elevated while serum protein levels were low; renal functions tests (serum creatinine, blood urea and nitrogen level), and serum electrolytes (K+, Na+, Cl-, HC03-) which were within normal ranges. Abdominal Ultrasound showed inflamed internal and external oblique muscles of the anterior abdominal wall. The patient underwent incision and drainage at Gulu Hospital and wound left open for 14 days and thereafter secondary wound closure was conducted. He received supplementary food rehabilitation and his seizure medication was changed to Sodium Valproate 200mg once a day under direct observation therapy (DOTS) and close monitoring of the vital signs. The patient continued to have regular follow up in the surgical ward; seizures and nodding stopped completely from the time of intervention in the hospital. With these interventions for over one month the child had no seizures nor nodding and the child returned to normal life. A subsequent review of the haematological and clinical chemistry findings 2 weeks later showed that renal function tests, serum electrolytes were normal except the liver enzymes level were elevated and were still high.
",EN100075,"<|im_start|>user Extract the entities contained in the text. Extract only entities contained in the text.
Return the result in a json format: [{""entity"":""entity_name""}]. <<She reported that in spite of these medications the child continued to have seizures and nodding at least twice a day and had since dropped out of school.>>> <|im_end|><|im_start|>assistant[{""entity"": ""reported""}, {""entity"": ""seizures""}, {""entity"": ""nodding""}, {""entity"": ""seizures""}, {""entity"": ""nodding""}, {""entity"": ""She""}, {""entity"": ""the child""}, {""entity"": ""twice a day""}] <|im_end|>","<|im_start|>user Extract the entities contained in the text. Extract only entities contained in the text.
Return the result in a json format: [{""entity"":""entity_name""}]. <<<We present a case of a 32-year-old woman with a history of gradual enlargement of the anterior neck.>>> <|im_end|><|im_start|>assistant [{""entity"": ""present""}, {""entity"": ""history""}, {""entity"": ""enlargement""}] <|im_end|>
<|im_start|>user Extract the entities contained in the text. Extract only entities contained in the text.
Return the result in a json format: [{""entity"":""entity_name""}]. <<<Patient information: a 9-month-old boy presented to the emergency room with a 3-day history of refusal to bear weight on the right lower extremity and febrile peaks of up to 38.5°C for 24 hours.>>> <|im_end|><|im_start|>assistant [{""entity"": ""presented""}, {""entity"": ""refusal""}, {""entity"": ""bear""}, {""entity"": ""peaks""}] <|im_end|>
<|im_start|>user Extract the entities contained in the text. Extract only entities contained in the text.
Return the result in a json format: [{""entity"":""entity_name""}]. <<She reported that in spite of these medications the child continued to have seizures and nodding at least twice a day and had since dropped out of school.>>> <|im_end|><|im_start|>assistant","[{""entity"": ""reported""}, {""entity"": ""seizures""}, {""entity"": ""nodding""}, {""entity"": ""seizures""}, {""entity"": ""nodding""}, {""entity"": ""She""}, {""entity"": ""the child""}, {""entity"": ""twice a day""}] ","[{""entity"": ""reported""}, {""entity"": ""medications""}, {""entity"": ""continued""}, {""entity"": ""seizures"
"On general examination, he was dehydrated, febrile and moderately wasted.","[{'id': '8773', 'offsets': array([11, 22]), 'role': '', 'semantic_type_id': '', 'text': 'examination', 'type': 'EVENT'}
 {'id': '8788', 'offsets': array([31, 41]), 'role': '', 'semantic_type_id': '', 'text': 'dehydrated', 'type': 'EVENT'}
 {'id': '8803', 'offsets': array([43, 50]), 'role': '', 'semantic_type_id': '', 'text': 'febrile', 'type': 'EVENT'}
 {'id': '8818', 'offsets': array([66, 72]), 'role': '', 'semantic_type_id': '', 'text': 'wasted', 'type': 'EVENT'}
 {'id': '9433', 'offsets': array([31, 41]), 'role': '', 'semantic_type_id': 'C0011175', 'text': 'dehydrated', 'type': 'CLINENTITY'}
 {'id': '9440', 'offsets': array([43, 50]), 'role': '', 'semantic_type_id': 'C0015967', 'text': 'febrile', 'type': 'CLINENTITY'}
 {'id': '9634', 'offsets': array([24, 26]), 'role': 'PATIENT', 'semantic_type_id': '', 'text': 'he', 'type': 'ACTOR'}]","A 13-year-old boy diagnosed with WHO diagnostic criteria of probable NS was referred from Atanga HC III in Pader district where he was enrolled and undergoing care at the nodding syndrome treatment center; he came with a history of progressive swelling and pain in the right lumbar region. The swelling was associated with a high grade fever which was constant and only partially relieved by analgesics. These symptoms were not associated with vomiting, constipation, yellow eyes, loss of appetite or weight loss. The patient reported a history of falling from a tree during one of the nodding episodes in October 2012 and hit his abdomen onto a tree branch. On further probe on his childhood history, his mother reported that he was born normally at home by a Traditional Birth Attendant (TBA) in one of the Internally Displaced peoples (IDP) camps in 2000. She reported that there was an uneventful pregnancy which was carried to term and delivery by Spontaneous vaginal delivery (SVD). She reported that during her pregnancy, she had exclusive feeding on the relief food provided by WFP (beans, yellow posho and cooking oil) during the IDP camps and denies history of ingestion of herbs or medications which caused adverse events during and after the pregnancy. She reported that her child had a normal physical, cognitive and social childhood development before the onset of nodding which began in May 27th 2011 immediately after returning home from IDP camps. The child was enrolled in Atanga treatment centre and was being managed with Carbamazepine, multivitamins and Ivermectin. She reported that in spite of these medications the child continued to have seizures and nodding at least twice a day and had since dropped out of school. On general examination, he was dehydrated, febrile and moderately wasted. There was a right lumbar region mass, tender, indurated and non-fluctuant. The spleen and liver were not palpable. There was no renal or supra-pubic tenderness. The rectum was full of faecal material which was of normal colour and consistency. The anal tone was normal and there was no blood on examining fingure. Haematological investigations were conducted and showed neutrophilia, lympocytosis, monocytosis, and eosinophilia. There were immature granulocytes and atypical lymphocytes seen on the peripheral film report. Other laboratory results including liver function tests (ALT, AST) were elevated while serum protein levels were low; renal functions tests (serum creatinine, blood urea and nitrogen level), and serum electrolytes (K+, Na+, Cl-, HC03-) which were within normal ranges. Abdominal Ultrasound showed inflamed internal and external oblique muscles of the anterior abdominal wall. The patient underwent incision and drainage at Gulu Hospital and wound left open for 14 days and thereafter secondary wound closure was conducted. He received supplementary food rehabilitation and his seizure medication was changed to Sodium Valproate 200mg once a day under direct observation therapy (DOTS) and close monitoring of the vital signs. The patient continued to have regular follow up in the surgical ward; seizures and nodding stopped completely from the time of intervention in the hospital. With these interventions for over one month the child had no seizures nor nodding and the child returned to normal life. A subsequent review of the haematological and clinical chemistry findings 2 weeks later showed that renal function tests, serum electrolytes were normal except the liver enzymes level were elevated and were still high.
",EN100075,"<|im_start|>user Extract the entities contained in the text. Extract only entities contained in the text.
Return the result in a json format: [{""entity"":""entity_name""}]. <<On general examination, he was dehydrated, febrile and moderately wasted.>>> <|im_end|><|im_start|>assistant[{""entity"": ""examination""}, {""entity"": ""dehydrated""}, {""entity"": ""febrile""}, {""entity"": ""wasted""}, {""entity"": ""dehydrated""}, {""entity"": ""febrile""}, {""entity"": ""he""}] <|im_end|>","<|im_start|>user Extract the entities contained in the text. Extract only entities contained in the text.
Return the result in a json format: [{""entity"":""entity_name""}]. <<<We present a case of a 32-year-old woman with a history of gradual enlargement of the anterior neck.>>> <|im_end|><|im_start|>assistant [{""entity"": ""present""}, {""entity"": ""history""}, {""entity"": ""enlargement""}] <|im_end|>
<|im_start|>user Extract the entities contained in the text. Extract only entities contained in the text.
Return the result in a json format: [{""entity"":""entity_name""}]. <<<Patient information: a 9-month-old boy presented to the emergency room with a 3-day history of refusal to bear weight on the right lower extremity and febrile peaks of up to 38.5°C for 24 hours.>>> <|im_end|><|im_start|>assistant [{""entity"": ""presented""}, {""entity"": ""refusal""}, {""entity"": ""bear""}, {""entity"": ""peaks""}] <|im_end|>
<|im_start|>user Extract the entities contained in the text. Extract only entities contained in the text.
Return the result in a json format: [{""entity"":""entity_name""}]. <<On general examination, he was dehydrated, febrile and moderately wasted.>>> <|im_end|><|im_start|>assistant","[{""entity"": ""examination""}, {""entity"": ""dehydrated""}, {""entity"": ""febrile""}, {""entity"": ""wasted""}, {""entity"": ""dehydrated""}, {""entity"": ""febrile""}, {""entity"": ""he""}] ","[{""entity"": ""examination""}, {""entity"": ""dehydrated""}, {""entity"": ""febrile""}, {""entity"": """
"There was a right lumbar region mass, tender, indurated and non-fluctuant.","[{'id': '9494', 'offsets': array([12, 36]), 'role': '', 'semantic_type_id': '', 'text': 'right lumbar region mass', 'type': 'BODYPART'}]","A 13-year-old boy diagnosed with WHO diagnostic criteria of probable NS was referred from Atanga HC III in Pader district where he was enrolled and undergoing care at the nodding syndrome treatment center; he came with a history of progressive swelling and pain in the right lumbar region. The swelling was associated with a high grade fever which was constant and only partially relieved by analgesics. These symptoms were not associated with vomiting, constipation, yellow eyes, loss of appetite or weight loss. The patient reported a history of falling from a tree during one of the nodding episodes in October 2012 and hit his abdomen onto a tree branch. On further probe on his childhood history, his mother reported that he was born normally at home by a Traditional Birth Attendant (TBA) in one of the Internally Displaced peoples (IDP) camps in 2000. She reported that there was an uneventful pregnancy which was carried to term and delivery by Spontaneous vaginal delivery (SVD). She reported that during her pregnancy, she had exclusive feeding on the relief food provided by WFP (beans, yellow posho and cooking oil) during the IDP camps and denies history of ingestion of herbs or medications which caused adverse events during and after the pregnancy. She reported that her child had a normal physical, cognitive and social childhood development before the onset of nodding which began in May 27th 2011 immediately after returning home from IDP camps. The child was enrolled in Atanga treatment centre and was being managed with Carbamazepine, multivitamins and Ivermectin. She reported that in spite of these medications the child continued to have seizures and nodding at least twice a day and had since dropped out of school. On general examination, he was dehydrated, febrile and moderately wasted. There was a right lumbar region mass, tender, indurated and non-fluctuant. The spleen and liver were not palpable. There was no renal or supra-pubic tenderness. The rectum was full of faecal material which was of normal colour and consistency. The anal tone was normal and there was no blood on examining fingure. Haematological investigations were conducted and showed neutrophilia, lympocytosis, monocytosis, and eosinophilia. There were immature granulocytes and atypical lymphocytes seen on the peripheral film report. Other laboratory results including liver function tests (ALT, AST) were elevated while serum protein levels were low; renal functions tests (serum creatinine, blood urea and nitrogen level), and serum electrolytes (K+, Na+, Cl-, HC03-) which were within normal ranges. Abdominal Ultrasound showed inflamed internal and external oblique muscles of the anterior abdominal wall. The patient underwent incision and drainage at Gulu Hospital and wound left open for 14 days and thereafter secondary wound closure was conducted. He received supplementary food rehabilitation and his seizure medication was changed to Sodium Valproate 200mg once a day under direct observation therapy (DOTS) and close monitoring of the vital signs. The patient continued to have regular follow up in the surgical ward; seizures and nodding stopped completely from the time of intervention in the hospital. With these interventions for over one month the child had no seizures nor nodding and the child returned to normal life. A subsequent review of the haematological and clinical chemistry findings 2 weeks later showed that renal function tests, serum electrolytes were normal except the liver enzymes level were elevated and were still high.
",EN100075,"<|im_start|>user Extract the entities contained in the text. Extract only entities contained in the text.
Return the result in a json format: [{""entity"":""entity_name""}]. <<There was a right lumbar region mass, tender, indurated and non-fluctuant.>>> <|im_end|><|im_start|>assistant[{""entity"": ""right lumbar region mass""}] <|im_end|>","<|im_start|>user Extract the entities contained in the text. Extract only entities contained in the text.
Return the result in a json format: [{""entity"":""entity_name""}]. <<<We present a case of a 32-year-old woman with a history of gradual enlargement of the anterior neck.>>> <|im_end|><|im_start|>assistant [{""entity"": ""present""}, {""entity"": ""history""}, {""entity"": ""enlargement""}] <|im_end|>
<|im_start|>user Extract the entities contained in the text. Extract only entities contained in the text.
Return the result in a json format: [{""entity"":""entity_name""}]. <<<Patient information: a 9-month-old boy presented to the emergency room with a 3-day history of refusal to bear weight on the right lower extremity and febrile peaks of up to 38.5°C for 24 hours.>>> <|im_end|><|im_start|>assistant [{""entity"": ""presented""}, {""entity"": ""refusal""}, {""entity"": ""bear""}, {""entity"": ""peaks""}] <|im_end|>
<|im_start|>user Extract the entities contained in the text. Extract only entities contained in the text.
Return the result in a json format: [{""entity"":""entity_name""}]. <<There was a right lumbar region mass, tender, indurated and non-fluctuant.>>> <|im_end|><|im_start|>assistant","[{""entity"": ""right lumbar region mass""}] ","[{""entity"": ""mass""}, {""entity"": ""tender""}, {""entity"": ""indurated""}, {""entity"": ""non-fl"
The spleen and liver were not palpable.,"[{'id': '8833', 'offsets': array([30, 38]), 'role': '', 'semantic_type_id': '', 'text': 'palpable', 'type': 'EVENT'}
 {'id': '9500', 'offsets': array([ 0, 10]), 'role': '', 'semantic_type_id': '', 'text': 'The spleen', 'type': 'BODYPART'}
 {'id': '9506', 'offsets': array([15, 20]), 'role': '', 'semantic_type_id': '', 'text': 'liver', 'type': 'BODYPART'}]","A 13-year-old boy diagnosed with WHO diagnostic criteria of probable NS was referred from Atanga HC III in Pader district where he was enrolled and undergoing care at the nodding syndrome treatment center; he came with a history of progressive swelling and pain in the right lumbar region. The swelling was associated with a high grade fever which was constant and only partially relieved by analgesics. These symptoms were not associated with vomiting, constipation, yellow eyes, loss of appetite or weight loss. The patient reported a history of falling from a tree during one of the nodding episodes in October 2012 and hit his abdomen onto a tree branch. On further probe on his childhood history, his mother reported that he was born normally at home by a Traditional Birth Attendant (TBA) in one of the Internally Displaced peoples (IDP) camps in 2000. She reported that there was an uneventful pregnancy which was carried to term and delivery by Spontaneous vaginal delivery (SVD). She reported that during her pregnancy, she had exclusive feeding on the relief food provided by WFP (beans, yellow posho and cooking oil) during the IDP camps and denies history of ingestion of herbs or medications which caused adverse events during and after the pregnancy. She reported that her child had a normal physical, cognitive and social childhood development before the onset of nodding which began in May 27th 2011 immediately after returning home from IDP camps. The child was enrolled in Atanga treatment centre and was being managed with Carbamazepine, multivitamins and Ivermectin. She reported that in spite of these medications the child continued to have seizures and nodding at least twice a day and had since dropped out of school. On general examination, he was dehydrated, febrile and moderately wasted. There was a right lumbar region mass, tender, indurated and non-fluctuant. The spleen and liver were not palpable. There was no renal or supra-pubic tenderness. The rectum was full of faecal material which was of normal colour and consistency. The anal tone was normal and there was no blood on examining fingure. Haematological investigations were conducted and showed neutrophilia, lympocytosis, monocytosis, and eosinophilia. There were immature granulocytes and atypical lymphocytes seen on the peripheral film report. Other laboratory results including liver function tests (ALT, AST) were elevated while serum protein levels were low; renal functions tests (serum creatinine, blood urea and nitrogen level), and serum electrolytes (K+, Na+, Cl-, HC03-) which were within normal ranges. Abdominal Ultrasound showed inflamed internal and external oblique muscles of the anterior abdominal wall. The patient underwent incision and drainage at Gulu Hospital and wound left open for 14 days and thereafter secondary wound closure was conducted. He received supplementary food rehabilitation and his seizure medication was changed to Sodium Valproate 200mg once a day under direct observation therapy (DOTS) and close monitoring of the vital signs. The patient continued to have regular follow up in the surgical ward; seizures and nodding stopped completely from the time of intervention in the hospital. With these interventions for over one month the child had no seizures nor nodding and the child returned to normal life. A subsequent review of the haematological and clinical chemistry findings 2 weeks later showed that renal function tests, serum electrolytes were normal except the liver enzymes level were elevated and were still high.
",EN100075,"<|im_start|>user Extract the entities contained in the text. Extract only entities contained in the text.
Return the result in a json format: [{""entity"":""entity_name""}]. <<The spleen and liver were not palpable.>>> <|im_end|><|im_start|>assistant[{""entity"": ""palpable""}, {""entity"": ""The spleen""}, {""entity"": ""liver""}] <|im_end|>","<|im_start|>user Extract the entities contained in the text. Extract only entities contained in the text.
Return the result in a json format: [{""entity"":""entity_name""}]. <<<We present a case of a 32-year-old woman with a history of gradual enlargement of the anterior neck.>>> <|im_end|><|im_start|>assistant [{""entity"": ""present""}, {""entity"": ""history""}, {""entity"": ""enlargement""}] <|im_end|>
<|im_start|>user Extract the entities contained in the text. Extract only entities contained in the text.
Return the result in a json format: [{""entity"":""entity_name""}]. <<<Patient information: a 9-month-old boy presented to the emergency room with a 3-day history of refusal to bear weight on the right lower extremity and febrile peaks of up to 38.5°C for 24 hours.>>> <|im_end|><|im_start|>assistant [{""entity"": ""presented""}, {""entity"": ""refusal""}, {""entity"": ""bear""}, {""entity"": ""peaks""}] <|im_end|>
<|im_start|>user Extract the entities contained in the text. Extract only entities contained in the text.
Return the result in a json format: [{""entity"":""entity_name""}]. <<The spleen and liver were not palpable.>>> <|im_end|><|im_start|>assistant","[{""entity"": ""palpable""}, {""entity"": ""The spleen""}, {""entity"": ""liver""}] ","[{""entity"": ""palpable""}, {""entity"": ""The spleen""}, {""entity"": ""the liver""}] <|im_end|><|im_end|>"
There was no renal or supra-pubic tenderness.,"[{'id': '8848', 'offsets': array([34, 44]), 'role': '', 'semantic_type_id': '', 'text': 'tenderness', 'type': 'EVENT'}]","A 13-year-old boy diagnosed with WHO diagnostic criteria of probable NS was referred from Atanga HC III in Pader district where he was enrolled and undergoing care at the nodding syndrome treatment center; he came with a history of progressive swelling and pain in the right lumbar region. The swelling was associated with a high grade fever which was constant and only partially relieved by analgesics. These symptoms were not associated with vomiting, constipation, yellow eyes, loss of appetite or weight loss. The patient reported a history of falling from a tree during one of the nodding episodes in October 2012 and hit his abdomen onto a tree branch. On further probe on his childhood history, his mother reported that he was born normally at home by a Traditional Birth Attendant (TBA) in one of the Internally Displaced peoples (IDP) camps in 2000. She reported that there was an uneventful pregnancy which was carried to term and delivery by Spontaneous vaginal delivery (SVD). She reported that during her pregnancy, she had exclusive feeding on the relief food provided by WFP (beans, yellow posho and cooking oil) during the IDP camps and denies history of ingestion of herbs or medications which caused adverse events during and after the pregnancy. She reported that her child had a normal physical, cognitive and social childhood development before the onset of nodding which began in May 27th 2011 immediately after returning home from IDP camps. The child was enrolled in Atanga treatment centre and was being managed with Carbamazepine, multivitamins and Ivermectin. She reported that in spite of these medications the child continued to have seizures and nodding at least twice a day and had since dropped out of school. On general examination, he was dehydrated, febrile and moderately wasted. There was a right lumbar region mass, tender, indurated and non-fluctuant. The spleen and liver were not palpable. There was no renal or supra-pubic tenderness. The rectum was full of faecal material which was of normal colour and consistency. The anal tone was normal and there was no blood on examining fingure. Haematological investigations were conducted and showed neutrophilia, lympocytosis, monocytosis, and eosinophilia. There were immature granulocytes and atypical lymphocytes seen on the peripheral film report. Other laboratory results including liver function tests (ALT, AST) were elevated while serum protein levels were low; renal functions tests (serum creatinine, blood urea and nitrogen level), and serum electrolytes (K+, Na+, Cl-, HC03-) which were within normal ranges. Abdominal Ultrasound showed inflamed internal and external oblique muscles of the anterior abdominal wall. The patient underwent incision and drainage at Gulu Hospital and wound left open for 14 days and thereafter secondary wound closure was conducted. He received supplementary food rehabilitation and his seizure medication was changed to Sodium Valproate 200mg once a day under direct observation therapy (DOTS) and close monitoring of the vital signs. The patient continued to have regular follow up in the surgical ward; seizures and nodding stopped completely from the time of intervention in the hospital. With these interventions for over one month the child had no seizures nor nodding and the child returned to normal life. A subsequent review of the haematological and clinical chemistry findings 2 weeks later showed that renal function tests, serum electrolytes were normal except the liver enzymes level were elevated and were still high.
",EN100075,"<|im_start|>user Extract the entities contained in the text. Extract only entities contained in the text.
Return the result in a json format: [{""entity"":""entity_name""}]. <<There was no renal or supra-pubic tenderness.>>> <|im_end|><|im_start|>assistant[{""entity"": ""tenderness""}] <|im_end|>","<|im_start|>user Extract the entities contained in the text. Extract only entities contained in the text.
Return the result in a json format: [{""entity"":""entity_name""}]. <<<We present a case of a 32-year-old woman with a history of gradual enlargement of the anterior neck.>>> <|im_end|><|im_start|>assistant [{""entity"": ""present""}, {""entity"": ""history""}, {""entity"": ""enlargement""}] <|im_end|>
<|im_start|>user Extract the entities contained in the text. Extract only entities contained in the text.
Return the result in a json format: [{""entity"":""entity_name""}]. <<<Patient information: a 9-month-old boy presented to the emergency room with a 3-day history of refusal to bear weight on the right lower extremity and febrile peaks of up to 38.5°C for 24 hours.>>> <|im_end|><|im_start|>assistant [{""entity"": ""presented""}, {""entity"": ""refusal""}, {""entity"": ""bear""}, {""entity"": ""peaks""}] <|im_end|>
<|im_start|>user Extract the entities contained in the text. Extract only entities contained in the text.
Return the result in a json format: [{""entity"":""entity_name""}]. <<There was no renal or supra-pubic tenderness.>>> <|im_end|><|im_start|>assistant","[{""entity"": ""tenderness""}] ","[{""entity"": ""tenderness""}, {""entity"": ""renal""}, {""entity"": ""supra-pubic""}] <|im_end|><|im_end|>"
The rectum was full of faecal material which was of normal colour and consistency.,"[{'id': '8863', 'offsets': array([15, 19]), 'role': '', 'semantic_type_id': '', 'text': 'full', 'type': 'EVENT'}
 {'id': '9512', 'offsets': array([ 0, 10]), 'role': '', 'semantic_type_id': '', 'text': 'The rectum', 'type': 'BODYPART'}]","A 13-year-old boy diagnosed with WHO diagnostic criteria of probable NS was referred from Atanga HC III in Pader district where he was enrolled and undergoing care at the nodding syndrome treatment center; he came with a history of progressive swelling and pain in the right lumbar region. The swelling was associated with a high grade fever which was constant and only partially relieved by analgesics. These symptoms were not associated with vomiting, constipation, yellow eyes, loss of appetite or weight loss. The patient reported a history of falling from a tree during one of the nodding episodes in October 2012 and hit his abdomen onto a tree branch. On further probe on his childhood history, his mother reported that he was born normally at home by a Traditional Birth Attendant (TBA) in one of the Internally Displaced peoples (IDP) camps in 2000. She reported that there was an uneventful pregnancy which was carried to term and delivery by Spontaneous vaginal delivery (SVD). She reported that during her pregnancy, she had exclusive feeding on the relief food provided by WFP (beans, yellow posho and cooking oil) during the IDP camps and denies history of ingestion of herbs or medications which caused adverse events during and after the pregnancy. She reported that her child had a normal physical, cognitive and social childhood development before the onset of nodding which began in May 27th 2011 immediately after returning home from IDP camps. The child was enrolled in Atanga treatment centre and was being managed with Carbamazepine, multivitamins and Ivermectin. She reported that in spite of these medications the child continued to have seizures and nodding at least twice a day and had since dropped out of school. On general examination, he was dehydrated, febrile and moderately wasted. There was a right lumbar region mass, tender, indurated and non-fluctuant. The spleen and liver were not palpable. There was no renal or supra-pubic tenderness. The rectum was full of faecal material which was of normal colour and consistency. The anal tone was normal and there was no blood on examining fingure. Haematological investigations were conducted and showed neutrophilia, lympocytosis, monocytosis, and eosinophilia. There were immature granulocytes and atypical lymphocytes seen on the peripheral film report. Other laboratory results including liver function tests (ALT, AST) were elevated while serum protein levels were low; renal functions tests (serum creatinine, blood urea and nitrogen level), and serum electrolytes (K+, Na+, Cl-, HC03-) which were within normal ranges. Abdominal Ultrasound showed inflamed internal and external oblique muscles of the anterior abdominal wall. The patient underwent incision and drainage at Gulu Hospital and wound left open for 14 days and thereafter secondary wound closure was conducted. He received supplementary food rehabilitation and his seizure medication was changed to Sodium Valproate 200mg once a day under direct observation therapy (DOTS) and close monitoring of the vital signs. The patient continued to have regular follow up in the surgical ward; seizures and nodding stopped completely from the time of intervention in the hospital. With these interventions for over one month the child had no seizures nor nodding and the child returned to normal life. A subsequent review of the haematological and clinical chemistry findings 2 weeks later showed that renal function tests, serum electrolytes were normal except the liver enzymes level were elevated and were still high.
",EN100075,"<|im_start|>user Extract the entities contained in the text. Extract only entities contained in the text.
Return the result in a json format: [{""entity"":""entity_name""}]. <<The rectum was full of faecal material which was of normal colour and consistency.>>> <|im_end|><|im_start|>assistant[{""entity"": ""full""}, {""entity"": ""The rectum""}] <|im_end|>","<|im_start|>user Extract the entities contained in the text. Extract only entities contained in the text.
Return the result in a json format: [{""entity"":""entity_name""}]. <<<We present a case of a 32-year-old woman with a history of gradual enlargement of the anterior neck.>>> <|im_end|><|im_start|>assistant [{""entity"": ""present""}, {""entity"": ""history""}, {""entity"": ""enlargement""}] <|im_end|>
<|im_start|>user Extract the entities contained in the text. Extract only entities contained in the text.
Return the result in a json format: [{""entity"":""entity_name""}]. <<<Patient information: a 9-month-old boy presented to the emergency room with a 3-day history of refusal to bear weight on the right lower extremity and febrile peaks of up to 38.5°C for 24 hours.>>> <|im_end|><|im_start|>assistant [{""entity"": ""presented""}, {""entity"": ""refusal""}, {""entity"": ""bear""}, {""entity"": ""peaks""}] <|im_end|>
<|im_start|>user Extract the entities contained in the text. Extract only entities contained in the text.
Return the result in a json format: [{""entity"":""entity_name""}]. <<The rectum was full of faecal material which was of normal colour and consistency.>>> <|im_end|><|im_start|>assistant","[{""entity"": ""full""}, {""entity"": ""The rectum""}] ","[{""entity"": ""full""}, {""entity"": ""material""}, {""entity"": ""colour""}, {""entity"": ""consistency""}, {""entity"
"Haematological investigations were conducted and showed neutrophilia, lympocytosis, monocytosis, and eosinophilia.","[{'id': '8908', 'offsets': array([15, 29]), 'role': '', 'semantic_type_id': '', 'text': 'investigations', 'type': 'EVENT'}
 {'id': '8923', 'offsets': array([49, 55]), 'role': '', 'semantic_type_id': '', 'text': 'showed', 'type': 'EVENT'}
 {'id': '8938', 'offsets': array([56, 68]), 'role': '', 'semantic_type_id': '', 'text': 'neutrophilia', 'type': 'EVENT'}
 {'id': '8953', 'offsets': array([70, 82]), 'role': '', 'semantic_type_id': '', 'text': 'lympocytosis', 'type': 'EVENT'}
 {'id': '8968', 'offsets': array([84, 95]), 'role': '', 'semantic_type_id': '', 'text': 'monocytosis', 'type': 'EVENT'}
 {'id': '8983', 'offsets': array([101, 113]), 'role': '', 'semantic_type_id': '', 'text': 'eosinophilia', 'type': 'EVENT'}
 {'id': '9447', 'offsets': array([56, 68]), 'role': '', 'semantic_type_id': 'C0151683', 'text': 'neutrophilia', 'type': 'CLINENTITY'}]","A 13-year-old boy diagnosed with WHO diagnostic criteria of probable NS was referred from Atanga HC III in Pader district where he was enrolled and undergoing care at the nodding syndrome treatment center; he came with a history of progressive swelling and pain in the right lumbar region. The swelling was associated with a high grade fever which was constant and only partially relieved by analgesics. These symptoms were not associated with vomiting, constipation, yellow eyes, loss of appetite or weight loss. The patient reported a history of falling from a tree during one of the nodding episodes in October 2012 and hit his abdomen onto a tree branch. On further probe on his childhood history, his mother reported that he was born normally at home by a Traditional Birth Attendant (TBA) in one of the Internally Displaced peoples (IDP) camps in 2000. She reported that there was an uneventful pregnancy which was carried to term and delivery by Spontaneous vaginal delivery (SVD). She reported that during her pregnancy, she had exclusive feeding on the relief food provided by WFP (beans, yellow posho and cooking oil) during the IDP camps and denies history of ingestion of herbs or medications which caused adverse events during and after the pregnancy. She reported that her child had a normal physical, cognitive and social childhood development before the onset of nodding which began in May 27th 2011 immediately after returning home from IDP camps. The child was enrolled in Atanga treatment centre and was being managed with Carbamazepine, multivitamins and Ivermectin. She reported that in spite of these medications the child continued to have seizures and nodding at least twice a day and had since dropped out of school. On general examination, he was dehydrated, febrile and moderately wasted. There was a right lumbar region mass, tender, indurated and non-fluctuant. The spleen and liver were not palpable. There was no renal or supra-pubic tenderness. The rectum was full of faecal material which was of normal colour and consistency. The anal tone was normal and there was no blood on examining fingure. Haematological investigations were conducted and showed neutrophilia, lympocytosis, monocytosis, and eosinophilia. There were immature granulocytes and atypical lymphocytes seen on the peripheral film report. Other laboratory results including liver function tests (ALT, AST) were elevated while serum protein levels were low; renal functions tests (serum creatinine, blood urea and nitrogen level), and serum electrolytes (K+, Na+, Cl-, HC03-) which were within normal ranges. Abdominal Ultrasound showed inflamed internal and external oblique muscles of the anterior abdominal wall. The patient underwent incision and drainage at Gulu Hospital and wound left open for 14 days and thereafter secondary wound closure was conducted. He received supplementary food rehabilitation and his seizure medication was changed to Sodium Valproate 200mg once a day under direct observation therapy (DOTS) and close monitoring of the vital signs. The patient continued to have regular follow up in the surgical ward; seizures and nodding stopped completely from the time of intervention in the hospital. With these interventions for over one month the child had no seizures nor nodding and the child returned to normal life. A subsequent review of the haematological and clinical chemistry findings 2 weeks later showed that renal function tests, serum electrolytes were normal except the liver enzymes level were elevated and were still high.
",EN100075,"<|im_start|>user Extract the entities contained in the text. Extract only entities contained in the text.
Return the result in a json format: [{""entity"":""entity_name""}]. <<Haematological investigations were conducted and showed neutrophilia, lympocytosis, monocytosis, and eosinophilia.>>> <|im_end|><|im_start|>assistant[{""entity"": ""investigations""}, {""entity"": ""showed""}, {""entity"": ""neutrophilia""}, {""entity"": ""lympocytosis""}, {""entity"": ""monocytosis""}, {""entity"": ""eosinophilia""}, {""entity"": ""neutrophilia""}] <|im_end|>","<|im_start|>user Extract the entities contained in the text. Extract only entities contained in the text.
Return the result in a json format: [{""entity"":""entity_name""}]. <<<We present a case of a 32-year-old woman with a history of gradual enlargement of the anterior neck.>>> <|im_end|><|im_start|>assistant [{""entity"": ""present""}, {""entity"": ""history""}, {""entity"": ""enlargement""}] <|im_end|>
<|im_start|>user Extract the entities contained in the text. Extract only entities contained in the text.
Return the result in a json format: [{""entity"":""entity_name""}]. <<<Patient information: a 9-month-old boy presented to the emergency room with a 3-day history of refusal to bear weight on the right lower extremity and febrile peaks of up to 38.5°C for 24 hours.>>> <|im_end|><|im_start|>assistant [{""entity"": ""presented""}, {""entity"": ""refusal""}, {""entity"": ""bear""}, {""entity"": ""peaks""}] <|im_end|>
<|im_start|>user Extract the entities contained in the text. Extract only entities contained in the text.
Return the result in a json format: [{""entity"":""entity_name""}]. <<Haematological investigations were conducted and showed neutrophilia, lympocytosis, monocytosis, and eosinophilia.>>> <|im_end|><|im_start|>assistant","[{""entity"": ""investigations""}, {""entity"": ""showed""}, {""entity"": ""neutrophilia""}, {""entity"": ""lympocytosis""}, {""entity"": ""monocytosis""}, {""entity"": ""eosinophilia""}, {""entity"": ""neutrophilia""}] ","[{""entity"": ""investigations""}, {""entity"": ""showed""}, {""entity"": ""neutrophilia""}, {""entity"":"
"Other laboratory results including liver function tests (ALT, AST) were elevated while serum protein levels were low; renal functions tests (serum creatinine, blood urea and nitrogen level), and serum electrolytes (K+, Na+, Cl-, HC03-) which were within normal ranges.","[{'id': '9013', 'offsets': array([17, 24]), 'role': '', 'semantic_type_id': '', 'text': 'results', 'type': 'EVENT'}
 {'id': '9028', 'offsets': array([50, 55]), 'role': '', 'semantic_type_id': '', 'text': 'tests', 'type': 'EVENT'}
 {'id': '9043', 'offsets': array([101, 107]), 'role': '', 'semantic_type_id': '', 'text': 'levels', 'type': 'EVENT'}
 {'id': '9058', 'offsets': array([134, 139]), 'role': '', 'semantic_type_id': '', 'text': 'tests', 'type': 'EVENT'}]","A 13-year-old boy diagnosed with WHO diagnostic criteria of probable NS was referred from Atanga HC III in Pader district where he was enrolled and undergoing care at the nodding syndrome treatment center; he came with a history of progressive swelling and pain in the right lumbar region. The swelling was associated with a high grade fever which was constant and only partially relieved by analgesics. These symptoms were not associated with vomiting, constipation, yellow eyes, loss of appetite or weight loss. The patient reported a history of falling from a tree during one of the nodding episodes in October 2012 and hit his abdomen onto a tree branch. On further probe on his childhood history, his mother reported that he was born normally at home by a Traditional Birth Attendant (TBA) in one of the Internally Displaced peoples (IDP) camps in 2000. She reported that there was an uneventful pregnancy which was carried to term and delivery by Spontaneous vaginal delivery (SVD). She reported that during her pregnancy, she had exclusive feeding on the relief food provided by WFP (beans, yellow posho and cooking oil) during the IDP camps and denies history of ingestion of herbs or medications which caused adverse events during and after the pregnancy. She reported that her child had a normal physical, cognitive and social childhood development before the onset of nodding which began in May 27th 2011 immediately after returning home from IDP camps. The child was enrolled in Atanga treatment centre and was being managed with Carbamazepine, multivitamins and Ivermectin. She reported that in spite of these medications the child continued to have seizures and nodding at least twice a day and had since dropped out of school. On general examination, he was dehydrated, febrile and moderately wasted. There was a right lumbar region mass, tender, indurated and non-fluctuant. The spleen and liver were not palpable. There was no renal or supra-pubic tenderness. The rectum was full of faecal material which was of normal colour and consistency. The anal tone was normal and there was no blood on examining fingure. Haematological investigations were conducted and showed neutrophilia, lympocytosis, monocytosis, and eosinophilia. There were immature granulocytes and atypical lymphocytes seen on the peripheral film report. Other laboratory results including liver function tests (ALT, AST) were elevated while serum protein levels were low; renal functions tests (serum creatinine, blood urea and nitrogen level), and serum electrolytes (K+, Na+, Cl-, HC03-) which were within normal ranges. Abdominal Ultrasound showed inflamed internal and external oblique muscles of the anterior abdominal wall. The patient underwent incision and drainage at Gulu Hospital and wound left open for 14 days and thereafter secondary wound closure was conducted. He received supplementary food rehabilitation and his seizure medication was changed to Sodium Valproate 200mg once a day under direct observation therapy (DOTS) and close monitoring of the vital signs. The patient continued to have regular follow up in the surgical ward; seizures and nodding stopped completely from the time of intervention in the hospital. With these interventions for over one month the child had no seizures nor nodding and the child returned to normal life. A subsequent review of the haematological and clinical chemistry findings 2 weeks later showed that renal function tests, serum electrolytes were normal except the liver enzymes level were elevated and were still high.
",EN100075,"<|im_start|>user Extract the entities contained in the text. Extract only entities contained in the text.
Return the result in a json format: [{""entity"":""entity_name""}]. <<Other laboratory results including liver function tests (ALT, AST) were elevated while serum protein levels were low; renal functions tests (serum creatinine, blood urea and nitrogen level), and serum electrolytes (K+, Na+, Cl-, HC03-) which were within normal ranges.>>> <|im_end|><|im_start|>assistant[{""entity"": ""results""}, {""entity"": ""tests""}, {""entity"": ""levels""}, {""entity"": ""tests""}] <|im_end|>","<|im_start|>user Extract the entities contained in the text. Extract only entities contained in the text.
Return the result in a json format: [{""entity"":""entity_name""}]. <<<We present a case of a 32-year-old woman with a history of gradual enlargement of the anterior neck.>>> <|im_end|><|im_start|>assistant [{""entity"": ""present""}, {""entity"": ""history""}, {""entity"": ""enlargement""}] <|im_end|>
<|im_start|>user Extract the entities contained in the text. Extract only entities contained in the text.
Return the result in a json format: [{""entity"":""entity_name""}]. <<<Patient information: a 9-month-old boy presented to the emergency room with a 3-day history of refusal to bear weight on the right lower extremity and febrile peaks of up to 38.5°C for 24 hours.>>> <|im_end|><|im_start|>assistant [{""entity"": ""presented""}, {""entity"": ""refusal""}, {""entity"": ""bear""}, {""entity"": ""peaks""}] <|im_end|>
<|im_start|>user Extract the entities contained in the text. Extract only entities contained in the text.
Return the result in a json format: [{""entity"":""entity_name""}]. <<Other laboratory results including liver function tests (ALT, AST) were elevated while serum protein levels were low; renal functions tests (serum creatinine, blood urea and nitrogen level), and serum electrolytes (K+, Na+, Cl-, HC03-) which were within normal ranges.>>> <|im_end|><|im_start|>assistant","[{""entity"": ""results""}, {""entity"": ""tests""}, {""entity"": ""levels""}, {""entity"": ""tests""}] ","[{""entity"": ""results""}, {""entity"": ""tests""}, {""entity"": ""elevated""}, {""entity"": ""levels""}, {"""
Abdominal Ultrasound showed inflamed internal and external oblique muscles of the anterior abdominal wall.,"[{'id': '9073', 'offsets': array([10, 20]), 'role': '', 'semantic_type_id': '', 'text': 'Ultrasound', 'type': 'EVENT'}
 {'id': '9088', 'offsets': array([21, 27]), 'role': '', 'semantic_type_id': '', 'text': 'showed', 'type': 'EVENT'}
 {'id': '9103', 'offsets': array([28, 36]), 'role': '', 'semantic_type_id': '', 'text': 'inflamed', 'type': 'EVENT'}
 {'id': '9530', 'offsets': array([ 37, 105]), 'role': '', 'semantic_type_id': '', 'text': 'internal and external oblique muscles of the anterior abdominal wall', 'type': 'BODYPART'}]","A 13-year-old boy diagnosed with WHO diagnostic criteria of probable NS was referred from Atanga HC III in Pader district where he was enrolled and undergoing care at the nodding syndrome treatment center; he came with a history of progressive swelling and pain in the right lumbar region. The swelling was associated with a high grade fever which was constant and only partially relieved by analgesics. These symptoms were not associated with vomiting, constipation, yellow eyes, loss of appetite or weight loss. The patient reported a history of falling from a tree during one of the nodding episodes in October 2012 and hit his abdomen onto a tree branch. On further probe on his childhood history, his mother reported that he was born normally at home by a Traditional Birth Attendant (TBA) in one of the Internally Displaced peoples (IDP) camps in 2000. She reported that there was an uneventful pregnancy which was carried to term and delivery by Spontaneous vaginal delivery (SVD). She reported that during her pregnancy, she had exclusive feeding on the relief food provided by WFP (beans, yellow posho and cooking oil) during the IDP camps and denies history of ingestion of herbs or medications which caused adverse events during and after the pregnancy. She reported that her child had a normal physical, cognitive and social childhood development before the onset of nodding which began in May 27th 2011 immediately after returning home from IDP camps. The child was enrolled in Atanga treatment centre and was being managed with Carbamazepine, multivitamins and Ivermectin. She reported that in spite of these medications the child continued to have seizures and nodding at least twice a day and had since dropped out of school. On general examination, he was dehydrated, febrile and moderately wasted. There was a right lumbar region mass, tender, indurated and non-fluctuant. The spleen and liver were not palpable. There was no renal or supra-pubic tenderness. The rectum was full of faecal material which was of normal colour and consistency. The anal tone was normal and there was no blood on examining fingure. Haematological investigations were conducted and showed neutrophilia, lympocytosis, monocytosis, and eosinophilia. There were immature granulocytes and atypical lymphocytes seen on the peripheral film report. Other laboratory results including liver function tests (ALT, AST) were elevated while serum protein levels were low; renal functions tests (serum creatinine, blood urea and nitrogen level), and serum electrolytes (K+, Na+, Cl-, HC03-) which were within normal ranges. Abdominal Ultrasound showed inflamed internal and external oblique muscles of the anterior abdominal wall. The patient underwent incision and drainage at Gulu Hospital and wound left open for 14 days and thereafter secondary wound closure was conducted. He received supplementary food rehabilitation and his seizure medication was changed to Sodium Valproate 200mg once a day under direct observation therapy (DOTS) and close monitoring of the vital signs. The patient continued to have regular follow up in the surgical ward; seizures and nodding stopped completely from the time of intervention in the hospital. With these interventions for over one month the child had no seizures nor nodding and the child returned to normal life. A subsequent review of the haematological and clinical chemistry findings 2 weeks later showed that renal function tests, serum electrolytes were normal except the liver enzymes level were elevated and were still high.
",EN100075,"<|im_start|>user Extract the entities contained in the text. Extract only entities contained in the text.
Return the result in a json format: [{""entity"":""entity_name""}]. <<Abdominal Ultrasound showed inflamed internal and external oblique muscles of the anterior abdominal wall.>>> <|im_end|><|im_start|>assistant[{""entity"": ""Ultrasound""}, {""entity"": ""showed""}, {""entity"": ""inflamed""}, {""entity"": ""internal and external oblique muscles of the anterior abdominal wall""}] <|im_end|>","<|im_start|>user Extract the entities contained in the text. Extract only entities contained in the text.
Return the result in a json format: [{""entity"":""entity_name""}]. <<<We present a case of a 32-year-old woman with a history of gradual enlargement of the anterior neck.>>> <|im_end|><|im_start|>assistant [{""entity"": ""present""}, {""entity"": ""history""}, {""entity"": ""enlargement""}] <|im_end|>
<|im_start|>user Extract the entities contained in the text. Extract only entities contained in the text.
Return the result in a json format: [{""entity"":""entity_name""}]. <<<Patient information: a 9-month-old boy presented to the emergency room with a 3-day history of refusal to bear weight on the right lower extremity and febrile peaks of up to 38.5°C for 24 hours.>>> <|im_end|><|im_start|>assistant [{""entity"": ""presented""}, {""entity"": ""refusal""}, {""entity"": ""bear""}, {""entity"": ""peaks""}] <|im_end|>
<|im_start|>user Extract the entities contained in the text. Extract only entities contained in the text.
Return the result in a json format: [{""entity"":""entity_name""}]. <<Abdominal Ultrasound showed inflamed internal and external oblique muscles of the anterior abdominal wall.>>> <|im_end|><|im_start|>assistant","[{""entity"": ""Ultrasound""}, {""entity"": ""showed""}, {""entity"": ""inflamed""}, {""entity"": ""internal and external oblique muscles of the anterior abdominal wall""}] ","[{""entity"": ""Ultrasound""}, {""entity"": ""showed""}, {""entity"": ""inflamed internal and external oblique muscles"
He received supplementary food rehabilitation and his seizure medication was changed to Sodium Valproate 200mg once a day under direct observation therapy (DOTS) and close monitoring of the vital signs.,"[{'id': '9163', 'offsets': array([ 3, 11]), 'role': '', 'semantic_type_id': '', 'text': 'received', 'type': 'EVENT'}
 {'id': '9178', 'offsets': array([31, 45]), 'role': '', 'semantic_type_id': '', 'text': 'rehabilitation', 'type': 'EVENT'}
 {'id': '9648', 'offsets': array([0, 2]), 'role': 'PATIENT', 'semantic_type_id': '', 'text': 'He', 'type': 'ACTOR'}]","A 13-year-old boy diagnosed with WHO diagnostic criteria of probable NS was referred from Atanga HC III in Pader district where he was enrolled and undergoing care at the nodding syndrome treatment center; he came with a history of progressive swelling and pain in the right lumbar region. The swelling was associated with a high grade fever which was constant and only partially relieved by analgesics. These symptoms were not associated with vomiting, constipation, yellow eyes, loss of appetite or weight loss. The patient reported a history of falling from a tree during one of the nodding episodes in October 2012 and hit his abdomen onto a tree branch. On further probe on his childhood history, his mother reported that he was born normally at home by a Traditional Birth Attendant (TBA) in one of the Internally Displaced peoples (IDP) camps in 2000. She reported that there was an uneventful pregnancy which was carried to term and delivery by Spontaneous vaginal delivery (SVD). She reported that during her pregnancy, she had exclusive feeding on the relief food provided by WFP (beans, yellow posho and cooking oil) during the IDP camps and denies history of ingestion of herbs or medications which caused adverse events during and after the pregnancy. She reported that her child had a normal physical, cognitive and social childhood development before the onset of nodding which began in May 27th 2011 immediately after returning home from IDP camps. The child was enrolled in Atanga treatment centre and was being managed with Carbamazepine, multivitamins and Ivermectin. She reported that in spite of these medications the child continued to have seizures and nodding at least twice a day and had since dropped out of school. On general examination, he was dehydrated, febrile and moderately wasted. There was a right lumbar region mass, tender, indurated and non-fluctuant. The spleen and liver were not palpable. There was no renal or supra-pubic tenderness. The rectum was full of faecal material which was of normal colour and consistency. The anal tone was normal and there was no blood on examining fingure. Haematological investigations were conducted and showed neutrophilia, lympocytosis, monocytosis, and eosinophilia. There were immature granulocytes and atypical lymphocytes seen on the peripheral film report. Other laboratory results including liver function tests (ALT, AST) were elevated while serum protein levels were low; renal functions tests (serum creatinine, blood urea and nitrogen level), and serum electrolytes (K+, Na+, Cl-, HC03-) which were within normal ranges. Abdominal Ultrasound showed inflamed internal and external oblique muscles of the anterior abdominal wall. The patient underwent incision and drainage at Gulu Hospital and wound left open for 14 days and thereafter secondary wound closure was conducted. He received supplementary food rehabilitation and his seizure medication was changed to Sodium Valproate 200mg once a day under direct observation therapy (DOTS) and close monitoring of the vital signs. The patient continued to have regular follow up in the surgical ward; seizures and nodding stopped completely from the time of intervention in the hospital. With these interventions for over one month the child had no seizures nor nodding and the child returned to normal life. A subsequent review of the haematological and clinical chemistry findings 2 weeks later showed that renal function tests, serum electrolytes were normal except the liver enzymes level were elevated and were still high.
",EN100075,"<|im_start|>user Extract the entities contained in the text. Extract only entities contained in the text.
Return the result in a json format: [{""entity"":""entity_name""}]. <<He received supplementary food rehabilitation and his seizure medication was changed to Sodium Valproate 200mg once a day under direct observation therapy (DOTS) and close monitoring of the vital signs.>>> <|im_end|><|im_start|>assistant[{""entity"": ""received""}, {""entity"": ""rehabilitation""}, {""entity"": ""He""}] <|im_end|>","<|im_start|>user Extract the entities contained in the text. Extract only entities contained in the text.
Return the result in a json format: [{""entity"":""entity_name""}]. <<<We present a case of a 32-year-old woman with a history of gradual enlargement of the anterior neck.>>> <|im_end|><|im_start|>assistant [{""entity"": ""present""}, {""entity"": ""history""}, {""entity"": ""enlargement""}] <|im_end|>
<|im_start|>user Extract the entities contained in the text. Extract only entities contained in the text.
Return the result in a json format: [{""entity"":""entity_name""}]. <<<Patient information: a 9-month-old boy presented to the emergency room with a 3-day history of refusal to bear weight on the right lower extremity and febrile peaks of up to 38.5°C for 24 hours.>>> <|im_end|><|im_start|>assistant [{""entity"": ""presented""}, {""entity"": ""refusal""}, {""entity"": ""bear""}, {""entity"": ""peaks""}] <|im_end|>
<|im_start|>user Extract the entities contained in the text. Extract only entities contained in the text.
Return the result in a json format: [{""entity"":""entity_name""}]. <<He received supplementary food rehabilitation and his seizure medication was changed to Sodium Valproate 200mg once a day under direct observation therapy (DOTS) and close monitoring of the vital signs.>>> <|im_end|><|im_start|>assistant","[{""entity"": ""received""}, {""entity"": ""rehabilitation""}, {""entity"": ""He""}] ","[{""entity"": ""rehabilitation""}, {""entity"": ""therapy""}, {""entity"": ""monitoring""}, {""entity"": ""signs"
The patient continued to have regular follow up in the surgical ward; seizures and nodding stopped completely from the time of intervention in the hospital.,"[{'id': '9193', 'offsets': array([38, 47]), 'role': '', 'semantic_type_id': '', 'text': 'follow up', 'type': 'EVENT'}
 {'id': '9208', 'offsets': array([91, 98]), 'role': '', 'semantic_type_id': '', 'text': 'stopped', 'type': 'EVENT'}
 {'id': '9454', 'offsets': array([70, 78]), 'role': '', 'semantic_type_id': 'C0036572', 'text': 'seizures', 'type': 'CLINENTITY'}
 {'id': '9461', 'offsets': array([83, 90]), 'role': '', 'semantic_type_id': 'C0679312', 'text': 'nodding', 'type': 'CLINENTITY'}
 {'id': '9655', 'offsets': array([ 0, 11]), 'role': 'PATIENT', 'semantic_type_id': '', 'text': 'The patient', 'type': 'ACTOR'}
 {'id': '9721', 'offsets': array([110, 139]), 'role': '', 'semantic_type_id': '', 'text': 'from the time of intervention', 'type': 'TIMEX3'}]","A 13-year-old boy diagnosed with WHO diagnostic criteria of probable NS was referred from Atanga HC III in Pader district where he was enrolled and undergoing care at the nodding syndrome treatment center; he came with a history of progressive swelling and pain in the right lumbar region. The swelling was associated with a high grade fever which was constant and only partially relieved by analgesics. These symptoms were not associated with vomiting, constipation, yellow eyes, loss of appetite or weight loss. The patient reported a history of falling from a tree during one of the nodding episodes in October 2012 and hit his abdomen onto a tree branch. On further probe on his childhood history, his mother reported that he was born normally at home by a Traditional Birth Attendant (TBA) in one of the Internally Displaced peoples (IDP) camps in 2000. She reported that there was an uneventful pregnancy which was carried to term and delivery by Spontaneous vaginal delivery (SVD). She reported that during her pregnancy, she had exclusive feeding on the relief food provided by WFP (beans, yellow posho and cooking oil) during the IDP camps and denies history of ingestion of herbs or medications which caused adverse events during and after the pregnancy. She reported that her child had a normal physical, cognitive and social childhood development before the onset of nodding which began in May 27th 2011 immediately after returning home from IDP camps. The child was enrolled in Atanga treatment centre and was being managed with Carbamazepine, multivitamins and Ivermectin. She reported that in spite of these medications the child continued to have seizures and nodding at least twice a day and had since dropped out of school. On general examination, he was dehydrated, febrile and moderately wasted. There was a right lumbar region mass, tender, indurated and non-fluctuant. The spleen and liver were not palpable. There was no renal or supra-pubic tenderness. The rectum was full of faecal material which was of normal colour and consistency. The anal tone was normal and there was no blood on examining fingure. Haematological investigations were conducted and showed neutrophilia, lympocytosis, monocytosis, and eosinophilia. There were immature granulocytes and atypical lymphocytes seen on the peripheral film report. Other laboratory results including liver function tests (ALT, AST) were elevated while serum protein levels were low; renal functions tests (serum creatinine, blood urea and nitrogen level), and serum electrolytes (K+, Na+, Cl-, HC03-) which were within normal ranges. Abdominal Ultrasound showed inflamed internal and external oblique muscles of the anterior abdominal wall. The patient underwent incision and drainage at Gulu Hospital and wound left open for 14 days and thereafter secondary wound closure was conducted. He received supplementary food rehabilitation and his seizure medication was changed to Sodium Valproate 200mg once a day under direct observation therapy (DOTS) and close monitoring of the vital signs. The patient continued to have regular follow up in the surgical ward; seizures and nodding stopped completely from the time of intervention in the hospital. With these interventions for over one month the child had no seizures nor nodding and the child returned to normal life. A subsequent review of the haematological and clinical chemistry findings 2 weeks later showed that renal function tests, serum electrolytes were normal except the liver enzymes level were elevated and were still high.
",EN100075,"<|im_start|>user Extract the entities contained in the text. Extract only entities contained in the text.
Return the result in a json format: [{""entity"":""entity_name""}]. <<The patient continued to have regular follow up in the surgical ward; seizures and nodding stopped completely from the time of intervention in the hospital.>>> <|im_end|><|im_start|>assistant[{""entity"": ""follow up""}, {""entity"": ""stopped""}, {""entity"": ""seizures""}, {""entity"": ""nodding""}, {""entity"": ""The patient""}, {""entity"": ""from the time of intervention""}] <|im_end|>","<|im_start|>user Extract the entities contained in the text. Extract only entities contained in the text.
Return the result in a json format: [{""entity"":""entity_name""}]. <<<We present a case of a 32-year-old woman with a history of gradual enlargement of the anterior neck.>>> <|im_end|><|im_start|>assistant [{""entity"": ""present""}, {""entity"": ""history""}, {""entity"": ""enlargement""}] <|im_end|>
<|im_start|>user Extract the entities contained in the text. Extract only entities contained in the text.
Return the result in a json format: [{""entity"":""entity_name""}]. <<<Patient information: a 9-month-old boy presented to the emergency room with a 3-day history of refusal to bear weight on the right lower extremity and febrile peaks of up to 38.5°C for 24 hours.>>> <|im_end|><|im_start|>assistant [{""entity"": ""presented""}, {""entity"": ""refusal""}, {""entity"": ""bear""}, {""entity"": ""peaks""}] <|im_end|>
<|im_start|>user Extract the entities contained in the text. Extract only entities contained in the text.
Return the result in a json format: [{""entity"":""entity_name""}]. <<The patient continued to have regular follow up in the surgical ward; seizures and nodding stopped completely from the time of intervention in the hospital.>>> <|im_end|><|im_start|>assistant","[{""entity"": ""follow up""}, {""entity"": ""stopped""}, {""entity"": ""seizures""}, {""entity"": ""nodding""}, {""entity"": ""The patient""}, {""entity"": ""from the time of intervention""}] ","[{""entity"": ""follow""}, {""entity"": ""seizures""}, {""entity"": ""nodding""}, {""entity"": ""stopped""},"
With these interventions for over one month the child had no seizures nor nodding and the child returned to normal life.,"[{'id': '9223', 'offsets': array([61, 69]), 'role': '', 'semantic_type_id': '', 'text': 'seizures', 'type': 'EVENT'}
 {'id': '9238', 'offsets': array([74, 81]), 'role': '', 'semantic_type_id': '', 'text': 'nodding', 'type': 'EVENT'}
 {'id': '9468', 'offsets': array([61, 69]), 'role': '', 'semantic_type_id': 'C0036572', 'text': 'seizures', 'type': 'CLINENTITY'}
 {'id': '9475', 'offsets': array([74, 81]), 'role': '', 'semantic_type_id': 'C0679312', 'text': 'nodding', 'type': 'CLINENTITY'}
 {'id': '9662', 'offsets': array([44, 53]), 'role': 'PATIENT', 'semantic_type_id': '', 'text': 'the child', 'type': 'ACTOR'}
 {'id': '9669', 'offsets': array([86, 95]), 'role': 'PATIENT', 'semantic_type_id': '', 'text': 'the child', 'type': 'ACTOR'}
 {'id': '9730', 'offsets': array([34, 43]), 'role': '', 'semantic_type_id': '', 'text': 'one month', 'type': 'TIMEX3'}]","A 13-year-old boy diagnosed with WHO diagnostic criteria of probable NS was referred from Atanga HC III in Pader district where he was enrolled and undergoing care at the nodding syndrome treatment center; he came with a history of progressive swelling and pain in the right lumbar region. The swelling was associated with a high grade fever which was constant and only partially relieved by analgesics. These symptoms were not associated with vomiting, constipation, yellow eyes, loss of appetite or weight loss. The patient reported a history of falling from a tree during one of the nodding episodes in October 2012 and hit his abdomen onto a tree branch. On further probe on his childhood history, his mother reported that he was born normally at home by a Traditional Birth Attendant (TBA) in one of the Internally Displaced peoples (IDP) camps in 2000. She reported that there was an uneventful pregnancy which was carried to term and delivery by Spontaneous vaginal delivery (SVD). She reported that during her pregnancy, she had exclusive feeding on the relief food provided by WFP (beans, yellow posho and cooking oil) during the IDP camps and denies history of ingestion of herbs or medications which caused adverse events during and after the pregnancy. She reported that her child had a normal physical, cognitive and social childhood development before the onset of nodding which began in May 27th 2011 immediately after returning home from IDP camps. The child was enrolled in Atanga treatment centre and was being managed with Carbamazepine, multivitamins and Ivermectin. She reported that in spite of these medications the child continued to have seizures and nodding at least twice a day and had since dropped out of school. On general examination, he was dehydrated, febrile and moderately wasted. There was a right lumbar region mass, tender, indurated and non-fluctuant. The spleen and liver were not palpable. There was no renal or supra-pubic tenderness. The rectum was full of faecal material which was of normal colour and consistency. The anal tone was normal and there was no blood on examining fingure. Haematological investigations were conducted and showed neutrophilia, lympocytosis, monocytosis, and eosinophilia. There were immature granulocytes and atypical lymphocytes seen on the peripheral film report. Other laboratory results including liver function tests (ALT, AST) were elevated while serum protein levels were low; renal functions tests (serum creatinine, blood urea and nitrogen level), and serum electrolytes (K+, Na+, Cl-, HC03-) which were within normal ranges. Abdominal Ultrasound showed inflamed internal and external oblique muscles of the anterior abdominal wall. The patient underwent incision and drainage at Gulu Hospital and wound left open for 14 days and thereafter secondary wound closure was conducted. He received supplementary food rehabilitation and his seizure medication was changed to Sodium Valproate 200mg once a day under direct observation therapy (DOTS) and close monitoring of the vital signs. The patient continued to have regular follow up in the surgical ward; seizures and nodding stopped completely from the time of intervention in the hospital. With these interventions for over one month the child had no seizures nor nodding and the child returned to normal life. A subsequent review of the haematological and clinical chemistry findings 2 weeks later showed that renal function tests, serum electrolytes were normal except the liver enzymes level were elevated and were still high.
",EN100075,"<|im_start|>user Extract the entities contained in the text. Extract only entities contained in the text.
Return the result in a json format: [{""entity"":""entity_name""}]. <<With these interventions for over one month the child had no seizures nor nodding and the child returned to normal life.>>> <|im_end|><|im_start|>assistant[{""entity"": ""seizures""}, {""entity"": ""nodding""}, {""entity"": ""seizures""}, {""entity"": ""nodding""}, {""entity"": ""the child""}, {""entity"": ""the child""}, {""entity"": ""one month""}] <|im_end|>","<|im_start|>user Extract the entities contained in the text. Extract only entities contained in the text.
Return the result in a json format: [{""entity"":""entity_name""}]. <<<We present a case of a 32-year-old woman with a history of gradual enlargement of the anterior neck.>>> <|im_end|><|im_start|>assistant [{""entity"": ""present""}, {""entity"": ""history""}, {""entity"": ""enlargement""}] <|im_end|>
<|im_start|>user Extract the entities contained in the text. Extract only entities contained in the text.
Return the result in a json format: [{""entity"":""entity_name""}]. <<<Patient information: a 9-month-old boy presented to the emergency room with a 3-day history of refusal to bear weight on the right lower extremity and febrile peaks of up to 38.5°C for 24 hours.>>> <|im_end|><|im_start|>assistant [{""entity"": ""presented""}, {""entity"": ""refusal""}, {""entity"": ""bear""}, {""entity"": ""peaks""}] <|im_end|>
<|im_start|>user Extract the entities contained in the text. Extract only entities contained in the text.
Return the result in a json format: [{""entity"":""entity_name""}]. <<With these interventions for over one month the child had no seizures nor nodding and the child returned to normal life.>>> <|im_end|><|im_start|>assistant","[{""entity"": ""seizures""}, {""entity"": ""nodding""}, {""entity"": ""seizures""}, {""entity"": ""nodding""}, {""entity"": ""the child""}, {""entity"": ""the child""}, {""entity"": ""one month""}] ","[{""entity"": ""seizures""}, {""entity"": ""nodding""}, {""entity"": ""the child""}, {""entity"": ""over"
"A subsequent review of the haematological and clinical chemistry findings 2 weeks later showed that renal function tests, serum electrolytes were normal except the liver enzymes level were elevated and were still high.","[{'id': '9253', 'offsets': array([65, 73]), 'role': '', 'semantic_type_id': '', 'text': 'findings', 'type': 'EVENT'}
 {'id': '9268', 'offsets': array([88, 94]), 'role': '', 'semantic_type_id': '', 'text': 'showed', 'type': 'EVENT'}
 {'id': '9283', 'offsets': array([115, 120]), 'role': '', 'semantic_type_id': '', 'text': 'tests', 'type': 'EVENT'}
 {'id': '9298', 'offsets': array([128, 140]), 'role': '', 'semantic_type_id': '', 'text': 'electrolytes', 'type': 'EVENT'}
 {'id': '9313', 'offsets': array([178, 183]), 'role': '', 'semantic_type_id': '', 'text': 'level', 'type': 'EVENT'}
 {'id': '9739', 'offsets': array([74, 87]), 'role': '', 'semantic_type_id': '', 'text': '2 weeks later', 'type': 'TIMEX3'}]","A 13-year-old boy diagnosed with WHO diagnostic criteria of probable NS was referred from Atanga HC III in Pader district where he was enrolled and undergoing care at the nodding syndrome treatment center; he came with a history of progressive swelling and pain in the right lumbar region. The swelling was associated with a high grade fever which was constant and only partially relieved by analgesics. These symptoms were not associated with vomiting, constipation, yellow eyes, loss of appetite or weight loss. The patient reported a history of falling from a tree during one of the nodding episodes in October 2012 and hit his abdomen onto a tree branch. On further probe on his childhood history, his mother reported that he was born normally at home by a Traditional Birth Attendant (TBA) in one of the Internally Displaced peoples (IDP) camps in 2000. She reported that there was an uneventful pregnancy which was carried to term and delivery by Spontaneous vaginal delivery (SVD). She reported that during her pregnancy, she had exclusive feeding on the relief food provided by WFP (beans, yellow posho and cooking oil) during the IDP camps and denies history of ingestion of herbs or medications which caused adverse events during and after the pregnancy. She reported that her child had a normal physical, cognitive and social childhood development before the onset of nodding which began in May 27th 2011 immediately after returning home from IDP camps. The child was enrolled in Atanga treatment centre and was being managed with Carbamazepine, multivitamins and Ivermectin. She reported that in spite of these medications the child continued to have seizures and nodding at least twice a day and had since dropped out of school. On general examination, he was dehydrated, febrile and moderately wasted. There was a right lumbar region mass, tender, indurated and non-fluctuant. The spleen and liver were not palpable. There was no renal or supra-pubic tenderness. The rectum was full of faecal material which was of normal colour and consistency. The anal tone was normal and there was no blood on examining fingure. Haematological investigations were conducted and showed neutrophilia, lympocytosis, monocytosis, and eosinophilia. There were immature granulocytes and atypical lymphocytes seen on the peripheral film report. Other laboratory results including liver function tests (ALT, AST) were elevated while serum protein levels were low; renal functions tests (serum creatinine, blood urea and nitrogen level), and serum electrolytes (K+, Na+, Cl-, HC03-) which were within normal ranges. Abdominal Ultrasound showed inflamed internal and external oblique muscles of the anterior abdominal wall. The patient underwent incision and drainage at Gulu Hospital and wound left open for 14 days and thereafter secondary wound closure was conducted. He received supplementary food rehabilitation and his seizure medication was changed to Sodium Valproate 200mg once a day under direct observation therapy (DOTS) and close monitoring of the vital signs. The patient continued to have regular follow up in the surgical ward; seizures and nodding stopped completely from the time of intervention in the hospital. With these interventions for over one month the child had no seizures nor nodding and the child returned to normal life. A subsequent review of the haematological and clinical chemistry findings 2 weeks later showed that renal function tests, serum electrolytes were normal except the liver enzymes level were elevated and were still high.
",EN100075,"<|im_start|>user Extract the entities contained in the text. Extract only entities contained in the text.
Return the result in a json format: [{""entity"":""entity_name""}]. <<A subsequent review of the haematological and clinical chemistry findings 2 weeks later showed that renal function tests, serum electrolytes were normal except the liver enzymes level were elevated and were still high.>>> <|im_end|><|im_start|>assistant[{""entity"": ""findings""}, {""entity"": ""showed""}, {""entity"": ""tests""}, {""entity"": ""electrolytes""}, {""entity"": ""level""}, {""entity"": ""2 weeks later""}] <|im_end|>","<|im_start|>user Extract the entities contained in the text. Extract only entities contained in the text.
Return the result in a json format: [{""entity"":""entity_name""}]. <<<We present a case of a 32-year-old woman with a history of gradual enlargement of the anterior neck.>>> <|im_end|><|im_start|>assistant [{""entity"": ""present""}, {""entity"": ""history""}, {""entity"": ""enlargement""}] <|im_end|>
<|im_start|>user Extract the entities contained in the text. Extract only entities contained in the text.
Return the result in a json format: [{""entity"":""entity_name""}]. <<<Patient information: a 9-month-old boy presented to the emergency room with a 3-day history of refusal to bear weight on the right lower extremity and febrile peaks of up to 38.5°C for 24 hours.>>> <|im_end|><|im_start|>assistant [{""entity"": ""presented""}, {""entity"": ""refusal""}, {""entity"": ""bear""}, {""entity"": ""peaks""}] <|im_end|>
<|im_start|>user Extract the entities contained in the text. Extract only entities contained in the text.
Return the result in a json format: [{""entity"":""entity_name""}]. <<A subsequent review of the haematological and clinical chemistry findings 2 weeks later showed that renal function tests, serum electrolytes were normal except the liver enzymes level were elevated and were still high.>>> <|im_end|><|im_start|>assistant","[{""entity"": ""findings""}, {""entity"": ""showed""}, {""entity"": ""tests""}, {""entity"": ""electrolytes""}, {""entity"": ""level""}, {""entity"": ""2 weeks later""}] ","[{""entity"": ""review""}, {""entity"": ""showed""}, {""entity"": ""tests""}, {""entity"": ""electrolytes"
A 21 year old female patient with the diagnosis of SWS suffering from headaches admitted to our clinic.,"[{'id': '7642', 'offsets': array([51, 54]), 'role': '', 'semantic_type_id': '', 'text': 'SWS', 'type': 'EVENT'}
 {'id': '7657', 'offsets': array([70, 79]), 'role': '', 'semantic_type_id': '', 'text': 'headaches', 'type': 'EVENT'}
 {'id': '7672', 'offsets': array([80, 88]), 'role': '', 'semantic_type_id': '', 'text': 'admitted', 'type': 'EVENT'}
 {'id': '9096', 'offsets': array([ 0, 28]), 'role': 'PATIENT', 'semantic_type_id': '', 'text': 'A 21 year old female patient', 'type': 'ACTOR'}]","A 21 year old female patient with the diagnosis of SWS suffering from headaches admitted to our clinic. She had a 2 year history of frequent non-pulsating headaches. Her headache was relieving with non-steroidal anti-inflammatory drugs and was not worsening with physical activity. There was no nausea or aura like symptoms accompanying the headache. Headaches were lasting for hours. The pain was bilateral, generalized and pressing in quality. The family history for headache was negative. She had a history of seizures occurring in the fifteenth day of life described as attacks of tonic clonic contractions and that's when she was diagnosed with SWS. At the age of 6 she had a history of callosotomy to control her seizures. At the age of 18 during a laser treatment done in order to get rid of her port wine birthmark she had her first seizure since callosotomy. After that she was prescribed carbamazepine 400 mg at daily dose and never had a seizure since then. According to the story taken from her parents even though she had a normal development at infancy she barely graduated from elementary school and she's hardly literate. There was nothing significant on her family history except for her elder sister's port wine stain on her face. The elder sister had no feature of SWS and no researches were done regarding her stain. She was inscribed daily doses of ketiapin 25 mg for anxiety disorder and venlafaxine 75 mg for both anxiety disorder and the chronic headaches. She was also inscribed NSAID drugs. After the first week of this treatment her headaches were slightly decreased by heaviness but the frequency was the same. At her physical examination a facial nevus -occurred due to choroid angioma-on the right forehead, right eyelid, nasal wing and the cheek was observed. Intra oral examination showed a right sided overgrowth of gingiva. Gingival overgrowth was bright red in color and showed blanching on applying pressure suggesting angiomatous enlargement. On her extremities a mild asymmetry was visible. Her left arm and leg was slightly smaller in portions and showed hemiparesis both in the upper and lower extremities of the same size. On her ophthalmological evaluation she was diagnosed with glaucoma of the right eye. On her psychiatric examination she showed signs of anxiety disorder. Her neurological examination was not remarkable except for her hemiparesis. Cranial CT scans showed diffuse atrophy in the right hemisphere and irregular double-contoured gyriform cortical calcifications in the right occipital area. Gadolinium enhanced brain MRI revealed multiple dilated pial venous vascular structures on right hemisphere also with the diffuse atrophy on the same side. Axial T1 weighted cranial MRI shows right calvarial thickness compared to the left and right hemisphere is asymmetrically smaller than the left. In addition to that, T2 weighted MRI shows extensive venous formations around corpus of right lateral ventricle and at Gallen vein localization and widespread vascular formations are seen at perivascular space, anterior to third ventricle at Willis polygon localization and at right temporooccipital area at quadrigeminal cistern localization. She was performed a proteus intelligence test in which she had 75 points and accepted as mildly mentally retarded. Proteus intelligence test in which she had 75 points and accepted as mildly mentally retarded.
",EN100129,"<|im_start|>user Extract the entities contained in the text. Extract only entities contained in the text.
Return the result in a json format: [{""entity"":""entity_name""}]. <<A 21 year old female patient with the diagnosis of SWS suffering from headaches admitted to our clinic.>>> <|im_end|><|im_start|>assistant[{""entity"": ""SWS""}, {""entity"": ""headaches""}, {""entity"": ""admitted""}, {""entity"": ""A 21 year old female patient""}] <|im_end|>","<|im_start|>user Extract the entities contained in the text. Extract only entities contained in the text.
Return the result in a json format: [{""entity"":""entity_name""}]. <<<We present a case of a 32-year-old woman with a history of gradual enlargement of the anterior neck.>>> <|im_end|><|im_start|>assistant [{""entity"": ""present""}, {""entity"": ""history""}, {""entity"": ""enlargement""}] <|im_end|>
<|im_start|>user Extract the entities contained in the text. Extract only entities contained in the text.
Return the result in a json format: [{""entity"":""entity_name""}]. <<<Patient information: a 9-month-old boy presented to the emergency room with a 3-day history of refusal to bear weight on the right lower extremity and febrile peaks of up to 38.5°C for 24 hours.>>> <|im_end|><|im_start|>assistant [{""entity"": ""presented""}, {""entity"": ""refusal""}, {""entity"": ""bear""}, {""entity"": ""peaks""}] <|im_end|>
<|im_start|>user Extract the entities contained in the text. Extract only entities contained in the text.
Return the result in a json format: [{""entity"":""entity_name""}]. <<A 21 year old female patient with the diagnosis of SWS suffering from headaches admitted to our clinic.>>> <|im_end|><|im_start|>assistant","[{""entity"": ""SWS""}, {""entity"": ""headaches""}, {""entity"": ""admitted""}, {""entity"": ""A 21 year old female patient""}] ","[{""entity"": ""diagnosis""}, {""entity"": ""admitted""}, {""entity"": ""headaches""}, {""entity"": ""SWS"
She had a 2 year history of frequent non-pulsating headaches.,"[{'id': '7687', 'offsets': array([51, 60]), 'role': '', 'semantic_type_id': '', 'text': 'headaches', 'type': 'EVENT'}
 {'id': '9580', 'offsets': array([51, 60]), 'role': '', 'semantic_type_id': 'C0018681', 'text': 'headaches', 'type': 'CLINENTITY'}
 {'id': '9103', 'offsets': array([0, 3]), 'role': 'PATIENT', 'semantic_type_id': '', 'text': 'She', 'type': 'ACTOR'}
 {'id': '9236', 'offsets': array([10, 16]), 'role': '', 'semantic_type_id': '', 'text': '2 year', 'type': 'TIMEX3'}]","A 21 year old female patient with the diagnosis of SWS suffering from headaches admitted to our clinic. She had a 2 year history of frequent non-pulsating headaches. Her headache was relieving with non-steroidal anti-inflammatory drugs and was not worsening with physical activity. There was no nausea or aura like symptoms accompanying the headache. Headaches were lasting for hours. The pain was bilateral, generalized and pressing in quality. The family history for headache was negative. She had a history of seizures occurring in the fifteenth day of life described as attacks of tonic clonic contractions and that's when she was diagnosed with SWS. At the age of 6 she had a history of callosotomy to control her seizures. At the age of 18 during a laser treatment done in order to get rid of her port wine birthmark she had her first seizure since callosotomy. After that she was prescribed carbamazepine 400 mg at daily dose and never had a seizure since then. According to the story taken from her parents even though she had a normal development at infancy she barely graduated from elementary school and she's hardly literate. There was nothing significant on her family history except for her elder sister's port wine stain on her face. The elder sister had no feature of SWS and no researches were done regarding her stain. She was inscribed daily doses of ketiapin 25 mg for anxiety disorder and venlafaxine 75 mg for both anxiety disorder and the chronic headaches. She was also inscribed NSAID drugs. After the first week of this treatment her headaches were slightly decreased by heaviness but the frequency was the same. At her physical examination a facial nevus -occurred due to choroid angioma-on the right forehead, right eyelid, nasal wing and the cheek was observed. Intra oral examination showed a right sided overgrowth of gingiva. Gingival overgrowth was bright red in color and showed blanching on applying pressure suggesting angiomatous enlargement. On her extremities a mild asymmetry was visible. Her left arm and leg was slightly smaller in portions and showed hemiparesis both in the upper and lower extremities of the same size. On her ophthalmological evaluation she was diagnosed with glaucoma of the right eye. On her psychiatric examination she showed signs of anxiety disorder. Her neurological examination was not remarkable except for her hemiparesis. Cranial CT scans showed diffuse atrophy in the right hemisphere and irregular double-contoured gyriform cortical calcifications in the right occipital area. Gadolinium enhanced brain MRI revealed multiple dilated pial venous vascular structures on right hemisphere also with the diffuse atrophy on the same side. Axial T1 weighted cranial MRI shows right calvarial thickness compared to the left and right hemisphere is asymmetrically smaller than the left. In addition to that, T2 weighted MRI shows extensive venous formations around corpus of right lateral ventricle and at Gallen vein localization and widespread vascular formations are seen at perivascular space, anterior to third ventricle at Willis polygon localization and at right temporooccipital area at quadrigeminal cistern localization. She was performed a proteus intelligence test in which she had 75 points and accepted as mildly mentally retarded. Proteus intelligence test in which she had 75 points and accepted as mildly mentally retarded.
",EN100129,"<|im_start|>user Extract the entities contained in the text. Extract only entities contained in the text.
Return the result in a json format: [{""entity"":""entity_name""}]. <<She had a 2 year history of frequent non-pulsating headaches.>>> <|im_end|><|im_start|>assistant[{""entity"": ""headaches""}, {""entity"": ""headaches""}, {""entity"": ""She""}, {""entity"": ""2 year""}] <|im_end|>","<|im_start|>user Extract the entities contained in the text. Extract only entities contained in the text.
Return the result in a json format: [{""entity"":""entity_name""}]. <<<We present a case of a 32-year-old woman with a history of gradual enlargement of the anterior neck.>>> <|im_end|><|im_start|>assistant [{""entity"": ""present""}, {""entity"": ""history""}, {""entity"": ""enlargement""}] <|im_end|>
<|im_start|>user Extract the entities contained in the text. Extract only entities contained in the text.
Return the result in a json format: [{""entity"":""entity_name""}]. <<<Patient information: a 9-month-old boy presented to the emergency room with a 3-day history of refusal to bear weight on the right lower extremity and febrile peaks of up to 38.5°C for 24 hours.>>> <|im_end|><|im_start|>assistant [{""entity"": ""presented""}, {""entity"": ""refusal""}, {""entity"": ""bear""}, {""entity"": ""peaks""}] <|im_end|>
<|im_start|>user Extract the entities contained in the text. Extract only entities contained in the text.
Return the result in a json format: [{""entity"":""entity_name""}]. <<She had a 2 year history of frequent non-pulsating headaches.>>> <|im_end|><|im_start|>assistant","[{""entity"": ""headaches""}, {""entity"": ""headaches""}, {""entity"": ""She""}, {""entity"": ""2 year""}] ","[{""entity"": ""headaches""}, {""entity"": ""frequent non-pulsating headaches""}, {""entity"": ""2 year""}]"
Her headache was relieving with non-steroidal anti-inflammatory drugs and was not worsening with physical activity.,"[{'id': '7702', 'offsets': array([ 4, 12]), 'role': '', 'semantic_type_id': '', 'text': 'headache', 'type': 'EVENT'}
 {'id': '7717', 'offsets': array([17, 26]), 'role': '', 'semantic_type_id': '', 'text': 'relieving', 'type': 'EVENT'}
 {'id': '7732', 'offsets': array([82, 91]), 'role': '', 'semantic_type_id': '', 'text': 'worsening', 'type': 'EVENT'}
 {'id': '7747', 'offsets': array([106, 114]), 'role': '', 'semantic_type_id': '', 'text': 'activity', 'type': 'EVENT'}
 {'id': '9581', 'offsets': array([ 4, 12]), 'role': '', 'semantic_type_id': 'C0038505', 'text': 'headache', 'type': 'CLINENTITY'}]","A 21 year old female patient with the diagnosis of SWS suffering from headaches admitted to our clinic. She had a 2 year history of frequent non-pulsating headaches. Her headache was relieving with non-steroidal anti-inflammatory drugs and was not worsening with physical activity. There was no nausea or aura like symptoms accompanying the headache. Headaches were lasting for hours. The pain was bilateral, generalized and pressing in quality. The family history for headache was negative. She had a history of seizures occurring in the fifteenth day of life described as attacks of tonic clonic contractions and that's when she was diagnosed with SWS. At the age of 6 she had a history of callosotomy to control her seizures. At the age of 18 during a laser treatment done in order to get rid of her port wine birthmark she had her first seizure since callosotomy. After that she was prescribed carbamazepine 400 mg at daily dose and never had a seizure since then. According to the story taken from her parents even though she had a normal development at infancy she barely graduated from elementary school and she's hardly literate. There was nothing significant on her family history except for her elder sister's port wine stain on her face. The elder sister had no feature of SWS and no researches were done regarding her stain. She was inscribed daily doses of ketiapin 25 mg for anxiety disorder and venlafaxine 75 mg for both anxiety disorder and the chronic headaches. She was also inscribed NSAID drugs. After the first week of this treatment her headaches were slightly decreased by heaviness but the frequency was the same. At her physical examination a facial nevus -occurred due to choroid angioma-on the right forehead, right eyelid, nasal wing and the cheek was observed. Intra oral examination showed a right sided overgrowth of gingiva. Gingival overgrowth was bright red in color and showed blanching on applying pressure suggesting angiomatous enlargement. On her extremities a mild asymmetry was visible. Her left arm and leg was slightly smaller in portions and showed hemiparesis both in the upper and lower extremities of the same size. On her ophthalmological evaluation she was diagnosed with glaucoma of the right eye. On her psychiatric examination she showed signs of anxiety disorder. Her neurological examination was not remarkable except for her hemiparesis. Cranial CT scans showed diffuse atrophy in the right hemisphere and irregular double-contoured gyriform cortical calcifications in the right occipital area. Gadolinium enhanced brain MRI revealed multiple dilated pial venous vascular structures on right hemisphere also with the diffuse atrophy on the same side. Axial T1 weighted cranial MRI shows right calvarial thickness compared to the left and right hemisphere is asymmetrically smaller than the left. In addition to that, T2 weighted MRI shows extensive venous formations around corpus of right lateral ventricle and at Gallen vein localization and widespread vascular formations are seen at perivascular space, anterior to third ventricle at Willis polygon localization and at right temporooccipital area at quadrigeminal cistern localization. She was performed a proteus intelligence test in which she had 75 points and accepted as mildly mentally retarded. Proteus intelligence test in which she had 75 points and accepted as mildly mentally retarded.
",EN100129,"<|im_start|>user Extract the entities contained in the text. Extract only entities contained in the text.
Return the result in a json format: [{""entity"":""entity_name""}]. <<Her headache was relieving with non-steroidal anti-inflammatory drugs and was not worsening with physical activity.>>> <|im_end|><|im_start|>assistant[{""entity"": ""headache""}, {""entity"": ""relieving""}, {""entity"": ""worsening""}, {""entity"": ""activity""}, {""entity"": ""headache""}] <|im_end|>","<|im_start|>user Extract the entities contained in the text. Extract only entities contained in the text.
Return the result in a json format: [{""entity"":""entity_name""}]. <<<We present a case of a 32-year-old woman with a history of gradual enlargement of the anterior neck.>>> <|im_end|><|im_start|>assistant [{""entity"": ""present""}, {""entity"": ""history""}, {""entity"": ""enlargement""}] <|im_end|>
<|im_start|>user Extract the entities contained in the text. Extract only entities contained in the text.
Return the result in a json format: [{""entity"":""entity_name""}]. <<<Patient information: a 9-month-old boy presented to the emergency room with a 3-day history of refusal to bear weight on the right lower extremity and febrile peaks of up to 38.5°C for 24 hours.>>> <|im_end|><|im_start|>assistant [{""entity"": ""presented""}, {""entity"": ""refusal""}, {""entity"": ""bear""}, {""entity"": ""peaks""}] <|im_end|>
<|im_start|>user Extract the entities contained in the text. Extract only entities contained in the text.
Return the result in a json format: [{""entity"":""entity_name""}]. <<Her headache was relieving with non-steroidal anti-inflammatory drugs and was not worsening with physical activity.>>> <|im_end|><|im_start|>assistant","[{""entity"": ""headache""}, {""entity"": ""relieving""}, {""entity"": ""worsening""}, {""entity"": ""activity""}, {""entity"": ""headache""}] ","[{""entity"": ""headache""}, {""entity"": ""relieving""}, {""entity"": ""worsening""}, {""entity"": ""physical"
There was no nausea or aura like symptoms accompanying the headache.,"[{'id': '7762', 'offsets': array([13, 19]), 'role': '', 'semantic_type_id': '', 'text': 'nausea', 'type': 'EVENT'}
 {'id': '7777', 'offsets': array([33, 41]), 'role': '', 'semantic_type_id': '', 'text': 'symptoms', 'type': 'EVENT'}
 {'id': '7792', 'offsets': array([59, 67]), 'role': '', 'semantic_type_id': '', 'text': 'headache', 'type': 'EVENT'}
 {'id': '9582', 'offsets': array([13, 19]), 'role': '', 'semantic_type_id': 'C0027497', 'text': 'nausea', 'type': 'CLINENTITY'}
 {'id': '9583', 'offsets': array([23, 27]), 'role': '', 'semantic_type_id': 'C0236018', 'text': 'aura', 'type': 'CLINENTITY'}
 {'id': '9584', 'offsets': array([59, 67]), 'role': '', 'semantic_type_id': 'C0038505', 'text': 'headache', 'type': 'CLINENTITY'}]","A 21 year old female patient with the diagnosis of SWS suffering from headaches admitted to our clinic. She had a 2 year history of frequent non-pulsating headaches. Her headache was relieving with non-steroidal anti-inflammatory drugs and was not worsening with physical activity. There was no nausea or aura like symptoms accompanying the headache. Headaches were lasting for hours. The pain was bilateral, generalized and pressing in quality. The family history for headache was negative. She had a history of seizures occurring in the fifteenth day of life described as attacks of tonic clonic contractions and that's when she was diagnosed with SWS. At the age of 6 she had a history of callosotomy to control her seizures. At the age of 18 during a laser treatment done in order to get rid of her port wine birthmark she had her first seizure since callosotomy. After that she was prescribed carbamazepine 400 mg at daily dose and never had a seizure since then. According to the story taken from her parents even though she had a normal development at infancy she barely graduated from elementary school and she's hardly literate. There was nothing significant on her family history except for her elder sister's port wine stain on her face. The elder sister had no feature of SWS and no researches were done regarding her stain. She was inscribed daily doses of ketiapin 25 mg for anxiety disorder and venlafaxine 75 mg for both anxiety disorder and the chronic headaches. She was also inscribed NSAID drugs. After the first week of this treatment her headaches were slightly decreased by heaviness but the frequency was the same. At her physical examination a facial nevus -occurred due to choroid angioma-on the right forehead, right eyelid, nasal wing and the cheek was observed. Intra oral examination showed a right sided overgrowth of gingiva. Gingival overgrowth was bright red in color and showed blanching on applying pressure suggesting angiomatous enlargement. On her extremities a mild asymmetry was visible. Her left arm and leg was slightly smaller in portions and showed hemiparesis both in the upper and lower extremities of the same size. On her ophthalmological evaluation she was diagnosed with glaucoma of the right eye. On her psychiatric examination she showed signs of anxiety disorder. Her neurological examination was not remarkable except for her hemiparesis. Cranial CT scans showed diffuse atrophy in the right hemisphere and irregular double-contoured gyriform cortical calcifications in the right occipital area. Gadolinium enhanced brain MRI revealed multiple dilated pial venous vascular structures on right hemisphere also with the diffuse atrophy on the same side. Axial T1 weighted cranial MRI shows right calvarial thickness compared to the left and right hemisphere is asymmetrically smaller than the left. In addition to that, T2 weighted MRI shows extensive venous formations around corpus of right lateral ventricle and at Gallen vein localization and widespread vascular formations are seen at perivascular space, anterior to third ventricle at Willis polygon localization and at right temporooccipital area at quadrigeminal cistern localization. She was performed a proteus intelligence test in which she had 75 points and accepted as mildly mentally retarded. Proteus intelligence test in which she had 75 points and accepted as mildly mentally retarded.
",EN100129,"<|im_start|>user Extract the entities contained in the text. Extract only entities contained in the text.
Return the result in a json format: [{""entity"":""entity_name""}]. <<There was no nausea or aura like symptoms accompanying the headache.>>> <|im_end|><|im_start|>assistant[{""entity"": ""nausea""}, {""entity"": ""symptoms""}, {""entity"": ""headache""}, {""entity"": ""nausea""}, {""entity"": ""aura""}, {""entity"": ""headache""}] <|im_end|>","<|im_start|>user Extract the entities contained in the text. Extract only entities contained in the text.
Return the result in a json format: [{""entity"":""entity_name""}]. <<<We present a case of a 32-year-old woman with a history of gradual enlargement of the anterior neck.>>> <|im_end|><|im_start|>assistant [{""entity"": ""present""}, {""entity"": ""history""}, {""entity"": ""enlargement""}] <|im_end|>
<|im_start|>user Extract the entities contained in the text. Extract only entities contained in the text.
Return the result in a json format: [{""entity"":""entity_name""}]. <<<Patient information: a 9-month-old boy presented to the emergency room with a 3-day history of refusal to bear weight on the right lower extremity and febrile peaks of up to 38.5°C for 24 hours.>>> <|im_end|><|im_start|>assistant [{""entity"": ""presented""}, {""entity"": ""refusal""}, {""entity"": ""bear""}, {""entity"": ""peaks""}] <|im_end|>
<|im_start|>user Extract the entities contained in the text. Extract only entities contained in the text.
Return the result in a json format: [{""entity"":""entity_name""}]. <<There was no nausea or aura like symptoms accompanying the headache.>>> <|im_end|><|im_start|>assistant","[{""entity"": ""nausea""}, {""entity"": ""symptoms""}, {""entity"": ""headache""}, {""entity"": ""nausea""}, {""entity"": ""aura""}, {""entity"": ""headache""}] ","[{""entity"": ""nausea""}, {""entity"": ""aura""}, {""entity"": ""headache""}, {""entity"": ""nause"
Headaches were lasting for hours.,"[{'id': '7807', 'offsets': array([0, 9]), 'role': '', 'semantic_type_id': '', 'text': 'Headaches', 'type': 'EVENT'}
 {'id': '9585', 'offsets': array([0, 9]), 'role': '', 'semantic_type_id': 'C0018681', 'text': 'Headaches', 'type': 'CLINENTITY'}
 {'id': '9245', 'offsets': array([27, 32]), 'role': '', 'semantic_type_id': '', 'text': 'hours', 'type': 'TIMEX3'}]","A 21 year old female patient with the diagnosis of SWS suffering from headaches admitted to our clinic. She had a 2 year history of frequent non-pulsating headaches. Her headache was relieving with non-steroidal anti-inflammatory drugs and was not worsening with physical activity. There was no nausea or aura like symptoms accompanying the headache. Headaches were lasting for hours. The pain was bilateral, generalized and pressing in quality. The family history for headache was negative. She had a history of seizures occurring in the fifteenth day of life described as attacks of tonic clonic contractions and that's when she was diagnosed with SWS. At the age of 6 she had a history of callosotomy to control her seizures. At the age of 18 during a laser treatment done in order to get rid of her port wine birthmark she had her first seizure since callosotomy. After that she was prescribed carbamazepine 400 mg at daily dose and never had a seizure since then. According to the story taken from her parents even though she had a normal development at infancy she barely graduated from elementary school and she's hardly literate. There was nothing significant on her family history except for her elder sister's port wine stain on her face. The elder sister had no feature of SWS and no researches were done regarding her stain. She was inscribed daily doses of ketiapin 25 mg for anxiety disorder and venlafaxine 75 mg for both anxiety disorder and the chronic headaches. She was also inscribed NSAID drugs. After the first week of this treatment her headaches were slightly decreased by heaviness but the frequency was the same. At her physical examination a facial nevus -occurred due to choroid angioma-on the right forehead, right eyelid, nasal wing and the cheek was observed. Intra oral examination showed a right sided overgrowth of gingiva. Gingival overgrowth was bright red in color and showed blanching on applying pressure suggesting angiomatous enlargement. On her extremities a mild asymmetry was visible. Her left arm and leg was slightly smaller in portions and showed hemiparesis both in the upper and lower extremities of the same size. On her ophthalmological evaluation she was diagnosed with glaucoma of the right eye. On her psychiatric examination she showed signs of anxiety disorder. Her neurological examination was not remarkable except for her hemiparesis. Cranial CT scans showed diffuse atrophy in the right hemisphere and irregular double-contoured gyriform cortical calcifications in the right occipital area. Gadolinium enhanced brain MRI revealed multiple dilated pial venous vascular structures on right hemisphere also with the diffuse atrophy on the same side. Axial T1 weighted cranial MRI shows right calvarial thickness compared to the left and right hemisphere is asymmetrically smaller than the left. In addition to that, T2 weighted MRI shows extensive venous formations around corpus of right lateral ventricle and at Gallen vein localization and widespread vascular formations are seen at perivascular space, anterior to third ventricle at Willis polygon localization and at right temporooccipital area at quadrigeminal cistern localization. She was performed a proteus intelligence test in which she had 75 points and accepted as mildly mentally retarded. Proteus intelligence test in which she had 75 points and accepted as mildly mentally retarded.
",EN100129,"<|im_start|>user Extract the entities contained in the text. Extract only entities contained in the text.
Return the result in a json format: [{""entity"":""entity_name""}]. <<Headaches were lasting for hours.>>> <|im_end|><|im_start|>assistant[{""entity"": ""Headaches""}, {""entity"": ""Headaches""}, {""entity"": ""hours""}] <|im_end|>","<|im_start|>user Extract the entities contained in the text. Extract only entities contained in the text.
Return the result in a json format: [{""entity"":""entity_name""}]. <<<We present a case of a 32-year-old woman with a history of gradual enlargement of the anterior neck.>>> <|im_end|><|im_start|>assistant [{""entity"": ""present""}, {""entity"": ""history""}, {""entity"": ""enlargement""}] <|im_end|>
<|im_start|>user Extract the entities contained in the text. Extract only entities contained in the text.
Return the result in a json format: [{""entity"":""entity_name""}]. <<<Patient information: a 9-month-old boy presented to the emergency room with a 3-day history of refusal to bear weight on the right lower extremity and febrile peaks of up to 38.5°C for 24 hours.>>> <|im_end|><|im_start|>assistant [{""entity"": ""presented""}, {""entity"": ""refusal""}, {""entity"": ""bear""}, {""entity"": ""peaks""}] <|im_end|>
<|im_start|>user Extract the entities contained in the text. Extract only entities contained in the text.
Return the result in a json format: [{""entity"":""entity_name""}]. <<Headaches were lasting for hours.>>> <|im_end|><|im_start|>assistant","[{""entity"": ""Headaches""}, {""entity"": ""Headaches""}, {""entity"": ""hours""}] ","[{""entity"": ""headaches""}, {""entity"": ""lasting""}, {""entity"": ""hours""}] <|im_end|><|im_end|><|im_end|><|im_end|><|im_end|><|im_end|>"
The family history for headache was negative.,"[{'id': '7882', 'offsets': array([11, 18]), 'role': '', 'semantic_type_id': '', 'text': 'history', 'type': 'EVENT'}
 {'id': '9587', 'offsets': array([23, 31]), 'role': '', 'semantic_type_id': 'C0018681', 'text': 'headache', 'type': 'CLINENTITY'}]","A 21 year old female patient with the diagnosis of SWS suffering from headaches admitted to our clinic. She had a 2 year history of frequent non-pulsating headaches. Her headache was relieving with non-steroidal anti-inflammatory drugs and was not worsening with physical activity. There was no nausea or aura like symptoms accompanying the headache. Headaches were lasting for hours. The pain was bilateral, generalized and pressing in quality. The family history for headache was negative. She had a history of seizures occurring in the fifteenth day of life described as attacks of tonic clonic contractions and that's when she was diagnosed with SWS. At the age of 6 she had a history of callosotomy to control her seizures. At the age of 18 during a laser treatment done in order to get rid of her port wine birthmark she had her first seizure since callosotomy. After that she was prescribed carbamazepine 400 mg at daily dose and never had a seizure since then. According to the story taken from her parents even though she had a normal development at infancy she barely graduated from elementary school and she's hardly literate. There was nothing significant on her family history except for her elder sister's port wine stain on her face. The elder sister had no feature of SWS and no researches were done regarding her stain. She was inscribed daily doses of ketiapin 25 mg for anxiety disorder and venlafaxine 75 mg for both anxiety disorder and the chronic headaches. She was also inscribed NSAID drugs. After the first week of this treatment her headaches were slightly decreased by heaviness but the frequency was the same. At her physical examination a facial nevus -occurred due to choroid angioma-on the right forehead, right eyelid, nasal wing and the cheek was observed. Intra oral examination showed a right sided overgrowth of gingiva. Gingival overgrowth was bright red in color and showed blanching on applying pressure suggesting angiomatous enlargement. On her extremities a mild asymmetry was visible. Her left arm and leg was slightly smaller in portions and showed hemiparesis both in the upper and lower extremities of the same size. On her ophthalmological evaluation she was diagnosed with glaucoma of the right eye. On her psychiatric examination she showed signs of anxiety disorder. Her neurological examination was not remarkable except for her hemiparesis. Cranial CT scans showed diffuse atrophy in the right hemisphere and irregular double-contoured gyriform cortical calcifications in the right occipital area. Gadolinium enhanced brain MRI revealed multiple dilated pial venous vascular structures on right hemisphere also with the diffuse atrophy on the same side. Axial T1 weighted cranial MRI shows right calvarial thickness compared to the left and right hemisphere is asymmetrically smaller than the left. In addition to that, T2 weighted MRI shows extensive venous formations around corpus of right lateral ventricle and at Gallen vein localization and widespread vascular formations are seen at perivascular space, anterior to third ventricle at Willis polygon localization and at right temporooccipital area at quadrigeminal cistern localization. She was performed a proteus intelligence test in which she had 75 points and accepted as mildly mentally retarded. Proteus intelligence test in which she had 75 points and accepted as mildly mentally retarded.
",EN100129,"<|im_start|>user Extract the entities contained in the text. Extract only entities contained in the text.
Return the result in a json format: [{""entity"":""entity_name""}]. <<The family history for headache was negative.>>> <|im_end|><|im_start|>assistant[{""entity"": ""history""}, {""entity"": ""headache""}] <|im_end|>","<|im_start|>user Extract the entities contained in the text. Extract only entities contained in the text.
Return the result in a json format: [{""entity"":""entity_name""}]. <<<We present a case of a 32-year-old woman with a history of gradual enlargement of the anterior neck.>>> <|im_end|><|im_start|>assistant [{""entity"": ""present""}, {""entity"": ""history""}, {""entity"": ""enlargement""}] <|im_end|>
<|im_start|>user Extract the entities contained in the text. Extract only entities contained in the text.
Return the result in a json format: [{""entity"":""entity_name""}]. <<<Patient information: a 9-month-old boy presented to the emergency room with a 3-day history of refusal to bear weight on the right lower extremity and febrile peaks of up to 38.5°C for 24 hours.>>> <|im_end|><|im_start|>assistant [{""entity"": ""presented""}, {""entity"": ""refusal""}, {""entity"": ""bear""}, {""entity"": ""peaks""}] <|im_end|>
<|im_start|>user Extract the entities contained in the text. Extract only entities contained in the text.
Return the result in a json format: [{""entity"":""entity_name""}]. <<The family history for headache was negative.>>> <|im_end|><|im_start|>assistant","[{""entity"": ""history""}, {""entity"": ""headache""}] ","[{""entity"": ""headache""}, {""entity"": ""negative""}] <|im_end|><|im_end|><|im_end|><|im_end|><|im_end|><|im_end|><|im_end|><|im_end|><|im_end|><|im_end|><|im_end|><|im_end|>"
She had a history of seizures occurring in the fifteenth day of life described as attacks of tonic clonic contractions and that's when she was diagnosed with SWS.,"[{'id': '7897', 'offsets': array([21, 29]), 'role': '', 'semantic_type_id': '', 'text': 'seizures', 'type': 'EVENT'}
 {'id': '7912', 'offsets': array([82, 89]), 'role': '', 'semantic_type_id': '', 'text': 'attacks', 'type': 'EVENT'}
 {'id': '7927', 'offsets': array([143, 152]), 'role': '', 'semantic_type_id': '', 'text': 'diagnosed', 'type': 'EVENT'}
 {'id': '7942', 'offsets': array([158, 161]), 'role': '', 'semantic_type_id': '', 'text': 'SWS', 'type': 'EVENT'}
 {'id': '9588', 'offsets': array([21, 29]), 'role': '', 'semantic_type_id': 'C0036572', 'text': 'seizures', 'type': 'CLINENTITY'}
 {'id': '9589', 'offsets': array([ 93, 118]), 'role': '', 'semantic_type_id': 'C0494475', 'text': 'tonic clonic contractions', 'type': 'CLINENTITY'}
 {'id': '9590', 'offsets': array([158, 161]), 'role': '', 'semantic_type_id': 'C0038505', 'text': 'SWS', 'type': 'CLINENTITY'}
 {'id': '9110', 'offsets': array([0, 3]), 'role': 'PATIENT', 'semantic_type_id': '', 'text': 'She', 'type': 'ACTOR'}
 {'id': '9117', 'offsets': array([135, 138]), 'role': 'PATIENT', 'semantic_type_id': '', 'text': 'she', 'type': 'ACTOR'}
 {'id': '9254', 'offsets': array([43, 68]), 'role': '', 'semantic_type_id': '', 'text': 'the fifteenth day of life', 'type': 'TIMEX3'}]","A 21 year old female patient with the diagnosis of SWS suffering from headaches admitted to our clinic. She had a 2 year history of frequent non-pulsating headaches. Her headache was relieving with non-steroidal anti-inflammatory drugs and was not worsening with physical activity. There was no nausea or aura like symptoms accompanying the headache. Headaches were lasting for hours. The pain was bilateral, generalized and pressing in quality. The family history for headache was negative. She had a history of seizures occurring in the fifteenth day of life described as attacks of tonic clonic contractions and that's when she was diagnosed with SWS. At the age of 6 she had a history of callosotomy to control her seizures. At the age of 18 during a laser treatment done in order to get rid of her port wine birthmark she had her first seizure since callosotomy. After that she was prescribed carbamazepine 400 mg at daily dose and never had a seizure since then. According to the story taken from her parents even though she had a normal development at infancy she barely graduated from elementary school and she's hardly literate. There was nothing significant on her family history except for her elder sister's port wine stain on her face. The elder sister had no feature of SWS and no researches were done regarding her stain. She was inscribed daily doses of ketiapin 25 mg for anxiety disorder and venlafaxine 75 mg for both anxiety disorder and the chronic headaches. She was also inscribed NSAID drugs. After the first week of this treatment her headaches were slightly decreased by heaviness but the frequency was the same. At her physical examination a facial nevus -occurred due to choroid angioma-on the right forehead, right eyelid, nasal wing and the cheek was observed. Intra oral examination showed a right sided overgrowth of gingiva. Gingival overgrowth was bright red in color and showed blanching on applying pressure suggesting angiomatous enlargement. On her extremities a mild asymmetry was visible. Her left arm and leg was slightly smaller in portions and showed hemiparesis both in the upper and lower extremities of the same size. On her ophthalmological evaluation she was diagnosed with glaucoma of the right eye. On her psychiatric examination she showed signs of anxiety disorder. Her neurological examination was not remarkable except for her hemiparesis. Cranial CT scans showed diffuse atrophy in the right hemisphere and irregular double-contoured gyriform cortical calcifications in the right occipital area. Gadolinium enhanced brain MRI revealed multiple dilated pial venous vascular structures on right hemisphere also with the diffuse atrophy on the same side. Axial T1 weighted cranial MRI shows right calvarial thickness compared to the left and right hemisphere is asymmetrically smaller than the left. In addition to that, T2 weighted MRI shows extensive venous formations around corpus of right lateral ventricle and at Gallen vein localization and widespread vascular formations are seen at perivascular space, anterior to third ventricle at Willis polygon localization and at right temporooccipital area at quadrigeminal cistern localization. She was performed a proteus intelligence test in which she had 75 points and accepted as mildly mentally retarded. Proteus intelligence test in which she had 75 points and accepted as mildly mentally retarded.
",EN100129,"<|im_start|>user Extract the entities contained in the text. Extract only entities contained in the text.
Return the result in a json format: [{""entity"":""entity_name""}]. <<She had a history of seizures occurring in the fifteenth day of life described as attacks of tonic clonic contractions and that's when she was diagnosed with SWS.>>> <|im_end|><|im_start|>assistant[{""entity"": ""seizures""}, {""entity"": ""attacks""}, {""entity"": ""diagnosed""}, {""entity"": ""SWS""}, {""entity"": ""seizures""}, {""entity"": ""tonic clonic contractions""}, {""entity"": ""SWS""}, {""entity"": ""She""}, {""entity"": ""she""}, {""entity"": ""the fifteenth day of life""}] <|im_end|>","<|im_start|>user Extract the entities contained in the text. Extract only entities contained in the text.
Return the result in a json format: [{""entity"":""entity_name""}]. <<<We present a case of a 32-year-old woman with a history of gradual enlargement of the anterior neck.>>> <|im_end|><|im_start|>assistant [{""entity"": ""present""}, {""entity"": ""history""}, {""entity"": ""enlargement""}] <|im_end|>
<|im_start|>user Extract the entities contained in the text. Extract only entities contained in the text.
Return the result in a json format: [{""entity"":""entity_name""}]. <<<Patient information: a 9-month-old boy presented to the emergency room with a 3-day history of refusal to bear weight on the right lower extremity and febrile peaks of up to 38.5°C for 24 hours.>>> <|im_end|><|im_start|>assistant [{""entity"": ""presented""}, {""entity"": ""refusal""}, {""entity"": ""bear""}, {""entity"": ""peaks""}] <|im_end|>
<|im_start|>user Extract the entities contained in the text. Extract only entities contained in the text.
Return the result in a json format: [{""entity"":""entity_name""}]. <<She had a history of seizures occurring in the fifteenth day of life described as attacks of tonic clonic contractions and that's when she was diagnosed with SWS.>>> <|im_end|><|im_start|>assistant","[{""entity"": ""seizures""}, {""entity"": ""attacks""}, {""entity"": ""diagnosed""}, {""entity"": ""SWS""}, {""entity"": ""seizures""}, {""entity"": ""tonic clonic contractions""}, {""entity"": ""SWS""}, {""entity"": ""She""}, {""entity"": ""she""}, {""entity"": ""the fifteenth day of life""}] ","[{""entity"": ""seizures""}, {""entity"": ""attacks""}, {""entity"": ""contractions""}, {""entity"": ""diagn"
At the age of 6 she had a history of callosotomy to control her seizures.,"[{'id': '7957', 'offsets': array([37, 48]), 'role': '', 'semantic_type_id': '', 'text': 'callosotomy', 'type': 'EVENT'}
 {'id': '7972', 'offsets': array([52, 59]), 'role': '', 'semantic_type_id': '', 'text': 'control', 'type': 'EVENT'}
 {'id': '7987', 'offsets': array([64, 72]), 'role': '', 'semantic_type_id': '', 'text': 'seizures', 'type': 'EVENT'}
 {'id': '9591', 'offsets': array([64, 72]), 'role': '', 'semantic_type_id': 'C0036572', 'text': 'seizures', 'type': 'CLINENTITY'}
 {'id': '9124', 'offsets': array([16, 19]), 'role': 'PATIENT', 'semantic_type_id': '', 'text': 'she', 'type': 'ACTOR'}]","A 21 year old female patient with the diagnosis of SWS suffering from headaches admitted to our clinic. She had a 2 year history of frequent non-pulsating headaches. Her headache was relieving with non-steroidal anti-inflammatory drugs and was not worsening with physical activity. There was no nausea or aura like symptoms accompanying the headache. Headaches were lasting for hours. The pain was bilateral, generalized and pressing in quality. The family history for headache was negative. She had a history of seizures occurring in the fifteenth day of life described as attacks of tonic clonic contractions and that's when she was diagnosed with SWS. At the age of 6 she had a history of callosotomy to control her seizures. At the age of 18 during a laser treatment done in order to get rid of her port wine birthmark she had her first seizure since callosotomy. After that she was prescribed carbamazepine 400 mg at daily dose and never had a seizure since then. According to the story taken from her parents even though she had a normal development at infancy she barely graduated from elementary school and she's hardly literate. There was nothing significant on her family history except for her elder sister's port wine stain on her face. The elder sister had no feature of SWS and no researches were done regarding her stain. She was inscribed daily doses of ketiapin 25 mg for anxiety disorder and venlafaxine 75 mg for both anxiety disorder and the chronic headaches. She was also inscribed NSAID drugs. After the first week of this treatment her headaches were slightly decreased by heaviness but the frequency was the same. At her physical examination a facial nevus -occurred due to choroid angioma-on the right forehead, right eyelid, nasal wing and the cheek was observed. Intra oral examination showed a right sided overgrowth of gingiva. Gingival overgrowth was bright red in color and showed blanching on applying pressure suggesting angiomatous enlargement. On her extremities a mild asymmetry was visible. Her left arm and leg was slightly smaller in portions and showed hemiparesis both in the upper and lower extremities of the same size. On her ophthalmological evaluation she was diagnosed with glaucoma of the right eye. On her psychiatric examination she showed signs of anxiety disorder. Her neurological examination was not remarkable except for her hemiparesis. Cranial CT scans showed diffuse atrophy in the right hemisphere and irregular double-contoured gyriform cortical calcifications in the right occipital area. Gadolinium enhanced brain MRI revealed multiple dilated pial venous vascular structures on right hemisphere also with the diffuse atrophy on the same side. Axial T1 weighted cranial MRI shows right calvarial thickness compared to the left and right hemisphere is asymmetrically smaller than the left. In addition to that, T2 weighted MRI shows extensive venous formations around corpus of right lateral ventricle and at Gallen vein localization and widespread vascular formations are seen at perivascular space, anterior to third ventricle at Willis polygon localization and at right temporooccipital area at quadrigeminal cistern localization. She was performed a proteus intelligence test in which she had 75 points and accepted as mildly mentally retarded. Proteus intelligence test in which she had 75 points and accepted as mildly mentally retarded.
",EN100129,"<|im_start|>user Extract the entities contained in the text. Extract only entities contained in the text.
Return the result in a json format: [{""entity"":""entity_name""}]. <<At the age of 6 she had a history of callosotomy to control her seizures.>>> <|im_end|><|im_start|>assistant[{""entity"": ""callosotomy""}, {""entity"": ""control""}, {""entity"": ""seizures""}, {""entity"": ""seizures""}, {""entity"": ""she""}] <|im_end|>","<|im_start|>user Extract the entities contained in the text. Extract only entities contained in the text.
Return the result in a json format: [{""entity"":""entity_name""}]. <<<We present a case of a 32-year-old woman with a history of gradual enlargement of the anterior neck.>>> <|im_end|><|im_start|>assistant [{""entity"": ""present""}, {""entity"": ""history""}, {""entity"": ""enlargement""}] <|im_end|>
<|im_start|>user Extract the entities contained in the text. Extract only entities contained in the text.
Return the result in a json format: [{""entity"":""entity_name""}]. <<<Patient information: a 9-month-old boy presented to the emergency room with a 3-day history of refusal to bear weight on the right lower extremity and febrile peaks of up to 38.5°C for 24 hours.>>> <|im_end|><|im_start|>assistant [{""entity"": ""presented""}, {""entity"": ""refusal""}, {""entity"": ""bear""}, {""entity"": ""peaks""}] <|im_end|>
<|im_start|>user Extract the entities contained in the text. Extract only entities contained in the text.
Return the result in a json format: [{""entity"":""entity_name""}]. <<At the age of 6 she had a history of callosotomy to control her seizures.>>> <|im_end|><|im_start|>assistant","[{""entity"": ""callosotomy""}, {""entity"": ""control""}, {""entity"": ""seizures""}, {""entity"": ""seizures""}, {""entity"": ""she""}] ","[{""entity"": ""callosotomy""}, {""entity"": ""seizures""}, {""entity"": ""the age of 6""}]"
At the age of 18 during a laser treatment done in order to get rid of her port wine birthmark she had her first seizure since callosotomy.,"[{'id': '8002', 'offsets': array([32, 41]), 'role': '', 'semantic_type_id': '', 'text': 'treatment', 'type': 'EVENT'}
 {'id': '8017', 'offsets': array([59, 62]), 'role': '', 'semantic_type_id': '', 'text': 'get', 'type': 'EVENT'}
 {'id': '8032', 'offsets': array([84, 93]), 'role': '', 'semantic_type_id': '', 'text': 'birthmark', 'type': 'EVENT'}
 {'id': '8047', 'offsets': array([112, 119]), 'role': '', 'semantic_type_id': '', 'text': 'seizure', 'type': 'EVENT'}
 {'id': '8062', 'offsets': array([126, 137]), 'role': '', 'semantic_type_id': '', 'text': 'callosotomy', 'type': 'EVENT'}
 {'id': '9592', 'offsets': array([74, 93]), 'role': '', 'semantic_type_id': 'C0235752', 'text': 'port wine birthmark', 'type': 'CLINENTITY'}
 {'id': '9593', 'offsets': array([112, 119]), 'role': '', 'semantic_type_id': 'C036572', 'text': 'seizure', 'type': 'CLINENTITY'}
 {'id': '9131', 'offsets': array([94, 97]), 'role': 'PATIENT', 'semantic_type_id': '', 'text': 'she', 'type': 'ACTOR'}]","A 21 year old female patient with the diagnosis of SWS suffering from headaches admitted to our clinic. She had a 2 year history of frequent non-pulsating headaches. Her headache was relieving with non-steroidal anti-inflammatory drugs and was not worsening with physical activity. There was no nausea or aura like symptoms accompanying the headache. Headaches were lasting for hours. The pain was bilateral, generalized and pressing in quality. The family history for headache was negative. She had a history of seizures occurring in the fifteenth day of life described as attacks of tonic clonic contractions and that's when she was diagnosed with SWS. At the age of 6 she had a history of callosotomy to control her seizures. At the age of 18 during a laser treatment done in order to get rid of her port wine birthmark she had her first seizure since callosotomy. After that she was prescribed carbamazepine 400 mg at daily dose and never had a seizure since then. According to the story taken from her parents even though she had a normal development at infancy she barely graduated from elementary school and she's hardly literate. There was nothing significant on her family history except for her elder sister's port wine stain on her face. The elder sister had no feature of SWS and no researches were done regarding her stain. She was inscribed daily doses of ketiapin 25 mg for anxiety disorder and venlafaxine 75 mg for both anxiety disorder and the chronic headaches. She was also inscribed NSAID drugs. After the first week of this treatment her headaches were slightly decreased by heaviness but the frequency was the same. At her physical examination a facial nevus -occurred due to choroid angioma-on the right forehead, right eyelid, nasal wing and the cheek was observed. Intra oral examination showed a right sided overgrowth of gingiva. Gingival overgrowth was bright red in color and showed blanching on applying pressure suggesting angiomatous enlargement. On her extremities a mild asymmetry was visible. Her left arm and leg was slightly smaller in portions and showed hemiparesis both in the upper and lower extremities of the same size. On her ophthalmological evaluation she was diagnosed with glaucoma of the right eye. On her psychiatric examination she showed signs of anxiety disorder. Her neurological examination was not remarkable except for her hemiparesis. Cranial CT scans showed diffuse atrophy in the right hemisphere and irregular double-contoured gyriform cortical calcifications in the right occipital area. Gadolinium enhanced brain MRI revealed multiple dilated pial venous vascular structures on right hemisphere also with the diffuse atrophy on the same side. Axial T1 weighted cranial MRI shows right calvarial thickness compared to the left and right hemisphere is asymmetrically smaller than the left. In addition to that, T2 weighted MRI shows extensive venous formations around corpus of right lateral ventricle and at Gallen vein localization and widespread vascular formations are seen at perivascular space, anterior to third ventricle at Willis polygon localization and at right temporooccipital area at quadrigeminal cistern localization. She was performed a proteus intelligence test in which she had 75 points and accepted as mildly mentally retarded. Proteus intelligence test in which she had 75 points and accepted as mildly mentally retarded.
",EN100129,"<|im_start|>user Extract the entities contained in the text. Extract only entities contained in the text.
Return the result in a json format: [{""entity"":""entity_name""}]. <<At the age of 18 during a laser treatment done in order to get rid of her port wine birthmark she had her first seizure since callosotomy.>>> <|im_end|><|im_start|>assistant[{""entity"": ""treatment""}, {""entity"": ""get""}, {""entity"": ""birthmark""}, {""entity"": ""seizure""}, {""entity"": ""callosotomy""}, {""entity"": ""port wine birthmark""}, {""entity"": ""seizure""}, {""entity"": ""she""}] <|im_end|>","<|im_start|>user Extract the entities contained in the text. Extract only entities contained in the text.
Return the result in a json format: [{""entity"":""entity_name""}]. <<<We present a case of a 32-year-old woman with a history of gradual enlargement of the anterior neck.>>> <|im_end|><|im_start|>assistant [{""entity"": ""present""}, {""entity"": ""history""}, {""entity"": ""enlargement""}] <|im_end|>
<|im_start|>user Extract the entities contained in the text. Extract only entities contained in the text.
Return the result in a json format: [{""entity"":""entity_name""}]. <<<Patient information: a 9-month-old boy presented to the emergency room with a 3-day history of refusal to bear weight on the right lower extremity and febrile peaks of up to 38.5°C for 24 hours.>>> <|im_end|><|im_start|>assistant [{""entity"": ""presented""}, {""entity"": ""refusal""}, {""entity"": ""bear""}, {""entity"": ""peaks""}] <|im_end|>
<|im_start|>user Extract the entities contained in the text. Extract only entities contained in the text.
Return the result in a json format: [{""entity"":""entity_name""}]. <<At the age of 18 during a laser treatment done in order to get rid of her port wine birthmark she had her first seizure since callosotomy.>>> <|im_end|><|im_start|>assistant","[{""entity"": ""treatment""}, {""entity"": ""get""}, {""entity"": ""birthmark""}, {""entity"": ""seizure""}, {""entity"": ""callosotomy""}, {""entity"": ""port wine birthmark""}, {""entity"": ""seizure""}, {""entity"": ""she""}] ","[{""entity"": ""treatment""}, {""entity"": ""get rid of""}, {""entity"": ""seizure""}, {""entity"": """
After that she was prescribed carbamazepine 400 mg at daily dose and never had a seizure since then.,"[{'id': '8077', 'offsets': array([19, 29]), 'role': '', 'semantic_type_id': '', 'text': 'prescribed', 'type': 'EVENT'}
 {'id': '8092', 'offsets': array([81, 88]), 'role': '', 'semantic_type_id': '', 'text': 'seizure', 'type': 'EVENT'}
 {'id': '9594', 'offsets': array([81, 88]), 'role': '', 'semantic_type_id': 'C036572', 'text': 'seizure', 'type': 'CLINENTITY'}
 {'id': '9138', 'offsets': array([11, 14]), 'role': 'PATIENT', 'semantic_type_id': '', 'text': 'she', 'type': 'ACTOR'}
 {'id': '9263', 'offsets': array([54, 59]), 'role': '', 'semantic_type_id': '', 'text': 'daily', 'type': 'TIMEX3'}]","A 21 year old female patient with the diagnosis of SWS suffering from headaches admitted to our clinic. She had a 2 year history of frequent non-pulsating headaches. Her headache was relieving with non-steroidal anti-inflammatory drugs and was not worsening with physical activity. There was no nausea or aura like symptoms accompanying the headache. Headaches were lasting for hours. The pain was bilateral, generalized and pressing in quality. The family history for headache was negative. She had a history of seizures occurring in the fifteenth day of life described as attacks of tonic clonic contractions and that's when she was diagnosed with SWS. At the age of 6 she had a history of callosotomy to control her seizures. At the age of 18 during a laser treatment done in order to get rid of her port wine birthmark she had her first seizure since callosotomy. After that she was prescribed carbamazepine 400 mg at daily dose and never had a seizure since then. According to the story taken from her parents even though she had a normal development at infancy she barely graduated from elementary school and she's hardly literate. There was nothing significant on her family history except for her elder sister's port wine stain on her face. The elder sister had no feature of SWS and no researches were done regarding her stain. She was inscribed daily doses of ketiapin 25 mg for anxiety disorder and venlafaxine 75 mg for both anxiety disorder and the chronic headaches. She was also inscribed NSAID drugs. After the first week of this treatment her headaches were slightly decreased by heaviness but the frequency was the same. At her physical examination a facial nevus -occurred due to choroid angioma-on the right forehead, right eyelid, nasal wing and the cheek was observed. Intra oral examination showed a right sided overgrowth of gingiva. Gingival overgrowth was bright red in color and showed blanching on applying pressure suggesting angiomatous enlargement. On her extremities a mild asymmetry was visible. Her left arm and leg was slightly smaller in portions and showed hemiparesis both in the upper and lower extremities of the same size. On her ophthalmological evaluation she was diagnosed with glaucoma of the right eye. On her psychiatric examination she showed signs of anxiety disorder. Her neurological examination was not remarkable except for her hemiparesis. Cranial CT scans showed diffuse atrophy in the right hemisphere and irregular double-contoured gyriform cortical calcifications in the right occipital area. Gadolinium enhanced brain MRI revealed multiple dilated pial venous vascular structures on right hemisphere also with the diffuse atrophy on the same side. Axial T1 weighted cranial MRI shows right calvarial thickness compared to the left and right hemisphere is asymmetrically smaller than the left. In addition to that, T2 weighted MRI shows extensive venous formations around corpus of right lateral ventricle and at Gallen vein localization and widespread vascular formations are seen at perivascular space, anterior to third ventricle at Willis polygon localization and at right temporooccipital area at quadrigeminal cistern localization. She was performed a proteus intelligence test in which she had 75 points and accepted as mildly mentally retarded. Proteus intelligence test in which she had 75 points and accepted as mildly mentally retarded.
",EN100129,"<|im_start|>user Extract the entities contained in the text. Extract only entities contained in the text.
Return the result in a json format: [{""entity"":""entity_name""}]. <<After that she was prescribed carbamazepine 400 mg at daily dose and never had a seizure since then.>>> <|im_end|><|im_start|>assistant[{""entity"": ""prescribed""}, {""entity"": ""seizure""}, {""entity"": ""seizure""}, {""entity"": ""she""}, {""entity"": ""daily""}] <|im_end|>","<|im_start|>user Extract the entities contained in the text. Extract only entities contained in the text.
Return the result in a json format: [{""entity"":""entity_name""}]. <<<We present a case of a 32-year-old woman with a history of gradual enlargement of the anterior neck.>>> <|im_end|><|im_start|>assistant [{""entity"": ""present""}, {""entity"": ""history""}, {""entity"": ""enlargement""}] <|im_end|>
<|im_start|>user Extract the entities contained in the text. Extract only entities contained in the text.
Return the result in a json format: [{""entity"":""entity_name""}]. <<<Patient information: a 9-month-old boy presented to the emergency room with a 3-day history of refusal to bear weight on the right lower extremity and febrile peaks of up to 38.5°C for 24 hours.>>> <|im_end|><|im_start|>assistant [{""entity"": ""presented""}, {""entity"": ""refusal""}, {""entity"": ""bear""}, {""entity"": ""peaks""}] <|im_end|>
<|im_start|>user Extract the entities contained in the text. Extract only entities contained in the text.
Return the result in a json format: [{""entity"":""entity_name""}]. <<After that she was prescribed carbamazepine 400 mg at daily dose and never had a seizure since then.>>> <|im_end|><|im_start|>assistant","[{""entity"": ""prescribed""}, {""entity"": ""seizure""}, {""entity"": ""seizure""}, {""entity"": ""she""}, {""entity"": ""daily""}] ","[{""entity"": ""prescribed""}, {""entity"": ""seizure""}, {""entity"": ""she""}, {""entity"": ""daily""}"
According to the story taken from her parents even though she had a normal development at infancy she barely graduated from elementary school and she's hardly literate.,"[{'id': '8107', 'offsets': array([17, 22]), 'role': '', 'semantic_type_id': '', 'text': 'story', 'type': 'EVENT'}
 {'id': '8126', 'offsets': array([75, 86]), 'role': '', 'semantic_type_id': '', 'text': 'development', 'type': 'EVENT'}
 {'id': '8141', 'offsets': array([109, 118]), 'role': '', 'semantic_type_id': '', 'text': 'graduated', 'type': 'EVENT'}
 {'id': '8156', 'offsets': array([159, 167]), 'role': '', 'semantic_type_id': '', 'text': 'literate', 'type': 'EVENT'}
 {'id': '9145', 'offsets': array([34, 45]), 'role': 'OTHER', 'semantic_type_id': '', 'text': 'her parents', 'type': 'ACTOR'}
 {'id': '9152', 'offsets': array([58, 61]), 'role': 'PATIENT', 'semantic_type_id': '', 'text': 'she', 'type': 'ACTOR'}
 {'id': '9159', 'offsets': array([ 98, 101]), 'role': 'PATIENT', 'semantic_type_id': '', 'text': 'she', 'type': 'ACTOR'}
 {'id': '9166', 'offsets': array([146, 151]), 'role': 'PATIENT', 'semantic_type_id': '', 'text': ""she's"", 'type': 'ACTOR'}]","A 21 year old female patient with the diagnosis of SWS suffering from headaches admitted to our clinic. She had a 2 year history of frequent non-pulsating headaches. Her headache was relieving with non-steroidal anti-inflammatory drugs and was not worsening with physical activity. There was no nausea or aura like symptoms accompanying the headache. Headaches were lasting for hours. The pain was bilateral, generalized and pressing in quality. The family history for headache was negative. She had a history of seizures occurring in the fifteenth day of life described as attacks of tonic clonic contractions and that's when she was diagnosed with SWS. At the age of 6 she had a history of callosotomy to control her seizures. At the age of 18 during a laser treatment done in order to get rid of her port wine birthmark she had her first seizure since callosotomy. After that she was prescribed carbamazepine 400 mg at daily dose and never had a seizure since then. According to the story taken from her parents even though she had a normal development at infancy she barely graduated from elementary school and she's hardly literate. There was nothing significant on her family history except for her elder sister's port wine stain on her face. The elder sister had no feature of SWS and no researches were done regarding her stain. She was inscribed daily doses of ketiapin 25 mg for anxiety disorder and venlafaxine 75 mg for both anxiety disorder and the chronic headaches. She was also inscribed NSAID drugs. After the first week of this treatment her headaches were slightly decreased by heaviness but the frequency was the same. At her physical examination a facial nevus -occurred due to choroid angioma-on the right forehead, right eyelid, nasal wing and the cheek was observed. Intra oral examination showed a right sided overgrowth of gingiva. Gingival overgrowth was bright red in color and showed blanching on applying pressure suggesting angiomatous enlargement. On her extremities a mild asymmetry was visible. Her left arm and leg was slightly smaller in portions and showed hemiparesis both in the upper and lower extremities of the same size. On her ophthalmological evaluation she was diagnosed with glaucoma of the right eye. On her psychiatric examination she showed signs of anxiety disorder. Her neurological examination was not remarkable except for her hemiparesis. Cranial CT scans showed diffuse atrophy in the right hemisphere and irregular double-contoured gyriform cortical calcifications in the right occipital area. Gadolinium enhanced brain MRI revealed multiple dilated pial venous vascular structures on right hemisphere also with the diffuse atrophy on the same side. Axial T1 weighted cranial MRI shows right calvarial thickness compared to the left and right hemisphere is asymmetrically smaller than the left. In addition to that, T2 weighted MRI shows extensive venous formations around corpus of right lateral ventricle and at Gallen vein localization and widespread vascular formations are seen at perivascular space, anterior to third ventricle at Willis polygon localization and at right temporooccipital area at quadrigeminal cistern localization. She was performed a proteus intelligence test in which she had 75 points and accepted as mildly mentally retarded. Proteus intelligence test in which she had 75 points and accepted as mildly mentally retarded.
",EN100129,"<|im_start|>user Extract the entities contained in the text. Extract only entities contained in the text.
Return the result in a json format: [{""entity"":""entity_name""}]. <<According to the story taken from her parents even though she had a normal development at infancy she barely graduated from elementary school and she's hardly literate.>>> <|im_end|><|im_start|>assistant[{""entity"": ""story""}, {""entity"": ""development""}, {""entity"": ""graduated""}, {""entity"": ""literate""}, {""entity"": ""her parents""}, {""entity"": ""she""}, {""entity"": ""she""}, {""entity"": ""she's""}] <|im_end|>","<|im_start|>user Extract the entities contained in the text. Extract only entities contained in the text.
Return the result in a json format: [{""entity"":""entity_name""}]. <<<We present a case of a 32-year-old woman with a history of gradual enlargement of the anterior neck.>>> <|im_end|><|im_start|>assistant [{""entity"": ""present""}, {""entity"": ""history""}, {""entity"": ""enlargement""}] <|im_end|>
<|im_start|>user Extract the entities contained in the text. Extract only entities contained in the text.
Return the result in a json format: [{""entity"":""entity_name""}]. <<<Patient information: a 9-month-old boy presented to the emergency room with a 3-day history of refusal to bear weight on the right lower extremity and febrile peaks of up to 38.5°C for 24 hours.>>> <|im_end|><|im_start|>assistant [{""entity"": ""presented""}, {""entity"": ""refusal""}, {""entity"": ""bear""}, {""entity"": ""peaks""}] <|im_end|>
<|im_start|>user Extract the entities contained in the text. Extract only entities contained in the text.
Return the result in a json format: [{""entity"":""entity_name""}]. <<According to the story taken from her parents even though she had a normal development at infancy she barely graduated from elementary school and she's hardly literate.>>> <|im_end|><|im_start|>assistant","[{""entity"": ""story""}, {""entity"": ""development""}, {""entity"": ""graduated""}, {""entity"": ""literate""}, {""entity"": ""her parents""}, {""entity"": ""she""}, {""entity"": ""she""}, {""entity"": ""she's""}] ","[{""entity"": ""story""}, {""entity"": ""taken""}, {""entity"": ""development""}, {""entity"": ""graduated""}, {""entity"
There was nothing significant on her family history except for her elder sister's port wine stain on her face.,"[{'id': '8173', 'offsets': array([44, 51]), 'role': '', 'semantic_type_id': '', 'text': 'history', 'type': 'EVENT'}
 {'id': '8188', 'offsets': array([92, 97]), 'role': '', 'semantic_type_id': '', 'text': 'stain', 'type': 'EVENT'}
 {'id': '9595', 'offsets': array([82, 97]), 'role': '', 'semantic_type_id': 'C0235752', 'text': 'port wine stain', 'type': 'CLINENTITY'}
 {'id': '9290', 'offsets': array([101, 109]), 'role': '', 'semantic_type_id': '', 'text': 'her face', 'type': 'BODYPART'}
 {'id': '9173', 'offsets': array([63, 81]), 'role': 'OTHER', 'semantic_type_id': '', 'text': ""her elder sister's"", 'type': 'ACTOR'}]","A 21 year old female patient with the diagnosis of SWS suffering from headaches admitted to our clinic. She had a 2 year history of frequent non-pulsating headaches. Her headache was relieving with non-steroidal anti-inflammatory drugs and was not worsening with physical activity. There was no nausea or aura like symptoms accompanying the headache. Headaches were lasting for hours. The pain was bilateral, generalized and pressing in quality. The family history for headache was negative. She had a history of seizures occurring in the fifteenth day of life described as attacks of tonic clonic contractions and that's when she was diagnosed with SWS. At the age of 6 she had a history of callosotomy to control her seizures. At the age of 18 during a laser treatment done in order to get rid of her port wine birthmark she had her first seizure since callosotomy. After that she was prescribed carbamazepine 400 mg at daily dose and never had a seizure since then. According to the story taken from her parents even though she had a normal development at infancy she barely graduated from elementary school and she's hardly literate. There was nothing significant on her family history except for her elder sister's port wine stain on her face. The elder sister had no feature of SWS and no researches were done regarding her stain. She was inscribed daily doses of ketiapin 25 mg for anxiety disorder and venlafaxine 75 mg for both anxiety disorder and the chronic headaches. She was also inscribed NSAID drugs. After the first week of this treatment her headaches were slightly decreased by heaviness but the frequency was the same. At her physical examination a facial nevus -occurred due to choroid angioma-on the right forehead, right eyelid, nasal wing and the cheek was observed. Intra oral examination showed a right sided overgrowth of gingiva. Gingival overgrowth was bright red in color and showed blanching on applying pressure suggesting angiomatous enlargement. On her extremities a mild asymmetry was visible. Her left arm and leg was slightly smaller in portions and showed hemiparesis both in the upper and lower extremities of the same size. On her ophthalmological evaluation she was diagnosed with glaucoma of the right eye. On her psychiatric examination she showed signs of anxiety disorder. Her neurological examination was not remarkable except for her hemiparesis. Cranial CT scans showed diffuse atrophy in the right hemisphere and irregular double-contoured gyriform cortical calcifications in the right occipital area. Gadolinium enhanced brain MRI revealed multiple dilated pial venous vascular structures on right hemisphere also with the diffuse atrophy on the same side. Axial T1 weighted cranial MRI shows right calvarial thickness compared to the left and right hemisphere is asymmetrically smaller than the left. In addition to that, T2 weighted MRI shows extensive venous formations around corpus of right lateral ventricle and at Gallen vein localization and widespread vascular formations are seen at perivascular space, anterior to third ventricle at Willis polygon localization and at right temporooccipital area at quadrigeminal cistern localization. She was performed a proteus intelligence test in which she had 75 points and accepted as mildly mentally retarded. Proteus intelligence test in which she had 75 points and accepted as mildly mentally retarded.
",EN100129,"<|im_start|>user Extract the entities contained in the text. Extract only entities contained in the text.
Return the result in a json format: [{""entity"":""entity_name""}]. <<There was nothing significant on her family history except for her elder sister's port wine stain on her face.>>> <|im_end|><|im_start|>assistant[{""entity"": ""history""}, {""entity"": ""stain""}, {""entity"": ""port wine stain""}, {""entity"": ""her face""}, {""entity"": ""her elder sister's""}] <|im_end|>","<|im_start|>user Extract the entities contained in the text. Extract only entities contained in the text.
Return the result in a json format: [{""entity"":""entity_name""}]. <<<We present a case of a 32-year-old woman with a history of gradual enlargement of the anterior neck.>>> <|im_end|><|im_start|>assistant [{""entity"": ""present""}, {""entity"": ""history""}, {""entity"": ""enlargement""}] <|im_end|>
<|im_start|>user Extract the entities contained in the text. Extract only entities contained in the text.
Return the result in a json format: [{""entity"":""entity_name""}]. <<<Patient information: a 9-month-old boy presented to the emergency room with a 3-day history of refusal to bear weight on the right lower extremity and febrile peaks of up to 38.5°C for 24 hours.>>> <|im_end|><|im_start|>assistant [{""entity"": ""presented""}, {""entity"": ""refusal""}, {""entity"": ""bear""}, {""entity"": ""peaks""}] <|im_end|>
<|im_start|>user Extract the entities contained in the text. Extract only entities contained in the text.
Return the result in a json format: [{""entity"":""entity_name""}]. <<There was nothing significant on her family history except for her elder sister's port wine stain on her face.>>> <|im_end|><|im_start|>assistant","[{""entity"": ""history""}, {""entity"": ""stain""}, {""entity"": ""port wine stain""}, {""entity"": ""her face""}, {""entity"": ""her elder sister's""}] ","[{""entity"": ""history""}, {""entity"": ""stain""}, {""entity"": ""port wine stain""}, {""entity"": ""her sister"
The elder sister had no feature of SWS and no researches were done regarding her stain.,"[{'id': '8203', 'offsets': array([24, 31]), 'role': '', 'semantic_type_id': '', 'text': 'feature', 'type': 'EVENT'}
 {'id': '8218', 'offsets': array([46, 56]), 'role': '', 'semantic_type_id': '', 'text': 'researches', 'type': 'EVENT'}
 {'id': '8233', 'offsets': array([81, 86]), 'role': '', 'semantic_type_id': '', 'text': 'stain', 'type': 'EVENT'}
 {'id': '9596', 'offsets': array([35, 38]), 'role': '', 'semantic_type_id': 'C0038505', 'text': 'SWS', 'type': 'CLINENTITY'}
 {'id': '9180', 'offsets': array([ 0, 16]), 'role': 'OTHER', 'semantic_type_id': '', 'text': 'The elder sister', 'type': 'ACTOR'}]","A 21 year old female patient with the diagnosis of SWS suffering from headaches admitted to our clinic. She had a 2 year history of frequent non-pulsating headaches. Her headache was relieving with non-steroidal anti-inflammatory drugs and was not worsening with physical activity. There was no nausea or aura like symptoms accompanying the headache. Headaches were lasting for hours. The pain was bilateral, generalized and pressing in quality. The family history for headache was negative. She had a history of seizures occurring in the fifteenth day of life described as attacks of tonic clonic contractions and that's when she was diagnosed with SWS. At the age of 6 she had a history of callosotomy to control her seizures. At the age of 18 during a laser treatment done in order to get rid of her port wine birthmark she had her first seizure since callosotomy. After that she was prescribed carbamazepine 400 mg at daily dose and never had a seizure since then. According to the story taken from her parents even though she had a normal development at infancy she barely graduated from elementary school and she's hardly literate. There was nothing significant on her family history except for her elder sister's port wine stain on her face. The elder sister had no feature of SWS and no researches were done regarding her stain. She was inscribed daily doses of ketiapin 25 mg for anxiety disorder and venlafaxine 75 mg for both anxiety disorder and the chronic headaches. She was also inscribed NSAID drugs. After the first week of this treatment her headaches were slightly decreased by heaviness but the frequency was the same. At her physical examination a facial nevus -occurred due to choroid angioma-on the right forehead, right eyelid, nasal wing and the cheek was observed. Intra oral examination showed a right sided overgrowth of gingiva. Gingival overgrowth was bright red in color and showed blanching on applying pressure suggesting angiomatous enlargement. On her extremities a mild asymmetry was visible. Her left arm and leg was slightly smaller in portions and showed hemiparesis both in the upper and lower extremities of the same size. On her ophthalmological evaluation she was diagnosed with glaucoma of the right eye. On her psychiatric examination she showed signs of anxiety disorder. Her neurological examination was not remarkable except for her hemiparesis. Cranial CT scans showed diffuse atrophy in the right hemisphere and irregular double-contoured gyriform cortical calcifications in the right occipital area. Gadolinium enhanced brain MRI revealed multiple dilated pial venous vascular structures on right hemisphere also with the diffuse atrophy on the same side. Axial T1 weighted cranial MRI shows right calvarial thickness compared to the left and right hemisphere is asymmetrically smaller than the left. In addition to that, T2 weighted MRI shows extensive venous formations around corpus of right lateral ventricle and at Gallen vein localization and widespread vascular formations are seen at perivascular space, anterior to third ventricle at Willis polygon localization and at right temporooccipital area at quadrigeminal cistern localization. She was performed a proteus intelligence test in which she had 75 points and accepted as mildly mentally retarded. Proteus intelligence test in which she had 75 points and accepted as mildly mentally retarded.
",EN100129,"<|im_start|>user Extract the entities contained in the text. Extract only entities contained in the text.
Return the result in a json format: [{""entity"":""entity_name""}]. <<The elder sister had no feature of SWS and no researches were done regarding her stain.>>> <|im_end|><|im_start|>assistant[{""entity"": ""feature""}, {""entity"": ""researches""}, {""entity"": ""stain""}, {""entity"": ""SWS""}, {""entity"": ""The elder sister""}] <|im_end|>","<|im_start|>user Extract the entities contained in the text. Extract only entities contained in the text.
Return the result in a json format: [{""entity"":""entity_name""}]. <<<We present a case of a 32-year-old woman with a history of gradual enlargement of the anterior neck.>>> <|im_end|><|im_start|>assistant [{""entity"": ""present""}, {""entity"": ""history""}, {""entity"": ""enlargement""}] <|im_end|>
<|im_start|>user Extract the entities contained in the text. Extract only entities contained in the text.
Return the result in a json format: [{""entity"":""entity_name""}]. <<<Patient information: a 9-month-old boy presented to the emergency room with a 3-day history of refusal to bear weight on the right lower extremity and febrile peaks of up to 38.5°C for 24 hours.>>> <|im_end|><|im_start|>assistant [{""entity"": ""presented""}, {""entity"": ""refusal""}, {""entity"": ""bear""}, {""entity"": ""peaks""}] <|im_end|>
<|im_start|>user Extract the entities contained in the text. Extract only entities contained in the text.
Return the result in a json format: [{""entity"":""entity_name""}]. <<The elder sister had no feature of SWS and no researches were done regarding her stain.>>> <|im_end|><|im_start|>assistant","[{""entity"": ""feature""}, {""entity"": ""researches""}, {""entity"": ""stain""}, {""entity"": ""SWS""}, {""entity"": ""The elder sister""}] ","[{""entity"": ""SWS""}, {""entity"": ""researches""}, {""entity"": ""stain""}, {""entity"": ""The elder"
She was inscribed daily doses of ketiapin 25 mg for anxiety disorder and venlafaxine 75 mg for both anxiety disorder and the chronic headaches.,"[{'id': '8248', 'offsets': array([ 8, 17]), 'role': '', 'semantic_type_id': '', 'text': 'inscribed', 'type': 'EVENT'}
 {'id': '8263', 'offsets': array([60, 68]), 'role': '', 'semantic_type_id': '', 'text': 'disorder', 'type': 'EVENT'}
 {'id': '8278', 'offsets': array([108, 116]), 'role': '', 'semantic_type_id': '', 'text': 'disorder', 'type': 'EVENT'}
 {'id': '8293', 'offsets': array([133, 142]), 'role': '', 'semantic_type_id': '', 'text': 'headaches', 'type': 'EVENT'}
 {'id': '9597', 'offsets': array([52, 68]), 'role': '', 'semantic_type_id': 'C0003469', 'text': 'anxiety disorder', 'type': 'CLINENTITY'}
 {'id': '9598', 'offsets': array([100, 116]), 'role': '', 'semantic_type_id': 'C0003469', 'text': 'anxiety disorder', 'type': 'CLINENTITY'}
 {'id': '9599', 'offsets': array([125, 142]), 'role': '', 'semantic_type_id': 'C0151293', 'text': 'chronic headaches', 'type': 'CLINENTITY'}
 {'id': '9187', 'offsets': array([0, 3]), 'role': 'PATIENT', 'semantic_type_id': '', 'text': 'She', 'type': 'ACTOR'}
 {'id': '9272', 'offsets': array([18, 23]), 'role': '', 'semantic_type_id': '', 'text': 'daily', 'type': 'TIMEX3'}]","A 21 year old female patient with the diagnosis of SWS suffering from headaches admitted to our clinic. She had a 2 year history of frequent non-pulsating headaches. Her headache was relieving with non-steroidal anti-inflammatory drugs and was not worsening with physical activity. There was no nausea or aura like symptoms accompanying the headache. Headaches were lasting for hours. The pain was bilateral, generalized and pressing in quality. The family history for headache was negative. She had a history of seizures occurring in the fifteenth day of life described as attacks of tonic clonic contractions and that's when she was diagnosed with SWS. At the age of 6 she had a history of callosotomy to control her seizures. At the age of 18 during a laser treatment done in order to get rid of her port wine birthmark she had her first seizure since callosotomy. After that she was prescribed carbamazepine 400 mg at daily dose and never had a seizure since then. According to the story taken from her parents even though she had a normal development at infancy she barely graduated from elementary school and she's hardly literate. There was nothing significant on her family history except for her elder sister's port wine stain on her face. The elder sister had no feature of SWS and no researches were done regarding her stain. She was inscribed daily doses of ketiapin 25 mg for anxiety disorder and venlafaxine 75 mg for both anxiety disorder and the chronic headaches. She was also inscribed NSAID drugs. After the first week of this treatment her headaches were slightly decreased by heaviness but the frequency was the same. At her physical examination a facial nevus -occurred due to choroid angioma-on the right forehead, right eyelid, nasal wing and the cheek was observed. Intra oral examination showed a right sided overgrowth of gingiva. Gingival overgrowth was bright red in color and showed blanching on applying pressure suggesting angiomatous enlargement. On her extremities a mild asymmetry was visible. Her left arm and leg was slightly smaller in portions and showed hemiparesis both in the upper and lower extremities of the same size. On her ophthalmological evaluation she was diagnosed with glaucoma of the right eye. On her psychiatric examination she showed signs of anxiety disorder. Her neurological examination was not remarkable except for her hemiparesis. Cranial CT scans showed diffuse atrophy in the right hemisphere and irregular double-contoured gyriform cortical calcifications in the right occipital area. Gadolinium enhanced brain MRI revealed multiple dilated pial venous vascular structures on right hemisphere also with the diffuse atrophy on the same side. Axial T1 weighted cranial MRI shows right calvarial thickness compared to the left and right hemisphere is asymmetrically smaller than the left. In addition to that, T2 weighted MRI shows extensive venous formations around corpus of right lateral ventricle and at Gallen vein localization and widespread vascular formations are seen at perivascular space, anterior to third ventricle at Willis polygon localization and at right temporooccipital area at quadrigeminal cistern localization. She was performed a proteus intelligence test in which she had 75 points and accepted as mildly mentally retarded. Proteus intelligence test in which she had 75 points and accepted as mildly mentally retarded.
",EN100129,"<|im_start|>user Extract the entities contained in the text. Extract only entities contained in the text.
Return the result in a json format: [{""entity"":""entity_name""}]. <<She was inscribed daily doses of ketiapin 25 mg for anxiety disorder and venlafaxine 75 mg for both anxiety disorder and the chronic headaches.>>> <|im_end|><|im_start|>assistant[{""entity"": ""inscribed""}, {""entity"": ""disorder""}, {""entity"": ""disorder""}, {""entity"": ""headaches""}, {""entity"": ""anxiety disorder""}, {""entity"": ""anxiety disorder""}, {""entity"": ""chronic headaches""}, {""entity"": ""She""}, {""entity"": ""daily""}] <|im_end|>","<|im_start|>user Extract the entities contained in the text. Extract only entities contained in the text.
Return the result in a json format: [{""entity"":""entity_name""}]. <<<We present a case of a 32-year-old woman with a history of gradual enlargement of the anterior neck.>>> <|im_end|><|im_start|>assistant [{""entity"": ""present""}, {""entity"": ""history""}, {""entity"": ""enlargement""}] <|im_end|>
<|im_start|>user Extract the entities contained in the text. Extract only entities contained in the text.
Return the result in a json format: [{""entity"":""entity_name""}]. <<<Patient information: a 9-month-old boy presented to the emergency room with a 3-day history of refusal to bear weight on the right lower extremity and febrile peaks of up to 38.5°C for 24 hours.>>> <|im_end|><|im_start|>assistant [{""entity"": ""presented""}, {""entity"": ""refusal""}, {""entity"": ""bear""}, {""entity"": ""peaks""}] <|im_end|>
<|im_start|>user Extract the entities contained in the text. Extract only entities contained in the text.
Return the result in a json format: [{""entity"":""entity_name""}]. <<She was inscribed daily doses of ketiapin 25 mg for anxiety disorder and venlafaxine 75 mg for both anxiety disorder and the chronic headaches.>>> <|im_end|><|im_start|>assistant","[{""entity"": ""inscribed""}, {""entity"": ""disorder""}, {""entity"": ""disorder""}, {""entity"": ""headaches""}, {""entity"": ""anxiety disorder""}, {""entity"": ""anxiety disorder""}, {""entity"": ""chronic headaches""}, {""entity"": ""She""}, {""entity"": ""daily""}] ","[{""entity"": ""inscribed""}, {""entity"": ""disorder""}, {""entity"": ""headaches""}, {""entity"": ""anxiety"
She was also inscribed NSAID drugs.,"[{'id': '8308', 'offsets': array([13, 22]), 'role': '', 'semantic_type_id': '', 'text': 'inscribed', 'type': 'EVENT'}
 {'id': '9194', 'offsets': array([0, 3]), 'role': 'PATIENT', 'semantic_type_id': '', 'text': 'She', 'type': 'ACTOR'}]","A 21 year old female patient with the diagnosis of SWS suffering from headaches admitted to our clinic. She had a 2 year history of frequent non-pulsating headaches. Her headache was relieving with non-steroidal anti-inflammatory drugs and was not worsening with physical activity. There was no nausea or aura like symptoms accompanying the headache. Headaches were lasting for hours. The pain was bilateral, generalized and pressing in quality. The family history for headache was negative. She had a history of seizures occurring in the fifteenth day of life described as attacks of tonic clonic contractions and that's when she was diagnosed with SWS. At the age of 6 she had a history of callosotomy to control her seizures. At the age of 18 during a laser treatment done in order to get rid of her port wine birthmark she had her first seizure since callosotomy. After that she was prescribed carbamazepine 400 mg at daily dose and never had a seizure since then. According to the story taken from her parents even though she had a normal development at infancy she barely graduated from elementary school and she's hardly literate. There was nothing significant on her family history except for her elder sister's port wine stain on her face. The elder sister had no feature of SWS and no researches were done regarding her stain. She was inscribed daily doses of ketiapin 25 mg for anxiety disorder and venlafaxine 75 mg for both anxiety disorder and the chronic headaches. She was also inscribed NSAID drugs. After the first week of this treatment her headaches were slightly decreased by heaviness but the frequency was the same. At her physical examination a facial nevus -occurred due to choroid angioma-on the right forehead, right eyelid, nasal wing and the cheek was observed. Intra oral examination showed a right sided overgrowth of gingiva. Gingival overgrowth was bright red in color and showed blanching on applying pressure suggesting angiomatous enlargement. On her extremities a mild asymmetry was visible. Her left arm and leg was slightly smaller in portions and showed hemiparesis both in the upper and lower extremities of the same size. On her ophthalmological evaluation she was diagnosed with glaucoma of the right eye. On her psychiatric examination she showed signs of anxiety disorder. Her neurological examination was not remarkable except for her hemiparesis. Cranial CT scans showed diffuse atrophy in the right hemisphere and irregular double-contoured gyriform cortical calcifications in the right occipital area. Gadolinium enhanced brain MRI revealed multiple dilated pial venous vascular structures on right hemisphere also with the diffuse atrophy on the same side. Axial T1 weighted cranial MRI shows right calvarial thickness compared to the left and right hemisphere is asymmetrically smaller than the left. In addition to that, T2 weighted MRI shows extensive venous formations around corpus of right lateral ventricle and at Gallen vein localization and widespread vascular formations are seen at perivascular space, anterior to third ventricle at Willis polygon localization and at right temporooccipital area at quadrigeminal cistern localization. She was performed a proteus intelligence test in which she had 75 points and accepted as mildly mentally retarded. Proteus intelligence test in which she had 75 points and accepted as mildly mentally retarded.
",EN100129,"<|im_start|>user Extract the entities contained in the text. Extract only entities contained in the text.
Return the result in a json format: [{""entity"":""entity_name""}]. <<She was also inscribed NSAID drugs.>>> <|im_end|><|im_start|>assistant[{""entity"": ""inscribed""}, {""entity"": ""She""}] <|im_end|>","<|im_start|>user Extract the entities contained in the text. Extract only entities contained in the text.
Return the result in a json format: [{""entity"":""entity_name""}]. <<<We present a case of a 32-year-old woman with a history of gradual enlargement of the anterior neck.>>> <|im_end|><|im_start|>assistant [{""entity"": ""present""}, {""entity"": ""history""}, {""entity"": ""enlargement""}] <|im_end|>
<|im_start|>user Extract the entities contained in the text. Extract only entities contained in the text.
Return the result in a json format: [{""entity"":""entity_name""}]. <<<Patient information: a 9-month-old boy presented to the emergency room with a 3-day history of refusal to bear weight on the right lower extremity and febrile peaks of up to 38.5°C for 24 hours.>>> <|im_end|><|im_start|>assistant [{""entity"": ""presented""}, {""entity"": ""refusal""}, {""entity"": ""bear""}, {""entity"": ""peaks""}] <|im_end|>
<|im_start|>user Extract the entities contained in the text. Extract only entities contained in the text.
Return the result in a json format: [{""entity"":""entity_name""}]. <<She was also inscribed NSAID drugs.>>> <|im_end|><|im_start|>assistant","[{""entity"": ""inscribed""}, {""entity"": ""She""}] ","[{""entity"": ""inscribed""}, {""entity"": ""drugs""}, {""entity"": ""She""}] <|im_end|><|im_end|><|im_end|><|im_end|><|im_end|>"
After the first week of this treatment her headaches were slightly decreased by heaviness but the frequency was the same.,"[{'id': '8323', 'offsets': array([29, 38]), 'role': '', 'semantic_type_id': '', 'text': 'treatment', 'type': 'EVENT'}
 {'id': '8338', 'offsets': array([43, 52]), 'role': '', 'semantic_type_id': '', 'text': 'headaches', 'type': 'EVENT'}
 {'id': '8355', 'offsets': array([67, 76]), 'role': '', 'semantic_type_id': '', 'text': 'decreased', 'type': 'EVENT'}
 {'id': '8370', 'offsets': array([ 98, 107]), 'role': '', 'semantic_type_id': '', 'text': 'frequency', 'type': 'EVENT'}
 {'id': '8385', 'offsets': array([116, 120]), 'role': '', 'semantic_type_id': '', 'text': 'same', 'type': 'EVENT'}
 {'id': '9600', 'offsets': array([43, 52]), 'role': '', 'semantic_type_id': 'C0018681', 'text': 'headaches', 'type': 'CLINENTITY'}
 {'id': '9281', 'offsets': array([ 6, 20]), 'role': '', 'semantic_type_id': '', 'text': 'the first week', 'type': 'TIMEX3'}]","A 21 year old female patient with the diagnosis of SWS suffering from headaches admitted to our clinic. She had a 2 year history of frequent non-pulsating headaches. Her headache was relieving with non-steroidal anti-inflammatory drugs and was not worsening with physical activity. There was no nausea or aura like symptoms accompanying the headache. Headaches were lasting for hours. The pain was bilateral, generalized and pressing in quality. The family history for headache was negative. She had a history of seizures occurring in the fifteenth day of life described as attacks of tonic clonic contractions and that's when she was diagnosed with SWS. At the age of 6 she had a history of callosotomy to control her seizures. At the age of 18 during a laser treatment done in order to get rid of her port wine birthmark she had her first seizure since callosotomy. After that she was prescribed carbamazepine 400 mg at daily dose and never had a seizure since then. According to the story taken from her parents even though she had a normal development at infancy she barely graduated from elementary school and she's hardly literate. There was nothing significant on her family history except for her elder sister's port wine stain on her face. The elder sister had no feature of SWS and no researches were done regarding her stain. She was inscribed daily doses of ketiapin 25 mg for anxiety disorder and venlafaxine 75 mg for both anxiety disorder and the chronic headaches. She was also inscribed NSAID drugs. After the first week of this treatment her headaches were slightly decreased by heaviness but the frequency was the same. At her physical examination a facial nevus -occurred due to choroid angioma-on the right forehead, right eyelid, nasal wing and the cheek was observed. Intra oral examination showed a right sided overgrowth of gingiva. Gingival overgrowth was bright red in color and showed blanching on applying pressure suggesting angiomatous enlargement. On her extremities a mild asymmetry was visible. Her left arm and leg was slightly smaller in portions and showed hemiparesis both in the upper and lower extremities of the same size. On her ophthalmological evaluation she was diagnosed with glaucoma of the right eye. On her psychiatric examination she showed signs of anxiety disorder. Her neurological examination was not remarkable except for her hemiparesis. Cranial CT scans showed diffuse atrophy in the right hemisphere and irregular double-contoured gyriform cortical calcifications in the right occipital area. Gadolinium enhanced brain MRI revealed multiple dilated pial venous vascular structures on right hemisphere also with the diffuse atrophy on the same side. Axial T1 weighted cranial MRI shows right calvarial thickness compared to the left and right hemisphere is asymmetrically smaller than the left. In addition to that, T2 weighted MRI shows extensive venous formations around corpus of right lateral ventricle and at Gallen vein localization and widespread vascular formations are seen at perivascular space, anterior to third ventricle at Willis polygon localization and at right temporooccipital area at quadrigeminal cistern localization. She was performed a proteus intelligence test in which she had 75 points and accepted as mildly mentally retarded. Proteus intelligence test in which she had 75 points and accepted as mildly mentally retarded.
",EN100129,"<|im_start|>user Extract the entities contained in the text. Extract only entities contained in the text.
Return the result in a json format: [{""entity"":""entity_name""}]. <<After the first week of this treatment her headaches were slightly decreased by heaviness but the frequency was the same.>>> <|im_end|><|im_start|>assistant[{""entity"": ""treatment""}, {""entity"": ""headaches""}, {""entity"": ""decreased""}, {""entity"": ""frequency""}, {""entity"": ""same""}, {""entity"": ""headaches""}, {""entity"": ""the first week""}] <|im_end|>","<|im_start|>user Extract the entities contained in the text. Extract only entities contained in the text.
Return the result in a json format: [{""entity"":""entity_name""}]. <<<We present a case of a 32-year-old woman with a history of gradual enlargement of the anterior neck.>>> <|im_end|><|im_start|>assistant [{""entity"": ""present""}, {""entity"": ""history""}, {""entity"": ""enlargement""}] <|im_end|>
<|im_start|>user Extract the entities contained in the text. Extract only entities contained in the text.
Return the result in a json format: [{""entity"":""entity_name""}]. <<<Patient information: a 9-month-old boy presented to the emergency room with a 3-day history of refusal to bear weight on the right lower extremity and febrile peaks of up to 38.5°C for 24 hours.>>> <|im_end|><|im_start|>assistant [{""entity"": ""presented""}, {""entity"": ""refusal""}, {""entity"": ""bear""}, {""entity"": ""peaks""}] <|im_end|>
<|im_start|>user Extract the entities contained in the text. Extract only entities contained in the text.
Return the result in a json format: [{""entity"":""entity_name""}]. <<After the first week of this treatment her headaches were slightly decreased by heaviness but the frequency was the same.>>> <|im_end|><|im_start|>assistant","[{""entity"": ""treatment""}, {""entity"": ""headaches""}, {""entity"": ""decreased""}, {""entity"": ""frequency""}, {""entity"": ""same""}, {""entity"": ""headaches""}, {""entity"": ""the first week""}] ","[{""entity"": ""treatment""}, {""entity"": ""headaches""}, {""entity"": ""decreased""}, {""entity"": ""he"
"At her physical examination a facial nevus -occurred due to choroid angioma-on the right forehead, right eyelid, nasal wing and the cheek was observed.","[{'id': '8400', 'offsets': array([16, 27]), 'role': '', 'semantic_type_id': '', 'text': 'examination', 'type': 'EVENT'}
 {'id': '8415', 'offsets': array([37, 42]), 'role': '', 'semantic_type_id': '', 'text': 'nevus', 'type': 'EVENT'}
 {'id': '8430', 'offsets': array([68, 78]), 'role': '', 'semantic_type_id': '', 'text': 'angioma-on', 'type': 'EVENT'}
 {'id': '8445', 'offsets': array([142, 150]), 'role': '', 'semantic_type_id': '', 'text': 'observed', 'type': 'EVENT'}
 {'id': '9296', 'offsets': array([79, 97]), 'role': '', 'semantic_type_id': '', 'text': 'the right forehead', 'type': 'BODYPART'}
 {'id': '9302', 'offsets': array([ 99, 111]), 'role': '', 'semantic_type_id': '', 'text': 'right eyelid', 'type': 'BODYPART'}
 {'id': '9308', 'offsets': array([113, 123]), 'role': '', 'semantic_type_id': '', 'text': 'nasal wing', 'type': 'BODYPART'}
 {'id': '9314', 'offsets': array([128, 137]), 'role': '', 'semantic_type_id': '', 'text': 'the cheek', 'type': 'BODYPART'}]","A 21 year old female patient with the diagnosis of SWS suffering from headaches admitted to our clinic. She had a 2 year history of frequent non-pulsating headaches. Her headache was relieving with non-steroidal anti-inflammatory drugs and was not worsening with physical activity. There was no nausea or aura like symptoms accompanying the headache. Headaches were lasting for hours. The pain was bilateral, generalized and pressing in quality. The family history for headache was negative. She had a history of seizures occurring in the fifteenth day of life described as attacks of tonic clonic contractions and that's when she was diagnosed with SWS. At the age of 6 she had a history of callosotomy to control her seizures. At the age of 18 during a laser treatment done in order to get rid of her port wine birthmark she had her first seizure since callosotomy. After that she was prescribed carbamazepine 400 mg at daily dose and never had a seizure since then. According to the story taken from her parents even though she had a normal development at infancy she barely graduated from elementary school and she's hardly literate. There was nothing significant on her family history except for her elder sister's port wine stain on her face. The elder sister had no feature of SWS and no researches were done regarding her stain. She was inscribed daily doses of ketiapin 25 mg for anxiety disorder and venlafaxine 75 mg for both anxiety disorder and the chronic headaches. She was also inscribed NSAID drugs. After the first week of this treatment her headaches were slightly decreased by heaviness but the frequency was the same. At her physical examination a facial nevus -occurred due to choroid angioma-on the right forehead, right eyelid, nasal wing and the cheek was observed. Intra oral examination showed a right sided overgrowth of gingiva. Gingival overgrowth was bright red in color and showed blanching on applying pressure suggesting angiomatous enlargement. On her extremities a mild asymmetry was visible. Her left arm and leg was slightly smaller in portions and showed hemiparesis both in the upper and lower extremities of the same size. On her ophthalmological evaluation she was diagnosed with glaucoma of the right eye. On her psychiatric examination she showed signs of anxiety disorder. Her neurological examination was not remarkable except for her hemiparesis. Cranial CT scans showed diffuse atrophy in the right hemisphere and irregular double-contoured gyriform cortical calcifications in the right occipital area. Gadolinium enhanced brain MRI revealed multiple dilated pial venous vascular structures on right hemisphere also with the diffuse atrophy on the same side. Axial T1 weighted cranial MRI shows right calvarial thickness compared to the left and right hemisphere is asymmetrically smaller than the left. In addition to that, T2 weighted MRI shows extensive venous formations around corpus of right lateral ventricle and at Gallen vein localization and widespread vascular formations are seen at perivascular space, anterior to third ventricle at Willis polygon localization and at right temporooccipital area at quadrigeminal cistern localization. She was performed a proteus intelligence test in which she had 75 points and accepted as mildly mentally retarded. Proteus intelligence test in which she had 75 points and accepted as mildly mentally retarded.
",EN100129,"<|im_start|>user Extract the entities contained in the text. Extract only entities contained in the text.
Return the result in a json format: [{""entity"":""entity_name""}]. <<At her physical examination a facial nevus -occurred due to choroid angioma-on the right forehead, right eyelid, nasal wing and the cheek was observed.>>> <|im_end|><|im_start|>assistant[{""entity"": ""examination""}, {""entity"": ""nevus""}, {""entity"": ""angioma-on""}, {""entity"": ""observed""}, {""entity"": ""the right forehead""}, {""entity"": ""right eyelid""}, {""entity"": ""nasal wing""}, {""entity"": ""the cheek""}] <|im_end|>","<|im_start|>user Extract the entities contained in the text. Extract only entities contained in the text.
Return the result in a json format: [{""entity"":""entity_name""}]. <<<We present a case of a 32-year-old woman with a history of gradual enlargement of the anterior neck.>>> <|im_end|><|im_start|>assistant [{""entity"": ""present""}, {""entity"": ""history""}, {""entity"": ""enlargement""}] <|im_end|>
<|im_start|>user Extract the entities contained in the text. Extract only entities contained in the text.
Return the result in a json format: [{""entity"":""entity_name""}]. <<<Patient information: a 9-month-old boy presented to the emergency room with a 3-day history of refusal to bear weight on the right lower extremity and febrile peaks of up to 38.5°C for 24 hours.>>> <|im_end|><|im_start|>assistant [{""entity"": ""presented""}, {""entity"": ""refusal""}, {""entity"": ""bear""}, {""entity"": ""peaks""}] <|im_end|>
<|im_start|>user Extract the entities contained in the text. Extract only entities contained in the text.
Return the result in a json format: [{""entity"":""entity_name""}]. <<At her physical examination a facial nevus -occurred due to choroid angioma-on the right forehead, right eyelid, nasal wing and the cheek was observed.>>> <|im_end|><|im_start|>assistant","[{""entity"": ""examination""}, {""entity"": ""nevus""}, {""entity"": ""angioma-on""}, {""entity"": ""observed""}, {""entity"": ""the right forehead""}, {""entity"": ""right eyelid""}, {""entity"": ""nasal wing""}, {""entity"": ""the cheek""}] ","[{""entity"": ""examination""}, {""entity"": ""nevus""}, {""entity"": ""angioma""}, {""entity"": ""the"
Intra oral examination showed a right sided overgrowth of gingiva.,"[{'id': '8460', 'offsets': array([11, 22]), 'role': '', 'semantic_type_id': '', 'text': 'examination', 'type': 'EVENT'}
 {'id': '8475', 'offsets': array([23, 29]), 'role': '', 'semantic_type_id': '', 'text': 'showed', 'type': 'EVENT'}
 {'id': '8490', 'offsets': array([44, 54]), 'role': '', 'semantic_type_id': '', 'text': 'overgrowth', 'type': 'EVENT'}
 {'id': '9320', 'offsets': array([58, 65]), 'role': '', 'semantic_type_id': '', 'text': 'gingiva', 'type': 'BODYPART'}]","A 21 year old female patient with the diagnosis of SWS suffering from headaches admitted to our clinic. She had a 2 year history of frequent non-pulsating headaches. Her headache was relieving with non-steroidal anti-inflammatory drugs and was not worsening with physical activity. There was no nausea or aura like symptoms accompanying the headache. Headaches were lasting for hours. The pain was bilateral, generalized and pressing in quality. The family history for headache was negative. She had a history of seizures occurring in the fifteenth day of life described as attacks of tonic clonic contractions and that's when she was diagnosed with SWS. At the age of 6 she had a history of callosotomy to control her seizures. At the age of 18 during a laser treatment done in order to get rid of her port wine birthmark she had her first seizure since callosotomy. After that she was prescribed carbamazepine 400 mg at daily dose and never had a seizure since then. According to the story taken from her parents even though she had a normal development at infancy she barely graduated from elementary school and she's hardly literate. There was nothing significant on her family history except for her elder sister's port wine stain on her face. The elder sister had no feature of SWS and no researches were done regarding her stain. She was inscribed daily doses of ketiapin 25 mg for anxiety disorder and venlafaxine 75 mg for both anxiety disorder and the chronic headaches. She was also inscribed NSAID drugs. After the first week of this treatment her headaches were slightly decreased by heaviness but the frequency was the same. At her physical examination a facial nevus -occurred due to choroid angioma-on the right forehead, right eyelid, nasal wing and the cheek was observed. Intra oral examination showed a right sided overgrowth of gingiva. Gingival overgrowth was bright red in color and showed blanching on applying pressure suggesting angiomatous enlargement. On her extremities a mild asymmetry was visible. Her left arm and leg was slightly smaller in portions and showed hemiparesis both in the upper and lower extremities of the same size. On her ophthalmological evaluation she was diagnosed with glaucoma of the right eye. On her psychiatric examination she showed signs of anxiety disorder. Her neurological examination was not remarkable except for her hemiparesis. Cranial CT scans showed diffuse atrophy in the right hemisphere and irregular double-contoured gyriform cortical calcifications in the right occipital area. Gadolinium enhanced brain MRI revealed multiple dilated pial venous vascular structures on right hemisphere also with the diffuse atrophy on the same side. Axial T1 weighted cranial MRI shows right calvarial thickness compared to the left and right hemisphere is asymmetrically smaller than the left. In addition to that, T2 weighted MRI shows extensive venous formations around corpus of right lateral ventricle and at Gallen vein localization and widespread vascular formations are seen at perivascular space, anterior to third ventricle at Willis polygon localization and at right temporooccipital area at quadrigeminal cistern localization. She was performed a proteus intelligence test in which she had 75 points and accepted as mildly mentally retarded. Proteus intelligence test in which she had 75 points and accepted as mildly mentally retarded.
",EN100129,"<|im_start|>user Extract the entities contained in the text. Extract only entities contained in the text.
Return the result in a json format: [{""entity"":""entity_name""}]. <<Intra oral examination showed a right sided overgrowth of gingiva.>>> <|im_end|><|im_start|>assistant[{""entity"": ""examination""}, {""entity"": ""showed""}, {""entity"": ""overgrowth""}, {""entity"": ""gingiva""}] <|im_end|>","<|im_start|>user Extract the entities contained in the text. Extract only entities contained in the text.
Return the result in a json format: [{""entity"":""entity_name""}]. <<<We present a case of a 32-year-old woman with a history of gradual enlargement of the anterior neck.>>> <|im_end|><|im_start|>assistant [{""entity"": ""present""}, {""entity"": ""history""}, {""entity"": ""enlargement""}] <|im_end|>
<|im_start|>user Extract the entities contained in the text. Extract only entities contained in the text.
Return the result in a json format: [{""entity"":""entity_name""}]. <<<Patient information: a 9-month-old boy presented to the emergency room with a 3-day history of refusal to bear weight on the right lower extremity and febrile peaks of up to 38.5°C for 24 hours.>>> <|im_end|><|im_start|>assistant [{""entity"": ""presented""}, {""entity"": ""refusal""}, {""entity"": ""bear""}, {""entity"": ""peaks""}] <|im_end|>
<|im_start|>user Extract the entities contained in the text. Extract only entities contained in the text.
Return the result in a json format: [{""entity"":""entity_name""}]. <<Intra oral examination showed a right sided overgrowth of gingiva.>>> <|im_end|><|im_start|>assistant","[{""entity"": ""examination""}, {""entity"": ""showed""}, {""entity"": ""overgrowth""}, {""entity"": ""gingiva""}] ","[{""entity"": ""examination""}, {""entity"": ""showed""}, {""entity"": ""overgrowth""}, {""entity"": ""gingiva"
Her left arm and leg was slightly smaller in portions and showed hemiparesis both in the upper and lower extremities of the same size.,"[{'id': '8629', 'offsets': array([34, 41]), 'role': '', 'semantic_type_id': '', 'text': 'smaller', 'type': 'EVENT'}
 {'id': '8644', 'offsets': array([65, 76]), 'role': '', 'semantic_type_id': '', 'text': 'hemiparesis', 'type': 'EVENT'}
 {'id': '9601', 'offsets': array([65, 76]), 'role': '', 'semantic_type_id': 'C0018989', 'text': 'hemiparesis', 'type': 'CLINENTITY'}
 {'id': '9332', 'offsets': array([ 0, 12]), 'role': '', 'semantic_type_id': '', 'text': 'Her left arm', 'type': 'BODYPART'}
 {'id': '9338', 'offsets': array([17, 20]), 'role': '', 'semantic_type_id': '', 'text': 'leg', 'type': 'BODYPART'}
 {'id': '9344', 'offsets': array([ 85, 116]), 'role': '', 'semantic_type_id': '', 'text': 'the upper and lower extremities', 'type': 'BODYPART'}]","A 21 year old female patient with the diagnosis of SWS suffering from headaches admitted to our clinic. She had a 2 year history of frequent non-pulsating headaches. Her headache was relieving with non-steroidal anti-inflammatory drugs and was not worsening with physical activity. There was no nausea or aura like symptoms accompanying the headache. Headaches were lasting for hours. The pain was bilateral, generalized and pressing in quality. The family history for headache was negative. She had a history of seizures occurring in the fifteenth day of life described as attacks of tonic clonic contractions and that's when she was diagnosed with SWS. At the age of 6 she had a history of callosotomy to control her seizures. At the age of 18 during a laser treatment done in order to get rid of her port wine birthmark she had her first seizure since callosotomy. After that she was prescribed carbamazepine 400 mg at daily dose and never had a seizure since then. According to the story taken from her parents even though she had a normal development at infancy she barely graduated from elementary school and she's hardly literate. There was nothing significant on her family history except for her elder sister's port wine stain on her face. The elder sister had no feature of SWS and no researches were done regarding her stain. She was inscribed daily doses of ketiapin 25 mg for anxiety disorder and venlafaxine 75 mg for both anxiety disorder and the chronic headaches. She was also inscribed NSAID drugs. After the first week of this treatment her headaches were slightly decreased by heaviness but the frequency was the same. At her physical examination a facial nevus -occurred due to choroid angioma-on the right forehead, right eyelid, nasal wing and the cheek was observed. Intra oral examination showed a right sided overgrowth of gingiva. Gingival overgrowth was bright red in color and showed blanching on applying pressure suggesting angiomatous enlargement. On her extremities a mild asymmetry was visible. Her left arm and leg was slightly smaller in portions and showed hemiparesis both in the upper and lower extremities of the same size. On her ophthalmological evaluation she was diagnosed with glaucoma of the right eye. On her psychiatric examination she showed signs of anxiety disorder. Her neurological examination was not remarkable except for her hemiparesis. Cranial CT scans showed diffuse atrophy in the right hemisphere and irregular double-contoured gyriform cortical calcifications in the right occipital area. Gadolinium enhanced brain MRI revealed multiple dilated pial venous vascular structures on right hemisphere also with the diffuse atrophy on the same side. Axial T1 weighted cranial MRI shows right calvarial thickness compared to the left and right hemisphere is asymmetrically smaller than the left. In addition to that, T2 weighted MRI shows extensive venous formations around corpus of right lateral ventricle and at Gallen vein localization and widespread vascular formations are seen at perivascular space, anterior to third ventricle at Willis polygon localization and at right temporooccipital area at quadrigeminal cistern localization. She was performed a proteus intelligence test in which she had 75 points and accepted as mildly mentally retarded. Proteus intelligence test in which she had 75 points and accepted as mildly mentally retarded.
",EN100129,"<|im_start|>user Extract the entities contained in the text. Extract only entities contained in the text.
Return the result in a json format: [{""entity"":""entity_name""}]. <<Her left arm and leg was slightly smaller in portions and showed hemiparesis both in the upper and lower extremities of the same size.>>> <|im_end|><|im_start|>assistant[{""entity"": ""smaller""}, {""entity"": ""hemiparesis""}, {""entity"": ""hemiparesis""}, {""entity"": ""Her left arm""}, {""entity"": ""leg""}, {""entity"": ""the upper and lower extremities""}] <|im_end|>","<|im_start|>user Extract the entities contained in the text. Extract only entities contained in the text.
Return the result in a json format: [{""entity"":""entity_name""}]. <<<We present a case of a 32-year-old woman with a history of gradual enlargement of the anterior neck.>>> <|im_end|><|im_start|>assistant [{""entity"": ""present""}, {""entity"": ""history""}, {""entity"": ""enlargement""}] <|im_end|>
<|im_start|>user Extract the entities contained in the text. Extract only entities contained in the text.
Return the result in a json format: [{""entity"":""entity_name""}]. <<<Patient information: a 9-month-old boy presented to the emergency room with a 3-day history of refusal to bear weight on the right lower extremity and febrile peaks of up to 38.5°C for 24 hours.>>> <|im_end|><|im_start|>assistant [{""entity"": ""presented""}, {""entity"": ""refusal""}, {""entity"": ""bear""}, {""entity"": ""peaks""}] <|im_end|>
<|im_start|>user Extract the entities contained in the text. Extract only entities contained in the text.
Return the result in a json format: [{""entity"":""entity_name""}]. <<Her left arm and leg was slightly smaller in portions and showed hemiparesis both in the upper and lower extremities of the same size.>>> <|im_end|><|im_start|>assistant","[{""entity"": ""smaller""}, {""entity"": ""hemiparesis""}, {""entity"": ""hemiparesis""}, {""entity"": ""Her left arm""}, {""entity"": ""leg""}, {""entity"": ""the upper and lower extremities""}] ","[{""entity"": ""showed""}, {""entity"": ""hemiparesis""}, {""entity"": ""upper extremities""}, {""entity"":"
On her ophthalmological evaluation she was diagnosed with glaucoma of the right eye.,"[{'id': '8659', 'offsets': array([24, 34]), 'role': '', 'semantic_type_id': '', 'text': 'evaluation', 'type': 'EVENT'}
 {'id': '8674', 'offsets': array([43, 52]), 'role': '', 'semantic_type_id': '', 'text': 'diagnosed', 'type': 'EVENT'}
 {'id': '8689', 'offsets': array([58, 66]), 'role': '', 'semantic_type_id': '', 'text': 'glaucoma', 'type': 'EVENT'}
 {'id': '9602', 'offsets': array([58, 83]), 'role': '', 'semantic_type_id': 'C2012198', 'text': 'glaucoma of the right eye', 'type': 'CLINENTITY'}
 {'id': '9350', 'offsets': array([70, 83]), 'role': '', 'semantic_type_id': '', 'text': 'the right eye', 'type': 'BODYPART'}
 {'id': '9201', 'offsets': array([35, 38]), 'role': 'PATIENT', 'semantic_type_id': '', 'text': 'she', 'type': 'ACTOR'}]","A 21 year old female patient with the diagnosis of SWS suffering from headaches admitted to our clinic. She had a 2 year history of frequent non-pulsating headaches. Her headache was relieving with non-steroidal anti-inflammatory drugs and was not worsening with physical activity. There was no nausea or aura like symptoms accompanying the headache. Headaches were lasting for hours. The pain was bilateral, generalized and pressing in quality. The family history for headache was negative. She had a history of seizures occurring in the fifteenth day of life described as attacks of tonic clonic contractions and that's when she was diagnosed with SWS. At the age of 6 she had a history of callosotomy to control her seizures. At the age of 18 during a laser treatment done in order to get rid of her port wine birthmark she had her first seizure since callosotomy. After that she was prescribed carbamazepine 400 mg at daily dose and never had a seizure since then. According to the story taken from her parents even though she had a normal development at infancy she barely graduated from elementary school and she's hardly literate. There was nothing significant on her family history except for her elder sister's port wine stain on her face. The elder sister had no feature of SWS and no researches were done regarding her stain. She was inscribed daily doses of ketiapin 25 mg for anxiety disorder and venlafaxine 75 mg for both anxiety disorder and the chronic headaches. She was also inscribed NSAID drugs. After the first week of this treatment her headaches were slightly decreased by heaviness but the frequency was the same. At her physical examination a facial nevus -occurred due to choroid angioma-on the right forehead, right eyelid, nasal wing and the cheek was observed. Intra oral examination showed a right sided overgrowth of gingiva. Gingival overgrowth was bright red in color and showed blanching on applying pressure suggesting angiomatous enlargement. On her extremities a mild asymmetry was visible. Her left arm and leg was slightly smaller in portions and showed hemiparesis both in the upper and lower extremities of the same size. On her ophthalmological evaluation she was diagnosed with glaucoma of the right eye. On her psychiatric examination she showed signs of anxiety disorder. Her neurological examination was not remarkable except for her hemiparesis. Cranial CT scans showed diffuse atrophy in the right hemisphere and irregular double-contoured gyriform cortical calcifications in the right occipital area. Gadolinium enhanced brain MRI revealed multiple dilated pial venous vascular structures on right hemisphere also with the diffuse atrophy on the same side. Axial T1 weighted cranial MRI shows right calvarial thickness compared to the left and right hemisphere is asymmetrically smaller than the left. In addition to that, T2 weighted MRI shows extensive venous formations around corpus of right lateral ventricle and at Gallen vein localization and widespread vascular formations are seen at perivascular space, anterior to third ventricle at Willis polygon localization and at right temporooccipital area at quadrigeminal cistern localization. She was performed a proteus intelligence test in which she had 75 points and accepted as mildly mentally retarded. Proteus intelligence test in which she had 75 points and accepted as mildly mentally retarded.
",EN100129,"<|im_start|>user Extract the entities contained in the text. Extract only entities contained in the text.
Return the result in a json format: [{""entity"":""entity_name""}]. <<On her ophthalmological evaluation she was diagnosed with glaucoma of the right eye.>>> <|im_end|><|im_start|>assistant[{""entity"": ""evaluation""}, {""entity"": ""diagnosed""}, {""entity"": ""glaucoma""}, {""entity"": ""glaucoma of the right eye""}, {""entity"": ""the right eye""}, {""entity"": ""she""}] <|im_end|>","<|im_start|>user Extract the entities contained in the text. Extract only entities contained in the text.
Return the result in a json format: [{""entity"":""entity_name""}]. <<<We present a case of a 32-year-old woman with a history of gradual enlargement of the anterior neck.>>> <|im_end|><|im_start|>assistant [{""entity"": ""present""}, {""entity"": ""history""}, {""entity"": ""enlargement""}] <|im_end|>
<|im_start|>user Extract the entities contained in the text. Extract only entities contained in the text.
Return the result in a json format: [{""entity"":""entity_name""}]. <<<Patient information: a 9-month-old boy presented to the emergency room with a 3-day history of refusal to bear weight on the right lower extremity and febrile peaks of up to 38.5°C for 24 hours.>>> <|im_end|><|im_start|>assistant [{""entity"": ""presented""}, {""entity"": ""refusal""}, {""entity"": ""bear""}, {""entity"": ""peaks""}] <|im_end|>
<|im_start|>user Extract the entities contained in the text. Extract only entities contained in the text.
Return the result in a json format: [{""entity"":""entity_name""}]. <<On her ophthalmological evaluation she was diagnosed with glaucoma of the right eye.>>> <|im_end|><|im_start|>assistant","[{""entity"": ""evaluation""}, {""entity"": ""diagnosed""}, {""entity"": ""glaucoma""}, {""entity"": ""glaucoma of the right eye""}, {""entity"": ""the right eye""}, {""entity"": ""she""}] ","[{""entity"": ""evaluation""}, {""entity"": ""diagnosed""}, {""entity"": ""glaucoma""}, {""entity"": ""the"
On her psychiatric examination she showed signs of anxiety disorder.,"[{'id': '8704', 'offsets': array([19, 30]), 'role': '', 'semantic_type_id': '', 'text': 'examination', 'type': 'EVENT'}
 {'id': '8719', 'offsets': array([42, 47]), 'role': '', 'semantic_type_id': '', 'text': 'signs', 'type': 'EVENT'}
 {'id': '8734', 'offsets': array([59, 67]), 'role': '', 'semantic_type_id': '', 'text': 'disorder', 'type': 'EVENT'}
 {'id': '9603', 'offsets': array([51, 67]), 'role': '', 'semantic_type_id': 'C0003469', 'text': 'anxiety disorder', 'type': 'CLINENTITY'}
 {'id': '9208', 'offsets': array([31, 34]), 'role': 'PATIENT', 'semantic_type_id': '', 'text': 'she', 'type': 'ACTOR'}]","A 21 year old female patient with the diagnosis of SWS suffering from headaches admitted to our clinic. She had a 2 year history of frequent non-pulsating headaches. Her headache was relieving with non-steroidal anti-inflammatory drugs and was not worsening with physical activity. There was no nausea or aura like symptoms accompanying the headache. Headaches were lasting for hours. The pain was bilateral, generalized and pressing in quality. The family history for headache was negative. She had a history of seizures occurring in the fifteenth day of life described as attacks of tonic clonic contractions and that's when she was diagnosed with SWS. At the age of 6 she had a history of callosotomy to control her seizures. At the age of 18 during a laser treatment done in order to get rid of her port wine birthmark she had her first seizure since callosotomy. After that she was prescribed carbamazepine 400 mg at daily dose and never had a seizure since then. According to the story taken from her parents even though she had a normal development at infancy she barely graduated from elementary school and she's hardly literate. There was nothing significant on her family history except for her elder sister's port wine stain on her face. The elder sister had no feature of SWS and no researches were done regarding her stain. She was inscribed daily doses of ketiapin 25 mg for anxiety disorder and venlafaxine 75 mg for both anxiety disorder and the chronic headaches. She was also inscribed NSAID drugs. After the first week of this treatment her headaches were slightly decreased by heaviness but the frequency was the same. At her physical examination a facial nevus -occurred due to choroid angioma-on the right forehead, right eyelid, nasal wing and the cheek was observed. Intra oral examination showed a right sided overgrowth of gingiva. Gingival overgrowth was bright red in color and showed blanching on applying pressure suggesting angiomatous enlargement. On her extremities a mild asymmetry was visible. Her left arm and leg was slightly smaller in portions and showed hemiparesis both in the upper and lower extremities of the same size. On her ophthalmological evaluation she was diagnosed with glaucoma of the right eye. On her psychiatric examination she showed signs of anxiety disorder. Her neurological examination was not remarkable except for her hemiparesis. Cranial CT scans showed diffuse atrophy in the right hemisphere and irregular double-contoured gyriform cortical calcifications in the right occipital area. Gadolinium enhanced brain MRI revealed multiple dilated pial venous vascular structures on right hemisphere also with the diffuse atrophy on the same side. Axial T1 weighted cranial MRI shows right calvarial thickness compared to the left and right hemisphere is asymmetrically smaller than the left. In addition to that, T2 weighted MRI shows extensive venous formations around corpus of right lateral ventricle and at Gallen vein localization and widespread vascular formations are seen at perivascular space, anterior to third ventricle at Willis polygon localization and at right temporooccipital area at quadrigeminal cistern localization. She was performed a proteus intelligence test in which she had 75 points and accepted as mildly mentally retarded. Proteus intelligence test in which she had 75 points and accepted as mildly mentally retarded.
",EN100129,"<|im_start|>user Extract the entities contained in the text. Extract only entities contained in the text.
Return the result in a json format: [{""entity"":""entity_name""}]. <<On her psychiatric examination she showed signs of anxiety disorder.>>> <|im_end|><|im_start|>assistant[{""entity"": ""examination""}, {""entity"": ""signs""}, {""entity"": ""disorder""}, {""entity"": ""anxiety disorder""}, {""entity"": ""she""}] <|im_end|>","<|im_start|>user Extract the entities contained in the text. Extract only entities contained in the text.
Return the result in a json format: [{""entity"":""entity_name""}]. <<<We present a case of a 32-year-old woman with a history of gradual enlargement of the anterior neck.>>> <|im_end|><|im_start|>assistant [{""entity"": ""present""}, {""entity"": ""history""}, {""entity"": ""enlargement""}] <|im_end|>
<|im_start|>user Extract the entities contained in the text. Extract only entities contained in the text.
Return the result in a json format: [{""entity"":""entity_name""}]. <<<Patient information: a 9-month-old boy presented to the emergency room with a 3-day history of refusal to bear weight on the right lower extremity and febrile peaks of up to 38.5°C for 24 hours.>>> <|im_end|><|im_start|>assistant [{""entity"": ""presented""}, {""entity"": ""refusal""}, {""entity"": ""bear""}, {""entity"": ""peaks""}] <|im_end|>
<|im_start|>user Extract the entities contained in the text. Extract only entities contained in the text.
Return the result in a json format: [{""entity"":""entity_name""}]. <<On her psychiatric examination she showed signs of anxiety disorder.>>> <|im_end|><|im_start|>assistant","[{""entity"": ""examination""}, {""entity"": ""signs""}, {""entity"": ""disorder""}, {""entity"": ""anxiety disorder""}, {""entity"": ""she""}] ","[{""entity"": ""examination""}, {""entity"": ""showed""}, {""entity"": ""disorder""}, {""entity"": ""anxiety"
Cranial CT scans showed diffuse atrophy in the right hemisphere and irregular double-contoured gyriform cortical calcifications in the right occipital area.,"[{'id': '8779', 'offsets': array([11, 16]), 'role': '', 'semantic_type_id': '', 'text': 'scans', 'type': 'EVENT'}
 {'id': '8794', 'offsets': array([17, 23]), 'role': '', 'semantic_type_id': '', 'text': 'showed', 'type': 'EVENT'}
 {'id': '8809', 'offsets': array([32, 39]), 'role': '', 'semantic_type_id': '', 'text': 'atrophy', 'type': 'EVENT'}
 {'id': '8824', 'offsets': array([113, 127]), 'role': '', 'semantic_type_id': '', 'text': 'calcifications', 'type': 'EVENT'}
 {'id': '9356', 'offsets': array([43, 63]), 'role': '', 'semantic_type_id': '', 'text': 'the right hemisphere', 'type': 'BODYPART'}
 {'id': '9362', 'offsets': array([131, 155]), 'role': '', 'semantic_type_id': '', 'text': 'the right occipital area', 'type': 'BODYPART'}]","A 21 year old female patient with the diagnosis of SWS suffering from headaches admitted to our clinic. She had a 2 year history of frequent non-pulsating headaches. Her headache was relieving with non-steroidal anti-inflammatory drugs and was not worsening with physical activity. There was no nausea or aura like symptoms accompanying the headache. Headaches were lasting for hours. The pain was bilateral, generalized and pressing in quality. The family history for headache was negative. She had a history of seizures occurring in the fifteenth day of life described as attacks of tonic clonic contractions and that's when she was diagnosed with SWS. At the age of 6 she had a history of callosotomy to control her seizures. At the age of 18 during a laser treatment done in order to get rid of her port wine birthmark she had her first seizure since callosotomy. After that she was prescribed carbamazepine 400 mg at daily dose and never had a seizure since then. According to the story taken from her parents even though she had a normal development at infancy she barely graduated from elementary school and she's hardly literate. There was nothing significant on her family history except for her elder sister's port wine stain on her face. The elder sister had no feature of SWS and no researches were done regarding her stain. She was inscribed daily doses of ketiapin 25 mg for anxiety disorder and venlafaxine 75 mg for both anxiety disorder and the chronic headaches. She was also inscribed NSAID drugs. After the first week of this treatment her headaches were slightly decreased by heaviness but the frequency was the same. At her physical examination a facial nevus -occurred due to choroid angioma-on the right forehead, right eyelid, nasal wing and the cheek was observed. Intra oral examination showed a right sided overgrowth of gingiva. Gingival overgrowth was bright red in color and showed blanching on applying pressure suggesting angiomatous enlargement. On her extremities a mild asymmetry was visible. Her left arm and leg was slightly smaller in portions and showed hemiparesis both in the upper and lower extremities of the same size. On her ophthalmological evaluation she was diagnosed with glaucoma of the right eye. On her psychiatric examination she showed signs of anxiety disorder. Her neurological examination was not remarkable except for her hemiparesis. Cranial CT scans showed diffuse atrophy in the right hemisphere and irregular double-contoured gyriform cortical calcifications in the right occipital area. Gadolinium enhanced brain MRI revealed multiple dilated pial venous vascular structures on right hemisphere also with the diffuse atrophy on the same side. Axial T1 weighted cranial MRI shows right calvarial thickness compared to the left and right hemisphere is asymmetrically smaller than the left. In addition to that, T2 weighted MRI shows extensive venous formations around corpus of right lateral ventricle and at Gallen vein localization and widespread vascular formations are seen at perivascular space, anterior to third ventricle at Willis polygon localization and at right temporooccipital area at quadrigeminal cistern localization. She was performed a proteus intelligence test in which she had 75 points and accepted as mildly mentally retarded. Proteus intelligence test in which she had 75 points and accepted as mildly mentally retarded.
",EN100129,"<|im_start|>user Extract the entities contained in the text. Extract only entities contained in the text.
Return the result in a json format: [{""entity"":""entity_name""}]. <<Cranial CT scans showed diffuse atrophy in the right hemisphere and irregular double-contoured gyriform cortical calcifications in the right occipital area.>>> <|im_end|><|im_start|>assistant[{""entity"": ""scans""}, {""entity"": ""showed""}, {""entity"": ""atrophy""}, {""entity"": ""calcifications""}, {""entity"": ""the right hemisphere""}, {""entity"": ""the right occipital area""}] <|im_end|>","<|im_start|>user Extract the entities contained in the text. Extract only entities contained in the text.
Return the result in a json format: [{""entity"":""entity_name""}]. <<<We present a case of a 32-year-old woman with a history of gradual enlargement of the anterior neck.>>> <|im_end|><|im_start|>assistant [{""entity"": ""present""}, {""entity"": ""history""}, {""entity"": ""enlargement""}] <|im_end|>
<|im_start|>user Extract the entities contained in the text. Extract only entities contained in the text.
Return the result in a json format: [{""entity"":""entity_name""}]. <<<Patient information: a 9-month-old boy presented to the emergency room with a 3-day history of refusal to bear weight on the right lower extremity and febrile peaks of up to 38.5°C for 24 hours.>>> <|im_end|><|im_start|>assistant [{""entity"": ""presented""}, {""entity"": ""refusal""}, {""entity"": ""bear""}, {""entity"": ""peaks""}] <|im_end|>
<|im_start|>user Extract the entities contained in the text. Extract only entities contained in the text.
Return the result in a json format: [{""entity"":""entity_name""}]. <<Cranial CT scans showed diffuse atrophy in the right hemisphere and irregular double-contoured gyriform cortical calcifications in the right occipital area.>>> <|im_end|><|im_start|>assistant","[{""entity"": ""scans""}, {""entity"": ""showed""}, {""entity"": ""atrophy""}, {""entity"": ""calcifications""}, {""entity"": ""the right hemisphere""}, {""entity"": ""the right occipital area""}] ","[{""entity"": ""scans""}, {""entity"": ""showed""}, {""entity"": ""atrophy""}, {""entity"": ""calcifications"
Gadolinium enhanced brain MRI revealed multiple dilated pial venous vascular structures on right hemisphere also with the diffuse atrophy on the same side.,"[{'id': '8839', 'offsets': array([26, 29]), 'role': '', 'semantic_type_id': '', 'text': 'MRI', 'type': 'EVENT'}
 {'id': '8854', 'offsets': array([30, 38]), 'role': '', 'semantic_type_id': '', 'text': 'revealed', 'type': 'EVENT'}
 {'id': '8869', 'offsets': array([77, 87]), 'role': '', 'semantic_type_id': '', 'text': 'structures', 'type': 'EVENT'}
 {'id': '8884', 'offsets': array([130, 137]), 'role': '', 'semantic_type_id': '', 'text': 'atrophy', 'type': 'EVENT'}
 {'id': '9368', 'offsets': array([20, 25]), 'role': '', 'semantic_type_id': '', 'text': 'brain', 'type': 'BODYPART'}
 {'id': '9374', 'offsets': array([ 91, 107]), 'role': '', 'semantic_type_id': '', 'text': 'right hemisphere', 'type': 'BODYPART'}]","A 21 year old female patient with the diagnosis of SWS suffering from headaches admitted to our clinic. She had a 2 year history of frequent non-pulsating headaches. Her headache was relieving with non-steroidal anti-inflammatory drugs and was not worsening with physical activity. There was no nausea or aura like symptoms accompanying the headache. Headaches were lasting for hours. The pain was bilateral, generalized and pressing in quality. The family history for headache was negative. She had a history of seizures occurring in the fifteenth day of life described as attacks of tonic clonic contractions and that's when she was diagnosed with SWS. At the age of 6 she had a history of callosotomy to control her seizures. At the age of 18 during a laser treatment done in order to get rid of her port wine birthmark she had her first seizure since callosotomy. After that she was prescribed carbamazepine 400 mg at daily dose and never had a seizure since then. According to the story taken from her parents even though she had a normal development at infancy she barely graduated from elementary school and she's hardly literate. There was nothing significant on her family history except for her elder sister's port wine stain on her face. The elder sister had no feature of SWS and no researches were done regarding her stain. She was inscribed daily doses of ketiapin 25 mg for anxiety disorder and venlafaxine 75 mg for both anxiety disorder and the chronic headaches. She was also inscribed NSAID drugs. After the first week of this treatment her headaches were slightly decreased by heaviness but the frequency was the same. At her physical examination a facial nevus -occurred due to choroid angioma-on the right forehead, right eyelid, nasal wing and the cheek was observed. Intra oral examination showed a right sided overgrowth of gingiva. Gingival overgrowth was bright red in color and showed blanching on applying pressure suggesting angiomatous enlargement. On her extremities a mild asymmetry was visible. Her left arm and leg was slightly smaller in portions and showed hemiparesis both in the upper and lower extremities of the same size. On her ophthalmological evaluation she was diagnosed with glaucoma of the right eye. On her psychiatric examination she showed signs of anxiety disorder. Her neurological examination was not remarkable except for her hemiparesis. Cranial CT scans showed diffuse atrophy in the right hemisphere and irregular double-contoured gyriform cortical calcifications in the right occipital area. Gadolinium enhanced brain MRI revealed multiple dilated pial venous vascular structures on right hemisphere also with the diffuse atrophy on the same side. Axial T1 weighted cranial MRI shows right calvarial thickness compared to the left and right hemisphere is asymmetrically smaller than the left. In addition to that, T2 weighted MRI shows extensive venous formations around corpus of right lateral ventricle and at Gallen vein localization and widespread vascular formations are seen at perivascular space, anterior to third ventricle at Willis polygon localization and at right temporooccipital area at quadrigeminal cistern localization. She was performed a proteus intelligence test in which she had 75 points and accepted as mildly mentally retarded. Proteus intelligence test in which she had 75 points and accepted as mildly mentally retarded.
",EN100129,"<|im_start|>user Extract the entities contained in the text. Extract only entities contained in the text.
Return the result in a json format: [{""entity"":""entity_name""}]. <<Gadolinium enhanced brain MRI revealed multiple dilated pial venous vascular structures on right hemisphere also with the diffuse atrophy on the same side.>>> <|im_end|><|im_start|>assistant[{""entity"": ""MRI""}, {""entity"": ""revealed""}, {""entity"": ""structures""}, {""entity"": ""atrophy""}, {""entity"": ""brain""}, {""entity"": ""right hemisphere""}] <|im_end|>","<|im_start|>user Extract the entities contained in the text. Extract only entities contained in the text.
Return the result in a json format: [{""entity"":""entity_name""}]. <<<We present a case of a 32-year-old woman with a history of gradual enlargement of the anterior neck.>>> <|im_end|><|im_start|>assistant [{""entity"": ""present""}, {""entity"": ""history""}, {""entity"": ""enlargement""}] <|im_end|>
<|im_start|>user Extract the entities contained in the text. Extract only entities contained in the text.
Return the result in a json format: [{""entity"":""entity_name""}]. <<<Patient information: a 9-month-old boy presented to the emergency room with a 3-day history of refusal to bear weight on the right lower extremity and febrile peaks of up to 38.5°C for 24 hours.>>> <|im_end|><|im_start|>assistant [{""entity"": ""presented""}, {""entity"": ""refusal""}, {""entity"": ""bear""}, {""entity"": ""peaks""}] <|im_end|>
<|im_start|>user Extract the entities contained in the text. Extract only entities contained in the text.
Return the result in a json format: [{""entity"":""entity_name""}]. <<Gadolinium enhanced brain MRI revealed multiple dilated pial venous vascular structures on right hemisphere also with the diffuse atrophy on the same side.>>> <|im_end|><|im_start|>assistant","[{""entity"": ""MRI""}, {""entity"": ""revealed""}, {""entity"": ""structures""}, {""entity"": ""atrophy""}, {""entity"": ""brain""}, {""entity"": ""right hemisphere""}] ","[{""entity"": ""MRI""}, {""entity"": ""revealed""}, {""entity"": ""vascular structures""}, {""entity"": ""atrophy""},"
Axial T1 weighted cranial MRI shows right calvarial thickness compared to the left and right hemisphere is asymmetrically smaller than the left.,"[{'id': '8899', 'offsets': array([26, 29]), 'role': '', 'semantic_type_id': '', 'text': 'MRI', 'type': 'EVENT'}
 {'id': '8914', 'offsets': array([30, 35]), 'role': '', 'semantic_type_id': '', 'text': 'shows', 'type': 'EVENT'}
 {'id': '8929', 'offsets': array([52, 61]), 'role': '', 'semantic_type_id': '', 'text': 'thickness', 'type': 'EVENT'}
 {'id': '8944', 'offsets': array([122, 129]), 'role': '', 'semantic_type_id': '', 'text': 'smaller', 'type': 'EVENT'}
 {'id': '9380', 'offsets': array([ 74, 103]), 'role': '', 'semantic_type_id': '', 'text': 'the left and right hemisphere', 'type': 'BODYPART'}]","A 21 year old female patient with the diagnosis of SWS suffering from headaches admitted to our clinic. She had a 2 year history of frequent non-pulsating headaches. Her headache was relieving with non-steroidal anti-inflammatory drugs and was not worsening with physical activity. There was no nausea or aura like symptoms accompanying the headache. Headaches were lasting for hours. The pain was bilateral, generalized and pressing in quality. The family history for headache was negative. She had a history of seizures occurring in the fifteenth day of life described as attacks of tonic clonic contractions and that's when she was diagnosed with SWS. At the age of 6 she had a history of callosotomy to control her seizures. At the age of 18 during a laser treatment done in order to get rid of her port wine birthmark she had her first seizure since callosotomy. After that she was prescribed carbamazepine 400 mg at daily dose and never had a seizure since then. According to the story taken from her parents even though she had a normal development at infancy she barely graduated from elementary school and she's hardly literate. There was nothing significant on her family history except for her elder sister's port wine stain on her face. The elder sister had no feature of SWS and no researches were done regarding her stain. She was inscribed daily doses of ketiapin 25 mg for anxiety disorder and venlafaxine 75 mg for both anxiety disorder and the chronic headaches. She was also inscribed NSAID drugs. After the first week of this treatment her headaches were slightly decreased by heaviness but the frequency was the same. At her physical examination a facial nevus -occurred due to choroid angioma-on the right forehead, right eyelid, nasal wing and the cheek was observed. Intra oral examination showed a right sided overgrowth of gingiva. Gingival overgrowth was bright red in color and showed blanching on applying pressure suggesting angiomatous enlargement. On her extremities a mild asymmetry was visible. Her left arm and leg was slightly smaller in portions and showed hemiparesis both in the upper and lower extremities of the same size. On her ophthalmological evaluation she was diagnosed with glaucoma of the right eye. On her psychiatric examination she showed signs of anxiety disorder. Her neurological examination was not remarkable except for her hemiparesis. Cranial CT scans showed diffuse atrophy in the right hemisphere and irregular double-contoured gyriform cortical calcifications in the right occipital area. Gadolinium enhanced brain MRI revealed multiple dilated pial venous vascular structures on right hemisphere also with the diffuse atrophy on the same side. Axial T1 weighted cranial MRI shows right calvarial thickness compared to the left and right hemisphere is asymmetrically smaller than the left. In addition to that, T2 weighted MRI shows extensive venous formations around corpus of right lateral ventricle and at Gallen vein localization and widespread vascular formations are seen at perivascular space, anterior to third ventricle at Willis polygon localization and at right temporooccipital area at quadrigeminal cistern localization. She was performed a proteus intelligence test in which she had 75 points and accepted as mildly mentally retarded. Proteus intelligence test in which she had 75 points and accepted as mildly mentally retarded.
",EN100129,"<|im_start|>user Extract the entities contained in the text. Extract only entities contained in the text.
Return the result in a json format: [{""entity"":""entity_name""}]. <<Axial T1 weighted cranial MRI shows right calvarial thickness compared to the left and right hemisphere is asymmetrically smaller than the left.>>> <|im_end|><|im_start|>assistant[{""entity"": ""MRI""}, {""entity"": ""shows""}, {""entity"": ""thickness""}, {""entity"": ""smaller""}, {""entity"": ""the left and right hemisphere""}] <|im_end|>","<|im_start|>user Extract the entities contained in the text. Extract only entities contained in the text.
Return the result in a json format: [{""entity"":""entity_name""}]. <<<We present a case of a 32-year-old woman with a history of gradual enlargement of the anterior neck.>>> <|im_end|><|im_start|>assistant [{""entity"": ""present""}, {""entity"": ""history""}, {""entity"": ""enlargement""}] <|im_end|>
<|im_start|>user Extract the entities contained in the text. Extract only entities contained in the text.
Return the result in a json format: [{""entity"":""entity_name""}]. <<<Patient information: a 9-month-old boy presented to the emergency room with a 3-day history of refusal to bear weight on the right lower extremity and febrile peaks of up to 38.5°C for 24 hours.>>> <|im_end|><|im_start|>assistant [{""entity"": ""presented""}, {""entity"": ""refusal""}, {""entity"": ""bear""}, {""entity"": ""peaks""}] <|im_end|>
<|im_start|>user Extract the entities contained in the text. Extract only entities contained in the text.
Return the result in a json format: [{""entity"":""entity_name""}]. <<Axial T1 weighted cranial MRI shows right calvarial thickness compared to the left and right hemisphere is asymmetrically smaller than the left.>>> <|im_end|><|im_start|>assistant","[{""entity"": ""MRI""}, {""entity"": ""shows""}, {""entity"": ""thickness""}, {""entity"": ""smaller""}, {""entity"": ""the left and right hemisphere""}] ","[{""entity"": ""MRI""}, {""entity"": ""shows""}, {""entity"": ""thickness""}, {""entity"": ""asymmetrically smaller""},"
"In addition to that, T2 weighted MRI shows extensive venous formations around corpus of right lateral ventricle and at Gallen vein localization and widespread vascular formations are seen at perivascular space, anterior to third ventricle at Willis polygon localization and at right temporooccipital area at quadrigeminal cistern localization.","[{'id': '8959', 'offsets': array([33, 36]), 'role': '', 'semantic_type_id': '', 'text': 'MRI', 'type': 'EVENT'}
 {'id': '8974', 'offsets': array([37, 42]), 'role': '', 'semantic_type_id': '', 'text': 'shows', 'type': 'EVENT'}
 {'id': '8989', 'offsets': array([60, 70]), 'role': '', 'semantic_type_id': '', 'text': 'formations', 'type': 'EVENT'}
 {'id': '9004', 'offsets': array([168, 178]), 'role': '', 'semantic_type_id': '', 'text': 'formations', 'type': 'EVENT'}
 {'id': '9019', 'offsets': array([183, 187]), 'role': '', 'semantic_type_id': '', 'text': 'seen', 'type': 'EVENT'}
 {'id': '9386', 'offsets': array([ 78, 111]), 'role': '', 'semantic_type_id': '', 'text': 'corpus of right lateral ventricle', 'type': 'BODYPART'}
 {'id': '9392', 'offsets': array([119, 130]), 'role': '', 'semantic_type_id': '', 'text': 'Gallen vein', 'type': 'BODYPART'}
 {'id': '9398', 'offsets': array([191, 209]), 'role': '', 'semantic_type_id': '', 'text': 'perivascular space', 'type': 'BODYPART'}
 {'id': '9404', 'offsets': array([223, 238]), 'role': '', 'semantic_type_id': '', 'text': 'third ventricle', 'type': 'BODYPART'}
 {'id': '9410', 'offsets': array([242, 256]), 'role': '', 'semantic_type_id': '', 'text': 'Willis polygon', 'type': 'BODYPART'}
 {'id': '9416', 'offsets': array([277, 304]), 'role': '', 'semantic_type_id': '', 'text': 'right temporooccipital area', 'type': 'BODYPART'}
 {'id': '9422', 'offsets': array([308, 329]), 'role': '', 'semantic_type_id': '', 'text': 'quadrigeminal cistern', 'type': 'BODYPART'}]","A 21 year old female patient with the diagnosis of SWS suffering from headaches admitted to our clinic. She had a 2 year history of frequent non-pulsating headaches. Her headache was relieving with non-steroidal anti-inflammatory drugs and was not worsening with physical activity. There was no nausea or aura like symptoms accompanying the headache. Headaches were lasting for hours. The pain was bilateral, generalized and pressing in quality. The family history for headache was negative. She had a history of seizures occurring in the fifteenth day of life described as attacks of tonic clonic contractions and that's when she was diagnosed with SWS. At the age of 6 she had a history of callosotomy to control her seizures. At the age of 18 during a laser treatment done in order to get rid of her port wine birthmark she had her first seizure since callosotomy. After that she was prescribed carbamazepine 400 mg at daily dose and never had a seizure since then. According to the story taken from her parents even though she had a normal development at infancy she barely graduated from elementary school and she's hardly literate. There was nothing significant on her family history except for her elder sister's port wine stain on her face. The elder sister had no feature of SWS and no researches were done regarding her stain. She was inscribed daily doses of ketiapin 25 mg for anxiety disorder and venlafaxine 75 mg for both anxiety disorder and the chronic headaches. She was also inscribed NSAID drugs. After the first week of this treatment her headaches were slightly decreased by heaviness but the frequency was the same. At her physical examination a facial nevus -occurred due to choroid angioma-on the right forehead, right eyelid, nasal wing and the cheek was observed. Intra oral examination showed a right sided overgrowth of gingiva. Gingival overgrowth was bright red in color and showed blanching on applying pressure suggesting angiomatous enlargement. On her extremities a mild asymmetry was visible. Her left arm and leg was slightly smaller in portions and showed hemiparesis both in the upper and lower extremities of the same size. On her ophthalmological evaluation she was diagnosed with glaucoma of the right eye. On her psychiatric examination she showed signs of anxiety disorder. Her neurological examination was not remarkable except for her hemiparesis. Cranial CT scans showed diffuse atrophy in the right hemisphere and irregular double-contoured gyriform cortical calcifications in the right occipital area. Gadolinium enhanced brain MRI revealed multiple dilated pial venous vascular structures on right hemisphere also with the diffuse atrophy on the same side. Axial T1 weighted cranial MRI shows right calvarial thickness compared to the left and right hemisphere is asymmetrically smaller than the left. In addition to that, T2 weighted MRI shows extensive venous formations around corpus of right lateral ventricle and at Gallen vein localization and widespread vascular formations are seen at perivascular space, anterior to third ventricle at Willis polygon localization and at right temporooccipital area at quadrigeminal cistern localization. She was performed a proteus intelligence test in which she had 75 points and accepted as mildly mentally retarded. Proteus intelligence test in which she had 75 points and accepted as mildly mentally retarded.
",EN100129,"<|im_start|>user Extract the entities contained in the text. Extract only entities contained in the text.
Return the result in a json format: [{""entity"":""entity_name""}]. <<In addition to that, T2 weighted MRI shows extensive venous formations around corpus of right lateral ventricle and at Gallen vein localization and widespread vascular formations are seen at perivascular space, anterior to third ventricle at Willis polygon localization and at right temporooccipital area at quadrigeminal cistern localization.>>> <|im_end|><|im_start|>assistant[{""entity"": ""MRI""}, {""entity"": ""shows""}, {""entity"": ""formations""}, {""entity"": ""formations""}, {""entity"": ""seen""}, {""entity"": ""corpus of right lateral ventricle""}, {""entity"": ""Gallen vein""}, {""entity"": ""perivascular space""}, {""entity"": ""third ventricle""}, {""entity"": ""Willis polygon""}, {""entity"": ""right temporooccipital area""}, {""entity"": ""quadrigeminal cistern""}] <|im_end|>","<|im_start|>user Extract the entities contained in the text. Extract only entities contained in the text.
Return the result in a json format: [{""entity"":""entity_name""}]. <<<We present a case of a 32-year-old woman with a history of gradual enlargement of the anterior neck.>>> <|im_end|><|im_start|>assistant [{""entity"": ""present""}, {""entity"": ""history""}, {""entity"": ""enlargement""}] <|im_end|>
<|im_start|>user Extract the entities contained in the text. Extract only entities contained in the text.
Return the result in a json format: [{""entity"":""entity_name""}]. <<<Patient information: a 9-month-old boy presented to the emergency room with a 3-day history of refusal to bear weight on the right lower extremity and febrile peaks of up to 38.5°C for 24 hours.>>> <|im_end|><|im_start|>assistant [{""entity"": ""presented""}, {""entity"": ""refusal""}, {""entity"": ""bear""}, {""entity"": ""peaks""}] <|im_end|>
<|im_start|>user Extract the entities contained in the text. Extract only entities contained in the text.
Return the result in a json format: [{""entity"":""entity_name""}]. <<In addition to that, T2 weighted MRI shows extensive venous formations around corpus of right lateral ventricle and at Gallen vein localization and widespread vascular formations are seen at perivascular space, anterior to third ventricle at Willis polygon localization and at right temporooccipital area at quadrigeminal cistern localization.>>> <|im_end|><|im_start|>assistant","[{""entity"": ""MRI""}, {""entity"": ""shows""}, {""entity"": ""formations""}, {""entity"": ""formations""}, {""entity"": ""seen""}, {""entity"": ""corpus of right lateral ventricle""}, {""entity"": ""Gallen vein""}, {""entity"": ""perivascular space""}, {""entity"": ""third ventricle""}, {""entity"": ""Willis polygon""}, {""entity"": ""right temporooccipital area""}, {""entity"": ""quadrigeminal cistern""}] ","[{""entity"": ""MRI""}, {""entity"": ""shows""}, {""entity"": ""formations""}, {""entity"": ""seen""}, {""entity"
She was performed a proteus intelligence test in which she had 75 points and accepted as mildly mentally retarded.,"[{'id': '9034', 'offsets': array([41, 45]), 'role': '', 'semantic_type_id': '', 'text': 'test', 'type': 'EVENT'}
 {'id': '9049', 'offsets': array([105, 113]), 'role': '', 'semantic_type_id': '', 'text': 'retarded', 'type': 'EVENT'}
 {'id': '9605', 'offsets': array([ 89, 113]), 'role': '', 'semantic_type_id': 'C0026106', 'text': 'mildly mentally retarded', 'type': 'CLINENTITY'}
 {'id': '9215', 'offsets': array([0, 3]), 'role': 'PATIENT', 'semantic_type_id': '', 'text': 'She', 'type': 'ACTOR'}
 {'id': '9222', 'offsets': array([55, 58]), 'role': 'PATIENT', 'semantic_type_id': '', 'text': 'she', 'type': 'ACTOR'}
 {'id': '9434', 'offsets': array([63, 72]), 'role': '', 'semantic_type_id': '', 'text': '75 points', 'type': 'RML'}]","A 21 year old female patient with the diagnosis of SWS suffering from headaches admitted to our clinic. She had a 2 year history of frequent non-pulsating headaches. Her headache was relieving with non-steroidal anti-inflammatory drugs and was not worsening with physical activity. There was no nausea or aura like symptoms accompanying the headache. Headaches were lasting for hours. The pain was bilateral, generalized and pressing in quality. The family history for headache was negative. She had a history of seizures occurring in the fifteenth day of life described as attacks of tonic clonic contractions and that's when she was diagnosed with SWS. At the age of 6 she had a history of callosotomy to control her seizures. At the age of 18 during a laser treatment done in order to get rid of her port wine birthmark she had her first seizure since callosotomy. After that she was prescribed carbamazepine 400 mg at daily dose and never had a seizure since then. According to the story taken from her parents even though she had a normal development at infancy she barely graduated from elementary school and she's hardly literate. There was nothing significant on her family history except for her elder sister's port wine stain on her face. The elder sister had no feature of SWS and no researches were done regarding her stain. She was inscribed daily doses of ketiapin 25 mg for anxiety disorder and venlafaxine 75 mg for both anxiety disorder and the chronic headaches. She was also inscribed NSAID drugs. After the first week of this treatment her headaches were slightly decreased by heaviness but the frequency was the same. At her physical examination a facial nevus -occurred due to choroid angioma-on the right forehead, right eyelid, nasal wing and the cheek was observed. Intra oral examination showed a right sided overgrowth of gingiva. Gingival overgrowth was bright red in color and showed blanching on applying pressure suggesting angiomatous enlargement. On her extremities a mild asymmetry was visible. Her left arm and leg was slightly smaller in portions and showed hemiparesis both in the upper and lower extremities of the same size. On her ophthalmological evaluation she was diagnosed with glaucoma of the right eye. On her psychiatric examination she showed signs of anxiety disorder. Her neurological examination was not remarkable except for her hemiparesis. Cranial CT scans showed diffuse atrophy in the right hemisphere and irregular double-contoured gyriform cortical calcifications in the right occipital area. Gadolinium enhanced brain MRI revealed multiple dilated pial venous vascular structures on right hemisphere also with the diffuse atrophy on the same side. Axial T1 weighted cranial MRI shows right calvarial thickness compared to the left and right hemisphere is asymmetrically smaller than the left. In addition to that, T2 weighted MRI shows extensive venous formations around corpus of right lateral ventricle and at Gallen vein localization and widespread vascular formations are seen at perivascular space, anterior to third ventricle at Willis polygon localization and at right temporooccipital area at quadrigeminal cistern localization. She was performed a proteus intelligence test in which she had 75 points and accepted as mildly mentally retarded. Proteus intelligence test in which she had 75 points and accepted as mildly mentally retarded.
",EN100129,"<|im_start|>user Extract the entities contained in the text. Extract only entities contained in the text.
Return the result in a json format: [{""entity"":""entity_name""}]. <<She was performed a proteus intelligence test in which she had 75 points and accepted as mildly mentally retarded.>>> <|im_end|><|im_start|>assistant[{""entity"": ""test""}, {""entity"": ""retarded""}, {""entity"": ""mildly mentally retarded""}, {""entity"": ""She""}, {""entity"": ""she""}, {""entity"": ""75 points""}] <|im_end|>","<|im_start|>user Extract the entities contained in the text. Extract only entities contained in the text.
Return the result in a json format: [{""entity"":""entity_name""}]. <<<We present a case of a 32-year-old woman with a history of gradual enlargement of the anterior neck.>>> <|im_end|><|im_start|>assistant [{""entity"": ""present""}, {""entity"": ""history""}, {""entity"": ""enlargement""}] <|im_end|>
<|im_start|>user Extract the entities contained in the text. Extract only entities contained in the text.
Return the result in a json format: [{""entity"":""entity_name""}]. <<<Patient information: a 9-month-old boy presented to the emergency room with a 3-day history of refusal to bear weight on the right lower extremity and febrile peaks of up to 38.5°C for 24 hours.>>> <|im_end|><|im_start|>assistant [{""entity"": ""presented""}, {""entity"": ""refusal""}, {""entity"": ""bear""}, {""entity"": ""peaks""}] <|im_end|>
<|im_start|>user Extract the entities contained in the text. Extract only entities contained in the text.
Return the result in a json format: [{""entity"":""entity_name""}]. <<She was performed a proteus intelligence test in which she had 75 points and accepted as mildly mentally retarded.>>> <|im_end|><|im_start|>assistant","[{""entity"": ""test""}, {""entity"": ""retarded""}, {""entity"": ""mildly mentally retarded""}, {""entity"": ""She""}, {""entity"": ""she""}, {""entity"": ""75 points""}] ","[{""entity"": ""test""}, {""entity"": ""points""}, {""entity"": ""retarded""}, {""entity"": ""mildly mentally"
Proteus intelligence test in which she had 75 points and accepted as mildly mentally retarded.,"[{'id': '9066', 'offsets': array([21, 25]), 'role': '', 'semantic_type_id': '', 'text': 'test', 'type': 'EVENT'}
 {'id': '9081', 'offsets': array([85, 93]), 'role': '', 'semantic_type_id': '', 'text': 'retarded', 'type': 'EVENT'}
 {'id': '9606', 'offsets': array([69, 93]), 'role': '', 'semantic_type_id': 'C0026106', 'text': 'mildly mentally retarded', 'type': 'CLINENTITY'}
 {'id': '9229', 'offsets': array([35, 38]), 'role': 'PATIENT', 'semantic_type_id': '', 'text': 'she', 'type': 'ACTOR'}
 {'id': '9440', 'offsets': array([43, 52]), 'role': '', 'semantic_type_id': '', 'text': '75 points', 'type': 'RML'}]","A 21 year old female patient with the diagnosis of SWS suffering from headaches admitted to our clinic. She had a 2 year history of frequent non-pulsating headaches. Her headache was relieving with non-steroidal anti-inflammatory drugs and was not worsening with physical activity. There was no nausea or aura like symptoms accompanying the headache. Headaches were lasting for hours. The pain was bilateral, generalized and pressing in quality. The family history for headache was negative. She had a history of seizures occurring in the fifteenth day of life described as attacks of tonic clonic contractions and that's when she was diagnosed with SWS. At the age of 6 she had a history of callosotomy to control her seizures. At the age of 18 during a laser treatment done in order to get rid of her port wine birthmark she had her first seizure since callosotomy. After that she was prescribed carbamazepine 400 mg at daily dose and never had a seizure since then. According to the story taken from her parents even though she had a normal development at infancy she barely graduated from elementary school and she's hardly literate. There was nothing significant on her family history except for her elder sister's port wine stain on her face. The elder sister had no feature of SWS and no researches were done regarding her stain. She was inscribed daily doses of ketiapin 25 mg for anxiety disorder and venlafaxine 75 mg for both anxiety disorder and the chronic headaches. She was also inscribed NSAID drugs. After the first week of this treatment her headaches were slightly decreased by heaviness but the frequency was the same. At her physical examination a facial nevus -occurred due to choroid angioma-on the right forehead, right eyelid, nasal wing and the cheek was observed. Intra oral examination showed a right sided overgrowth of gingiva. Gingival overgrowth was bright red in color and showed blanching on applying pressure suggesting angiomatous enlargement. On her extremities a mild asymmetry was visible. Her left arm and leg was slightly smaller in portions and showed hemiparesis both in the upper and lower extremities of the same size. On her ophthalmological evaluation she was diagnosed with glaucoma of the right eye. On her psychiatric examination she showed signs of anxiety disorder. Her neurological examination was not remarkable except for her hemiparesis. Cranial CT scans showed diffuse atrophy in the right hemisphere and irregular double-contoured gyriform cortical calcifications in the right occipital area. Gadolinium enhanced brain MRI revealed multiple dilated pial venous vascular structures on right hemisphere also with the diffuse atrophy on the same side. Axial T1 weighted cranial MRI shows right calvarial thickness compared to the left and right hemisphere is asymmetrically smaller than the left. In addition to that, T2 weighted MRI shows extensive venous formations around corpus of right lateral ventricle and at Gallen vein localization and widespread vascular formations are seen at perivascular space, anterior to third ventricle at Willis polygon localization and at right temporooccipital area at quadrigeminal cistern localization. She was performed a proteus intelligence test in which she had 75 points and accepted as mildly mentally retarded. Proteus intelligence test in which she had 75 points and accepted as mildly mentally retarded.
",EN100129,"<|im_start|>user Extract the entities contained in the text. Extract only entities contained in the text.
Return the result in a json format: [{""entity"":""entity_name""}]. <<Proteus intelligence test in which she had 75 points and accepted as mildly mentally retarded.>>> <|im_end|><|im_start|>assistant[{""entity"": ""test""}, {""entity"": ""retarded""}, {""entity"": ""mildly mentally retarded""}, {""entity"": ""she""}, {""entity"": ""75 points""}] <|im_end|>","<|im_start|>user Extract the entities contained in the text. Extract only entities contained in the text.
Return the result in a json format: [{""entity"":""entity_name""}]. <<<We present a case of a 32-year-old woman with a history of gradual enlargement of the anterior neck.>>> <|im_end|><|im_start|>assistant [{""entity"": ""present""}, {""entity"": ""history""}, {""entity"": ""enlargement""}] <|im_end|>
<|im_start|>user Extract the entities contained in the text. Extract only entities contained in the text.
Return the result in a json format: [{""entity"":""entity_name""}]. <<<Patient information: a 9-month-old boy presented to the emergency room with a 3-day history of refusal to bear weight on the right lower extremity and febrile peaks of up to 38.5°C for 24 hours.>>> <|im_end|><|im_start|>assistant [{""entity"": ""presented""}, {""entity"": ""refusal""}, {""entity"": ""bear""}, {""entity"": ""peaks""}] <|im_end|>
<|im_start|>user Extract the entities contained in the text. Extract only entities contained in the text.
Return the result in a json format: [{""entity"":""entity_name""}]. <<Proteus intelligence test in which she had 75 points and accepted as mildly mentally retarded.>>> <|im_end|><|im_start|>assistant","[{""entity"": ""test""}, {""entity"": ""retarded""}, {""entity"": ""mildly mentally retarded""}, {""entity"": ""she""}, {""entity"": ""75 points""}] ","[{""entity"": ""test""}, {""entity"": ""points""}, {""entity"": ""retarded""}, {""entity"": ""she""}, {""entity"
"A 3 years old boy without any particular diseases history, admitted to the emergency room for a bipolar trauma with a left hemicorporal point of impact following a domestic accident.","[{'id': '3935', 'offsets': array([50, 57]), 'role': '', 'semantic_type_id': '', 'text': 'history', 'type': 'EVENT'}
 {'id': '3950', 'offsets': array([59, 67]), 'role': '', 'semantic_type_id': '', 'text': 'admitted', 'type': 'EVENT'}
 {'id': '3965', 'offsets': array([104, 110]), 'role': '', 'semantic_type_id': '', 'text': 'trauma', 'type': 'EVENT'}
 {'id': '4592', 'offsets': array([ 0, 17]), 'role': 'PATIENT', 'semantic_type_id': '', 'text': 'A 3 years old boy', 'type': 'ACTOR'}]","A 3 years old boy without any particular diseases history, admitted to the emergency room for a bipolar trauma with a left hemicorporal point of impact following a domestic accident. The delay to consult was 5 hours after the incident.
The clinical examination at admission had showed a deformed left superior member, painful on palpation with the presence of the humeral pulse and a right inferior member shortened and flexed, the thigh slightly in adduction, internal rotation with the member.
A radiological assessment was performed immediately; including a standard X-ray of the pelvis which showed a dislocated head of the right femur, completed secondarily by a CT Scan of the hip confirming the posterior type of the dislocation isolated from any fractures of the head of the femur.
The standard radiography of the left shoulder showed a Salter I epiphyseal separation of the humerus.
After one hour, we performed an orthopedic reduction of the dislocated hip monitored under scope, with placement of a pelvic splint for an analgesic aim to be kept during three weeks. The radiological results were satisfactory with a restored bilateral symmetry of the articular anatomy. The Salter I detachment of the humerus was orthopedically reduced then immobilized by a thoracoabdominal plaster be kept during a month.
The child has been discharged the next day. Revised after a month, showed a stable left hip on the clinical examination.
In the decline of 2 years, we haven't noticed any recidivism and the functional results were good; On the radiography we do not have any signs of avascular necrosis no changes of the head of femur, of the acetabulum or the joint space.
",EN100315,"<|im_start|>user Extract the entities contained in the text. Extract only entities contained in the text.
Return the result in a json format: [{""entity"":""entity_name""}]. <<A 3 years old boy without any particular diseases history, admitted to the emergency room for a bipolar trauma with a left hemicorporal point of impact following a domestic accident.>>> <|im_end|><|im_start|>assistant[{""entity"": ""history""}, {""entity"": ""admitted""}, {""entity"": ""trauma""}, {""entity"": ""A 3 years old boy""}] <|im_end|>","<|im_start|>user Extract the entities contained in the text. Extract only entities contained in the text.
Return the result in a json format: [{""entity"":""entity_name""}]. <<<We present a case of a 32-year-old woman with a history of gradual enlargement of the anterior neck.>>> <|im_end|><|im_start|>assistant [{""entity"": ""present""}, {""entity"": ""history""}, {""entity"": ""enlargement""}] <|im_end|>
<|im_start|>user Extract the entities contained in the text. Extract only entities contained in the text.
Return the result in a json format: [{""entity"":""entity_name""}]. <<<Patient information: a 9-month-old boy presented to the emergency room with a 3-day history of refusal to bear weight on the right lower extremity and febrile peaks of up to 38.5°C for 24 hours.>>> <|im_end|><|im_start|>assistant [{""entity"": ""presented""}, {""entity"": ""refusal""}, {""entity"": ""bear""}, {""entity"": ""peaks""}] <|im_end|>
<|im_start|>user Extract the entities contained in the text. Extract only entities contained in the text.
Return the result in a json format: [{""entity"":""entity_name""}]. <<A 3 years old boy without any particular diseases history, admitted to the emergency room for a bipolar trauma with a left hemicorporal point of impact following a domestic accident.>>> <|im_end|><|im_start|>assistant","[{""entity"": ""history""}, {""entity"": ""admitted""}, {""entity"": ""trauma""}, {""entity"": ""A 3 years old boy""}] ","[{""entity"": ""diseases""}, {""entity"": ""admitted""}, {""entity"": ""trauma""}, {""entity"": ""impact"
The delay to consult was 5 hours after the incident.,"[{'id': '3980', 'offsets': array([13, 20]), 'role': '', 'semantic_type_id': '', 'text': 'consult', 'type': 'EVENT'}
 {'id': '4606', 'offsets': array([25, 32]), 'role': '', 'semantic_type_id': '', 'text': '5 hours', 'type': 'TIMEX3'}]","A 3 years old boy without any particular diseases history, admitted to the emergency room for a bipolar trauma with a left hemicorporal point of impact following a domestic accident. The delay to consult was 5 hours after the incident.
The clinical examination at admission had showed a deformed left superior member, painful on palpation with the presence of the humeral pulse and a right inferior member shortened and flexed, the thigh slightly in adduction, internal rotation with the member.
A radiological assessment was performed immediately; including a standard X-ray of the pelvis which showed a dislocated head of the right femur, completed secondarily by a CT Scan of the hip confirming the posterior type of the dislocation isolated from any fractures of the head of the femur.
The standard radiography of the left shoulder showed a Salter I epiphyseal separation of the humerus.
After one hour, we performed an orthopedic reduction of the dislocated hip monitored under scope, with placement of a pelvic splint for an analgesic aim to be kept during three weeks. The radiological results were satisfactory with a restored bilateral symmetry of the articular anatomy. The Salter I detachment of the humerus was orthopedically reduced then immobilized by a thoracoabdominal plaster be kept during a month.
The child has been discharged the next day. Revised after a month, showed a stable left hip on the clinical examination.
In the decline of 2 years, we haven't noticed any recidivism and the functional results were good; On the radiography we do not have any signs of avascular necrosis no changes of the head of femur, of the acetabulum or the joint space.
",EN100315,"<|im_start|>user Extract the entities contained in the text. Extract only entities contained in the text.
Return the result in a json format: [{""entity"":""entity_name""}]. <<The delay to consult was 5 hours after the incident.>>> <|im_end|><|im_start|>assistant[{""entity"": ""consult""}, {""entity"": ""5 hours""}] <|im_end|>","<|im_start|>user Extract the entities contained in the text. Extract only entities contained in the text.
Return the result in a json format: [{""entity"":""entity_name""}]. <<<We present a case of a 32-year-old woman with a history of gradual enlargement of the anterior neck.>>> <|im_end|><|im_start|>assistant [{""entity"": ""present""}, {""entity"": ""history""}, {""entity"": ""enlargement""}] <|im_end|>
<|im_start|>user Extract the entities contained in the text. Extract only entities contained in the text.
Return the result in a json format: [{""entity"":""entity_name""}]. <<<Patient information: a 9-month-old boy presented to the emergency room with a 3-day history of refusal to bear weight on the right lower extremity and febrile peaks of up to 38.5°C for 24 hours.>>> <|im_end|><|im_start|>assistant [{""entity"": ""presented""}, {""entity"": ""refusal""}, {""entity"": ""bear""}, {""entity"": ""peaks""}] <|im_end|>
<|im_start|>user Extract the entities contained in the text. Extract only entities contained in the text.
Return the result in a json format: [{""entity"":""entity_name""}]. <<The delay to consult was 5 hours after the incident.>>> <|im_end|><|im_start|>assistant","[{""entity"": ""consult""}, {""entity"": ""5 hours""}] ","[{""entity"": ""consult""}, {""entity"": ""delay""}, {""entity"": ""incident""}, {""entity"": ""5 hours""}] "
"The clinical examination at admission had showed a deformed left superior member, painful on palpation with the presence of the humeral pulse and a right inferior member shortened and flexed, the thigh slightly in adduction, internal rotation with the member.","[{'id': '3995', 'offsets': array([13, 24]), 'role': '', 'semantic_type_id': '', 'text': 'examination', 'type': 'EVENT'}
 {'id': '4010', 'offsets': array([28, 37]), 'role': '', 'semantic_type_id': '', 'text': 'admission', 'type': 'EVENT'}
 {'id': '4025', 'offsets': array([42, 48]), 'role': '', 'semantic_type_id': '', 'text': 'showed', 'type': 'EVENT'}
 {'id': '4040', 'offsets': array([82, 89]), 'role': '', 'semantic_type_id': '', 'text': 'painful', 'type': 'EVENT'}
 {'id': '4055', 'offsets': array([112, 120]), 'role': '', 'semantic_type_id': '', 'text': 'presence', 'type': 'EVENT'}
 {'id': '4070', 'offsets': array([136, 141]), 'role': '', 'semantic_type_id': '', 'text': 'pulse', 'type': 'EVENT'}
 {'id': '4502', 'offsets': array([60, 80]), 'role': '', 'semantic_type_id': '', 'text': 'left superior member', 'type': 'BODYPART'}
 {'id': '4508', 'offsets': array([146, 169]), 'role': '', 'semantic_type_id': '', 'text': 'a right inferior member', 'type': 'BODYPART'}
 {'id': '4514', 'offsets': array([252, 258]), 'role': '', 'semantic_type_id': '', 'text': 'member', 'type': 'BODYPART'}]","A 3 years old boy without any particular diseases history, admitted to the emergency room for a bipolar trauma with a left hemicorporal point of impact following a domestic accident. The delay to consult was 5 hours after the incident.
The clinical examination at admission had showed a deformed left superior member, painful on palpation with the presence of the humeral pulse and a right inferior member shortened and flexed, the thigh slightly in adduction, internal rotation with the member.
A radiological assessment was performed immediately; including a standard X-ray of the pelvis which showed a dislocated head of the right femur, completed secondarily by a CT Scan of the hip confirming the posterior type of the dislocation isolated from any fractures of the head of the femur.
The standard radiography of the left shoulder showed a Salter I epiphyseal separation of the humerus.
After one hour, we performed an orthopedic reduction of the dislocated hip monitored under scope, with placement of a pelvic splint for an analgesic aim to be kept during three weeks. The radiological results were satisfactory with a restored bilateral symmetry of the articular anatomy. The Salter I detachment of the humerus was orthopedically reduced then immobilized by a thoracoabdominal plaster be kept during a month.
The child has been discharged the next day. Revised after a month, showed a stable left hip on the clinical examination.
In the decline of 2 years, we haven't noticed any recidivism and the functional results were good; On the radiography we do not have any signs of avascular necrosis no changes of the head of femur, of the acetabulum or the joint space.
",EN100315,"<|im_start|>user Extract the entities contained in the text. Extract only entities contained in the text.
Return the result in a json format: [{""entity"":""entity_name""}]. <<The clinical examination at admission had showed a deformed left superior member, painful on palpation with the presence of the humeral pulse and a right inferior member shortened and flexed, the thigh slightly in adduction, internal rotation with the member.>>> <|im_end|><|im_start|>assistant[{""entity"": ""examination""}, {""entity"": ""admission""}, {""entity"": ""showed""}, {""entity"": ""painful""}, {""entity"": ""presence""}, {""entity"": ""pulse""}, {""entity"": ""left superior member""}, {""entity"": ""a right inferior member""}, {""entity"": ""member""}] <|im_end|>","<|im_start|>user Extract the entities contained in the text. Extract only entities contained in the text.
Return the result in a json format: [{""entity"":""entity_name""}]. <<<We present a case of a 32-year-old woman with a history of gradual enlargement of the anterior neck.>>> <|im_end|><|im_start|>assistant [{""entity"": ""present""}, {""entity"": ""history""}, {""entity"": ""enlargement""}] <|im_end|>
<|im_start|>user Extract the entities contained in the text. Extract only entities contained in the text.
Return the result in a json format: [{""entity"":""entity_name""}]. <<<Patient information: a 9-month-old boy presented to the emergency room with a 3-day history of refusal to bear weight on the right lower extremity and febrile peaks of up to 38.5°C for 24 hours.>>> <|im_end|><|im_start|>assistant [{""entity"": ""presented""}, {""entity"": ""refusal""}, {""entity"": ""bear""}, {""entity"": ""peaks""}] <|im_end|>
<|im_start|>user Extract the entities contained in the text. Extract only entities contained in the text.
Return the result in a json format: [{""entity"":""entity_name""}]. <<The clinical examination at admission had showed a deformed left superior member, painful on palpation with the presence of the humeral pulse and a right inferior member shortened and flexed, the thigh slightly in adduction, internal rotation with the member.>>> <|im_end|><|im_start|>assistant","[{""entity"": ""examination""}, {""entity"": ""admission""}, {""entity"": ""showed""}, {""entity"": ""painful""}, {""entity"": ""presence""}, {""entity"": ""pulse""}, {""entity"": ""left superior member""}, {""entity"": ""a right inferior member""}, {""entity"": ""member""}] ","[{""entity"": ""examination""}, {""entity"": ""showed""}, {""entity"": ""deformed""}, {""entity"": ""painful"
The standard radiography of the left shoulder showed a Salter I epiphyseal separation of the humerus.,"[{'id': '4160', 'offsets': array([13, 24]), 'role': '', 'semantic_type_id': '', 'text': 'radiography', 'type': 'EVENT'}
 {'id': '4175', 'offsets': array([46, 52]), 'role': '', 'semantic_type_id': '', 'text': 'showed', 'type': 'EVENT'}
 {'id': '4190', 'offsets': array([75, 85]), 'role': '', 'semantic_type_id': '', 'text': 'separation', 'type': 'EVENT'}
 {'id': '4481', 'offsets': array([ 55, 100]), 'role': '', 'semantic_type_id': '', 'text': 'Salter I epiphyseal separation of the humerus', 'type': 'CLINENTITY'}
 {'id': '4544', 'offsets': array([28, 45]), 'role': '', 'semantic_type_id': '', 'text': 'the left shoulder', 'type': 'BODYPART'}
 {'id': '4550', 'offsets': array([ 93, 100]), 'role': '', 'semantic_type_id': '', 'text': 'humerus', 'type': 'BODYPART'}]","A 3 years old boy without any particular diseases history, admitted to the emergency room for a bipolar trauma with a left hemicorporal point of impact following a domestic accident. The delay to consult was 5 hours after the incident.
The clinical examination at admission had showed a deformed left superior member, painful on palpation with the presence of the humeral pulse and a right inferior member shortened and flexed, the thigh slightly in adduction, internal rotation with the member.
A radiological assessment was performed immediately; including a standard X-ray of the pelvis which showed a dislocated head of the right femur, completed secondarily by a CT Scan of the hip confirming the posterior type of the dislocation isolated from any fractures of the head of the femur.
The standard radiography of the left shoulder showed a Salter I epiphyseal separation of the humerus.
After one hour, we performed an orthopedic reduction of the dislocated hip monitored under scope, with placement of a pelvic splint for an analgesic aim to be kept during three weeks. The radiological results were satisfactory with a restored bilateral symmetry of the articular anatomy. The Salter I detachment of the humerus was orthopedically reduced then immobilized by a thoracoabdominal plaster be kept during a month.
The child has been discharged the next day. Revised after a month, showed a stable left hip on the clinical examination.
In the decline of 2 years, we haven't noticed any recidivism and the functional results were good; On the radiography we do not have any signs of avascular necrosis no changes of the head of femur, of the acetabulum or the joint space.
",EN100315,"<|im_start|>user Extract the entities contained in the text. Extract only entities contained in the text.
Return the result in a json format: [{""entity"":""entity_name""}]. <<The standard radiography of the left shoulder showed a Salter I epiphyseal separation of the humerus.>>> <|im_end|><|im_start|>assistant[{""entity"": ""radiography""}, {""entity"": ""showed""}, {""entity"": ""separation""}, {""entity"": ""Salter I epiphyseal separation of the humerus""}, {""entity"": ""the left shoulder""}, {""entity"": ""humerus""}] <|im_end|>","<|im_start|>user Extract the entities contained in the text. Extract only entities contained in the text.
Return the result in a json format: [{""entity"":""entity_name""}]. <<<We present a case of a 32-year-old woman with a history of gradual enlargement of the anterior neck.>>> <|im_end|><|im_start|>assistant [{""entity"": ""present""}, {""entity"": ""history""}, {""entity"": ""enlargement""}] <|im_end|>
<|im_start|>user Extract the entities contained in the text. Extract only entities contained in the text.
Return the result in a json format: [{""entity"":""entity_name""}]. <<<Patient information: a 9-month-old boy presented to the emergency room with a 3-day history of refusal to bear weight on the right lower extremity and febrile peaks of up to 38.5°C for 24 hours.>>> <|im_end|><|im_start|>assistant [{""entity"": ""presented""}, {""entity"": ""refusal""}, {""entity"": ""bear""}, {""entity"": ""peaks""}] <|im_end|>
<|im_start|>user Extract the entities contained in the text. Extract only entities contained in the text.
Return the result in a json format: [{""entity"":""entity_name""}]. <<The standard radiography of the left shoulder showed a Salter I epiphyseal separation of the humerus.>>> <|im_end|><|im_start|>assistant","[{""entity"": ""radiography""}, {""entity"": ""showed""}, {""entity"": ""separation""}, {""entity"": ""Salter I epiphyseal separation of the humerus""}, {""entity"": ""the left shoulder""}, {""entity"": ""humerus""}] ","[{""entity"": ""radiography""}, {""entity"": ""showed""}, {""entity"": ""separation""}, {""entity"": ""epiphy"
"After one hour, we performed an orthopedic reduction of the dislocated hip monitored under scope, with placement of a pelvic splint for an analgesic aim to be kept during three weeks.","[{'id': '4205', 'offsets': array([43, 52]), 'role': '', 'semantic_type_id': '', 'text': 'reduction', 'type': 'EVENT'}
 {'id': '4220', 'offsets': array([103, 112]), 'role': '', 'semantic_type_id': '', 'text': 'placement', 'type': 'EVENT'}
 {'id': '4488', 'offsets': array([60, 74]), 'role': '', 'semantic_type_id': '', 'text': 'dislocated hip', 'type': 'CLINENTITY'}
 {'id': '4556', 'offsets': array([71, 74]), 'role': '', 'semantic_type_id': '', 'text': 'hip', 'type': 'BODYPART'}
 {'id': '4615', 'offsets': array([ 6, 14]), 'role': '', 'semantic_type_id': '', 'text': 'one hour', 'type': 'TIMEX3'}
 {'id': '4624', 'offsets': array([171, 182]), 'role': '', 'semantic_type_id': '', 'text': 'three weeks', 'type': 'TIMEX3'}]","A 3 years old boy without any particular diseases history, admitted to the emergency room for a bipolar trauma with a left hemicorporal point of impact following a domestic accident. The delay to consult was 5 hours after the incident.
The clinical examination at admission had showed a deformed left superior member, painful on palpation with the presence of the humeral pulse and a right inferior member shortened and flexed, the thigh slightly in adduction, internal rotation with the member.
A radiological assessment was performed immediately; including a standard X-ray of the pelvis which showed a dislocated head of the right femur, completed secondarily by a CT Scan of the hip confirming the posterior type of the dislocation isolated from any fractures of the head of the femur.
The standard radiography of the left shoulder showed a Salter I epiphyseal separation of the humerus.
After one hour, we performed an orthopedic reduction of the dislocated hip monitored under scope, with placement of a pelvic splint for an analgesic aim to be kept during three weeks. The radiological results were satisfactory with a restored bilateral symmetry of the articular anatomy. The Salter I detachment of the humerus was orthopedically reduced then immobilized by a thoracoabdominal plaster be kept during a month.
The child has been discharged the next day. Revised after a month, showed a stable left hip on the clinical examination.
In the decline of 2 years, we haven't noticed any recidivism and the functional results were good; On the radiography we do not have any signs of avascular necrosis no changes of the head of femur, of the acetabulum or the joint space.
",EN100315,"<|im_start|>user Extract the entities contained in the text. Extract only entities contained in the text.
Return the result in a json format: [{""entity"":""entity_name""}]. <<After one hour, we performed an orthopedic reduction of the dislocated hip monitored under scope, with placement of a pelvic splint for an analgesic aim to be kept during three weeks.>>> <|im_end|><|im_start|>assistant[{""entity"": ""reduction""}, {""entity"": ""placement""}, {""entity"": ""dislocated hip""}, {""entity"": ""hip""}, {""entity"": ""one hour""}, {""entity"": ""three weeks""}] <|im_end|>","<|im_start|>user Extract the entities contained in the text. Extract only entities contained in the text.
Return the result in a json format: [{""entity"":""entity_name""}]. <<<We present a case of a 32-year-old woman with a history of gradual enlargement of the anterior neck.>>> <|im_end|><|im_start|>assistant [{""entity"": ""present""}, {""entity"": ""history""}, {""entity"": ""enlargement""}] <|im_end|>
<|im_start|>user Extract the entities contained in the text. Extract only entities contained in the text.
Return the result in a json format: [{""entity"":""entity_name""}]. <<<Patient information: a 9-month-old boy presented to the emergency room with a 3-day history of refusal to bear weight on the right lower extremity and febrile peaks of up to 38.5°C for 24 hours.>>> <|im_end|><|im_start|>assistant [{""entity"": ""presented""}, {""entity"": ""refusal""}, {""entity"": ""bear""}, {""entity"": ""peaks""}] <|im_end|>
<|im_start|>user Extract the entities contained in the text. Extract only entities contained in the text.
Return the result in a json format: [{""entity"":""entity_name""}]. <<After one hour, we performed an orthopedic reduction of the dislocated hip monitored under scope, with placement of a pelvic splint for an analgesic aim to be kept during three weeks.>>> <|im_end|><|im_start|>assistant","[{""entity"": ""reduction""}, {""entity"": ""placement""}, {""entity"": ""dislocated hip""}, {""entity"": ""hip""}, {""entity"": ""one hour""}, {""entity"": ""three weeks""}] ","[{""entity"": ""reduction""}, {""entity"": ""dislocated hip""}, {""entity"": ""pelvic splint""}, {""entity"":"
The Salter I detachment of the humerus was orthopedically reduced then immobilized by a thoracoabdominal plaster be kept during a month.,"[{'id': '4280', 'offsets': array([13, 23]), 'role': '', 'semantic_type_id': '', 'text': 'detachment', 'type': 'EVENT'}
 {'id': '4295', 'offsets': array([58, 65]), 'role': '', 'semantic_type_id': '', 'text': 'reduced', 'type': 'EVENT'}
 {'id': '4310', 'offsets': array([71, 82]), 'role': '', 'semantic_type_id': '', 'text': 'immobilized', 'type': 'EVENT'}
 {'id': '4562', 'offsets': array([31, 38]), 'role': '', 'semantic_type_id': '', 'text': 'humerus', 'type': 'BODYPART'}
 {'id': '4633', 'offsets': array([128, 135]), 'role': '', 'semantic_type_id': '', 'text': 'a month', 'type': 'TIMEX3'}]","A 3 years old boy without any particular diseases history, admitted to the emergency room for a bipolar trauma with a left hemicorporal point of impact following a domestic accident. The delay to consult was 5 hours after the incident.
The clinical examination at admission had showed a deformed left superior member, painful on palpation with the presence of the humeral pulse and a right inferior member shortened and flexed, the thigh slightly in adduction, internal rotation with the member.
A radiological assessment was performed immediately; including a standard X-ray of the pelvis which showed a dislocated head of the right femur, completed secondarily by a CT Scan of the hip confirming the posterior type of the dislocation isolated from any fractures of the head of the femur.
The standard radiography of the left shoulder showed a Salter I epiphyseal separation of the humerus.
After one hour, we performed an orthopedic reduction of the dislocated hip monitored under scope, with placement of a pelvic splint for an analgesic aim to be kept during three weeks. The radiological results were satisfactory with a restored bilateral symmetry of the articular anatomy. The Salter I detachment of the humerus was orthopedically reduced then immobilized by a thoracoabdominal plaster be kept during a month.
The child has been discharged the next day. Revised after a month, showed a stable left hip on the clinical examination.
In the decline of 2 years, we haven't noticed any recidivism and the functional results were good; On the radiography we do not have any signs of avascular necrosis no changes of the head of femur, of the acetabulum or the joint space.
",EN100315,"<|im_start|>user Extract the entities contained in the text. Extract only entities contained in the text.
Return the result in a json format: [{""entity"":""entity_name""}]. <<The Salter I detachment of the humerus was orthopedically reduced then immobilized by a thoracoabdominal plaster be kept during a month.>>> <|im_end|><|im_start|>assistant[{""entity"": ""detachment""}, {""entity"": ""reduced""}, {""entity"": ""immobilized""}, {""entity"": ""humerus""}, {""entity"": ""a month""}] <|im_end|>","<|im_start|>user Extract the entities contained in the text. Extract only entities contained in the text.
Return the result in a json format: [{""entity"":""entity_name""}]. <<<We present a case of a 32-year-old woman with a history of gradual enlargement of the anterior neck.>>> <|im_end|><|im_start|>assistant [{""entity"": ""present""}, {""entity"": ""history""}, {""entity"": ""enlargement""}] <|im_end|>
<|im_start|>user Extract the entities contained in the text. Extract only entities contained in the text.
Return the result in a json format: [{""entity"":""entity_name""}]. <<<Patient information: a 9-month-old boy presented to the emergency room with a 3-day history of refusal to bear weight on the right lower extremity and febrile peaks of up to 38.5°C for 24 hours.>>> <|im_end|><|im_start|>assistant [{""entity"": ""presented""}, {""entity"": ""refusal""}, {""entity"": ""bear""}, {""entity"": ""peaks""}] <|im_end|>
<|im_start|>user Extract the entities contained in the text. Extract only entities contained in the text.
Return the result in a json format: [{""entity"":""entity_name""}]. <<The Salter I detachment of the humerus was orthopedically reduced then immobilized by a thoracoabdominal plaster be kept during a month.>>> <|im_end|><|im_start|>assistant","[{""entity"": ""detachment""}, {""entity"": ""reduced""}, {""entity"": ""immobilized""}, {""entity"": ""humerus""}, {""entity"": ""a month""}] ","[{""entity"": ""detachment""}, {""entity"": ""reduced""}, {""entity"": ""immobilized""}, {""entity"": ""kept"
"Revised after a month, showed a stable left hip on the clinical examination.","[{'id': '4340', 'offsets': array([0, 7]), 'role': '', 'semantic_type_id': '', 'text': 'Revised', 'type': 'EVENT'}
 {'id': '4355', 'offsets': array([23, 29]), 'role': '', 'semantic_type_id': '', 'text': 'showed', 'type': 'EVENT'}
 {'id': '4568', 'offsets': array([39, 47]), 'role': '', 'semantic_type_id': '', 'text': 'left hip', 'type': 'BODYPART'}
 {'id': '4651', 'offsets': array([14, 21]), 'role': '', 'semantic_type_id': '', 'text': 'a month', 'type': 'TIMEX3'}]","A 3 years old boy without any particular diseases history, admitted to the emergency room for a bipolar trauma with a left hemicorporal point of impact following a domestic accident. The delay to consult was 5 hours after the incident.
The clinical examination at admission had showed a deformed left superior member, painful on palpation with the presence of the humeral pulse and a right inferior member shortened and flexed, the thigh slightly in adduction, internal rotation with the member.
A radiological assessment was performed immediately; including a standard X-ray of the pelvis which showed a dislocated head of the right femur, completed secondarily by a CT Scan of the hip confirming the posterior type of the dislocation isolated from any fractures of the head of the femur.
The standard radiography of the left shoulder showed a Salter I epiphyseal separation of the humerus.
After one hour, we performed an orthopedic reduction of the dislocated hip monitored under scope, with placement of a pelvic splint for an analgesic aim to be kept during three weeks. The radiological results were satisfactory with a restored bilateral symmetry of the articular anatomy. The Salter I detachment of the humerus was orthopedically reduced then immobilized by a thoracoabdominal plaster be kept during a month.
The child has been discharged the next day. Revised after a month, showed a stable left hip on the clinical examination.
In the decline of 2 years, we haven't noticed any recidivism and the functional results were good; On the radiography we do not have any signs of avascular necrosis no changes of the head of femur, of the acetabulum or the joint space.
",EN100315,"<|im_start|>user Extract the entities contained in the text. Extract only entities contained in the text.
Return the result in a json format: [{""entity"":""entity_name""}]. <<Revised after a month, showed a stable left hip on the clinical examination.>>> <|im_end|><|im_start|>assistant[{""entity"": ""Revised""}, {""entity"": ""showed""}, {""entity"": ""left hip""}, {""entity"": ""a month""}] <|im_end|>","<|im_start|>user Extract the entities contained in the text. Extract only entities contained in the text.
Return the result in a json format: [{""entity"":""entity_name""}]. <<<We present a case of a 32-year-old woman with a history of gradual enlargement of the anterior neck.>>> <|im_end|><|im_start|>assistant [{""entity"": ""present""}, {""entity"": ""history""}, {""entity"": ""enlargement""}] <|im_end|>
<|im_start|>user Extract the entities contained in the text. Extract only entities contained in the text.
Return the result in a json format: [{""entity"":""entity_name""}]. <<<Patient information: a 9-month-old boy presented to the emergency room with a 3-day history of refusal to bear weight on the right lower extremity and febrile peaks of up to 38.5°C for 24 hours.>>> <|im_end|><|im_start|>assistant [{""entity"": ""presented""}, {""entity"": ""refusal""}, {""entity"": ""bear""}, {""entity"": ""peaks""}] <|im_end|>
<|im_start|>user Extract the entities contained in the text. Extract only entities contained in the text.
Return the result in a json format: [{""entity"":""entity_name""}]. <<Revised after a month, showed a stable left hip on the clinical examination.>>> <|im_end|><|im_start|>assistant","[{""entity"": ""Revised""}, {""entity"": ""showed""}, {""entity"": ""left hip""}, {""entity"": ""a month""}] ","[{""entity"": ""showed""}, {""entity"": ""examination""}, {""entity"": ""left hip""}, {""entity"": ""month""}"
"A 33-year-old woman came to Department of Fertility, Endocrinology and Reproduction at Saiful Anwar public Hospital and consulted that she has not menstruated since 5 years ago (28 years old).","[{'id': '6721', 'offsets': array([20, 24]), 'role': '', 'semantic_type_id': '', 'text': 'came', 'type': 'EVENT'}
 {'id': '6736', 'offsets': array([120, 129]), 'role': '', 'semantic_type_id': '', 'text': 'consulted', 'type': 'EVENT'}
 {'id': '6751', 'offsets': array([147, 158]), 'role': '', 'semantic_type_id': '', 'text': 'menstruated', 'type': 'EVENT'}
 {'id': '7636', 'offsets': array([143, 158]), 'role': '', 'semantic_type_id': 'C0497456', 'text': 'not menstruated', 'type': 'CLINENTITY'}
 {'id': '7747', 'offsets': array([ 0, 19]), 'role': 'PATIENT', 'semantic_type_id': '', 'text': 'A 33-year-old woman', 'type': 'ACTOR'}
 {'id': '7754', 'offsets': array([135, 138]), 'role': 'PATIENT', 'semantic_type_id': '', 'text': 'she', 'type': 'ACTOR'}
 {'id': '7828', 'offsets': array([165, 176]), 'role': '', 'semantic_type_id': '', 'text': '5 years ago', 'type': 'TIMEX3'}]","A 33-year-old woman came to Department of Fertility, Endocrinology and Reproduction at Saiful Anwar public Hospital and consulted that she has not menstruated since 5 years ago (28 years old). Her initial menarche was at the age of 14 years and it is in accordance with the normal growth of a child at her age. The patient had a regular menstrual period of 5-7 days, she replaced the pads for 2-3 times / day, and had no menstrual pain. The patient has a history of injective contraceptive that was done every once a month in 2010, and after the injection, she menstruated for two months and then it stopped. Based on clinical examination and a physical examination, the patient was diagnosed with secondary amenorrhea. Investigations that were used are ultrasonography, thorax X-ray and CT Scan Head. Ultrasonography and thorax X-Ray showed that patient is suspected to have right pleural effusion. CT-Scan examination showed that bilateral ethmoidal sinusitis and pituitary gland was within normal limits. The treatment plan in this patient is P test therapy with Prothyra 1x10 mg for 7 days, with control on 2 weeks after the use. P test showed a negative result, because after 14 days of progesterone consumption the prothyra is not bleeding. The treatment is followed by a E+P test (Estrogen+Progesterone) with Estrogen 1x0.625 mg for 21 days and an addition of Progesterone 1x10 mg on 12th -21st days, while the control was performed one week after the drug runs out. Based on the E+P test, the obtained results were FSH: 8.71 MIU/mL, LH: 3.1 IU/L, Prolactin: 319.4 ng/mL. The E+P test showed a negative result, so it was necessary to do hysteroscopy and curettage for the uterus evaluation. Hysteroscopy results showed that there were grade 4 adhesions in the uterine cavum, with a pale colored connective tissue in the uterine cavum, which refers to the diagnosis of secondary amenorrhea suspect tuberculosis endometritis, while the result of tissue curettage was examined on the Anatomical Pathology department. Results of anatomical pathology hysteroscopy showed endometrial tissue with stromal looks granulomas with lymphocytes, histiocytes, epithelioid and Langhans multinucleated giant cells and no malignancy was found in this preparation, which showed that patient's diagnosis is secondary amenorrhea suspected tuberculosis endometritis. Based on the Anatomical Pathology hysteroscopy result, treatment was done by using anti-tuberculosis drug category I (FDC 1X3 tab) for 6 months. Anatomical pathology result through macroscopic observation showed visible network of approximately 0.3 cm and 0.4 cm in diameter with a grayish-white color, while the microscopic observations showed fibromuscular tissue at high cylindrical epithelium with polyps shaped vacuolar, and inflammatory granulomatic and aplastic cells were not found.
",EN100275,"<|im_start|>user Extract the entities contained in the text. Extract only entities contained in the text.
Return the result in a json format: [{""entity"":""entity_name""}]. <<A 33-year-old woman came to Department of Fertility, Endocrinology and Reproduction at Saiful Anwar public Hospital and consulted that she has not menstruated since 5 years ago (28 years old).>>> <|im_end|><|im_start|>assistant[{""entity"": ""came""}, {""entity"": ""consulted""}, {""entity"": ""menstruated""}, {""entity"": ""not menstruated""}, {""entity"": ""A 33-year-old woman""}, {""entity"": ""she""}, {""entity"": ""5 years ago""}] <|im_end|>","<|im_start|>user Extract the entities contained in the text. Extract only entities contained in the text.
Return the result in a json format: [{""entity"":""entity_name""}]. <<<We present a case of a 32-year-old woman with a history of gradual enlargement of the anterior neck.>>> <|im_end|><|im_start|>assistant [{""entity"": ""present""}, {""entity"": ""history""}, {""entity"": ""enlargement""}] <|im_end|>
<|im_start|>user Extract the entities contained in the text. Extract only entities contained in the text.
Return the result in a json format: [{""entity"":""entity_name""}]. <<<Patient information: a 9-month-old boy presented to the emergency room with a 3-day history of refusal to bear weight on the right lower extremity and febrile peaks of up to 38.5°C for 24 hours.>>> <|im_end|><|im_start|>assistant [{""entity"": ""presented""}, {""entity"": ""refusal""}, {""entity"": ""bear""}, {""entity"": ""peaks""}] <|im_end|>
<|im_start|>user Extract the entities contained in the text. Extract only entities contained in the text.
Return the result in a json format: [{""entity"":""entity_name""}]. <<A 33-year-old woman came to Department of Fertility, Endocrinology and Reproduction at Saiful Anwar public Hospital and consulted that she has not menstruated since 5 years ago (28 years old).>>> <|im_end|><|im_start|>assistant","[{""entity"": ""came""}, {""entity"": ""consulted""}, {""entity"": ""menstruated""}, {""entity"": ""not menstruated""}, {""entity"": ""A 33-year-old woman""}, {""entity"": ""she""}, {""entity"": ""5 years ago""}] ","[{""entity"": ""came""}, {""entity"": ""consulted""}, {""entity"": ""menstruated""}, {""entity"": ""she""},"
Her initial menarche was at the age of 14 years and it is in accordance with the normal growth of a child at her age.,[],"A 33-year-old woman came to Department of Fertility, Endocrinology and Reproduction at Saiful Anwar public Hospital and consulted that she has not menstruated since 5 years ago (28 years old). Her initial menarche was at the age of 14 years and it is in accordance with the normal growth of a child at her age. The patient had a regular menstrual period of 5-7 days, she replaced the pads for 2-3 times / day, and had no menstrual pain. The patient has a history of injective contraceptive that was done every once a month in 2010, and after the injection, she menstruated for two months and then it stopped. Based on clinical examination and a physical examination, the patient was diagnosed with secondary amenorrhea. Investigations that were used are ultrasonography, thorax X-ray and CT Scan Head. Ultrasonography and thorax X-Ray showed that patient is suspected to have right pleural effusion. CT-Scan examination showed that bilateral ethmoidal sinusitis and pituitary gland was within normal limits. The treatment plan in this patient is P test therapy with Prothyra 1x10 mg for 7 days, with control on 2 weeks after the use. P test showed a negative result, because after 14 days of progesterone consumption the prothyra is not bleeding. The treatment is followed by a E+P test (Estrogen+Progesterone) with Estrogen 1x0.625 mg for 21 days and an addition of Progesterone 1x10 mg on 12th -21st days, while the control was performed one week after the drug runs out. Based on the E+P test, the obtained results were FSH: 8.71 MIU/mL, LH: 3.1 IU/L, Prolactin: 319.4 ng/mL. The E+P test showed a negative result, so it was necessary to do hysteroscopy and curettage for the uterus evaluation. Hysteroscopy results showed that there were grade 4 adhesions in the uterine cavum, with a pale colored connective tissue in the uterine cavum, which refers to the diagnosis of secondary amenorrhea suspect tuberculosis endometritis, while the result of tissue curettage was examined on the Anatomical Pathology department. Results of anatomical pathology hysteroscopy showed endometrial tissue with stromal looks granulomas with lymphocytes, histiocytes, epithelioid and Langhans multinucleated giant cells and no malignancy was found in this preparation, which showed that patient's diagnosis is secondary amenorrhea suspected tuberculosis endometritis. Based on the Anatomical Pathology hysteroscopy result, treatment was done by using anti-tuberculosis drug category I (FDC 1X3 tab) for 6 months. Anatomical pathology result through macroscopic observation showed visible network of approximately 0.3 cm and 0.4 cm in diameter with a grayish-white color, while the microscopic observations showed fibromuscular tissue at high cylindrical epithelium with polyps shaped vacuolar, and inflammatory granulomatic and aplastic cells were not found.
",EN100275,"<|im_start|>user Extract the entities contained in the text. Extract only entities contained in the text.
Return the result in a json format: [{""entity"":""entity_name""}]. <<Her initial menarche was at the age of 14 years and it is in accordance with the normal growth of a child at her age.>>> <|im_end|><|im_start|>assistant] <|im_end|>","<|im_start|>user Extract the entities contained in the text. Extract only entities contained in the text.
Return the result in a json format: [{""entity"":""entity_name""}]. <<<We present a case of a 32-year-old woman with a history of gradual enlargement of the anterior neck.>>> <|im_end|><|im_start|>assistant [{""entity"": ""present""}, {""entity"": ""history""}, {""entity"": ""enlargement""}] <|im_end|>
<|im_start|>user Extract the entities contained in the text. Extract only entities contained in the text.
Return the result in a json format: [{""entity"":""entity_name""}]. <<<Patient information: a 9-month-old boy presented to the emergency room with a 3-day history of refusal to bear weight on the right lower extremity and febrile peaks of up to 38.5°C for 24 hours.>>> <|im_end|><|im_start|>assistant [{""entity"": ""presented""}, {""entity"": ""refusal""}, {""entity"": ""bear""}, {""entity"": ""peaks""}] <|im_end|>
<|im_start|>user Extract the entities contained in the text. Extract only entities contained in the text.
Return the result in a json format: [{""entity"":""entity_name""}]. <<Her initial menarche was at the age of 14 years and it is in accordance with the normal growth of a child at her age.>>> <|im_end|><|im_start|>assistant",] ,"[{""entity"": ""menarche""}, {""entity"": ""growth""}, {""entity"": ""child""}, {""entity"": ""the age of"
"Based on clinical examination and a physical examination, the patient was diagnosed with secondary amenorrhea.","[{'id': '6871', 'offsets': array([18, 29]), 'role': '', 'semantic_type_id': '', 'text': 'examination', 'type': 'EVENT'}
 {'id': '6886', 'offsets': array([45, 56]), 'role': '', 'semantic_type_id': '', 'text': 'examination', 'type': 'EVENT'}
 {'id': '6901', 'offsets': array([74, 83]), 'role': '', 'semantic_type_id': '', 'text': 'diagnosed', 'type': 'EVENT'}
 {'id': '6916', 'offsets': array([ 99, 109]), 'role': '', 'semantic_type_id': '', 'text': 'amenorrhea', 'type': 'EVENT'}
 {'id': '7650', 'offsets': array([ 89, 109]), 'role': '', 'semantic_type_id': 'C0425957', 'text': 'secondary amenorrhea', 'type': 'CLINENTITY'}
 {'id': '7789', 'offsets': array([58, 69]), 'role': 'PATIENT', 'semantic_type_id': '', 'text': 'the patient', 'type': 'ACTOR'}]","A 33-year-old woman came to Department of Fertility, Endocrinology and Reproduction at Saiful Anwar public Hospital and consulted that she has not menstruated since 5 years ago (28 years old). Her initial menarche was at the age of 14 years and it is in accordance with the normal growth of a child at her age. The patient had a regular menstrual period of 5-7 days, she replaced the pads for 2-3 times / day, and had no menstrual pain. The patient has a history of injective contraceptive that was done every once a month in 2010, and after the injection, she menstruated for two months and then it stopped. Based on clinical examination and a physical examination, the patient was diagnosed with secondary amenorrhea. Investigations that were used are ultrasonography, thorax X-ray and CT Scan Head. Ultrasonography and thorax X-Ray showed that patient is suspected to have right pleural effusion. CT-Scan examination showed that bilateral ethmoidal sinusitis and pituitary gland was within normal limits. The treatment plan in this patient is P test therapy with Prothyra 1x10 mg for 7 days, with control on 2 weeks after the use. P test showed a negative result, because after 14 days of progesterone consumption the prothyra is not bleeding. The treatment is followed by a E+P test (Estrogen+Progesterone) with Estrogen 1x0.625 mg for 21 days and an addition of Progesterone 1x10 mg on 12th -21st days, while the control was performed one week after the drug runs out. Based on the E+P test, the obtained results were FSH: 8.71 MIU/mL, LH: 3.1 IU/L, Prolactin: 319.4 ng/mL. The E+P test showed a negative result, so it was necessary to do hysteroscopy and curettage for the uterus evaluation. Hysteroscopy results showed that there were grade 4 adhesions in the uterine cavum, with a pale colored connective tissue in the uterine cavum, which refers to the diagnosis of secondary amenorrhea suspect tuberculosis endometritis, while the result of tissue curettage was examined on the Anatomical Pathology department. Results of anatomical pathology hysteroscopy showed endometrial tissue with stromal looks granulomas with lymphocytes, histiocytes, epithelioid and Langhans multinucleated giant cells and no malignancy was found in this preparation, which showed that patient's diagnosis is secondary amenorrhea suspected tuberculosis endometritis. Based on the Anatomical Pathology hysteroscopy result, treatment was done by using anti-tuberculosis drug category I (FDC 1X3 tab) for 6 months. Anatomical pathology result through macroscopic observation showed visible network of approximately 0.3 cm and 0.4 cm in diameter with a grayish-white color, while the microscopic observations showed fibromuscular tissue at high cylindrical epithelium with polyps shaped vacuolar, and inflammatory granulomatic and aplastic cells were not found.
",EN100275,"<|im_start|>user Extract the entities contained in the text. Extract only entities contained in the text.
Return the result in a json format: [{""entity"":""entity_name""}]. <<Based on clinical examination and a physical examination, the patient was diagnosed with secondary amenorrhea.>>> <|im_end|><|im_start|>assistant[{""entity"": ""examination""}, {""entity"": ""examination""}, {""entity"": ""diagnosed""}, {""entity"": ""amenorrhea""}, {""entity"": ""secondary amenorrhea""}, {""entity"": ""the patient""}] <|im_end|>","<|im_start|>user Extract the entities contained in the text. Extract only entities contained in the text.
Return the result in a json format: [{""entity"":""entity_name""}]. <<<We present a case of a 32-year-old woman with a history of gradual enlargement of the anterior neck.>>> <|im_end|><|im_start|>assistant [{""entity"": ""present""}, {""entity"": ""history""}, {""entity"": ""enlargement""}] <|im_end|>
<|im_start|>user Extract the entities contained in the text. Extract only entities contained in the text.
Return the result in a json format: [{""entity"":""entity_name""}]. <<<Patient information: a 9-month-old boy presented to the emergency room with a 3-day history of refusal to bear weight on the right lower extremity and febrile peaks of up to 38.5°C for 24 hours.>>> <|im_end|><|im_start|>assistant [{""entity"": ""presented""}, {""entity"": ""refusal""}, {""entity"": ""bear""}, {""entity"": ""peaks""}] <|im_end|>
<|im_start|>user Extract the entities contained in the text. Extract only entities contained in the text.
Return the result in a json format: [{""entity"":""entity_name""}]. <<Based on clinical examination and a physical examination, the patient was diagnosed with secondary amenorrhea.>>> <|im_end|><|im_start|>assistant","[{""entity"": ""examination""}, {""entity"": ""examination""}, {""entity"": ""diagnosed""}, {""entity"": ""amenorrhea""}, {""entity"": ""secondary amenorrhea""}, {""entity"": ""the patient""}] ","[{""entity"": ""examination""}, {""entity"": ""diagnosed""}, {""entity"": ""amenorrhea""}, {""entity"": """
"Investigations that were used are ultrasonography, thorax X-ray and CT Scan Head.","[{'id': '6931', 'offsets': array([34, 49]), 'role': '', 'semantic_type_id': '', 'text': 'ultrasonography', 'type': 'EVENT'}
 {'id': '6946', 'offsets': array([58, 63]), 'role': '', 'semantic_type_id': '', 'text': 'X-ray', 'type': 'EVENT'}
 {'id': '6961', 'offsets': array([76, 80]), 'role': '', 'semantic_type_id': '', 'text': 'Head', 'type': 'EVENT'}]","A 33-year-old woman came to Department of Fertility, Endocrinology and Reproduction at Saiful Anwar public Hospital and consulted that she has not menstruated since 5 years ago (28 years old). Her initial menarche was at the age of 14 years and it is in accordance with the normal growth of a child at her age. The patient had a regular menstrual period of 5-7 days, she replaced the pads for 2-3 times / day, and had no menstrual pain. The patient has a history of injective contraceptive that was done every once a month in 2010, and after the injection, she menstruated for two months and then it stopped. Based on clinical examination and a physical examination, the patient was diagnosed with secondary amenorrhea. Investigations that were used are ultrasonography, thorax X-ray and CT Scan Head. Ultrasonography and thorax X-Ray showed that patient is suspected to have right pleural effusion. CT-Scan examination showed that bilateral ethmoidal sinusitis and pituitary gland was within normal limits. The treatment plan in this patient is P test therapy with Prothyra 1x10 mg for 7 days, with control on 2 weeks after the use. P test showed a negative result, because after 14 days of progesterone consumption the prothyra is not bleeding. The treatment is followed by a E+P test (Estrogen+Progesterone) with Estrogen 1x0.625 mg for 21 days and an addition of Progesterone 1x10 mg on 12th -21st days, while the control was performed one week after the drug runs out. Based on the E+P test, the obtained results were FSH: 8.71 MIU/mL, LH: 3.1 IU/L, Prolactin: 319.4 ng/mL. The E+P test showed a negative result, so it was necessary to do hysteroscopy and curettage for the uterus evaluation. Hysteroscopy results showed that there were grade 4 adhesions in the uterine cavum, with a pale colored connective tissue in the uterine cavum, which refers to the diagnosis of secondary amenorrhea suspect tuberculosis endometritis, while the result of tissue curettage was examined on the Anatomical Pathology department. Results of anatomical pathology hysteroscopy showed endometrial tissue with stromal looks granulomas with lymphocytes, histiocytes, epithelioid and Langhans multinucleated giant cells and no malignancy was found in this preparation, which showed that patient's diagnosis is secondary amenorrhea suspected tuberculosis endometritis. Based on the Anatomical Pathology hysteroscopy result, treatment was done by using anti-tuberculosis drug category I (FDC 1X3 tab) for 6 months. Anatomical pathology result through macroscopic observation showed visible network of approximately 0.3 cm and 0.4 cm in diameter with a grayish-white color, while the microscopic observations showed fibromuscular tissue at high cylindrical epithelium with polyps shaped vacuolar, and inflammatory granulomatic and aplastic cells were not found.
",EN100275,"<|im_start|>user Extract the entities contained in the text. Extract only entities contained in the text.
Return the result in a json format: [{""entity"":""entity_name""}]. <<Investigations that were used are ultrasonography, thorax X-ray and CT Scan Head.>>> <|im_end|><|im_start|>assistant[{""entity"": ""ultrasonography""}, {""entity"": ""X-ray""}, {""entity"": ""Head""}] <|im_end|>","<|im_start|>user Extract the entities contained in the text. Extract only entities contained in the text.
Return the result in a json format: [{""entity"":""entity_name""}]. <<<We present a case of a 32-year-old woman with a history of gradual enlargement of the anterior neck.>>> <|im_end|><|im_start|>assistant [{""entity"": ""present""}, {""entity"": ""history""}, {""entity"": ""enlargement""}] <|im_end|>
<|im_start|>user Extract the entities contained in the text. Extract only entities contained in the text.
Return the result in a json format: [{""entity"":""entity_name""}]. <<<Patient information: a 9-month-old boy presented to the emergency room with a 3-day history of refusal to bear weight on the right lower extremity and febrile peaks of up to 38.5°C for 24 hours.>>> <|im_end|><|im_start|>assistant [{""entity"": ""presented""}, {""entity"": ""refusal""}, {""entity"": ""bear""}, {""entity"": ""peaks""}] <|im_end|>
<|im_start|>user Extract the entities contained in the text. Extract only entities contained in the text.
Return the result in a json format: [{""entity"":""entity_name""}]. <<Investigations that were used are ultrasonography, thorax X-ray and CT Scan Head.>>> <|im_end|><|im_start|>assistant","[{""entity"": ""ultrasonography""}, {""entity"": ""X-ray""}, {""entity"": ""Head""}] ","[{""entity"": ""Investigations""}, {""entity"": ""ultrasonography""}, {""entity"": ""X-ray""}, {""entity"":"
Ultrasonography and thorax X-Ray showed that patient is suspected to have right pleural effusion.,"[{'id': '6976', 'offsets': array([ 0, 15]), 'role': '', 'semantic_type_id': '', 'text': 'Ultrasonography', 'type': 'EVENT'}
 {'id': '6991', 'offsets': array([27, 32]), 'role': '', 'semantic_type_id': '', 'text': 'X-Ray', 'type': 'EVENT'}
 {'id': '7006', 'offsets': array([33, 39]), 'role': '', 'semantic_type_id': '', 'text': 'showed', 'type': 'EVENT'}
 {'id': '7021', 'offsets': array([88, 96]), 'role': '', 'semantic_type_id': '', 'text': 'effusion', 'type': 'EVENT'}
 {'id': '7657', 'offsets': array([74, 96]), 'role': '', 'semantic_type_id': 'C2063366', 'text': 'right pleural effusion', 'type': 'CLINENTITY'}
 {'id': '7796', 'offsets': array([45, 52]), 'role': 'PATIENT', 'semantic_type_id': '', 'text': 'patient', 'type': 'ACTOR'}]","A 33-year-old woman came to Department of Fertility, Endocrinology and Reproduction at Saiful Anwar public Hospital and consulted that she has not menstruated since 5 years ago (28 years old). Her initial menarche was at the age of 14 years and it is in accordance with the normal growth of a child at her age. The patient had a regular menstrual period of 5-7 days, she replaced the pads for 2-3 times / day, and had no menstrual pain. The patient has a history of injective contraceptive that was done every once a month in 2010, and after the injection, she menstruated for two months and then it stopped. Based on clinical examination and a physical examination, the patient was diagnosed with secondary amenorrhea. Investigations that were used are ultrasonography, thorax X-ray and CT Scan Head. Ultrasonography and thorax X-Ray showed that patient is suspected to have right pleural effusion. CT-Scan examination showed that bilateral ethmoidal sinusitis and pituitary gland was within normal limits. The treatment plan in this patient is P test therapy with Prothyra 1x10 mg for 7 days, with control on 2 weeks after the use. P test showed a negative result, because after 14 days of progesterone consumption the prothyra is not bleeding. The treatment is followed by a E+P test (Estrogen+Progesterone) with Estrogen 1x0.625 mg for 21 days and an addition of Progesterone 1x10 mg on 12th -21st days, while the control was performed one week after the drug runs out. Based on the E+P test, the obtained results were FSH: 8.71 MIU/mL, LH: 3.1 IU/L, Prolactin: 319.4 ng/mL. The E+P test showed a negative result, so it was necessary to do hysteroscopy and curettage for the uterus evaluation. Hysteroscopy results showed that there were grade 4 adhesions in the uterine cavum, with a pale colored connective tissue in the uterine cavum, which refers to the diagnosis of secondary amenorrhea suspect tuberculosis endometritis, while the result of tissue curettage was examined on the Anatomical Pathology department. Results of anatomical pathology hysteroscopy showed endometrial tissue with stromal looks granulomas with lymphocytes, histiocytes, epithelioid and Langhans multinucleated giant cells and no malignancy was found in this preparation, which showed that patient's diagnosis is secondary amenorrhea suspected tuberculosis endometritis. Based on the Anatomical Pathology hysteroscopy result, treatment was done by using anti-tuberculosis drug category I (FDC 1X3 tab) for 6 months. Anatomical pathology result through macroscopic observation showed visible network of approximately 0.3 cm and 0.4 cm in diameter with a grayish-white color, while the microscopic observations showed fibromuscular tissue at high cylindrical epithelium with polyps shaped vacuolar, and inflammatory granulomatic and aplastic cells were not found.
",EN100275,"<|im_start|>user Extract the entities contained in the text. Extract only entities contained in the text.
Return the result in a json format: [{""entity"":""entity_name""}]. <<Ultrasonography and thorax X-Ray showed that patient is suspected to have right pleural effusion.>>> <|im_end|><|im_start|>assistant[{""entity"": ""Ultrasonography""}, {""entity"": ""X-Ray""}, {""entity"": ""showed""}, {""entity"": ""effusion""}, {""entity"": ""right pleural effusion""}, {""entity"": ""patient""}] <|im_end|>","<|im_start|>user Extract the entities contained in the text. Extract only entities contained in the text.
Return the result in a json format: [{""entity"":""entity_name""}]. <<<We present a case of a 32-year-old woman with a history of gradual enlargement of the anterior neck.>>> <|im_end|><|im_start|>assistant [{""entity"": ""present""}, {""entity"": ""history""}, {""entity"": ""enlargement""}] <|im_end|>
<|im_start|>user Extract the entities contained in the text. Extract only entities contained in the text.
Return the result in a json format: [{""entity"":""entity_name""}]. <<<Patient information: a 9-month-old boy presented to the emergency room with a 3-day history of refusal to bear weight on the right lower extremity and febrile peaks of up to 38.5°C for 24 hours.>>> <|im_end|><|im_start|>assistant [{""entity"": ""presented""}, {""entity"": ""refusal""}, {""entity"": ""bear""}, {""entity"": ""peaks""}] <|im_end|>
<|im_start|>user Extract the entities contained in the text. Extract only entities contained in the text.
Return the result in a json format: [{""entity"":""entity_name""}]. <<Ultrasonography and thorax X-Ray showed that patient is suspected to have right pleural effusion.>>> <|im_end|><|im_start|>assistant","[{""entity"": ""Ultrasonography""}, {""entity"": ""X-Ray""}, {""entity"": ""showed""}, {""entity"": ""effusion""}, {""entity"": ""right pleural effusion""}, {""entity"": ""patient""}] ","[{""entity"": ""Ultrasonography""}, {""entity"": ""X-Ray""}, {""entity"": ""showed""}, {""entity"": """
CT-Scan examination showed that bilateral ethmoidal sinusitis and pituitary gland was within normal limits.,"[{'id': '7036', 'offsets': array([ 8, 19]), 'role': '', 'semantic_type_id': '', 'text': 'examination', 'type': 'EVENT'}
 {'id': '7051', 'offsets': array([20, 26]), 'role': '', 'semantic_type_id': '', 'text': 'showed', 'type': 'EVENT'}
 {'id': '7699', 'offsets': array([32, 61]), 'role': '', 'semantic_type_id': '', 'text': 'bilateral ethmoidal sinusitis', 'type': 'BODYPART'}
 {'id': '7705', 'offsets': array([66, 81]), 'role': '', 'semantic_type_id': '', 'text': 'pituitary gland', 'type': 'BODYPART'}]","A 33-year-old woman came to Department of Fertility, Endocrinology and Reproduction at Saiful Anwar public Hospital and consulted that she has not menstruated since 5 years ago (28 years old). Her initial menarche was at the age of 14 years and it is in accordance with the normal growth of a child at her age. The patient had a regular menstrual period of 5-7 days, she replaced the pads for 2-3 times / day, and had no menstrual pain. The patient has a history of injective contraceptive that was done every once a month in 2010, and after the injection, she menstruated for two months and then it stopped. Based on clinical examination and a physical examination, the patient was diagnosed with secondary amenorrhea. Investigations that were used are ultrasonography, thorax X-ray and CT Scan Head. Ultrasonography and thorax X-Ray showed that patient is suspected to have right pleural effusion. CT-Scan examination showed that bilateral ethmoidal sinusitis and pituitary gland was within normal limits. The treatment plan in this patient is P test therapy with Prothyra 1x10 mg for 7 days, with control on 2 weeks after the use. P test showed a negative result, because after 14 days of progesterone consumption the prothyra is not bleeding. The treatment is followed by a E+P test (Estrogen+Progesterone) with Estrogen 1x0.625 mg for 21 days and an addition of Progesterone 1x10 mg on 12th -21st days, while the control was performed one week after the drug runs out. Based on the E+P test, the obtained results were FSH: 8.71 MIU/mL, LH: 3.1 IU/L, Prolactin: 319.4 ng/mL. The E+P test showed a negative result, so it was necessary to do hysteroscopy and curettage for the uterus evaluation. Hysteroscopy results showed that there were grade 4 adhesions in the uterine cavum, with a pale colored connective tissue in the uterine cavum, which refers to the diagnosis of secondary amenorrhea suspect tuberculosis endometritis, while the result of tissue curettage was examined on the Anatomical Pathology department. Results of anatomical pathology hysteroscopy showed endometrial tissue with stromal looks granulomas with lymphocytes, histiocytes, epithelioid and Langhans multinucleated giant cells and no malignancy was found in this preparation, which showed that patient's diagnosis is secondary amenorrhea suspected tuberculosis endometritis. Based on the Anatomical Pathology hysteroscopy result, treatment was done by using anti-tuberculosis drug category I (FDC 1X3 tab) for 6 months. Anatomical pathology result through macroscopic observation showed visible network of approximately 0.3 cm and 0.4 cm in diameter with a grayish-white color, while the microscopic observations showed fibromuscular tissue at high cylindrical epithelium with polyps shaped vacuolar, and inflammatory granulomatic and aplastic cells were not found.
",EN100275,"<|im_start|>user Extract the entities contained in the text. Extract only entities contained in the text.
Return the result in a json format: [{""entity"":""entity_name""}]. <<CT-Scan examination showed that bilateral ethmoidal sinusitis and pituitary gland was within normal limits.>>> <|im_end|><|im_start|>assistant[{""entity"": ""examination""}, {""entity"": ""showed""}, {""entity"": ""bilateral ethmoidal sinusitis""}, {""entity"": ""pituitary gland""}] <|im_end|>","<|im_start|>user Extract the entities contained in the text. Extract only entities contained in the text.
Return the result in a json format: [{""entity"":""entity_name""}]. <<<We present a case of a 32-year-old woman with a history of gradual enlargement of the anterior neck.>>> <|im_end|><|im_start|>assistant [{""entity"": ""present""}, {""entity"": ""history""}, {""entity"": ""enlargement""}] <|im_end|>
<|im_start|>user Extract the entities contained in the text. Extract only entities contained in the text.
Return the result in a json format: [{""entity"":""entity_name""}]. <<<Patient information: a 9-month-old boy presented to the emergency room with a 3-day history of refusal to bear weight on the right lower extremity and febrile peaks of up to 38.5°C for 24 hours.>>> <|im_end|><|im_start|>assistant [{""entity"": ""presented""}, {""entity"": ""refusal""}, {""entity"": ""bear""}, {""entity"": ""peaks""}] <|im_end|>
<|im_start|>user Extract the entities contained in the text. Extract only entities contained in the text.
Return the result in a json format: [{""entity"":""entity_name""}]. <<CT-Scan examination showed that bilateral ethmoidal sinusitis and pituitary gland was within normal limits.>>> <|im_end|><|im_start|>assistant","[{""entity"": ""examination""}, {""entity"": ""showed""}, {""entity"": ""bilateral ethmoidal sinusitis""}, {""entity"": ""pituitary gland""}] ","[{""entity"": ""examination""}, {""entity"": ""showed""}, {""entity"": ""sinusitis""}, {""entity"": ""g"
"The treatment plan in this patient is P test therapy with Prothyra 1x10 mg for 7 days, with control on 2 weeks after the use.","[{'id': '7066', 'offsets': array([14, 18]), 'role': '', 'semantic_type_id': '', 'text': 'plan', 'type': 'EVENT'}
 {'id': '7081', 'offsets': array([45, 52]), 'role': '', 'semantic_type_id': '', 'text': 'therapy', 'type': 'EVENT'}
 {'id': '7096', 'offsets': array([92, 99]), 'role': '', 'semantic_type_id': '', 'text': 'control', 'type': 'EVENT'}
 {'id': '7803', 'offsets': array([27, 34]), 'role': 'PATIENT', 'semantic_type_id': '', 'text': 'patient', 'type': 'ACTOR'}
 {'id': '7882', 'offsets': array([75, 85]), 'role': '', 'semantic_type_id': '', 'text': 'for 7 days', 'type': 'TIMEX3'}
 {'id': '7891', 'offsets': array([103, 110]), 'role': '', 'semantic_type_id': '', 'text': '2 weeks', 'type': 'TIMEX3'}]","A 33-year-old woman came to Department of Fertility, Endocrinology and Reproduction at Saiful Anwar public Hospital and consulted that she has not menstruated since 5 years ago (28 years old). Her initial menarche was at the age of 14 years and it is in accordance with the normal growth of a child at her age. The patient had a regular menstrual period of 5-7 days, she replaced the pads for 2-3 times / day, and had no menstrual pain. The patient has a history of injective contraceptive that was done every once a month in 2010, and after the injection, she menstruated for two months and then it stopped. Based on clinical examination and a physical examination, the patient was diagnosed with secondary amenorrhea. Investigations that were used are ultrasonography, thorax X-ray and CT Scan Head. Ultrasonography and thorax X-Ray showed that patient is suspected to have right pleural effusion. CT-Scan examination showed that bilateral ethmoidal sinusitis and pituitary gland was within normal limits. The treatment plan in this patient is P test therapy with Prothyra 1x10 mg for 7 days, with control on 2 weeks after the use. P test showed a negative result, because after 14 days of progesterone consumption the prothyra is not bleeding. The treatment is followed by a E+P test (Estrogen+Progesterone) with Estrogen 1x0.625 mg for 21 days and an addition of Progesterone 1x10 mg on 12th -21st days, while the control was performed one week after the drug runs out. Based on the E+P test, the obtained results were FSH: 8.71 MIU/mL, LH: 3.1 IU/L, Prolactin: 319.4 ng/mL. The E+P test showed a negative result, so it was necessary to do hysteroscopy and curettage for the uterus evaluation. Hysteroscopy results showed that there were grade 4 adhesions in the uterine cavum, with a pale colored connective tissue in the uterine cavum, which refers to the diagnosis of secondary amenorrhea suspect tuberculosis endometritis, while the result of tissue curettage was examined on the Anatomical Pathology department. Results of anatomical pathology hysteroscopy showed endometrial tissue with stromal looks granulomas with lymphocytes, histiocytes, epithelioid and Langhans multinucleated giant cells and no malignancy was found in this preparation, which showed that patient's diagnosis is secondary amenorrhea suspected tuberculosis endometritis. Based on the Anatomical Pathology hysteroscopy result, treatment was done by using anti-tuberculosis drug category I (FDC 1X3 tab) for 6 months. Anatomical pathology result through macroscopic observation showed visible network of approximately 0.3 cm and 0.4 cm in diameter with a grayish-white color, while the microscopic observations showed fibromuscular tissue at high cylindrical epithelium with polyps shaped vacuolar, and inflammatory granulomatic and aplastic cells were not found.
",EN100275,"<|im_start|>user Extract the entities contained in the text. Extract only entities contained in the text.
Return the result in a json format: [{""entity"":""entity_name""}]. <<The treatment plan in this patient is P test therapy with Prothyra 1x10 mg for 7 days, with control on 2 weeks after the use.>>> <|im_end|><|im_start|>assistant[{""entity"": ""plan""}, {""entity"": ""therapy""}, {""entity"": ""control""}, {""entity"": ""patient""}, {""entity"": ""for 7 days""}, {""entity"": ""2 weeks""}] <|im_end|>","<|im_start|>user Extract the entities contained in the text. Extract only entities contained in the text.
Return the result in a json format: [{""entity"":""entity_name""}]. <<<We present a case of a 32-year-old woman with a history of gradual enlargement of the anterior neck.>>> <|im_end|><|im_start|>assistant [{""entity"": ""present""}, {""entity"": ""history""}, {""entity"": ""enlargement""}] <|im_end|>
<|im_start|>user Extract the entities contained in the text. Extract only entities contained in the text.
Return the result in a json format: [{""entity"":""entity_name""}]. <<<Patient information: a 9-month-old boy presented to the emergency room with a 3-day history of refusal to bear weight on the right lower extremity and febrile peaks of up to 38.5°C for 24 hours.>>> <|im_end|><|im_start|>assistant [{""entity"": ""presented""}, {""entity"": ""refusal""}, {""entity"": ""bear""}, {""entity"": ""peaks""}] <|im_end|>
<|im_start|>user Extract the entities contained in the text. Extract only entities contained in the text.
Return the result in a json format: [{""entity"":""entity_name""}]. <<The treatment plan in this patient is P test therapy with Prothyra 1x10 mg for 7 days, with control on 2 weeks after the use.>>> <|im_end|><|im_start|>assistant","[{""entity"": ""plan""}, {""entity"": ""therapy""}, {""entity"": ""control""}, {""entity"": ""patient""}, {""entity"": ""for 7 days""}, {""entity"": ""2 weeks""}] ","[{""entity"": ""plan""}, {""entity"": ""therapy""}, {""entity"": ""control""}, {""entity"": ""use""}, {""entity"":"
"P test showed a negative result, because after 14 days of progesterone consumption the prothyra is not bleeding.","[{'id': '7111', 'offsets': array([2, 6]), 'role': '', 'semantic_type_id': '', 'text': 'test', 'type': 'EVENT'}
 {'id': '7126', 'offsets': array([ 7, 13]), 'role': '', 'semantic_type_id': '', 'text': 'showed', 'type': 'EVENT'}
 {'id': '7141', 'offsets': array([71, 82]), 'role': '', 'semantic_type_id': '', 'text': 'consumption', 'type': 'EVENT'}
 {'id': '7156', 'offsets': array([103, 111]), 'role': '', 'semantic_type_id': '', 'text': 'bleeding', 'type': 'EVENT'}
 {'id': '7900', 'offsets': array([47, 54]), 'role': '', 'semantic_type_id': '', 'text': '14 days', 'type': 'TIMEX3'}]","A 33-year-old woman came to Department of Fertility, Endocrinology and Reproduction at Saiful Anwar public Hospital and consulted that she has not menstruated since 5 years ago (28 years old). Her initial menarche was at the age of 14 years and it is in accordance with the normal growth of a child at her age. The patient had a regular menstrual period of 5-7 days, she replaced the pads for 2-3 times / day, and had no menstrual pain. The patient has a history of injective contraceptive that was done every once a month in 2010, and after the injection, she menstruated for two months and then it stopped. Based on clinical examination and a physical examination, the patient was diagnosed with secondary amenorrhea. Investigations that were used are ultrasonography, thorax X-ray and CT Scan Head. Ultrasonography and thorax X-Ray showed that patient is suspected to have right pleural effusion. CT-Scan examination showed that bilateral ethmoidal sinusitis and pituitary gland was within normal limits. The treatment plan in this patient is P test therapy with Prothyra 1x10 mg for 7 days, with control on 2 weeks after the use. P test showed a negative result, because after 14 days of progesterone consumption the prothyra is not bleeding. The treatment is followed by a E+P test (Estrogen+Progesterone) with Estrogen 1x0.625 mg for 21 days and an addition of Progesterone 1x10 mg on 12th -21st days, while the control was performed one week after the drug runs out. Based on the E+P test, the obtained results were FSH: 8.71 MIU/mL, LH: 3.1 IU/L, Prolactin: 319.4 ng/mL. The E+P test showed a negative result, so it was necessary to do hysteroscopy and curettage for the uterus evaluation. Hysteroscopy results showed that there were grade 4 adhesions in the uterine cavum, with a pale colored connective tissue in the uterine cavum, which refers to the diagnosis of secondary amenorrhea suspect tuberculosis endometritis, while the result of tissue curettage was examined on the Anatomical Pathology department. Results of anatomical pathology hysteroscopy showed endometrial tissue with stromal looks granulomas with lymphocytes, histiocytes, epithelioid and Langhans multinucleated giant cells and no malignancy was found in this preparation, which showed that patient's diagnosis is secondary amenorrhea suspected tuberculosis endometritis. Based on the Anatomical Pathology hysteroscopy result, treatment was done by using anti-tuberculosis drug category I (FDC 1X3 tab) for 6 months. Anatomical pathology result through macroscopic observation showed visible network of approximately 0.3 cm and 0.4 cm in diameter with a grayish-white color, while the microscopic observations showed fibromuscular tissue at high cylindrical epithelium with polyps shaped vacuolar, and inflammatory granulomatic and aplastic cells were not found.
",EN100275,"<|im_start|>user Extract the entities contained in the text. Extract only entities contained in the text.
Return the result in a json format: [{""entity"":""entity_name""}]. <<P test showed a negative result, because after 14 days of progesterone consumption the prothyra is not bleeding.>>> <|im_end|><|im_start|>assistant[{""entity"": ""test""}, {""entity"": ""showed""}, {""entity"": ""consumption""}, {""entity"": ""bleeding""}, {""entity"": ""14 days""}] <|im_end|>","<|im_start|>user Extract the entities contained in the text. Extract only entities contained in the text.
Return the result in a json format: [{""entity"":""entity_name""}]. <<<We present a case of a 32-year-old woman with a history of gradual enlargement of the anterior neck.>>> <|im_end|><|im_start|>assistant [{""entity"": ""present""}, {""entity"": ""history""}, {""entity"": ""enlargement""}] <|im_end|>
<|im_start|>user Extract the entities contained in the text. Extract only entities contained in the text.
Return the result in a json format: [{""entity"":""entity_name""}]. <<<Patient information: a 9-month-old boy presented to the emergency room with a 3-day history of refusal to bear weight on the right lower extremity and febrile peaks of up to 38.5°C for 24 hours.>>> <|im_end|><|im_start|>assistant [{""entity"": ""presented""}, {""entity"": ""refusal""}, {""entity"": ""bear""}, {""entity"": ""peaks""}] <|im_end|>
<|im_start|>user Extract the entities contained in the text. Extract only entities contained in the text.
Return the result in a json format: [{""entity"":""entity_name""}]. <<P test showed a negative result, because after 14 days of progesterone consumption the prothyra is not bleeding.>>> <|im_end|><|im_start|>assistant","[{""entity"": ""test""}, {""entity"": ""showed""}, {""entity"": ""consumption""}, {""entity"": ""bleeding""}, {""entity"": ""14 days""}] ","[{""entity"": ""showed""}, {""entity"": ""result""}, {""entity"": ""consumption""}, {""entity"": ""bleeding""},"
"The treatment is followed by a E+P test (Estrogen+Progesterone) with Estrogen 1x0.625 mg for 21 days and an addition of Progesterone 1x10 mg on 12th -21st days, while the control was performed one week after the drug runs out.","[{'id': '7171', 'offsets': array([ 4, 13]), 'role': '', 'semantic_type_id': '', 'text': 'treatment', 'type': 'EVENT'}
 {'id': '7186', 'offsets': array([171, 178]), 'role': '', 'semantic_type_id': '', 'text': 'control', 'type': 'EVENT'}
 {'id': '7201', 'offsets': array([217, 225]), 'role': '', 'semantic_type_id': '', 'text': 'runs out', 'type': 'EVENT'}
 {'id': '7909', 'offsets': array([ 89, 100]), 'role': '', 'semantic_type_id': '', 'text': 'for 21 days', 'type': 'TIMEX3'}
 {'id': '7918', 'offsets': array([144, 159]), 'role': '', 'semantic_type_id': '', 'text': '12th -21st days', 'type': 'TIMEX3'}
 {'id': '7927', 'offsets': array([193, 201]), 'role': '', 'semantic_type_id': '', 'text': 'one week', 'type': 'TIMEX3'}]","A 33-year-old woman came to Department of Fertility, Endocrinology and Reproduction at Saiful Anwar public Hospital and consulted that she has not menstruated since 5 years ago (28 years old). Her initial menarche was at the age of 14 years and it is in accordance with the normal growth of a child at her age. The patient had a regular menstrual period of 5-7 days, she replaced the pads for 2-3 times / day, and had no menstrual pain. The patient has a history of injective contraceptive that was done every once a month in 2010, and after the injection, she menstruated for two months and then it stopped. Based on clinical examination and a physical examination, the patient was diagnosed with secondary amenorrhea. Investigations that were used are ultrasonography, thorax X-ray and CT Scan Head. Ultrasonography and thorax X-Ray showed that patient is suspected to have right pleural effusion. CT-Scan examination showed that bilateral ethmoidal sinusitis and pituitary gland was within normal limits. The treatment plan in this patient is P test therapy with Prothyra 1x10 mg for 7 days, with control on 2 weeks after the use. P test showed a negative result, because after 14 days of progesterone consumption the prothyra is not bleeding. The treatment is followed by a E+P test (Estrogen+Progesterone) with Estrogen 1x0.625 mg for 21 days and an addition of Progesterone 1x10 mg on 12th -21st days, while the control was performed one week after the drug runs out. Based on the E+P test, the obtained results were FSH: 8.71 MIU/mL, LH: 3.1 IU/L, Prolactin: 319.4 ng/mL. The E+P test showed a negative result, so it was necessary to do hysteroscopy and curettage for the uterus evaluation. Hysteroscopy results showed that there were grade 4 adhesions in the uterine cavum, with a pale colored connective tissue in the uterine cavum, which refers to the diagnosis of secondary amenorrhea suspect tuberculosis endometritis, while the result of tissue curettage was examined on the Anatomical Pathology department. Results of anatomical pathology hysteroscopy showed endometrial tissue with stromal looks granulomas with lymphocytes, histiocytes, epithelioid and Langhans multinucleated giant cells and no malignancy was found in this preparation, which showed that patient's diagnosis is secondary amenorrhea suspected tuberculosis endometritis. Based on the Anatomical Pathology hysteroscopy result, treatment was done by using anti-tuberculosis drug category I (FDC 1X3 tab) for 6 months. Anatomical pathology result through macroscopic observation showed visible network of approximately 0.3 cm and 0.4 cm in diameter with a grayish-white color, while the microscopic observations showed fibromuscular tissue at high cylindrical epithelium with polyps shaped vacuolar, and inflammatory granulomatic and aplastic cells were not found.
",EN100275,"<|im_start|>user Extract the entities contained in the text. Extract only entities contained in the text.
Return the result in a json format: [{""entity"":""entity_name""}]. <<The treatment is followed by a E+P test (Estrogen+Progesterone) with Estrogen 1x0.625 mg for 21 days and an addition of Progesterone 1x10 mg on 12th -21st days, while the control was performed one week after the drug runs out.>>> <|im_end|><|im_start|>assistant[{""entity"": ""treatment""}, {""entity"": ""control""}, {""entity"": ""runs out""}, {""entity"": ""for 21 days""}, {""entity"": ""12th -21st days""}, {""entity"": ""one week""}] <|im_end|>","<|im_start|>user Extract the entities contained in the text. Extract only entities contained in the text.
Return the result in a json format: [{""entity"":""entity_name""}]. <<<We present a case of a 32-year-old woman with a history of gradual enlargement of the anterior neck.>>> <|im_end|><|im_start|>assistant [{""entity"": ""present""}, {""entity"": ""history""}, {""entity"": ""enlargement""}] <|im_end|>
<|im_start|>user Extract the entities contained in the text. Extract only entities contained in the text.
Return the result in a json format: [{""entity"":""entity_name""}]. <<<Patient information: a 9-month-old boy presented to the emergency room with a 3-day history of refusal to bear weight on the right lower extremity and febrile peaks of up to 38.5°C for 24 hours.>>> <|im_end|><|im_start|>assistant [{""entity"": ""presented""}, {""entity"": ""refusal""}, {""entity"": ""bear""}, {""entity"": ""peaks""}] <|im_end|>
<|im_start|>user Extract the entities contained in the text. Extract only entities contained in the text.
Return the result in a json format: [{""entity"":""entity_name""}]. <<The treatment is followed by a E+P test (Estrogen+Progesterone) with Estrogen 1x0.625 mg for 21 days and an addition of Progesterone 1x10 mg on 12th -21st days, while the control was performed one week after the drug runs out.>>> <|im_end|><|im_start|>assistant","[{""entity"": ""treatment""}, {""entity"": ""control""}, {""entity"": ""runs out""}, {""entity"": ""for 21 days""}, {""entity"": ""12th -21st days""}, {""entity"": ""one week""}] ","[{""entity"": ""treatment""}, {""entity"": ""test""}, {""entity"": ""Estrogen""}, {""entity"": ""Progesterone"
"The E+P test showed a negative result, so it was necessary to do hysteroscopy and curettage for the uterus evaluation.","[{'id': '7276', 'offsets': array([ 8, 12]), 'role': '', 'semantic_type_id': '', 'text': 'test', 'type': 'EVENT'}
 {'id': '7291', 'offsets': array([13, 19]), 'role': '', 'semantic_type_id': '', 'text': 'showed', 'type': 'EVENT'}
 {'id': '7306', 'offsets': array([31, 37]), 'role': '', 'semantic_type_id': '', 'text': 'result', 'type': 'EVENT'}
 {'id': '7321', 'offsets': array([65, 77]), 'role': '', 'semantic_type_id': '', 'text': 'hysteroscopy', 'type': 'EVENT'}
 {'id': '7336', 'offsets': array([82, 91]), 'role': '', 'semantic_type_id': '', 'text': 'curettage', 'type': 'EVENT'}
 {'id': '7351', 'offsets': array([107, 117]), 'role': '', 'semantic_type_id': '', 'text': 'evaluation', 'type': 'EVENT'}]","A 33-year-old woman came to Department of Fertility, Endocrinology and Reproduction at Saiful Anwar public Hospital and consulted that she has not menstruated since 5 years ago (28 years old). Her initial menarche was at the age of 14 years and it is in accordance with the normal growth of a child at her age. The patient had a regular menstrual period of 5-7 days, she replaced the pads for 2-3 times / day, and had no menstrual pain. The patient has a history of injective contraceptive that was done every once a month in 2010, and after the injection, she menstruated for two months and then it stopped. Based on clinical examination and a physical examination, the patient was diagnosed with secondary amenorrhea. Investigations that were used are ultrasonography, thorax X-ray and CT Scan Head. Ultrasonography and thorax X-Ray showed that patient is suspected to have right pleural effusion. CT-Scan examination showed that bilateral ethmoidal sinusitis and pituitary gland was within normal limits. The treatment plan in this patient is P test therapy with Prothyra 1x10 mg for 7 days, with control on 2 weeks after the use. P test showed a negative result, because after 14 days of progesterone consumption the prothyra is not bleeding. The treatment is followed by a E+P test (Estrogen+Progesterone) with Estrogen 1x0.625 mg for 21 days and an addition of Progesterone 1x10 mg on 12th -21st days, while the control was performed one week after the drug runs out. Based on the E+P test, the obtained results were FSH: 8.71 MIU/mL, LH: 3.1 IU/L, Prolactin: 319.4 ng/mL. The E+P test showed a negative result, so it was necessary to do hysteroscopy and curettage for the uterus evaluation. Hysteroscopy results showed that there were grade 4 adhesions in the uterine cavum, with a pale colored connective tissue in the uterine cavum, which refers to the diagnosis of secondary amenorrhea suspect tuberculosis endometritis, while the result of tissue curettage was examined on the Anatomical Pathology department. Results of anatomical pathology hysteroscopy showed endometrial tissue with stromal looks granulomas with lymphocytes, histiocytes, epithelioid and Langhans multinucleated giant cells and no malignancy was found in this preparation, which showed that patient's diagnosis is secondary amenorrhea suspected tuberculosis endometritis. Based on the Anatomical Pathology hysteroscopy result, treatment was done by using anti-tuberculosis drug category I (FDC 1X3 tab) for 6 months. Anatomical pathology result through macroscopic observation showed visible network of approximately 0.3 cm and 0.4 cm in diameter with a grayish-white color, while the microscopic observations showed fibromuscular tissue at high cylindrical epithelium with polyps shaped vacuolar, and inflammatory granulomatic and aplastic cells were not found.
",EN100275,"<|im_start|>user Extract the entities contained in the text. Extract only entities contained in the text.
Return the result in a json format: [{""entity"":""entity_name""}]. <<The E+P test showed a negative result, so it was necessary to do hysteroscopy and curettage for the uterus evaluation.>>> <|im_end|><|im_start|>assistant[{""entity"": ""test""}, {""entity"": ""showed""}, {""entity"": ""result""}, {""entity"": ""hysteroscopy""}, {""entity"": ""curettage""}, {""entity"": ""evaluation""}] <|im_end|>","<|im_start|>user Extract the entities contained in the text. Extract only entities contained in the text.
Return the result in a json format: [{""entity"":""entity_name""}]. <<<We present a case of a 32-year-old woman with a history of gradual enlargement of the anterior neck.>>> <|im_end|><|im_start|>assistant [{""entity"": ""present""}, {""entity"": ""history""}, {""entity"": ""enlargement""}] <|im_end|>
<|im_start|>user Extract the entities contained in the text. Extract only entities contained in the text.
Return the result in a json format: [{""entity"":""entity_name""}]. <<<Patient information: a 9-month-old boy presented to the emergency room with a 3-day history of refusal to bear weight on the right lower extremity and febrile peaks of up to 38.5°C for 24 hours.>>> <|im_end|><|im_start|>assistant [{""entity"": ""presented""}, {""entity"": ""refusal""}, {""entity"": ""bear""}, {""entity"": ""peaks""}] <|im_end|>
<|im_start|>user Extract the entities contained in the text. Extract only entities contained in the text.
Return the result in a json format: [{""entity"":""entity_name""}]. <<The E+P test showed a negative result, so it was necessary to do hysteroscopy and curettage for the uterus evaluation.>>> <|im_end|><|im_start|>assistant","[{""entity"": ""test""}, {""entity"": ""showed""}, {""entity"": ""result""}, {""entity"": ""hysteroscopy""}, {""entity"": ""curettage""}, {""entity"": ""evaluation""}] ","[{""entity"": ""showed""}, {""entity"": ""result""}, {""entity"": ""hysteroscopy""}, {""entity"": ""c"
"Hysteroscopy results showed that there were grade 4 adhesions in the uterine cavum, with a pale colored connective tissue in the uterine cavum, which refers to the diagnosis of secondary amenorrhea suspect tuberculosis endometritis, while the result of tissue curettage was examined on the Anatomical Pathology department.","[{'id': '7366', 'offsets': array([13, 20]), 'role': '', 'semantic_type_id': '', 'text': 'results', 'type': 'EVENT'}
 {'id': '7381', 'offsets': array([21, 27]), 'role': '', 'semantic_type_id': '', 'text': 'showed', 'type': 'EVENT'}
 {'id': '7396', 'offsets': array([52, 61]), 'role': '', 'semantic_type_id': '', 'text': 'adhesions', 'type': 'EVENT'}
 {'id': '7411', 'offsets': array([187, 197]), 'role': '', 'semantic_type_id': '', 'text': 'amenorrhea', 'type': 'EVENT'}
 {'id': '7426', 'offsets': array([219, 231]), 'role': '', 'semantic_type_id': '', 'text': 'endometritis', 'type': 'EVENT'}
 {'id': '7664', 'offsets': array([52, 82]), 'role': '', 'semantic_type_id': 'C0241593', 'text': 'adhesions in the uterine cavum', 'type': 'CLINENTITY'}
 {'id': '7671', 'offsets': array([177, 197]), 'role': '', 'semantic_type_id': 'C0425957', 'text': 'secondary amenorrhea', 'type': 'CLINENTITY'}
 {'id': '7678', 'offsets': array([206, 231]), 'role': '', 'semantic_type_id': 'C0275958', 'text': 'tuberculosis endometritis', 'type': 'CLINENTITY'}
 {'id': '7711', 'offsets': array([65, 82]), 'role': '', 'semantic_type_id': '', 'text': 'the uterine cavum', 'type': 'BODYPART'}
 {'id': '7717', 'offsets': array([104, 142]), 'role': '', 'semantic_type_id': '', 'text': 'connective tissue in the uterine cavum', 'type': 'BODYPART'}]","A 33-year-old woman came to Department of Fertility, Endocrinology and Reproduction at Saiful Anwar public Hospital and consulted that she has not menstruated since 5 years ago (28 years old). Her initial menarche was at the age of 14 years and it is in accordance with the normal growth of a child at her age. The patient had a regular menstrual period of 5-7 days, she replaced the pads for 2-3 times / day, and had no menstrual pain. The patient has a history of injective contraceptive that was done every once a month in 2010, and after the injection, she menstruated for two months and then it stopped. Based on clinical examination and a physical examination, the patient was diagnosed with secondary amenorrhea. Investigations that were used are ultrasonography, thorax X-ray and CT Scan Head. Ultrasonography and thorax X-Ray showed that patient is suspected to have right pleural effusion. CT-Scan examination showed that bilateral ethmoidal sinusitis and pituitary gland was within normal limits. The treatment plan in this patient is P test therapy with Prothyra 1x10 mg for 7 days, with control on 2 weeks after the use. P test showed a negative result, because after 14 days of progesterone consumption the prothyra is not bleeding. The treatment is followed by a E+P test (Estrogen+Progesterone) with Estrogen 1x0.625 mg for 21 days and an addition of Progesterone 1x10 mg on 12th -21st days, while the control was performed one week after the drug runs out. Based on the E+P test, the obtained results were FSH: 8.71 MIU/mL, LH: 3.1 IU/L, Prolactin: 319.4 ng/mL. The E+P test showed a negative result, so it was necessary to do hysteroscopy and curettage for the uterus evaluation. Hysteroscopy results showed that there were grade 4 adhesions in the uterine cavum, with a pale colored connective tissue in the uterine cavum, which refers to the diagnosis of secondary amenorrhea suspect tuberculosis endometritis, while the result of tissue curettage was examined on the Anatomical Pathology department. Results of anatomical pathology hysteroscopy showed endometrial tissue with stromal looks granulomas with lymphocytes, histiocytes, epithelioid and Langhans multinucleated giant cells and no malignancy was found in this preparation, which showed that patient's diagnosis is secondary amenorrhea suspected tuberculosis endometritis. Based on the Anatomical Pathology hysteroscopy result, treatment was done by using anti-tuberculosis drug category I (FDC 1X3 tab) for 6 months. Anatomical pathology result through macroscopic observation showed visible network of approximately 0.3 cm and 0.4 cm in diameter with a grayish-white color, while the microscopic observations showed fibromuscular tissue at high cylindrical epithelium with polyps shaped vacuolar, and inflammatory granulomatic and aplastic cells were not found.
",EN100275,"<|im_start|>user Extract the entities contained in the text. Extract only entities contained in the text.
Return the result in a json format: [{""entity"":""entity_name""}]. <<Hysteroscopy results showed that there were grade 4 adhesions in the uterine cavum, with a pale colored connective tissue in the uterine cavum, which refers to the diagnosis of secondary amenorrhea suspect tuberculosis endometritis, while the result of tissue curettage was examined on the Anatomical Pathology department.>>> <|im_end|><|im_start|>assistant[{""entity"": ""results""}, {""entity"": ""showed""}, {""entity"": ""adhesions""}, {""entity"": ""amenorrhea""}, {""entity"": ""endometritis""}, {""entity"": ""adhesions in the uterine cavum""}, {""entity"": ""secondary amenorrhea""}, {""entity"": ""tuberculosis endometritis""}, {""entity"": ""the uterine cavum""}, {""entity"": ""connective tissue in the uterine cavum""}] <|im_end|>","<|im_start|>user Extract the entities contained in the text. Extract only entities contained in the text.
Return the result in a json format: [{""entity"":""entity_name""}]. <<<We present a case of a 32-year-old woman with a history of gradual enlargement of the anterior neck.>>> <|im_end|><|im_start|>assistant [{""entity"": ""present""}, {""entity"": ""history""}, {""entity"": ""enlargement""}] <|im_end|>
<|im_start|>user Extract the entities contained in the text. Extract only entities contained in the text.
Return the result in a json format: [{""entity"":""entity_name""}]. <<<Patient information: a 9-month-old boy presented to the emergency room with a 3-day history of refusal to bear weight on the right lower extremity and febrile peaks of up to 38.5°C for 24 hours.>>> <|im_end|><|im_start|>assistant [{""entity"": ""presented""}, {""entity"": ""refusal""}, {""entity"": ""bear""}, {""entity"": ""peaks""}] <|im_end|>
<|im_start|>user Extract the entities contained in the text. Extract only entities contained in the text.
Return the result in a json format: [{""entity"":""entity_name""}]. <<Hysteroscopy results showed that there were grade 4 adhesions in the uterine cavum, with a pale colored connective tissue in the uterine cavum, which refers to the diagnosis of secondary amenorrhea suspect tuberculosis endometritis, while the result of tissue curettage was examined on the Anatomical Pathology department.>>> <|im_end|><|im_start|>assistant","[{""entity"": ""results""}, {""entity"": ""showed""}, {""entity"": ""adhesions""}, {""entity"": ""amenorrhea""}, {""entity"": ""endometritis""}, {""entity"": ""adhesions in the uterine cavum""}, {""entity"": ""secondary amenorrhea""}, {""entity"": ""tuberculosis endometritis""}, {""entity"": ""the uterine cavum""}, {""entity"": ""connective tissue in the uterine cavum""}] ","[{""entity"": ""results""}, {""entity"": ""showed""}, {""entity"": ""adhesions""}, {""entity"": ""tissue"
"Results of anatomical pathology hysteroscopy showed endometrial tissue with stromal looks granulomas with lymphocytes, histiocytes, epithelioid and Langhans multinucleated giant cells and no malignancy was found in this preparation, which showed that patient's diagnosis is secondary amenorrhea suspected tuberculosis endometritis.","[{'id': '7441', 'offsets': array([32, 44]), 'role': '', 'semantic_type_id': '', 'text': 'hysteroscopy', 'type': 'EVENT'}
 {'id': '7456', 'offsets': array([45, 51]), 'role': '', 'semantic_type_id': '', 'text': 'showed', 'type': 'EVENT'}
 {'id': '7471', 'offsets': array([191, 201]), 'role': '', 'semantic_type_id': '', 'text': 'malignancy', 'type': 'EVENT'}
 {'id': '7486', 'offsets': array([239, 245]), 'role': '', 'semantic_type_id': '', 'text': 'showed', 'type': 'EVENT'}
 {'id': '7501', 'offsets': array([284, 294]), 'role': '', 'semantic_type_id': '', 'text': 'amenorrhea', 'type': 'EVENT'}
 {'id': '7516', 'offsets': array([318, 330]), 'role': '', 'semantic_type_id': '', 'text': 'endometritis', 'type': 'EVENT'}
 {'id': '7685', 'offsets': array([274, 294]), 'role': '', 'semantic_type_id': 'C0425967', 'text': 'secondary amenorrhea', 'type': 'CLINENTITY'}
 {'id': '7692', 'offsets': array([305, 330]), 'role': '', 'semantic_type_id': 'C0275958', 'text': 'tuberculosis endometritis', 'type': 'CLINENTITY'}
 {'id': '7723', 'offsets': array([ 52, 183]), 'role': '', 'semantic_type_id': '', 'text': 'endometrial tissue with stromal looks granulomas with lymphocytes, histiocytes, epithelioid and Langhans multinucleated giant cells', 'type': 'BODYPART'}]","A 33-year-old woman came to Department of Fertility, Endocrinology and Reproduction at Saiful Anwar public Hospital and consulted that she has not menstruated since 5 years ago (28 years old). Her initial menarche was at the age of 14 years and it is in accordance with the normal growth of a child at her age. The patient had a regular menstrual period of 5-7 days, she replaced the pads for 2-3 times / day, and had no menstrual pain. The patient has a history of injective contraceptive that was done every once a month in 2010, and after the injection, she menstruated for two months and then it stopped. Based on clinical examination and a physical examination, the patient was diagnosed with secondary amenorrhea. Investigations that were used are ultrasonography, thorax X-ray and CT Scan Head. Ultrasonography and thorax X-Ray showed that patient is suspected to have right pleural effusion. CT-Scan examination showed that bilateral ethmoidal sinusitis and pituitary gland was within normal limits. The treatment plan in this patient is P test therapy with Prothyra 1x10 mg for 7 days, with control on 2 weeks after the use. P test showed a negative result, because after 14 days of progesterone consumption the prothyra is not bleeding. The treatment is followed by a E+P test (Estrogen+Progesterone) with Estrogen 1x0.625 mg for 21 days and an addition of Progesterone 1x10 mg on 12th -21st days, while the control was performed one week after the drug runs out. Based on the E+P test, the obtained results were FSH: 8.71 MIU/mL, LH: 3.1 IU/L, Prolactin: 319.4 ng/mL. The E+P test showed a negative result, so it was necessary to do hysteroscopy and curettage for the uterus evaluation. Hysteroscopy results showed that there were grade 4 adhesions in the uterine cavum, with a pale colored connective tissue in the uterine cavum, which refers to the diagnosis of secondary amenorrhea suspect tuberculosis endometritis, while the result of tissue curettage was examined on the Anatomical Pathology department. Results of anatomical pathology hysteroscopy showed endometrial tissue with stromal looks granulomas with lymphocytes, histiocytes, epithelioid and Langhans multinucleated giant cells and no malignancy was found in this preparation, which showed that patient's diagnosis is secondary amenorrhea suspected tuberculosis endometritis. Based on the Anatomical Pathology hysteroscopy result, treatment was done by using anti-tuberculosis drug category I (FDC 1X3 tab) for 6 months. Anatomical pathology result through macroscopic observation showed visible network of approximately 0.3 cm and 0.4 cm in diameter with a grayish-white color, while the microscopic observations showed fibromuscular tissue at high cylindrical epithelium with polyps shaped vacuolar, and inflammatory granulomatic and aplastic cells were not found.
",EN100275,"<|im_start|>user Extract the entities contained in the text. Extract only entities contained in the text.
Return the result in a json format: [{""entity"":""entity_name""}]. <<Results of anatomical pathology hysteroscopy showed endometrial tissue with stromal looks granulomas with lymphocytes, histiocytes, epithelioid and Langhans multinucleated giant cells and no malignancy was found in this preparation, which showed that patient's diagnosis is secondary amenorrhea suspected tuberculosis endometritis.>>> <|im_end|><|im_start|>assistant[{""entity"": ""hysteroscopy""}, {""entity"": ""showed""}, {""entity"": ""malignancy""}, {""entity"": ""showed""}, {""entity"": ""amenorrhea""}, {""entity"": ""endometritis""}, {""entity"": ""secondary amenorrhea""}, {""entity"": ""tuberculosis endometritis""}, {""entity"": ""endometrial tissue with stromal looks granulomas with lymphocytes, histiocytes, epithelioid and Langhans multinucleated giant cells""}] <|im_end|>","<|im_start|>user Extract the entities contained in the text. Extract only entities contained in the text.
Return the result in a json format: [{""entity"":""entity_name""}]. <<<We present a case of a 32-year-old woman with a history of gradual enlargement of the anterior neck.>>> <|im_end|><|im_start|>assistant [{""entity"": ""present""}, {""entity"": ""history""}, {""entity"": ""enlargement""}] <|im_end|>
<|im_start|>user Extract the entities contained in the text. Extract only entities contained in the text.
Return the result in a json format: [{""entity"":""entity_name""}]. <<<Patient information: a 9-month-old boy presented to the emergency room with a 3-day history of refusal to bear weight on the right lower extremity and febrile peaks of up to 38.5°C for 24 hours.>>> <|im_end|><|im_start|>assistant [{""entity"": ""presented""}, {""entity"": ""refusal""}, {""entity"": ""bear""}, {""entity"": ""peaks""}] <|im_end|>
<|im_start|>user Extract the entities contained in the text. Extract only entities contained in the text.
Return the result in a json format: [{""entity"":""entity_name""}]. <<Results of anatomical pathology hysteroscopy showed endometrial tissue with stromal looks granulomas with lymphocytes, histiocytes, epithelioid and Langhans multinucleated giant cells and no malignancy was found in this preparation, which showed that patient's diagnosis is secondary amenorrhea suspected tuberculosis endometritis.>>> <|im_end|><|im_start|>assistant","[{""entity"": ""hysteroscopy""}, {""entity"": ""showed""}, {""entity"": ""malignancy""}, {""entity"": ""showed""}, {""entity"": ""amenorrhea""}, {""entity"": ""endometritis""}, {""entity"": ""secondary amenorrhea""}, {""entity"": ""tuberculosis endometritis""}, {""entity"": ""endometrial tissue with stromal looks granulomas with lymphocytes, histiocytes, epithelioid and Langhans multinucleated giant cells""}] ","[{""entity"": ""pathology""}, {""entity"": ""hysteroscopy""}, {""entity"": ""showed""}, {""entity"": """
"Based on the Anatomical Pathology hysteroscopy result, treatment was done by using anti-tuberculosis drug category I (FDC 1X3 tab) for 6 months.","[{'id': '7531', 'offsets': array([47, 53]), 'role': '', 'semantic_type_id': '', 'text': 'result', 'type': 'EVENT'}
 {'id': '7546', 'offsets': array([55, 64]), 'role': '', 'semantic_type_id': '', 'text': 'treatment', 'type': 'EVENT'}
 {'id': '7936', 'offsets': array([131, 143]), 'role': '', 'semantic_type_id': '', 'text': 'for 6 months', 'type': 'TIMEX3'}]","A 33-year-old woman came to Department of Fertility, Endocrinology and Reproduction at Saiful Anwar public Hospital and consulted that she has not menstruated since 5 years ago (28 years old). Her initial menarche was at the age of 14 years and it is in accordance with the normal growth of a child at her age. The patient had a regular menstrual period of 5-7 days, she replaced the pads for 2-3 times / day, and had no menstrual pain. The patient has a history of injective contraceptive that was done every once a month in 2010, and after the injection, she menstruated for two months and then it stopped. Based on clinical examination and a physical examination, the patient was diagnosed with secondary amenorrhea. Investigations that were used are ultrasonography, thorax X-ray and CT Scan Head. Ultrasonography and thorax X-Ray showed that patient is suspected to have right pleural effusion. CT-Scan examination showed that bilateral ethmoidal sinusitis and pituitary gland was within normal limits. The treatment plan in this patient is P test therapy with Prothyra 1x10 mg for 7 days, with control on 2 weeks after the use. P test showed a negative result, because after 14 days of progesterone consumption the prothyra is not bleeding. The treatment is followed by a E+P test (Estrogen+Progesterone) with Estrogen 1x0.625 mg for 21 days and an addition of Progesterone 1x10 mg on 12th -21st days, while the control was performed one week after the drug runs out. Based on the E+P test, the obtained results were FSH: 8.71 MIU/mL, LH: 3.1 IU/L, Prolactin: 319.4 ng/mL. The E+P test showed a negative result, so it was necessary to do hysteroscopy and curettage for the uterus evaluation. Hysteroscopy results showed that there were grade 4 adhesions in the uterine cavum, with a pale colored connective tissue in the uterine cavum, which refers to the diagnosis of secondary amenorrhea suspect tuberculosis endometritis, while the result of tissue curettage was examined on the Anatomical Pathology department. Results of anatomical pathology hysteroscopy showed endometrial tissue with stromal looks granulomas with lymphocytes, histiocytes, epithelioid and Langhans multinucleated giant cells and no malignancy was found in this preparation, which showed that patient's diagnosis is secondary amenorrhea suspected tuberculosis endometritis. Based on the Anatomical Pathology hysteroscopy result, treatment was done by using anti-tuberculosis drug category I (FDC 1X3 tab) for 6 months. Anatomical pathology result through macroscopic observation showed visible network of approximately 0.3 cm and 0.4 cm in diameter with a grayish-white color, while the microscopic observations showed fibromuscular tissue at high cylindrical epithelium with polyps shaped vacuolar, and inflammatory granulomatic and aplastic cells were not found.
",EN100275,"<|im_start|>user Extract the entities contained in the text. Extract only entities contained in the text.
Return the result in a json format: [{""entity"":""entity_name""}]. <<Based on the Anatomical Pathology hysteroscopy result, treatment was done by using anti-tuberculosis drug category I (FDC 1X3 tab) for 6 months.>>> <|im_end|><|im_start|>assistant[{""entity"": ""result""}, {""entity"": ""treatment""}, {""entity"": ""for 6 months""}] <|im_end|>","<|im_start|>user Extract the entities contained in the text. Extract only entities contained in the text.
Return the result in a json format: [{""entity"":""entity_name""}]. <<<We present a case of a 32-year-old woman with a history of gradual enlargement of the anterior neck.>>> <|im_end|><|im_start|>assistant [{""entity"": ""present""}, {""entity"": ""history""}, {""entity"": ""enlargement""}] <|im_end|>
<|im_start|>user Extract the entities contained in the text. Extract only entities contained in the text.
Return the result in a json format: [{""entity"":""entity_name""}]. <<<Patient information: a 9-month-old boy presented to the emergency room with a 3-day history of refusal to bear weight on the right lower extremity and febrile peaks of up to 38.5°C for 24 hours.>>> <|im_end|><|im_start|>assistant [{""entity"": ""presented""}, {""entity"": ""refusal""}, {""entity"": ""bear""}, {""entity"": ""peaks""}] <|im_end|>
<|im_start|>user Extract the entities contained in the text. Extract only entities contained in the text.
Return the result in a json format: [{""entity"":""entity_name""}]. <<Based on the Anatomical Pathology hysteroscopy result, treatment was done by using anti-tuberculosis drug category I (FDC 1X3 tab) for 6 months.>>> <|im_end|><|im_start|>assistant","[{""entity"": ""result""}, {""entity"": ""treatment""}, {""entity"": ""for 6 months""}] ","[{""entity"": ""result""}, {""entity"": ""treatment""}, {""entity"": ""drug""}, {""entity"": ""category""}, {""entity"
"Anatomical pathology result through macroscopic observation showed visible network of approximately 0.3 cm and 0.4 cm in diameter with a grayish-white color, while the microscopic observations showed fibromuscular tissue at high cylindrical epithelium with polyps shaped vacuolar, and inflammatory granulomatic and aplastic cells were not found.","[{'id': '7561', 'offsets': array([21, 27]), 'role': '', 'semantic_type_id': '', 'text': 'result', 'type': 'EVENT'}
 {'id': '7576', 'offsets': array([60, 66]), 'role': '', 'semantic_type_id': '', 'text': 'showed', 'type': 'EVENT'}
 {'id': '7591', 'offsets': array([180, 192]), 'role': '', 'semantic_type_id': '', 'text': 'observations', 'type': 'EVENT'}
 {'id': '7606', 'offsets': array([193, 199]), 'role': '', 'semantic_type_id': '', 'text': 'showed', 'type': 'EVENT'}
 {'id': '7621', 'offsets': array([339, 344]), 'role': '', 'semantic_type_id': '', 'text': 'found', 'type': 'EVENT'}
 {'id': '7729', 'offsets': array([200, 220]), 'role': '', 'semantic_type_id': '', 'text': 'fibromuscular tissue', 'type': 'BODYPART'}
 {'id': '7735', 'offsets': array([224, 251]), 'role': '', 'semantic_type_id': '', 'text': 'high cylindrical epithelium', 'type': 'BODYPART'}
 {'id': '7741', 'offsets': array([285, 329]), 'role': '', 'semantic_type_id': '', 'text': 'inflammatory granulomatic and aplastic cells', 'type': 'BODYPART'}]","A 33-year-old woman came to Department of Fertility, Endocrinology and Reproduction at Saiful Anwar public Hospital and consulted that she has not menstruated since 5 years ago (28 years old). Her initial menarche was at the age of 14 years and it is in accordance with the normal growth of a child at her age. The patient had a regular menstrual period of 5-7 days, she replaced the pads for 2-3 times / day, and had no menstrual pain. The patient has a history of injective contraceptive that was done every once a month in 2010, and after the injection, she menstruated for two months and then it stopped. Based on clinical examination and a physical examination, the patient was diagnosed with secondary amenorrhea. Investigations that were used are ultrasonography, thorax X-ray and CT Scan Head. Ultrasonography and thorax X-Ray showed that patient is suspected to have right pleural effusion. CT-Scan examination showed that bilateral ethmoidal sinusitis and pituitary gland was within normal limits. The treatment plan in this patient is P test therapy with Prothyra 1x10 mg for 7 days, with control on 2 weeks after the use. P test showed a negative result, because after 14 days of progesterone consumption the prothyra is not bleeding. The treatment is followed by a E+P test (Estrogen+Progesterone) with Estrogen 1x0.625 mg for 21 days and an addition of Progesterone 1x10 mg on 12th -21st days, while the control was performed one week after the drug runs out. Based on the E+P test, the obtained results were FSH: 8.71 MIU/mL, LH: 3.1 IU/L, Prolactin: 319.4 ng/mL. The E+P test showed a negative result, so it was necessary to do hysteroscopy and curettage for the uterus evaluation. Hysteroscopy results showed that there were grade 4 adhesions in the uterine cavum, with a pale colored connective tissue in the uterine cavum, which refers to the diagnosis of secondary amenorrhea suspect tuberculosis endometritis, while the result of tissue curettage was examined on the Anatomical Pathology department. Results of anatomical pathology hysteroscopy showed endometrial tissue with stromal looks granulomas with lymphocytes, histiocytes, epithelioid and Langhans multinucleated giant cells and no malignancy was found in this preparation, which showed that patient's diagnosis is secondary amenorrhea suspected tuberculosis endometritis. Based on the Anatomical Pathology hysteroscopy result, treatment was done by using anti-tuberculosis drug category I (FDC 1X3 tab) for 6 months. Anatomical pathology result through macroscopic observation showed visible network of approximately 0.3 cm and 0.4 cm in diameter with a grayish-white color, while the microscopic observations showed fibromuscular tissue at high cylindrical epithelium with polyps shaped vacuolar, and inflammatory granulomatic and aplastic cells were not found.
",EN100275,"<|im_start|>user Extract the entities contained in the text. Extract only entities contained in the text.
Return the result in a json format: [{""entity"":""entity_name""}]. <<Anatomical pathology result through macroscopic observation showed visible network of approximately 0.3 cm and 0.4 cm in diameter with a grayish-white color, while the microscopic observations showed fibromuscular tissue at high cylindrical epithelium with polyps shaped vacuolar, and inflammatory granulomatic and aplastic cells were not found.>>> <|im_end|><|im_start|>assistant[{""entity"": ""result""}, {""entity"": ""showed""}, {""entity"": ""observations""}, {""entity"": ""showed""}, {""entity"": ""found""}, {""entity"": ""fibromuscular tissue""}, {""entity"": ""high cylindrical epithelium""}, {""entity"": ""inflammatory granulomatic and aplastic cells""}] <|im_end|>","<|im_start|>user Extract the entities contained in the text. Extract only entities contained in the text.
Return the result in a json format: [{""entity"":""entity_name""}]. <<<We present a case of a 32-year-old woman with a history of gradual enlargement of the anterior neck.>>> <|im_end|><|im_start|>assistant [{""entity"": ""present""}, {""entity"": ""history""}, {""entity"": ""enlargement""}] <|im_end|>
<|im_start|>user Extract the entities contained in the text. Extract only entities contained in the text.
Return the result in a json format: [{""entity"":""entity_name""}]. <<<Patient information: a 9-month-old boy presented to the emergency room with a 3-day history of refusal to bear weight on the right lower extremity and febrile peaks of up to 38.5°C for 24 hours.>>> <|im_end|><|im_start|>assistant [{""entity"": ""presented""}, {""entity"": ""refusal""}, {""entity"": ""bear""}, {""entity"": ""peaks""}] <|im_end|>
<|im_start|>user Extract the entities contained in the text. Extract only entities contained in the text.
Return the result in a json format: [{""entity"":""entity_name""}]. <<Anatomical pathology result through macroscopic observation showed visible network of approximately 0.3 cm and 0.4 cm in diameter with a grayish-white color, while the microscopic observations showed fibromuscular tissue at high cylindrical epithelium with polyps shaped vacuolar, and inflammatory granulomatic and aplastic cells were not found.>>> <|im_end|><|im_start|>assistant","[{""entity"": ""result""}, {""entity"": ""showed""}, {""entity"": ""observations""}, {""entity"": ""showed""}, {""entity"": ""found""}, {""entity"": ""fibromuscular tissue""}, {""entity"": ""high cylindrical epithelium""}, {""entity"": ""inflammatory granulomatic and aplastic cells""}] ","[{""entity"": ""result""}, {""entity"": ""observation""}, {""entity"": ""showed""}, {""entity"": ""network""}, {""entity"
A 32-year-old female patient with Kniest syndrome presented at our department with a painful pseudarthrosis after femoral valgisation osteotomy 8 years ago.,"[{'id': '1843', 'offsets': array([41, 49]), 'role': '', 'semantic_type_id': '', 'text': 'syndrome', 'type': 'EVENT'}
 {'id': '1858', 'offsets': array([50, 59]), 'role': '', 'semantic_type_id': '', 'text': 'presented', 'type': 'EVENT'}
 {'id': '1873', 'offsets': array([ 93, 107]), 'role': '', 'semantic_type_id': '', 'text': 'pseudarthrosis', 'type': 'EVENT'}
 {'id': '1888', 'offsets': array([134, 143]), 'role': '', 'semantic_type_id': '', 'text': 'osteotomy', 'type': 'EVENT'}
 {'id': '2173', 'offsets': array([34, 49]), 'role': '', 'semantic_type_id': 'C0265279', 'text': 'Kniest syndrome', 'type': 'CLINENTITY'}
 {'id': '2225', 'offsets': array([ 0, 28]), 'role': 'PATIENT', 'semantic_type_id': '', 'text': 'A 32-year-old female patient', 'type': 'ACTOR'}
 {'id': '2246', 'offsets': array([144, 155]), 'role': '', 'semantic_type_id': '', 'text': '8 years ago', 'type': 'TIMEX3'}]","A 32-year-old female patient with Kniest syndrome presented at our department with a painful pseudarthrosis after femoral valgisation osteotomy 8 years ago. A Wagner cone stem and acetabular roof cup with a cemented Ecofit cup 2M (dual-articulation acetabular cup system) were implanted due to a dysplastic femur with a small medullary space. The Ecofit cup itself is associated with a reduced risk of dislocation. The patient was satisfied with the range of motion after hip endoprosthesis and reported a significant increase in quality of life. The patient is still comfortable with the hip prosthesis at the most recent follow-up 4 years after implantation. Follow-up radiographs over 4 years have not revealed any signs of loosening or migration, and no Trendelenburg sign was reported for the affected side.
",EN102305,"<|im_start|>user Extract the entities contained in the text. Extract only entities contained in the text.
Return the result in a json format: [{""entity"":""entity_name""}]. <<A 32-year-old female patient with Kniest syndrome presented at our department with a painful pseudarthrosis after femoral valgisation osteotomy 8 years ago.>>> <|im_end|><|im_start|>assistant[{""entity"": ""syndrome""}, {""entity"": ""presented""}, {""entity"": ""pseudarthrosis""}, {""entity"": ""osteotomy""}, {""entity"": ""Kniest syndrome""}, {""entity"": ""A 32-year-old female patient""}, {""entity"": ""8 years ago""}] <|im_end|>","<|im_start|>user Extract the entities contained in the text. Extract only entities contained in the text.
Return the result in a json format: [{""entity"":""entity_name""}]. <<<We present a case of a 32-year-old woman with a history of gradual enlargement of the anterior neck.>>> <|im_end|><|im_start|>assistant [{""entity"": ""present""}, {""entity"": ""history""}, {""entity"": ""enlargement""}] <|im_end|>
<|im_start|>user Extract the entities contained in the text. Extract only entities contained in the text.
Return the result in a json format: [{""entity"":""entity_name""}]. <<<Patient information: a 9-month-old boy presented to the emergency room with a 3-day history of refusal to bear weight on the right lower extremity and febrile peaks of up to 38.5°C for 24 hours.>>> <|im_end|><|im_start|>assistant [{""entity"": ""presented""}, {""entity"": ""refusal""}, {""entity"": ""bear""}, {""entity"": ""peaks""}] <|im_end|>
<|im_start|>user Extract the entities contained in the text. Extract only entities contained in the text.
Return the result in a json format: [{""entity"":""entity_name""}]. <<A 32-year-old female patient with Kniest syndrome presented at our department with a painful pseudarthrosis after femoral valgisation osteotomy 8 years ago.>>> <|im_end|><|im_start|>assistant","[{""entity"": ""syndrome""}, {""entity"": ""presented""}, {""entity"": ""pseudarthrosis""}, {""entity"": ""osteotomy""}, {""entity"": ""Kniest syndrome""}, {""entity"": ""A 32-year-old female patient""}, {""entity"": ""8 years ago""}] ","[{""entity"": ""syndrome""}, {""entity"": ""presented""}, {""entity"": ""osteotomy""}, {""entity"": ""p"
A Wagner cone stem and acetabular roof cup with a cemented Ecofit cup 2M (dual-articulation acetabular cup system) were implanted due to a dysplastic femur with a small medullary space.,"[{'id': '1903', 'offsets': array([120, 129]), 'role': '', 'semantic_type_id': '', 'text': 'implanted', 'type': 'EVENT'}
 {'id': '2187', 'offsets': array([139, 155]), 'role': '', 'semantic_type_id': 'C4021251', 'text': 'dysplastic femur', 'type': 'CLINENTITY'}
 {'id': '2201', 'offsets': array([23, 38]), 'role': '', 'semantic_type_id': '', 'text': 'acetabular roof', 'type': 'BODYPART'}
 {'id': '2207', 'offsets': array([137, 184]), 'role': '', 'semantic_type_id': '', 'text': 'a dysplastic femur with a small medullary space', 'type': 'BODYPART'}]","A 32-year-old female patient with Kniest syndrome presented at our department with a painful pseudarthrosis after femoral valgisation osteotomy 8 years ago. A Wagner cone stem and acetabular roof cup with a cemented Ecofit cup 2M (dual-articulation acetabular cup system) were implanted due to a dysplastic femur with a small medullary space. The Ecofit cup itself is associated with a reduced risk of dislocation. The patient was satisfied with the range of motion after hip endoprosthesis and reported a significant increase in quality of life. The patient is still comfortable with the hip prosthesis at the most recent follow-up 4 years after implantation. Follow-up radiographs over 4 years have not revealed any signs of loosening or migration, and no Trendelenburg sign was reported for the affected side.
",EN102305,"<|im_start|>user Extract the entities contained in the text. Extract only entities contained in the text.
Return the result in a json format: [{""entity"":""entity_name""}]. <<A Wagner cone stem and acetabular roof cup with a cemented Ecofit cup 2M (dual-articulation acetabular cup system) were implanted due to a dysplastic femur with a small medullary space.>>> <|im_end|><|im_start|>assistant[{""entity"": ""implanted""}, {""entity"": ""dysplastic femur""}, {""entity"": ""acetabular roof""}, {""entity"": ""a dysplastic femur with a small medullary space""}] <|im_end|>","<|im_start|>user Extract the entities contained in the text. Extract only entities contained in the text.
Return the result in a json format: [{""entity"":""entity_name""}]. <<<We present a case of a 32-year-old woman with a history of gradual enlargement of the anterior neck.>>> <|im_end|><|im_start|>assistant [{""entity"": ""present""}, {""entity"": ""history""}, {""entity"": ""enlargement""}] <|im_end|>
<|im_start|>user Extract the entities contained in the text. Extract only entities contained in the text.
Return the result in a json format: [{""entity"":""entity_name""}]. <<<Patient information: a 9-month-old boy presented to the emergency room with a 3-day history of refusal to bear weight on the right lower extremity and febrile peaks of up to 38.5°C for 24 hours.>>> <|im_end|><|im_start|>assistant [{""entity"": ""presented""}, {""entity"": ""refusal""}, {""entity"": ""bear""}, {""entity"": ""peaks""}] <|im_end|>
<|im_start|>user Extract the entities contained in the text. Extract only entities contained in the text.
Return the result in a json format: [{""entity"":""entity_name""}]. <<A Wagner cone stem and acetabular roof cup with a cemented Ecofit cup 2M (dual-articulation acetabular cup system) were implanted due to a dysplastic femur with a small medullary space.>>> <|im_end|><|im_start|>assistant","[{""entity"": ""implanted""}, {""entity"": ""dysplastic femur""}, {""entity"": ""acetabular roof""}, {""entity"": ""a dysplastic femur with a small medullary space""}] ","[{""entity"": ""implanted""}, {""entity"": ""dysplastic femur""}, {""entity"": ""small medullary space"
The Ecofit cup itself is associated with a reduced risk of dislocation.,"[{'id': '1918', 'offsets': array([25, 35]), 'role': '', 'semantic_type_id': '', 'text': 'associated', 'type': 'EVENT'}
 {'id': '1933', 'offsets': array([59, 70]), 'role': '', 'semantic_type_id': '', 'text': 'dislocation', 'type': 'EVENT'}]","A 32-year-old female patient with Kniest syndrome presented at our department with a painful pseudarthrosis after femoral valgisation osteotomy 8 years ago. A Wagner cone stem and acetabular roof cup with a cemented Ecofit cup 2M (dual-articulation acetabular cup system) were implanted due to a dysplastic femur with a small medullary space. The Ecofit cup itself is associated with a reduced risk of dislocation. The patient was satisfied with the range of motion after hip endoprosthesis and reported a significant increase in quality of life. The patient is still comfortable with the hip prosthesis at the most recent follow-up 4 years after implantation. Follow-up radiographs over 4 years have not revealed any signs of loosening or migration, and no Trendelenburg sign was reported for the affected side.
",EN102305,"<|im_start|>user Extract the entities contained in the text. Extract only entities contained in the text.
Return the result in a json format: [{""entity"":""entity_name""}]. <<The Ecofit cup itself is associated with a reduced risk of dislocation.>>> <|im_end|><|im_start|>assistant[{""entity"": ""associated""}, {""entity"": ""dislocation""}] <|im_end|>","<|im_start|>user Extract the entities contained in the text. Extract only entities contained in the text.
Return the result in a json format: [{""entity"":""entity_name""}]. <<<We present a case of a 32-year-old woman with a history of gradual enlargement of the anterior neck.>>> <|im_end|><|im_start|>assistant [{""entity"": ""present""}, {""entity"": ""history""}, {""entity"": ""enlargement""}] <|im_end|>
<|im_start|>user Extract the entities contained in the text. Extract only entities contained in the text.
Return the result in a json format: [{""entity"":""entity_name""}]. <<<Patient information: a 9-month-old boy presented to the emergency room with a 3-day history of refusal to bear weight on the right lower extremity and febrile peaks of up to 38.5°C for 24 hours.>>> <|im_end|><|im_start|>assistant [{""entity"": ""presented""}, {""entity"": ""refusal""}, {""entity"": ""bear""}, {""entity"": ""peaks""}] <|im_end|>
<|im_start|>user Extract the entities contained in the text. Extract only entities contained in the text.
Return the result in a json format: [{""entity"":""entity_name""}]. <<The Ecofit cup itself is associated with a reduced risk of dislocation.>>> <|im_end|><|im_start|>assistant","[{""entity"": ""associated""}, {""entity"": ""dislocation""}] ","[{""entity"": ""cup""}, {""entity"": ""risk""}, {""entity"": ""dislocation""}, {""entity"": ""The Ecofit cup"
The patient was satisfied with the range of motion after hip endoprosthesis and reported a significant increase in quality of life.,"[{'id': '1948', 'offsets': array([16, 25]), 'role': '', 'semantic_type_id': '', 'text': 'satisfied', 'type': 'EVENT'}
 {'id': '1963', 'offsets': array([44, 50]), 'role': '', 'semantic_type_id': '', 'text': 'motion', 'type': 'EVENT'}
 {'id': '1978', 'offsets': array([61, 75]), 'role': '', 'semantic_type_id': '', 'text': 'endoprosthesis', 'type': 'EVENT'}
 {'id': '1993', 'offsets': array([80, 88]), 'role': '', 'semantic_type_id': '', 'text': 'reported', 'type': 'EVENT'}
 {'id': '2008', 'offsets': array([103, 111]), 'role': '', 'semantic_type_id': '', 'text': 'increase', 'type': 'EVENT'}
 {'id': '2213', 'offsets': array([57, 60]), 'role': '', 'semantic_type_id': '', 'text': 'hip', 'type': 'BODYPART'}
 {'id': '2232', 'offsets': array([ 0, 11]), 'role': 'PATIENT', 'semantic_type_id': '', 'text': 'The patient', 'type': 'ACTOR'}]","A 32-year-old female patient with Kniest syndrome presented at our department with a painful pseudarthrosis after femoral valgisation osteotomy 8 years ago. A Wagner cone stem and acetabular roof cup with a cemented Ecofit cup 2M (dual-articulation acetabular cup system) were implanted due to a dysplastic femur with a small medullary space. The Ecofit cup itself is associated with a reduced risk of dislocation. The patient was satisfied with the range of motion after hip endoprosthesis and reported a significant increase in quality of life. The patient is still comfortable with the hip prosthesis at the most recent follow-up 4 years after implantation. Follow-up radiographs over 4 years have not revealed any signs of loosening or migration, and no Trendelenburg sign was reported for the affected side.
",EN102305,"<|im_start|>user Extract the entities contained in the text. Extract only entities contained in the text.
Return the result in a json format: [{""entity"":""entity_name""}]. <<The patient was satisfied with the range of motion after hip endoprosthesis and reported a significant increase in quality of life.>>> <|im_end|><|im_start|>assistant[{""entity"": ""satisfied""}, {""entity"": ""motion""}, {""entity"": ""endoprosthesis""}, {""entity"": ""reported""}, {""entity"": ""increase""}, {""entity"": ""hip""}, {""entity"": ""The patient""}] <|im_end|>","<|im_start|>user Extract the entities contained in the text. Extract only entities contained in the text.
Return the result in a json format: [{""entity"":""entity_name""}]. <<<We present a case of a 32-year-old woman with a history of gradual enlargement of the anterior neck.>>> <|im_end|><|im_start|>assistant [{""entity"": ""present""}, {""entity"": ""history""}, {""entity"": ""enlargement""}] <|im_end|>
<|im_start|>user Extract the entities contained in the text. Extract only entities contained in the text.
Return the result in a json format: [{""entity"":""entity_name""}]. <<<Patient information: a 9-month-old boy presented to the emergency room with a 3-day history of refusal to bear weight on the right lower extremity and febrile peaks of up to 38.5°C for 24 hours.>>> <|im_end|><|im_start|>assistant [{""entity"": ""presented""}, {""entity"": ""refusal""}, {""entity"": ""bear""}, {""entity"": ""peaks""}] <|im_end|>
<|im_start|>user Extract the entities contained in the text. Extract only entities contained in the text.
Return the result in a json format: [{""entity"":""entity_name""}]. <<The patient was satisfied with the range of motion after hip endoprosthesis and reported a significant increase in quality of life.>>> <|im_end|><|im_start|>assistant","[{""entity"": ""satisfied""}, {""entity"": ""motion""}, {""entity"": ""endoprosthesis""}, {""entity"": ""reported""}, {""entity"": ""increase""}, {""entity"": ""hip""}, {""entity"": ""The patient""}] ","[{""entity"": ""satisfied""}, {""entity"": ""motion""}, {""entity"": ""reported""}, {""entity"": ""increase""}, {""entity"
The patient is still comfortable with the hip prosthesis at the most recent follow-up 4 years after implantation.,"[{'id': '2023', 'offsets': array([21, 32]), 'role': '', 'semantic_type_id': '', 'text': 'comfortable', 'type': 'EVENT'}
 {'id': '2038', 'offsets': array([76, 85]), 'role': '', 'semantic_type_id': '', 'text': 'follow-up', 'type': 'EVENT'}
 {'id': '2053', 'offsets': array([100, 112]), 'role': '', 'semantic_type_id': '', 'text': 'implantation', 'type': 'EVENT'}
 {'id': '2219', 'offsets': array([42, 45]), 'role': '', 'semantic_type_id': '', 'text': 'hip', 'type': 'BODYPART'}
 {'id': '2239', 'offsets': array([ 0, 11]), 'role': 'PATIENT', 'semantic_type_id': '', 'text': 'The patient', 'type': 'ACTOR'}
 {'id': '2255', 'offsets': array([86, 93]), 'role': '', 'semantic_type_id': '', 'text': '4 years', 'type': 'TIMEX3'}]","A 32-year-old female patient with Kniest syndrome presented at our department with a painful pseudarthrosis after femoral valgisation osteotomy 8 years ago. A Wagner cone stem and acetabular roof cup with a cemented Ecofit cup 2M (dual-articulation acetabular cup system) were implanted due to a dysplastic femur with a small medullary space. The Ecofit cup itself is associated with a reduced risk of dislocation. The patient was satisfied with the range of motion after hip endoprosthesis and reported a significant increase in quality of life. The patient is still comfortable with the hip prosthesis at the most recent follow-up 4 years after implantation. Follow-up radiographs over 4 years have not revealed any signs of loosening or migration, and no Trendelenburg sign was reported for the affected side.
",EN102305,"<|im_start|>user Extract the entities contained in the text. Extract only entities contained in the text.
Return the result in a json format: [{""entity"":""entity_name""}]. <<The patient is still comfortable with the hip prosthesis at the most recent follow-up 4 years after implantation.>>> <|im_end|><|im_start|>assistant[{""entity"": ""comfortable""}, {""entity"": ""follow-up""}, {""entity"": ""implantation""}, {""entity"": ""hip""}, {""entity"": ""The patient""}, {""entity"": ""4 years""}] <|im_end|>","<|im_start|>user Extract the entities contained in the text. Extract only entities contained in the text.
Return the result in a json format: [{""entity"":""entity_name""}]. <<<We present a case of a 32-year-old woman with a history of gradual enlargement of the anterior neck.>>> <|im_end|><|im_start|>assistant [{""entity"": ""present""}, {""entity"": ""history""}, {""entity"": ""enlargement""}] <|im_end|>
<|im_start|>user Extract the entities contained in the text. Extract only entities contained in the text.
Return the result in a json format: [{""entity"":""entity_name""}]. <<<Patient information: a 9-month-old boy presented to the emergency room with a 3-day history of refusal to bear weight on the right lower extremity and febrile peaks of up to 38.5°C for 24 hours.>>> <|im_end|><|im_start|>assistant [{""entity"": ""presented""}, {""entity"": ""refusal""}, {""entity"": ""bear""}, {""entity"": ""peaks""}] <|im_end|>
<|im_start|>user Extract the entities contained in the text. Extract only entities contained in the text.
Return the result in a json format: [{""entity"":""entity_name""}]. <<The patient is still comfortable with the hip prosthesis at the most recent follow-up 4 years after implantation.>>> <|im_end|><|im_start|>assistant","[{""entity"": ""comfortable""}, {""entity"": ""follow-up""}, {""entity"": ""implantation""}, {""entity"": ""hip""}, {""entity"": ""The patient""}, {""entity"": ""4 years""}] ","[{""entity"": ""comfortable""}, {""entity"": ""follow-up""}, {""entity"": ""implantation""}, {""entity"": ""The"
"Follow-up radiographs over 4 years have not revealed any signs of loosening or migration, and no Trendelenburg sign was reported for the affected side.","[{'id': '2068', 'offsets': array([10, 21]), 'role': '', 'semantic_type_id': '', 'text': 'radiographs', 'type': 'EVENT'}
 {'id': '2083', 'offsets': array([44, 52]), 'role': '', 'semantic_type_id': '', 'text': 'revealed', 'type': 'EVENT'}
 {'id': '2098', 'offsets': array([57, 62]), 'role': '', 'semantic_type_id': '', 'text': 'signs', 'type': 'EVENT'}
 {'id': '2113', 'offsets': array([66, 75]), 'role': '', 'semantic_type_id': '', 'text': 'loosening', 'type': 'EVENT'}
 {'id': '2128', 'offsets': array([79, 88]), 'role': '', 'semantic_type_id': '', 'text': 'migration', 'type': 'EVENT'}
 {'id': '2143', 'offsets': array([111, 115]), 'role': '', 'semantic_type_id': '', 'text': 'sign', 'type': 'EVENT'}
 {'id': '2158', 'offsets': array([120, 128]), 'role': '', 'semantic_type_id': '', 'text': 'reported', 'type': 'EVENT'}
 {'id': '2194', 'offsets': array([ 97, 115]), 'role': '', 'semantic_type_id': 'C0231730', 'text': 'Trendelenburg sign', 'type': 'CLINENTITY'}
 {'id': '2264', 'offsets': array([27, 34]), 'role': '', 'semantic_type_id': '', 'text': '4 years', 'type': 'TIMEX3'}]","A 32-year-old female patient with Kniest syndrome presented at our department with a painful pseudarthrosis after femoral valgisation osteotomy 8 years ago. A Wagner cone stem and acetabular roof cup with a cemented Ecofit cup 2M (dual-articulation acetabular cup system) were implanted due to a dysplastic femur with a small medullary space. The Ecofit cup itself is associated with a reduced risk of dislocation. The patient was satisfied with the range of motion after hip endoprosthesis and reported a significant increase in quality of life. The patient is still comfortable with the hip prosthesis at the most recent follow-up 4 years after implantation. Follow-up radiographs over 4 years have not revealed any signs of loosening or migration, and no Trendelenburg sign was reported for the affected side.
",EN102305,"<|im_start|>user Extract the entities contained in the text. Extract only entities contained in the text.
Return the result in a json format: [{""entity"":""entity_name""}]. <<Follow-up radiographs over 4 years have not revealed any signs of loosening or migration, and no Trendelenburg sign was reported for the affected side.>>> <|im_end|><|im_start|>assistant[{""entity"": ""radiographs""}, {""entity"": ""revealed""}, {""entity"": ""signs""}, {""entity"": ""loosening""}, {""entity"": ""migration""}, {""entity"": ""sign""}, {""entity"": ""reported""}, {""entity"": ""Trendelenburg sign""}, {""entity"": ""4 years""}] <|im_end|>","<|im_start|>user Extract the entities contained in the text. Extract only entities contained in the text.
Return the result in a json format: [{""entity"":""entity_name""}]. <<<We present a case of a 32-year-old woman with a history of gradual enlargement of the anterior neck.>>> <|im_end|><|im_start|>assistant [{""entity"": ""present""}, {""entity"": ""history""}, {""entity"": ""enlargement""}] <|im_end|>
<|im_start|>user Extract the entities contained in the text. Extract only entities contained in the text.
Return the result in a json format: [{""entity"":""entity_name""}]. <<<Patient information: a 9-month-old boy presented to the emergency room with a 3-day history of refusal to bear weight on the right lower extremity and febrile peaks of up to 38.5°C for 24 hours.>>> <|im_end|><|im_start|>assistant [{""entity"": ""presented""}, {""entity"": ""refusal""}, {""entity"": ""bear""}, {""entity"": ""peaks""}] <|im_end|>
<|im_start|>user Extract the entities contained in the text. Extract only entities contained in the text.
Return the result in a json format: [{""entity"":""entity_name""}]. <<Follow-up radiographs over 4 years have not revealed any signs of loosening or migration, and no Trendelenburg sign was reported for the affected side.>>> <|im_end|><|im_start|>assistant","[{""entity"": ""radiographs""}, {""entity"": ""revealed""}, {""entity"": ""signs""}, {""entity"": ""loosening""}, {""entity"": ""migration""}, {""entity"": ""sign""}, {""entity"": ""reported""}, {""entity"": ""Trendelenburg sign""}, {""entity"": ""4 years""}] ","[{""entity"": ""radiographs""}, {""entity"": ""revealed""}, {""entity"": ""loosening""}, {""entity"": ""migration"
The patient was a 35-year old female who presented with urinary frequency for 2 months.,"[{'id': '4817', 'offsets': array([41, 50]), 'role': '', 'semantic_type_id': '', 'text': 'presented', 'type': 'EVENT'}
 {'id': '4832', 'offsets': array([64, 73]), 'role': '', 'semantic_type_id': '', 'text': 'frequency', 'type': 'EVENT'}
 {'id': '6087', 'offsets': array([ 0, 11]), 'role': 'PATIENT', 'semantic_type_id': '', 'text': 'The patient', 'type': 'ACTOR'}
 {'id': '6094', 'offsets': array([16, 36]), 'role': 'PATIENT', 'semantic_type_id': '', 'text': 'a 35-year old female', 'type': 'ACTOR'}
 {'id': '6179', 'offsets': array([78, 86]), 'role': '', 'semantic_type_id': '', 'text': '2 months', 'type': 'TIMEX3'}]","The patient was a 35-year old female who presented with urinary frequency for 2 months. Her past medical history showed a nonsmoking history and no significant family history. The physical examination was unremarkable. She was treated as urinary tract infection, but there was no improvement in her symptoms. Urine analysis and culture were performed several times that was negative for infection. Other laboratory data were also insignificant. Through a routine evaluation, urinary system ultrasonography (US) revealed a bladder lesion measuring 7 mm. In order to confirm the diagnosis, magnetic resonance imaging (MRI) of the abdomen and pelvic cavity was done; it revealed a lesion in the dome of the bladder. To confirm the diagnosis and for histopathological examination, the patient underwent Transurethral Resection of Bladder Tumor (TURBT) in April 2018. Before starting the procedure, the urethra was dilated till Fr: 28; at first, the tumor location was specified by cystoscopy. Then, it was resected by monopolar cautery from superficial to deeper parts with removal of the muscle layers. Proper bleeders were taken and three way Foley catheter was applied for a continuous irrigation. The patient was transferred to the recovery room with complete stability. The histopathology slides show a well-defined mass composed of bland looking spindle cells. Subsequent immunohistochemistry (IHC) was done which showed diffuse immunoreactivity for S100, but other markers including smooth muscle actin (SMA), desmin, cytokeratin, CD34 and beta catenin were negative. Ki67 was 2-3%, so the diagnosis of schwannoma was confirmed. Then, the neck, abdomen, pelvic and chest computed tomography (CT) scans were done that were normal. Brain and spine MRI and physical examination showed no evidence of other schwannoma or evidence of neurofibromatosis. She had no history of neurofibromatosis in her family. Skin examination was normal and had no café au lait spot. She was not a case of von Recklinghausen disease.
",EN100506,"<|im_start|>user Extract the entities contained in the text. Extract only entities contained in the text.
Return the result in a json format: [{""entity"":""entity_name""}]. <<The patient was a 35-year old female who presented with urinary frequency for 2 months.>>> <|im_end|><|im_start|>assistant[{""entity"": ""presented""}, {""entity"": ""frequency""}, {""entity"": ""The patient""}, {""entity"": ""a 35-year old female""}, {""entity"": ""2 months""}] <|im_end|>","<|im_start|>user Extract the entities contained in the text. Extract only entities contained in the text.
Return the result in a json format: [{""entity"":""entity_name""}]. <<<We present a case of a 32-year-old woman with a history of gradual enlargement of the anterior neck.>>> <|im_end|><|im_start|>assistant [{""entity"": ""present""}, {""entity"": ""history""}, {""entity"": ""enlargement""}] <|im_end|>
<|im_start|>user Extract the entities contained in the text. Extract only entities contained in the text.
Return the result in a json format: [{""entity"":""entity_name""}]. <<<Patient information: a 9-month-old boy presented to the emergency room with a 3-day history of refusal to bear weight on the right lower extremity and febrile peaks of up to 38.5°C for 24 hours.>>> <|im_end|><|im_start|>assistant [{""entity"": ""presented""}, {""entity"": ""refusal""}, {""entity"": ""bear""}, {""entity"": ""peaks""}] <|im_end|>
<|im_start|>user Extract the entities contained in the text. Extract only entities contained in the text.
Return the result in a json format: [{""entity"":""entity_name""}]. <<The patient was a 35-year old female who presented with urinary frequency for 2 months.>>> <|im_end|><|im_start|>assistant","[{""entity"": ""presented""}, {""entity"": ""frequency""}, {""entity"": ""The patient""}, {""entity"": ""a 35-year old female""}, {""entity"": ""2 months""}] ","[{""entity"": ""presented""}, {""entity"": ""frequency""}, {""entity"": ""urinary frequency""}, {""entity"": ""The patient"
Her past medical history showed a nonsmoking history and no significant family history.,"[{'id': '4847', 'offsets': array([17, 24]), 'role': '', 'semantic_type_id': '', 'text': 'history', 'type': 'EVENT'}
 {'id': '4862', 'offsets': array([45, 52]), 'role': '', 'semantic_type_id': '', 'text': 'history', 'type': 'EVENT'}
 {'id': '4877', 'offsets': array([79, 86]), 'role': '', 'semantic_type_id': '', 'text': 'history', 'type': 'EVENT'}]","The patient was a 35-year old female who presented with urinary frequency for 2 months. Her past medical history showed a nonsmoking history and no significant family history. The physical examination was unremarkable. She was treated as urinary tract infection, but there was no improvement in her symptoms. Urine analysis and culture were performed several times that was negative for infection. Other laboratory data were also insignificant. Through a routine evaluation, urinary system ultrasonography (US) revealed a bladder lesion measuring 7 mm. In order to confirm the diagnosis, magnetic resonance imaging (MRI) of the abdomen and pelvic cavity was done; it revealed a lesion in the dome of the bladder. To confirm the diagnosis and for histopathological examination, the patient underwent Transurethral Resection of Bladder Tumor (TURBT) in April 2018. Before starting the procedure, the urethra was dilated till Fr: 28; at first, the tumor location was specified by cystoscopy. Then, it was resected by monopolar cautery from superficial to deeper parts with removal of the muscle layers. Proper bleeders were taken and three way Foley catheter was applied for a continuous irrigation. The patient was transferred to the recovery room with complete stability. The histopathology slides show a well-defined mass composed of bland looking spindle cells. Subsequent immunohistochemistry (IHC) was done which showed diffuse immunoreactivity for S100, but other markers including smooth muscle actin (SMA), desmin, cytokeratin, CD34 and beta catenin were negative. Ki67 was 2-3%, so the diagnosis of schwannoma was confirmed. Then, the neck, abdomen, pelvic and chest computed tomography (CT) scans were done that were normal. Brain and spine MRI and physical examination showed no evidence of other schwannoma or evidence of neurofibromatosis. She had no history of neurofibromatosis in her family. Skin examination was normal and had no café au lait spot. She was not a case of von Recklinghausen disease.
",EN100506,"<|im_start|>user Extract the entities contained in the text. Extract only entities contained in the text.
Return the result in a json format: [{""entity"":""entity_name""}]. <<Her past medical history showed a nonsmoking history and no significant family history.>>> <|im_end|><|im_start|>assistant[{""entity"": ""history""}, {""entity"": ""history""}, {""entity"": ""history""}] <|im_end|>","<|im_start|>user Extract the entities contained in the text. Extract only entities contained in the text.
Return the result in a json format: [{""entity"":""entity_name""}]. <<<We present a case of a 32-year-old woman with a history of gradual enlargement of the anterior neck.>>> <|im_end|><|im_start|>assistant [{""entity"": ""present""}, {""entity"": ""history""}, {""entity"": ""enlargement""}] <|im_end|>
<|im_start|>user Extract the entities contained in the text. Extract only entities contained in the text.
Return the result in a json format: [{""entity"":""entity_name""}]. <<<Patient information: a 9-month-old boy presented to the emergency room with a 3-day history of refusal to bear weight on the right lower extremity and febrile peaks of up to 38.5°C for 24 hours.>>> <|im_end|><|im_start|>assistant [{""entity"": ""presented""}, {""entity"": ""refusal""}, {""entity"": ""bear""}, {""entity"": ""peaks""}] <|im_end|>
<|im_start|>user Extract the entities contained in the text. Extract only entities contained in the text.
Return the result in a json format: [{""entity"":""entity_name""}]. <<Her past medical history showed a nonsmoking history and no significant family history.>>> <|im_end|><|im_start|>assistant","[{""entity"": ""history""}, {""entity"": ""history""}, {""entity"": ""history""}] ","[{""entity"": ""history""}, {""entity"": ""showed""}, {""entity"": ""history""}, {""entity"": ""history""}, {""entity"
The physical examination was unremarkable.,"[{'id': '4892', 'offsets': array([13, 24]), 'role': '', 'semantic_type_id': '', 'text': 'examination', 'type': 'EVENT'}
 {'id': '4907', 'offsets': array([29, 41]), 'role': '', 'semantic_type_id': '', 'text': 'unremarkable', 'type': 'EVENT'}]","The patient was a 35-year old female who presented with urinary frequency for 2 months. Her past medical history showed a nonsmoking history and no significant family history. The physical examination was unremarkable. She was treated as urinary tract infection, but there was no improvement in her symptoms. Urine analysis and culture were performed several times that was negative for infection. Other laboratory data were also insignificant. Through a routine evaluation, urinary system ultrasonography (US) revealed a bladder lesion measuring 7 mm. In order to confirm the diagnosis, magnetic resonance imaging (MRI) of the abdomen and pelvic cavity was done; it revealed a lesion in the dome of the bladder. To confirm the diagnosis and for histopathological examination, the patient underwent Transurethral Resection of Bladder Tumor (TURBT) in April 2018. Before starting the procedure, the urethra was dilated till Fr: 28; at first, the tumor location was specified by cystoscopy. Then, it was resected by monopolar cautery from superficial to deeper parts with removal of the muscle layers. Proper bleeders were taken and three way Foley catheter was applied for a continuous irrigation. The patient was transferred to the recovery room with complete stability. The histopathology slides show a well-defined mass composed of bland looking spindle cells. Subsequent immunohistochemistry (IHC) was done which showed diffuse immunoreactivity for S100, but other markers including smooth muscle actin (SMA), desmin, cytokeratin, CD34 and beta catenin were negative. Ki67 was 2-3%, so the diagnosis of schwannoma was confirmed. Then, the neck, abdomen, pelvic and chest computed tomography (CT) scans were done that were normal. Brain and spine MRI and physical examination showed no evidence of other schwannoma or evidence of neurofibromatosis. She had no history of neurofibromatosis in her family. Skin examination was normal and had no café au lait spot. She was not a case of von Recklinghausen disease.
",EN100506,"<|im_start|>user Extract the entities contained in the text. Extract only entities contained in the text.
Return the result in a json format: [{""entity"":""entity_name""}]. <<The physical examination was unremarkable.>>> <|im_end|><|im_start|>assistant[{""entity"": ""examination""}, {""entity"": ""unremarkable""}] <|im_end|>","<|im_start|>user Extract the entities contained in the text. Extract only entities contained in the text.
Return the result in a json format: [{""entity"":""entity_name""}]. <<<We present a case of a 32-year-old woman with a history of gradual enlargement of the anterior neck.>>> <|im_end|><|im_start|>assistant [{""entity"": ""present""}, {""entity"": ""history""}, {""entity"": ""enlargement""}] <|im_end|>
<|im_start|>user Extract the entities contained in the text. Extract only entities contained in the text.
Return the result in a json format: [{""entity"":""entity_name""}]. <<<Patient information: a 9-month-old boy presented to the emergency room with a 3-day history of refusal to bear weight on the right lower extremity and febrile peaks of up to 38.5°C for 24 hours.>>> <|im_end|><|im_start|>assistant [{""entity"": ""presented""}, {""entity"": ""refusal""}, {""entity"": ""bear""}, {""entity"": ""peaks""}] <|im_end|>
<|im_start|>user Extract the entities contained in the text. Extract only entities contained in the text.
Return the result in a json format: [{""entity"":""entity_name""}]. <<The physical examination was unremarkable.>>> <|im_end|><|im_start|>assistant","[{""entity"": ""examination""}, {""entity"": ""unremarkable""}] ","[{""entity"": ""examination""}, {""entity"": ""unremarkable""}] <|im_end|><|im_end|><|im_end|><|im_end|><|im_end|><|im_end|><|im_end|><|im_end|><|im_end|><|im_end|>"
"She was treated as urinary tract infection, but there was no improvement in her symptoms.","[{'id': '4922', 'offsets': array([ 8, 15]), 'role': '', 'semantic_type_id': '', 'text': 'treated', 'type': 'EVENT'}
 {'id': '4937', 'offsets': array([33, 42]), 'role': '', 'semantic_type_id': '', 'text': 'infection', 'type': 'EVENT'}
 {'id': '4952', 'offsets': array([61, 72]), 'role': '', 'semantic_type_id': '', 'text': 'improvement', 'type': 'EVENT'}
 {'id': '5942', 'offsets': array([19, 42]), 'role': '', 'semantic_type_id': 'C0042029', 'text': 'urinary tract infection', 'type': 'CLINENTITY'}
 {'id': '5991', 'offsets': array([19, 32]), 'role': '', 'semantic_type_id': '', 'text': 'urinary tract', 'type': 'BODYPART'}
 {'id': '6101', 'offsets': array([0, 3]), 'role': 'PATIENT', 'semantic_type_id': '', 'text': 'She', 'type': 'ACTOR'}]","The patient was a 35-year old female who presented with urinary frequency for 2 months. Her past medical history showed a nonsmoking history and no significant family history. The physical examination was unremarkable. She was treated as urinary tract infection, but there was no improvement in her symptoms. Urine analysis and culture were performed several times that was negative for infection. Other laboratory data were also insignificant. Through a routine evaluation, urinary system ultrasonography (US) revealed a bladder lesion measuring 7 mm. In order to confirm the diagnosis, magnetic resonance imaging (MRI) of the abdomen and pelvic cavity was done; it revealed a lesion in the dome of the bladder. To confirm the diagnosis and for histopathological examination, the patient underwent Transurethral Resection of Bladder Tumor (TURBT) in April 2018. Before starting the procedure, the urethra was dilated till Fr: 28; at first, the tumor location was specified by cystoscopy. Then, it was resected by monopolar cautery from superficial to deeper parts with removal of the muscle layers. Proper bleeders were taken and three way Foley catheter was applied for a continuous irrigation. The patient was transferred to the recovery room with complete stability. The histopathology slides show a well-defined mass composed of bland looking spindle cells. Subsequent immunohistochemistry (IHC) was done which showed diffuse immunoreactivity for S100, but other markers including smooth muscle actin (SMA), desmin, cytokeratin, CD34 and beta catenin were negative. Ki67 was 2-3%, so the diagnosis of schwannoma was confirmed. Then, the neck, abdomen, pelvic and chest computed tomography (CT) scans were done that were normal. Brain and spine MRI and physical examination showed no evidence of other schwannoma or evidence of neurofibromatosis. She had no history of neurofibromatosis in her family. Skin examination was normal and had no café au lait spot. She was not a case of von Recklinghausen disease.
",EN100506,"<|im_start|>user Extract the entities contained in the text. Extract only entities contained in the text.
Return the result in a json format: [{""entity"":""entity_name""}]. <<She was treated as urinary tract infection, but there was no improvement in her symptoms.>>> <|im_end|><|im_start|>assistant[{""entity"": ""treated""}, {""entity"": ""infection""}, {""entity"": ""improvement""}, {""entity"": ""urinary tract infection""}, {""entity"": ""urinary tract""}, {""entity"": ""She""}] <|im_end|>","<|im_start|>user Extract the entities contained in the text. Extract only entities contained in the text.
Return the result in a json format: [{""entity"":""entity_name""}]. <<<We present a case of a 32-year-old woman with a history of gradual enlargement of the anterior neck.>>> <|im_end|><|im_start|>assistant [{""entity"": ""present""}, {""entity"": ""history""}, {""entity"": ""enlargement""}] <|im_end|>
<|im_start|>user Extract the entities contained in the text. Extract only entities contained in the text.
Return the result in a json format: [{""entity"":""entity_name""}]. <<<Patient information: a 9-month-old boy presented to the emergency room with a 3-day history of refusal to bear weight on the right lower extremity and febrile peaks of up to 38.5°C for 24 hours.>>> <|im_end|><|im_start|>assistant [{""entity"": ""presented""}, {""entity"": ""refusal""}, {""entity"": ""bear""}, {""entity"": ""peaks""}] <|im_end|>
<|im_start|>user Extract the entities contained in the text. Extract only entities contained in the text.
Return the result in a json format: [{""entity"":""entity_name""}]. <<She was treated as urinary tract infection, but there was no improvement in her symptoms.>>> <|im_end|><|im_start|>assistant","[{""entity"": ""treated""}, {""entity"": ""infection""}, {""entity"": ""improvement""}, {""entity"": ""urinary tract infection""}, {""entity"": ""urinary tract""}, {""entity"": ""She""}] ","[{""entity"": ""treated""}, {""entity"": ""infection""}, {""entity"": ""improvement""}, {""entity"": ""sym"
Urine analysis and culture were performed several times that was negative for infection.,"[{'id': '4967', 'offsets': array([ 6, 14]), 'role': '', 'semantic_type_id': '', 'text': 'analysis', 'type': 'EVENT'}
 {'id': '4982', 'offsets': array([19, 26]), 'role': '', 'semantic_type_id': '', 'text': 'culture', 'type': 'EVENT'}
 {'id': '4997', 'offsets': array([78, 87]), 'role': '', 'semantic_type_id': '', 'text': 'infection', 'type': 'EVENT'}
 {'id': '5997', 'offsets': array([0, 5]), 'role': '', 'semantic_type_id': '', 'text': 'Urine', 'type': 'BODYPART'}
 {'id': '6143', 'offsets': array([65, 73]), 'role': '', 'semantic_type_id': '', 'text': 'negative', 'type': 'RML'}
 {'id': '6188', 'offsets': array([42, 55]), 'role': '', 'semantic_type_id': '', 'text': 'several times', 'type': 'TIMEX3'}]","The patient was a 35-year old female who presented with urinary frequency for 2 months. Her past medical history showed a nonsmoking history and no significant family history. The physical examination was unremarkable. She was treated as urinary tract infection, but there was no improvement in her symptoms. Urine analysis and culture were performed several times that was negative for infection. Other laboratory data were also insignificant. Through a routine evaluation, urinary system ultrasonography (US) revealed a bladder lesion measuring 7 mm. In order to confirm the diagnosis, magnetic resonance imaging (MRI) of the abdomen and pelvic cavity was done; it revealed a lesion in the dome of the bladder. To confirm the diagnosis and for histopathological examination, the patient underwent Transurethral Resection of Bladder Tumor (TURBT) in April 2018. Before starting the procedure, the urethra was dilated till Fr: 28; at first, the tumor location was specified by cystoscopy. Then, it was resected by monopolar cautery from superficial to deeper parts with removal of the muscle layers. Proper bleeders were taken and three way Foley catheter was applied for a continuous irrigation. The patient was transferred to the recovery room with complete stability. The histopathology slides show a well-defined mass composed of bland looking spindle cells. Subsequent immunohistochemistry (IHC) was done which showed diffuse immunoreactivity for S100, but other markers including smooth muscle actin (SMA), desmin, cytokeratin, CD34 and beta catenin were negative. Ki67 was 2-3%, so the diagnosis of schwannoma was confirmed. Then, the neck, abdomen, pelvic and chest computed tomography (CT) scans were done that were normal. Brain and spine MRI and physical examination showed no evidence of other schwannoma or evidence of neurofibromatosis. She had no history of neurofibromatosis in her family. Skin examination was normal and had no café au lait spot. She was not a case of von Recklinghausen disease.
",EN100506,"<|im_start|>user Extract the entities contained in the text. Extract only entities contained in the text.
Return the result in a json format: [{""entity"":""entity_name""}]. <<Urine analysis and culture were performed several times that was negative for infection.>>> <|im_end|><|im_start|>assistant[{""entity"": ""analysis""}, {""entity"": ""culture""}, {""entity"": ""infection""}, {""entity"": ""Urine""}, {""entity"": ""negative""}, {""entity"": ""several times""}] <|im_end|>","<|im_start|>user Extract the entities contained in the text. Extract only entities contained in the text.
Return the result in a json format: [{""entity"":""entity_name""}]. <<<We present a case of a 32-year-old woman with a history of gradual enlargement of the anterior neck.>>> <|im_end|><|im_start|>assistant [{""entity"": ""present""}, {""entity"": ""history""}, {""entity"": ""enlargement""}] <|im_end|>
<|im_start|>user Extract the entities contained in the text. Extract only entities contained in the text.
Return the result in a json format: [{""entity"":""entity_name""}]. <<<Patient information: a 9-month-old boy presented to the emergency room with a 3-day history of refusal to bear weight on the right lower extremity and febrile peaks of up to 38.5°C for 24 hours.>>> <|im_end|><|im_start|>assistant [{""entity"": ""presented""}, {""entity"": ""refusal""}, {""entity"": ""bear""}, {""entity"": ""peaks""}] <|im_end|>
<|im_start|>user Extract the entities contained in the text. Extract only entities contained in the text.
Return the result in a json format: [{""entity"":""entity_name""}]. <<Urine analysis and culture were performed several times that was negative for infection.>>> <|im_end|><|im_start|>assistant","[{""entity"": ""analysis""}, {""entity"": ""culture""}, {""entity"": ""infection""}, {""entity"": ""Urine""}, {""entity"": ""negative""}, {""entity"": ""several times""}] ","[{""entity"": ""analysis""}, {""entity"": ""culture""}, {""entity"": ""negative""}] <|im_end|><|im_end|><|im_end|><|im_end|><|im_end|><|im_end|><|im_end|>"
Other laboratory data were also insignificant.,"[{'id': '5012', 'offsets': array([17, 21]), 'role': '', 'semantic_type_id': '', 'text': 'data', 'type': 'EVENT'}
 {'id': '5027', 'offsets': array([32, 45]), 'role': '', 'semantic_type_id': '', 'text': 'insignificant', 'type': 'EVENT'}]","The patient was a 35-year old female who presented with urinary frequency for 2 months. Her past medical history showed a nonsmoking history and no significant family history. The physical examination was unremarkable. She was treated as urinary tract infection, but there was no improvement in her symptoms. Urine analysis and culture were performed several times that was negative for infection. Other laboratory data were also insignificant. Through a routine evaluation, urinary system ultrasonography (US) revealed a bladder lesion measuring 7 mm. In order to confirm the diagnosis, magnetic resonance imaging (MRI) of the abdomen and pelvic cavity was done; it revealed a lesion in the dome of the bladder. To confirm the diagnosis and for histopathological examination, the patient underwent Transurethral Resection of Bladder Tumor (TURBT) in April 2018. Before starting the procedure, the urethra was dilated till Fr: 28; at first, the tumor location was specified by cystoscopy. Then, it was resected by monopolar cautery from superficial to deeper parts with removal of the muscle layers. Proper bleeders were taken and three way Foley catheter was applied for a continuous irrigation. The patient was transferred to the recovery room with complete stability. The histopathology slides show a well-defined mass composed of bland looking spindle cells. Subsequent immunohistochemistry (IHC) was done which showed diffuse immunoreactivity for S100, but other markers including smooth muscle actin (SMA), desmin, cytokeratin, CD34 and beta catenin were negative. Ki67 was 2-3%, so the diagnosis of schwannoma was confirmed. Then, the neck, abdomen, pelvic and chest computed tomography (CT) scans were done that were normal. Brain and spine MRI and physical examination showed no evidence of other schwannoma or evidence of neurofibromatosis. She had no history of neurofibromatosis in her family. Skin examination was normal and had no café au lait spot. She was not a case of von Recklinghausen disease.
",EN100506,"<|im_start|>user Extract the entities contained in the text. Extract only entities contained in the text.
Return the result in a json format: [{""entity"":""entity_name""}]. <<Other laboratory data were also insignificant.>>> <|im_end|><|im_start|>assistant[{""entity"": ""data""}, {""entity"": ""insignificant""}] <|im_end|>","<|im_start|>user Extract the entities contained in the text. Extract only entities contained in the text.
Return the result in a json format: [{""entity"":""entity_name""}]. <<<We present a case of a 32-year-old woman with a history of gradual enlargement of the anterior neck.>>> <|im_end|><|im_start|>assistant [{""entity"": ""present""}, {""entity"": ""history""}, {""entity"": ""enlargement""}] <|im_end|>
<|im_start|>user Extract the entities contained in the text. Extract only entities contained in the text.
Return the result in a json format: [{""entity"":""entity_name""}]. <<<Patient information: a 9-month-old boy presented to the emergency room with a 3-day history of refusal to bear weight on the right lower extremity and febrile peaks of up to 38.5°C for 24 hours.>>> <|im_end|><|im_start|>assistant [{""entity"": ""presented""}, {""entity"": ""refusal""}, {""entity"": ""bear""}, {""entity"": ""peaks""}] <|im_end|>
<|im_start|>user Extract the entities contained in the text. Extract only entities contained in the text.
Return the result in a json format: [{""entity"":""entity_name""}]. <<Other laboratory data were also insignificant.>>> <|im_end|><|im_start|>assistant","[{""entity"": ""data""}, {""entity"": ""insignificant""}] ","[{""entity"": ""data""}] <|im_end|><|im_end|><|im_end|><|im_end|><|im_end|><|im_end|><|im_end|><|im_end|><|im_end|><|im_end|><|im_end|><|im_end|><|im_end|><|im_end|><|im_end|><|im_end|><|im_end|><|im_end|><|im_end|>"
"Through a routine evaluation, urinary system ultrasonography (US) revealed a bladder lesion measuring 7 mm.","[{'id': '5042', 'offsets': array([18, 28]), 'role': '', 'semantic_type_id': '', 'text': 'evaluation', 'type': 'EVENT'}
 {'id': '5057', 'offsets': array([45, 60]), 'role': '', 'semantic_type_id': '', 'text': 'ultrasonography', 'type': 'EVENT'}
 {'id': '5072', 'offsets': array([62, 64]), 'role': '', 'semantic_type_id': '', 'text': 'US', 'type': 'EVENT'}
 {'id': '5087', 'offsets': array([66, 74]), 'role': '', 'semantic_type_id': '', 'text': 'revealed', 'type': 'EVENT'}
 {'id': '5102', 'offsets': array([85, 91]), 'role': '', 'semantic_type_id': '', 'text': 'lesion', 'type': 'EVENT'}
 {'id': '5117', 'offsets': array([ 92, 101]), 'role': '', 'semantic_type_id': '', 'text': 'measuring', 'type': 'EVENT'}
 {'id': '5949', 'offsets': array([77, 91]), 'role': '', 'semantic_type_id': 'C0577180', 'text': 'bladder lesion', 'type': 'CLINENTITY'}
 {'id': '6003', 'offsets': array([30, 44]), 'role': '', 'semantic_type_id': '', 'text': 'urinary system', 'type': 'BODYPART'}
 {'id': '6009', 'offsets': array([77, 84]), 'role': '', 'semantic_type_id': '', 'text': 'bladder', 'type': 'BODYPART'}
 {'id': '6149', 'offsets': array([102, 106]), 'role': '', 'semantic_type_id': '', 'text': '7 mm', 'type': 'RML'}]","The patient was a 35-year old female who presented with urinary frequency for 2 months. Her past medical history showed a nonsmoking history and no significant family history. The physical examination was unremarkable. She was treated as urinary tract infection, but there was no improvement in her symptoms. Urine analysis and culture were performed several times that was negative for infection. Other laboratory data were also insignificant. Through a routine evaluation, urinary system ultrasonography (US) revealed a bladder lesion measuring 7 mm. In order to confirm the diagnosis, magnetic resonance imaging (MRI) of the abdomen and pelvic cavity was done; it revealed a lesion in the dome of the bladder. To confirm the diagnosis and for histopathological examination, the patient underwent Transurethral Resection of Bladder Tumor (TURBT) in April 2018. Before starting the procedure, the urethra was dilated till Fr: 28; at first, the tumor location was specified by cystoscopy. Then, it was resected by monopolar cautery from superficial to deeper parts with removal of the muscle layers. Proper bleeders were taken and three way Foley catheter was applied for a continuous irrigation. The patient was transferred to the recovery room with complete stability. The histopathology slides show a well-defined mass composed of bland looking spindle cells. Subsequent immunohistochemistry (IHC) was done which showed diffuse immunoreactivity for S100, but other markers including smooth muscle actin (SMA), desmin, cytokeratin, CD34 and beta catenin were negative. Ki67 was 2-3%, so the diagnosis of schwannoma was confirmed. Then, the neck, abdomen, pelvic and chest computed tomography (CT) scans were done that were normal. Brain and spine MRI and physical examination showed no evidence of other schwannoma or evidence of neurofibromatosis. She had no history of neurofibromatosis in her family. Skin examination was normal and had no café au lait spot. She was not a case of von Recklinghausen disease.
",EN100506,"<|im_start|>user Extract the entities contained in the text. Extract only entities contained in the text.
Return the result in a json format: [{""entity"":""entity_name""}]. <<Through a routine evaluation, urinary system ultrasonography (US) revealed a bladder lesion measuring 7 mm.>>> <|im_end|><|im_start|>assistant[{""entity"": ""evaluation""}, {""entity"": ""ultrasonography""}, {""entity"": ""US""}, {""entity"": ""revealed""}, {""entity"": ""lesion""}, {""entity"": ""measuring""}, {""entity"": ""bladder lesion""}, {""entity"": ""urinary system""}, {""entity"": ""bladder""}, {""entity"": ""7 mm""}] <|im_end|>","<|im_start|>user Extract the entities contained in the text. Extract only entities contained in the text.
Return the result in a json format: [{""entity"":""entity_name""}]. <<<We present a case of a 32-year-old woman with a history of gradual enlargement of the anterior neck.>>> <|im_end|><|im_start|>assistant [{""entity"": ""present""}, {""entity"": ""history""}, {""entity"": ""enlargement""}] <|im_end|>
<|im_start|>user Extract the entities contained in the text. Extract only entities contained in the text.
Return the result in a json format: [{""entity"":""entity_name""}]. <<<Patient information: a 9-month-old boy presented to the emergency room with a 3-day history of refusal to bear weight on the right lower extremity and febrile peaks of up to 38.5°C for 24 hours.>>> <|im_end|><|im_start|>assistant [{""entity"": ""presented""}, {""entity"": ""refusal""}, {""entity"": ""bear""}, {""entity"": ""peaks""}] <|im_end|>
<|im_start|>user Extract the entities contained in the text. Extract only entities contained in the text.
Return the result in a json format: [{""entity"":""entity_name""}]. <<Through a routine evaluation, urinary system ultrasonography (US) revealed a bladder lesion measuring 7 mm.>>> <|im_end|><|im_start|>assistant","[{""entity"": ""evaluation""}, {""entity"": ""ultrasonography""}, {""entity"": ""US""}, {""entity"": ""revealed""}, {""entity"": ""lesion""}, {""entity"": ""measuring""}, {""entity"": ""bladder lesion""}, {""entity"": ""urinary system""}, {""entity"": ""bladder""}, {""entity"": ""7 mm""}] ","[{""entity"": ""evaluation""}, {""entity"": ""ultrasonography""}, {""entity"": ""revealed""}, {""entity"": ""les"
"In order to confirm the diagnosis, magnetic resonance imaging (MRI) of the abdomen and pelvic cavity was done; it revealed a lesion in the dome of the bladder.","[{'id': '5132', 'offsets': array([12, 19]), 'role': '', 'semantic_type_id': '', 'text': 'confirm', 'type': 'EVENT'}
 {'id': '5147', 'offsets': array([24, 33]), 'role': '', 'semantic_type_id': '', 'text': 'diagnosis', 'type': 'EVENT'}
 {'id': '5162', 'offsets': array([54, 61]), 'role': '', 'semantic_type_id': '', 'text': 'imaging', 'type': 'EVENT'}
 {'id': '5177', 'offsets': array([63, 66]), 'role': '', 'semantic_type_id': '', 'text': 'MRI', 'type': 'EVENT'}
 {'id': '5192', 'offsets': array([114, 122]), 'role': '', 'semantic_type_id': '', 'text': 'revealed', 'type': 'EVENT'}
 {'id': '5207', 'offsets': array([125, 131]), 'role': '', 'semantic_type_id': '', 'text': 'lesion', 'type': 'EVENT'}
 {'id': '5956', 'offsets': array([125, 158]), 'role': '', 'semantic_type_id': 'C0577180', 'text': 'lesion in the dome of the bladder', 'type': 'CLINENTITY'}
 {'id': '6015', 'offsets': array([75, 82]), 'role': '', 'semantic_type_id': '', 'text': 'abdomen', 'type': 'BODYPART'}
 {'id': '6021', 'offsets': array([ 87, 100]), 'role': '', 'semantic_type_id': '', 'text': 'pelvic cavity', 'type': 'BODYPART'}
 {'id': '6027', 'offsets': array([135, 158]), 'role': '', 'semantic_type_id': '', 'text': 'the dome of the bladder', 'type': 'BODYPART'}]","The patient was a 35-year old female who presented with urinary frequency for 2 months. Her past medical history showed a nonsmoking history and no significant family history. The physical examination was unremarkable. She was treated as urinary tract infection, but there was no improvement in her symptoms. Urine analysis and culture were performed several times that was negative for infection. Other laboratory data were also insignificant. Through a routine evaluation, urinary system ultrasonography (US) revealed a bladder lesion measuring 7 mm. In order to confirm the diagnosis, magnetic resonance imaging (MRI) of the abdomen and pelvic cavity was done; it revealed a lesion in the dome of the bladder. To confirm the diagnosis and for histopathological examination, the patient underwent Transurethral Resection of Bladder Tumor (TURBT) in April 2018. Before starting the procedure, the urethra was dilated till Fr: 28; at first, the tumor location was specified by cystoscopy. Then, it was resected by monopolar cautery from superficial to deeper parts with removal of the muscle layers. Proper bleeders were taken and three way Foley catheter was applied for a continuous irrigation. The patient was transferred to the recovery room with complete stability. The histopathology slides show a well-defined mass composed of bland looking spindle cells. Subsequent immunohistochemistry (IHC) was done which showed diffuse immunoreactivity for S100, but other markers including smooth muscle actin (SMA), desmin, cytokeratin, CD34 and beta catenin were negative. Ki67 was 2-3%, so the diagnosis of schwannoma was confirmed. Then, the neck, abdomen, pelvic and chest computed tomography (CT) scans were done that were normal. Brain and spine MRI and physical examination showed no evidence of other schwannoma or evidence of neurofibromatosis. She had no history of neurofibromatosis in her family. Skin examination was normal and had no café au lait spot. She was not a case of von Recklinghausen disease.
",EN100506,"<|im_start|>user Extract the entities contained in the text. Extract only entities contained in the text.
Return the result in a json format: [{""entity"":""entity_name""}]. <<In order to confirm the diagnosis, magnetic resonance imaging (MRI) of the abdomen and pelvic cavity was done; it revealed a lesion in the dome of the bladder.>>> <|im_end|><|im_start|>assistant[{""entity"": ""confirm""}, {""entity"": ""diagnosis""}, {""entity"": ""imaging""}, {""entity"": ""MRI""}, {""entity"": ""revealed""}, {""entity"": ""lesion""}, {""entity"": ""lesion in the dome of the bladder""}, {""entity"": ""abdomen""}, {""entity"": ""pelvic cavity""}, {""entity"": ""the dome of the bladder""}] <|im_end|>","<|im_start|>user Extract the entities contained in the text. Extract only entities contained in the text.
Return the result in a json format: [{""entity"":""entity_name""}]. <<<We present a case of a 32-year-old woman with a history of gradual enlargement of the anterior neck.>>> <|im_end|><|im_start|>assistant [{""entity"": ""present""}, {""entity"": ""history""}, {""entity"": ""enlargement""}] <|im_end|>
<|im_start|>user Extract the entities contained in the text. Extract only entities contained in the text.
Return the result in a json format: [{""entity"":""entity_name""}]. <<<Patient information: a 9-month-old boy presented to the emergency room with a 3-day history of refusal to bear weight on the right lower extremity and febrile peaks of up to 38.5°C for 24 hours.>>> <|im_end|><|im_start|>assistant [{""entity"": ""presented""}, {""entity"": ""refusal""}, {""entity"": ""bear""}, {""entity"": ""peaks""}] <|im_end|>
<|im_start|>user Extract the entities contained in the text. Extract only entities contained in the text.
Return the result in a json format: [{""entity"":""entity_name""}]. <<In order to confirm the diagnosis, magnetic resonance imaging (MRI) of the abdomen and pelvic cavity was done; it revealed a lesion in the dome of the bladder.>>> <|im_end|><|im_start|>assistant","[{""entity"": ""confirm""}, {""entity"": ""diagnosis""}, {""entity"": ""imaging""}, {""entity"": ""MRI""}, {""entity"": ""revealed""}, {""entity"": ""lesion""}, {""entity"": ""lesion in the dome of the bladder""}, {""entity"": ""abdomen""}, {""entity"": ""pelvic cavity""}, {""entity"": ""the dome of the bladder""}] ","[{""entity"": ""confirm""}, {""entity"": ""imaging""}, {""entity"": ""MRI""}, {""entity"": ""the abdomen and pelvic"
"To confirm the diagnosis and for histopathological examination, the patient underwent Transurethral Resection of Bladder Tumor (TURBT) in April 2018.","[{'id': '5222', 'offsets': array([ 3, 10]), 'role': '', 'semantic_type_id': '', 'text': 'confirm', 'type': 'EVENT'}
 {'id': '5237', 'offsets': array([15, 24]), 'role': '', 'semantic_type_id': '', 'text': 'diagnosis', 'type': 'EVENT'}
 {'id': '5252', 'offsets': array([51, 62]), 'role': '', 'semantic_type_id': '', 'text': 'examination', 'type': 'EVENT'}
 {'id': '5267', 'offsets': array([100, 109]), 'role': '', 'semantic_type_id': '', 'text': 'Resection', 'type': 'EVENT'}
 {'id': '5282', 'offsets': array([128, 133]), 'role': '', 'semantic_type_id': '', 'text': 'TURBT', 'type': 'EVENT'}
 {'id': '6108', 'offsets': array([64, 75]), 'role': 'PATIENT', 'semantic_type_id': '', 'text': 'the patient', 'type': 'ACTOR'}
 {'id': '6197', 'offsets': array([138, 148]), 'role': '', 'semantic_type_id': '', 'text': 'April 2018', 'type': 'TIMEX3'}]","The patient was a 35-year old female who presented with urinary frequency for 2 months. Her past medical history showed a nonsmoking history and no significant family history. The physical examination was unremarkable. She was treated as urinary tract infection, but there was no improvement in her symptoms. Urine analysis and culture were performed several times that was negative for infection. Other laboratory data were also insignificant. Through a routine evaluation, urinary system ultrasonography (US) revealed a bladder lesion measuring 7 mm. In order to confirm the diagnosis, magnetic resonance imaging (MRI) of the abdomen and pelvic cavity was done; it revealed a lesion in the dome of the bladder. To confirm the diagnosis and for histopathological examination, the patient underwent Transurethral Resection of Bladder Tumor (TURBT) in April 2018. Before starting the procedure, the urethra was dilated till Fr: 28; at first, the tumor location was specified by cystoscopy. Then, it was resected by monopolar cautery from superficial to deeper parts with removal of the muscle layers. Proper bleeders were taken and three way Foley catheter was applied for a continuous irrigation. The patient was transferred to the recovery room with complete stability. The histopathology slides show a well-defined mass composed of bland looking spindle cells. Subsequent immunohistochemistry (IHC) was done which showed diffuse immunoreactivity for S100, but other markers including smooth muscle actin (SMA), desmin, cytokeratin, CD34 and beta catenin were negative. Ki67 was 2-3%, so the diagnosis of schwannoma was confirmed. Then, the neck, abdomen, pelvic and chest computed tomography (CT) scans were done that were normal. Brain and spine MRI and physical examination showed no evidence of other schwannoma or evidence of neurofibromatosis. She had no history of neurofibromatosis in her family. Skin examination was normal and had no café au lait spot. She was not a case of von Recklinghausen disease.
",EN100506,"<|im_start|>user Extract the entities contained in the text. Extract only entities contained in the text.
Return the result in a json format: [{""entity"":""entity_name""}]. <<To confirm the diagnosis and for histopathological examination, the patient underwent Transurethral Resection of Bladder Tumor (TURBT) in April 2018.>>> <|im_end|><|im_start|>assistant[{""entity"": ""confirm""}, {""entity"": ""diagnosis""}, {""entity"": ""examination""}, {""entity"": ""Resection""}, {""entity"": ""TURBT""}, {""entity"": ""the patient""}, {""entity"": ""April 2018""}] <|im_end|>","<|im_start|>user Extract the entities contained in the text. Extract only entities contained in the text.
Return the result in a json format: [{""entity"":""entity_name""}]. <<<We present a case of a 32-year-old woman with a history of gradual enlargement of the anterior neck.>>> <|im_end|><|im_start|>assistant [{""entity"": ""present""}, {""entity"": ""history""}, {""entity"": ""enlargement""}] <|im_end|>
<|im_start|>user Extract the entities contained in the text. Extract only entities contained in the text.
Return the result in a json format: [{""entity"":""entity_name""}]. <<<Patient information: a 9-month-old boy presented to the emergency room with a 3-day history of refusal to bear weight on the right lower extremity and febrile peaks of up to 38.5°C for 24 hours.>>> <|im_end|><|im_start|>assistant [{""entity"": ""presented""}, {""entity"": ""refusal""}, {""entity"": ""bear""}, {""entity"": ""peaks""}] <|im_end|>
<|im_start|>user Extract the entities contained in the text. Extract only entities contained in the text.
Return the result in a json format: [{""entity"":""entity_name""}]. <<To confirm the diagnosis and for histopathological examination, the patient underwent Transurethral Resection of Bladder Tumor (TURBT) in April 2018.>>> <|im_end|><|im_start|>assistant","[{""entity"": ""confirm""}, {""entity"": ""diagnosis""}, {""entity"": ""examination""}, {""entity"": ""Resection""}, {""entity"": ""TURBT""}, {""entity"": ""the patient""}, {""entity"": ""April 2018""}] ","[{""entity"": ""confirm""}, {""entity"": ""examination""}, {""entity"": ""the patient""}, {""entity"": ""April 2"
"Then, it was resected by monopolar cautery from superficial to deeper parts with removal of the muscle layers.","[{'id': '5387', 'offsets': array([13, 21]), 'role': '', 'semantic_type_id': '', 'text': 'resected', 'type': 'EVENT'}
 {'id': '5402', 'offsets': array([35, 42]), 'role': '', 'semantic_type_id': '', 'text': 'cautery', 'type': 'EVENT'}
 {'id': '5417', 'offsets': array([81, 88]), 'role': '', 'semantic_type_id': '', 'text': 'removal', 'type': 'EVENT'}
 {'id': '6039', 'offsets': array([ 92, 109]), 'role': '', 'semantic_type_id': '', 'text': 'the muscle layers', 'type': 'BODYPART'}]","The patient was a 35-year old female who presented with urinary frequency for 2 months. Her past medical history showed a nonsmoking history and no significant family history. The physical examination was unremarkable. She was treated as urinary tract infection, but there was no improvement in her symptoms. Urine analysis and culture were performed several times that was negative for infection. Other laboratory data were also insignificant. Through a routine evaluation, urinary system ultrasonography (US) revealed a bladder lesion measuring 7 mm. In order to confirm the diagnosis, magnetic resonance imaging (MRI) of the abdomen and pelvic cavity was done; it revealed a lesion in the dome of the bladder. To confirm the diagnosis and for histopathological examination, the patient underwent Transurethral Resection of Bladder Tumor (TURBT) in April 2018. Before starting the procedure, the urethra was dilated till Fr: 28; at first, the tumor location was specified by cystoscopy. Then, it was resected by monopolar cautery from superficial to deeper parts with removal of the muscle layers. Proper bleeders were taken and three way Foley catheter was applied for a continuous irrigation. The patient was transferred to the recovery room with complete stability. The histopathology slides show a well-defined mass composed of bland looking spindle cells. Subsequent immunohistochemistry (IHC) was done which showed diffuse immunoreactivity for S100, but other markers including smooth muscle actin (SMA), desmin, cytokeratin, CD34 and beta catenin were negative. Ki67 was 2-3%, so the diagnosis of schwannoma was confirmed. Then, the neck, abdomen, pelvic and chest computed tomography (CT) scans were done that were normal. Brain and spine MRI and physical examination showed no evidence of other schwannoma or evidence of neurofibromatosis. She had no history of neurofibromatosis in her family. Skin examination was normal and had no café au lait spot. She was not a case of von Recklinghausen disease.
",EN100506,"<|im_start|>user Extract the entities contained in the text. Extract only entities contained in the text.
Return the result in a json format: [{""entity"":""entity_name""}]. <<Then, it was resected by monopolar cautery from superficial to deeper parts with removal of the muscle layers.>>> <|im_end|><|im_start|>assistant[{""entity"": ""resected""}, {""entity"": ""cautery""}, {""entity"": ""removal""}, {""entity"": ""the muscle layers""}] <|im_end|>","<|im_start|>user Extract the entities contained in the text. Extract only entities contained in the text.
Return the result in a json format: [{""entity"":""entity_name""}]. <<<We present a case of a 32-year-old woman with a history of gradual enlargement of the anterior neck.>>> <|im_end|><|im_start|>assistant [{""entity"": ""present""}, {""entity"": ""history""}, {""entity"": ""enlargement""}] <|im_end|>
<|im_start|>user Extract the entities contained in the text. Extract only entities contained in the text.
Return the result in a json format: [{""entity"":""entity_name""}]. <<<Patient information: a 9-month-old boy presented to the emergency room with a 3-day history of refusal to bear weight on the right lower extremity and febrile peaks of up to 38.5°C for 24 hours.>>> <|im_end|><|im_start|>assistant [{""entity"": ""presented""}, {""entity"": ""refusal""}, {""entity"": ""bear""}, {""entity"": ""peaks""}] <|im_end|>
<|im_start|>user Extract the entities contained in the text. Extract only entities contained in the text.
Return the result in a json format: [{""entity"":""entity_name""}]. <<Then, it was resected by monopolar cautery from superficial to deeper parts with removal of the muscle layers.>>> <|im_end|><|im_start|>assistant","[{""entity"": ""resected""}, {""entity"": ""cautery""}, {""entity"": ""removal""}, {""entity"": ""the muscle layers""}] ","[{""entity"": ""resected""}, {""entity"": ""cautery""}, {""entity"": ""removal""}, {""entity"": """
Proper bleeders were taken and three way Foley catheter was applied for a continuous irrigation.,"[{'id': '5432', 'offsets': array([21, 26]), 'role': '', 'semantic_type_id': '', 'text': 'taken', 'type': 'EVENT'}
 {'id': '5447', 'offsets': array([60, 67]), 'role': '', 'semantic_type_id': '', 'text': 'applied', 'type': 'EVENT'}
 {'id': '5462', 'offsets': array([85, 95]), 'role': '', 'semantic_type_id': '', 'text': 'irrigation', 'type': 'EVENT'}]","The patient was a 35-year old female who presented with urinary frequency for 2 months. Her past medical history showed a nonsmoking history and no significant family history. The physical examination was unremarkable. She was treated as urinary tract infection, but there was no improvement in her symptoms. Urine analysis and culture were performed several times that was negative for infection. Other laboratory data were also insignificant. Through a routine evaluation, urinary system ultrasonography (US) revealed a bladder lesion measuring 7 mm. In order to confirm the diagnosis, magnetic resonance imaging (MRI) of the abdomen and pelvic cavity was done; it revealed a lesion in the dome of the bladder. To confirm the diagnosis and for histopathological examination, the patient underwent Transurethral Resection of Bladder Tumor (TURBT) in April 2018. Before starting the procedure, the urethra was dilated till Fr: 28; at first, the tumor location was specified by cystoscopy. Then, it was resected by monopolar cautery from superficial to deeper parts with removal of the muscle layers. Proper bleeders were taken and three way Foley catheter was applied for a continuous irrigation. The patient was transferred to the recovery room with complete stability. The histopathology slides show a well-defined mass composed of bland looking spindle cells. Subsequent immunohistochemistry (IHC) was done which showed diffuse immunoreactivity for S100, but other markers including smooth muscle actin (SMA), desmin, cytokeratin, CD34 and beta catenin were negative. Ki67 was 2-3%, so the diagnosis of schwannoma was confirmed. Then, the neck, abdomen, pelvic and chest computed tomography (CT) scans were done that were normal. Brain and spine MRI and physical examination showed no evidence of other schwannoma or evidence of neurofibromatosis. She had no history of neurofibromatosis in her family. Skin examination was normal and had no café au lait spot. She was not a case of von Recklinghausen disease.
",EN100506,"<|im_start|>user Extract the entities contained in the text. Extract only entities contained in the text.
Return the result in a json format: [{""entity"":""entity_name""}]. <<Proper bleeders were taken and three way Foley catheter was applied for a continuous irrigation.>>> <|im_end|><|im_start|>assistant[{""entity"": ""taken""}, {""entity"": ""applied""}, {""entity"": ""irrigation""}] <|im_end|>","<|im_start|>user Extract the entities contained in the text. Extract only entities contained in the text.
Return the result in a json format: [{""entity"":""entity_name""}]. <<<We present a case of a 32-year-old woman with a history of gradual enlargement of the anterior neck.>>> <|im_end|><|im_start|>assistant [{""entity"": ""present""}, {""entity"": ""history""}, {""entity"": ""enlargement""}] <|im_end|>
<|im_start|>user Extract the entities contained in the text. Extract only entities contained in the text.
Return the result in a json format: [{""entity"":""entity_name""}]. <<<Patient information: a 9-month-old boy presented to the emergency room with a 3-day history of refusal to bear weight on the right lower extremity and febrile peaks of up to 38.5°C for 24 hours.>>> <|im_end|><|im_start|>assistant [{""entity"": ""presented""}, {""entity"": ""refusal""}, {""entity"": ""bear""}, {""entity"": ""peaks""}] <|im_end|>
<|im_start|>user Extract the entities contained in the text. Extract only entities contained in the text.
Return the result in a json format: [{""entity"":""entity_name""}]. <<Proper bleeders were taken and three way Foley catheter was applied for a continuous irrigation.>>> <|im_end|><|im_start|>assistant","[{""entity"": ""taken""}, {""entity"": ""applied""}, {""entity"": ""irrigation""}] ","[{""entity"": ""bleeders""}, {""entity"": ""applied""}, {""entity"": ""irrigation""}, {""entity"": """
The patient was transferred to the recovery room with complete stability.,"[{'id': '5477', 'offsets': array([16, 27]), 'role': '', 'semantic_type_id': '', 'text': 'transferred', 'type': 'EVENT'}
 {'id': '5492', 'offsets': array([63, 72]), 'role': '', 'semantic_type_id': '', 'text': 'stability', 'type': 'EVENT'}
 {'id': '6115', 'offsets': array([ 0, 11]), 'role': 'PATIENT', 'semantic_type_id': '', 'text': 'The patient', 'type': 'ACTOR'}]","The patient was a 35-year old female who presented with urinary frequency for 2 months. Her past medical history showed a nonsmoking history and no significant family history. The physical examination was unremarkable. She was treated as urinary tract infection, but there was no improvement in her symptoms. Urine analysis and culture were performed several times that was negative for infection. Other laboratory data were also insignificant. Through a routine evaluation, urinary system ultrasonography (US) revealed a bladder lesion measuring 7 mm. In order to confirm the diagnosis, magnetic resonance imaging (MRI) of the abdomen and pelvic cavity was done; it revealed a lesion in the dome of the bladder. To confirm the diagnosis and for histopathological examination, the patient underwent Transurethral Resection of Bladder Tumor (TURBT) in April 2018. Before starting the procedure, the urethra was dilated till Fr: 28; at first, the tumor location was specified by cystoscopy. Then, it was resected by monopolar cautery from superficial to deeper parts with removal of the muscle layers. Proper bleeders were taken and three way Foley catheter was applied for a continuous irrigation. The patient was transferred to the recovery room with complete stability. The histopathology slides show a well-defined mass composed of bland looking spindle cells. Subsequent immunohistochemistry (IHC) was done which showed diffuse immunoreactivity for S100, but other markers including smooth muscle actin (SMA), desmin, cytokeratin, CD34 and beta catenin were negative. Ki67 was 2-3%, so the diagnosis of schwannoma was confirmed. Then, the neck, abdomen, pelvic and chest computed tomography (CT) scans were done that were normal. Brain and spine MRI and physical examination showed no evidence of other schwannoma or evidence of neurofibromatosis. She had no history of neurofibromatosis in her family. Skin examination was normal and had no café au lait spot. She was not a case of von Recklinghausen disease.
",EN100506,"<|im_start|>user Extract the entities contained in the text. Extract only entities contained in the text.
Return the result in a json format: [{""entity"":""entity_name""}]. <<The patient was transferred to the recovery room with complete stability.>>> <|im_end|><|im_start|>assistant[{""entity"": ""transferred""}, {""entity"": ""stability""}, {""entity"": ""The patient""}] <|im_end|>","<|im_start|>user Extract the entities contained in the text. Extract only entities contained in the text.
Return the result in a json format: [{""entity"":""entity_name""}]. <<<We present a case of a 32-year-old woman with a history of gradual enlargement of the anterior neck.>>> <|im_end|><|im_start|>assistant [{""entity"": ""present""}, {""entity"": ""history""}, {""entity"": ""enlargement""}] <|im_end|>
<|im_start|>user Extract the entities contained in the text. Extract only entities contained in the text.
Return the result in a json format: [{""entity"":""entity_name""}]. <<<Patient information: a 9-month-old boy presented to the emergency room with a 3-day history of refusal to bear weight on the right lower extremity and febrile peaks of up to 38.5°C for 24 hours.>>> <|im_end|><|im_start|>assistant [{""entity"": ""presented""}, {""entity"": ""refusal""}, {""entity"": ""bear""}, {""entity"": ""peaks""}] <|im_end|>
<|im_start|>user Extract the entities contained in the text. Extract only entities contained in the text.
Return the result in a json format: [{""entity"":""entity_name""}]. <<The patient was transferred to the recovery room with complete stability.>>> <|im_end|><|im_start|>assistant","[{""entity"": ""transferred""}, {""entity"": ""stability""}, {""entity"": ""The patient""}] ","[{""entity"": ""transferred""}, {""entity"": ""stability""}, {""entity"": ""The patient""}] <|im_end|><|im_end|><|im_end|><|im_end|>"
The histopathology slides show a well-defined mass composed of bland looking spindle cells.,"[{'id': '5507', 'offsets': array([19, 25]), 'role': '', 'semantic_type_id': '', 'text': 'slides', 'type': 'EVENT'}
 {'id': '5522', 'offsets': array([26, 30]), 'role': '', 'semantic_type_id': '', 'text': 'show', 'type': 'EVENT'}
 {'id': '5537', 'offsets': array([46, 50]), 'role': '', 'semantic_type_id': '', 'text': 'mass', 'type': 'EVENT'}
 {'id': '6045', 'offsets': array([63, 90]), 'role': '', 'semantic_type_id': '', 'text': 'bland looking spindle cells', 'type': 'BODYPART'}]","The patient was a 35-year old female who presented with urinary frequency for 2 months. Her past medical history showed a nonsmoking history and no significant family history. The physical examination was unremarkable. She was treated as urinary tract infection, but there was no improvement in her symptoms. Urine analysis and culture were performed several times that was negative for infection. Other laboratory data were also insignificant. Through a routine evaluation, urinary system ultrasonography (US) revealed a bladder lesion measuring 7 mm. In order to confirm the diagnosis, magnetic resonance imaging (MRI) of the abdomen and pelvic cavity was done; it revealed a lesion in the dome of the bladder. To confirm the diagnosis and for histopathological examination, the patient underwent Transurethral Resection of Bladder Tumor (TURBT) in April 2018. Before starting the procedure, the urethra was dilated till Fr: 28; at first, the tumor location was specified by cystoscopy. Then, it was resected by monopolar cautery from superficial to deeper parts with removal of the muscle layers. Proper bleeders were taken and three way Foley catheter was applied for a continuous irrigation. The patient was transferred to the recovery room with complete stability. The histopathology slides show a well-defined mass composed of bland looking spindle cells. Subsequent immunohistochemistry (IHC) was done which showed diffuse immunoreactivity for S100, but other markers including smooth muscle actin (SMA), desmin, cytokeratin, CD34 and beta catenin were negative. Ki67 was 2-3%, so the diagnosis of schwannoma was confirmed. Then, the neck, abdomen, pelvic and chest computed tomography (CT) scans were done that were normal. Brain and spine MRI and physical examination showed no evidence of other schwannoma or evidence of neurofibromatosis. She had no history of neurofibromatosis in her family. Skin examination was normal and had no café au lait spot. She was not a case of von Recklinghausen disease.
",EN100506,"<|im_start|>user Extract the entities contained in the text. Extract only entities contained in the text.
Return the result in a json format: [{""entity"":""entity_name""}]. <<The histopathology slides show a well-defined mass composed of bland looking spindle cells.>>> <|im_end|><|im_start|>assistant[{""entity"": ""slides""}, {""entity"": ""show""}, {""entity"": ""mass""}, {""entity"": ""bland looking spindle cells""}] <|im_end|>","<|im_start|>user Extract the entities contained in the text. Extract only entities contained in the text.
Return the result in a json format: [{""entity"":""entity_name""}]. <<<We present a case of a 32-year-old woman with a history of gradual enlargement of the anterior neck.>>> <|im_end|><|im_start|>assistant [{""entity"": ""present""}, {""entity"": ""history""}, {""entity"": ""enlargement""}] <|im_end|>
<|im_start|>user Extract the entities contained in the text. Extract only entities contained in the text.
Return the result in a json format: [{""entity"":""entity_name""}]. <<<Patient information: a 9-month-old boy presented to the emergency room with a 3-day history of refusal to bear weight on the right lower extremity and febrile peaks of up to 38.5°C for 24 hours.>>> <|im_end|><|im_start|>assistant [{""entity"": ""presented""}, {""entity"": ""refusal""}, {""entity"": ""bear""}, {""entity"": ""peaks""}] <|im_end|>
<|im_start|>user Extract the entities contained in the text. Extract only entities contained in the text.
Return the result in a json format: [{""entity"":""entity_name""}]. <<The histopathology slides show a well-defined mass composed of bland looking spindle cells.>>> <|im_end|><|im_start|>assistant","[{""entity"": ""slides""}, {""entity"": ""show""}, {""entity"": ""mass""}, {""entity"": ""bland looking spindle cells""}] ","[{""entity"": ""show""}, {""entity"": ""slides""}, {""entity"": ""bland looking spindle cells""}, {""entity"": """
"Subsequent immunohistochemistry (IHC) was done which showed diffuse immunoreactivity for S100, but other markers including smooth muscle actin (SMA), desmin, cytokeratin, CD34 and beta catenin were negative.","[{'id': '5552', 'offsets': array([11, 31]), 'role': '', 'semantic_type_id': '', 'text': 'immunohistochemistry', 'type': 'EVENT'}
 {'id': '5567', 'offsets': array([33, 36]), 'role': '', 'semantic_type_id': '', 'text': 'IHC', 'type': 'EVENT'}
 {'id': '5582', 'offsets': array([53, 59]), 'role': '', 'semantic_type_id': '', 'text': 'showed', 'type': 'EVENT'}
 {'id': '5597', 'offsets': array([68, 84]), 'role': '', 'semantic_type_id': '', 'text': 'immunoreactivity', 'type': 'EVENT'}
 {'id': '5612', 'offsets': array([105, 112]), 'role': '', 'semantic_type_id': '', 'text': 'markers', 'type': 'EVENT'}
 {'id': '5627', 'offsets': array([137, 142]), 'role': '', 'semantic_type_id': '', 'text': 'actin', 'type': 'EVENT'}
 {'id': '5642', 'offsets': array([144, 147]), 'role': '', 'semantic_type_id': '', 'text': 'SMA', 'type': 'EVENT'}
 {'id': '5657', 'offsets': array([150, 156]), 'role': '', 'semantic_type_id': '', 'text': 'desmin', 'type': 'EVENT'}
 {'id': '5672', 'offsets': array([158, 169]), 'role': '', 'semantic_type_id': '', 'text': 'cytokeratin', 'type': 'EVENT'}
 {'id': '5687', 'offsets': array([171, 175]), 'role': '', 'semantic_type_id': '', 'text': 'CD34', 'type': 'EVENT'}
 {'id': '5702', 'offsets': array([185, 192]), 'role': '', 'semantic_type_id': '', 'text': 'catenin', 'type': 'EVENT'}
 {'id': '6155', 'offsets': array([198, 206]), 'role': '', 'semantic_type_id': '', 'text': 'negative', 'type': 'RML'}]","The patient was a 35-year old female who presented with urinary frequency for 2 months. Her past medical history showed a nonsmoking history and no significant family history. The physical examination was unremarkable. She was treated as urinary tract infection, but there was no improvement in her symptoms. Urine analysis and culture were performed several times that was negative for infection. Other laboratory data were also insignificant. Through a routine evaluation, urinary system ultrasonography (US) revealed a bladder lesion measuring 7 mm. In order to confirm the diagnosis, magnetic resonance imaging (MRI) of the abdomen and pelvic cavity was done; it revealed a lesion in the dome of the bladder. To confirm the diagnosis and for histopathological examination, the patient underwent Transurethral Resection of Bladder Tumor (TURBT) in April 2018. Before starting the procedure, the urethra was dilated till Fr: 28; at first, the tumor location was specified by cystoscopy. Then, it was resected by monopolar cautery from superficial to deeper parts with removal of the muscle layers. Proper bleeders were taken and three way Foley catheter was applied for a continuous irrigation. The patient was transferred to the recovery room with complete stability. The histopathology slides show a well-defined mass composed of bland looking spindle cells. Subsequent immunohistochemistry (IHC) was done which showed diffuse immunoreactivity for S100, but other markers including smooth muscle actin (SMA), desmin, cytokeratin, CD34 and beta catenin were negative. Ki67 was 2-3%, so the diagnosis of schwannoma was confirmed. Then, the neck, abdomen, pelvic and chest computed tomography (CT) scans were done that were normal. Brain and spine MRI and physical examination showed no evidence of other schwannoma or evidence of neurofibromatosis. She had no history of neurofibromatosis in her family. Skin examination was normal and had no café au lait spot. She was not a case of von Recklinghausen disease.
",EN100506,"<|im_start|>user Extract the entities contained in the text. Extract only entities contained in the text.
Return the result in a json format: [{""entity"":""entity_name""}]. <<Subsequent immunohistochemistry (IHC) was done which showed diffuse immunoreactivity for S100, but other markers including smooth muscle actin (SMA), desmin, cytokeratin, CD34 and beta catenin were negative.>>> <|im_end|><|im_start|>assistant[{""entity"": ""immunohistochemistry""}, {""entity"": ""IHC""}, {""entity"": ""showed""}, {""entity"": ""immunoreactivity""}, {""entity"": ""markers""}, {""entity"": ""actin""}, {""entity"": ""SMA""}, {""entity"": ""desmin""}, {""entity"": ""cytokeratin""}, {""entity"": ""CD34""}, {""entity"": ""catenin""}, {""entity"": ""negative""}] <|im_end|>","<|im_start|>user Extract the entities contained in the text. Extract only entities contained in the text.
Return the result in a json format: [{""entity"":""entity_name""}]. <<<We present a case of a 32-year-old woman with a history of gradual enlargement of the anterior neck.>>> <|im_end|><|im_start|>assistant [{""entity"": ""present""}, {""entity"": ""history""}, {""entity"": ""enlargement""}] <|im_end|>
<|im_start|>user Extract the entities contained in the text. Extract only entities contained in the text.
Return the result in a json format: [{""entity"":""entity_name""}]. <<<Patient information: a 9-month-old boy presented to the emergency room with a 3-day history of refusal to bear weight on the right lower extremity and febrile peaks of up to 38.5°C for 24 hours.>>> <|im_end|><|im_start|>assistant [{""entity"": ""presented""}, {""entity"": ""refusal""}, {""entity"": ""bear""}, {""entity"": ""peaks""}] <|im_end|>
<|im_start|>user Extract the entities contained in the text. Extract only entities contained in the text.
Return the result in a json format: [{""entity"":""entity_name""}]. <<Subsequent immunohistochemistry (IHC) was done which showed diffuse immunoreactivity for S100, but other markers including smooth muscle actin (SMA), desmin, cytokeratin, CD34 and beta catenin were negative.>>> <|im_end|><|im_start|>assistant","[{""entity"": ""immunohistochemistry""}, {""entity"": ""IHC""}, {""entity"": ""showed""}, {""entity"": ""immunoreactivity""}, {""entity"": ""markers""}, {""entity"": ""actin""}, {""entity"": ""SMA""}, {""entity"": ""desmin""}, {""entity"": ""cytokeratin""}, {""entity"": ""CD34""}, {""entity"": ""catenin""}, {""entity"": ""negative""}] ","[{""entity"": ""IHC""}, {""entity"": ""showed""}, {""entity"": ""immunoreactivity""}, {""entity"": """
"Ki67 was 2-3%, so the diagnosis of schwannoma was confirmed.","[{'id': '5717', 'offsets': array([0, 4]), 'role': '', 'semantic_type_id': '', 'text': 'Ki67', 'type': 'EVENT'}
 {'id': '5732', 'offsets': array([35, 45]), 'role': '', 'semantic_type_id': '', 'text': 'schwannoma', 'type': 'EVENT'}
 {'id': '5747', 'offsets': array([50, 59]), 'role': '', 'semantic_type_id': '', 'text': 'confirmed', 'type': 'EVENT'}
 {'id': '6161', 'offsets': array([ 9, 13]), 'role': '', 'semantic_type_id': '', 'text': '2-3%', 'type': 'RML'}]","The patient was a 35-year old female who presented with urinary frequency for 2 months. Her past medical history showed a nonsmoking history and no significant family history. The physical examination was unremarkable. She was treated as urinary tract infection, but there was no improvement in her symptoms. Urine analysis and culture were performed several times that was negative for infection. Other laboratory data were also insignificant. Through a routine evaluation, urinary system ultrasonography (US) revealed a bladder lesion measuring 7 mm. In order to confirm the diagnosis, magnetic resonance imaging (MRI) of the abdomen and pelvic cavity was done; it revealed a lesion in the dome of the bladder. To confirm the diagnosis and for histopathological examination, the patient underwent Transurethral Resection of Bladder Tumor (TURBT) in April 2018. Before starting the procedure, the urethra was dilated till Fr: 28; at first, the tumor location was specified by cystoscopy. Then, it was resected by monopolar cautery from superficial to deeper parts with removal of the muscle layers. Proper bleeders were taken and three way Foley catheter was applied for a continuous irrigation. The patient was transferred to the recovery room with complete stability. The histopathology slides show a well-defined mass composed of bland looking spindle cells. Subsequent immunohistochemistry (IHC) was done which showed diffuse immunoreactivity for S100, but other markers including smooth muscle actin (SMA), desmin, cytokeratin, CD34 and beta catenin were negative. Ki67 was 2-3%, so the diagnosis of schwannoma was confirmed. Then, the neck, abdomen, pelvic and chest computed tomography (CT) scans were done that were normal. Brain and spine MRI and physical examination showed no evidence of other schwannoma or evidence of neurofibromatosis. She had no history of neurofibromatosis in her family. Skin examination was normal and had no café au lait spot. She was not a case of von Recklinghausen disease.
",EN100506,"<|im_start|>user Extract the entities contained in the text. Extract only entities contained in the text.
Return the result in a json format: [{""entity"":""entity_name""}]. <<Ki67 was 2-3%, so the diagnosis of schwannoma was confirmed.>>> <|im_end|><|im_start|>assistant[{""entity"": ""Ki67""}, {""entity"": ""schwannoma""}, {""entity"": ""confirmed""}, {""entity"": ""2-3%""}] <|im_end|>","<|im_start|>user Extract the entities contained in the text. Extract only entities contained in the text.
Return the result in a json format: [{""entity"":""entity_name""}]. <<<We present a case of a 32-year-old woman with a history of gradual enlargement of the anterior neck.>>> <|im_end|><|im_start|>assistant [{""entity"": ""present""}, {""entity"": ""history""}, {""entity"": ""enlargement""}] <|im_end|>
<|im_start|>user Extract the entities contained in the text. Extract only entities contained in the text.
Return the result in a json format: [{""entity"":""entity_name""}]. <<<Patient information: a 9-month-old boy presented to the emergency room with a 3-day history of refusal to bear weight on the right lower extremity and febrile peaks of up to 38.5°C for 24 hours.>>> <|im_end|><|im_start|>assistant [{""entity"": ""presented""}, {""entity"": ""refusal""}, {""entity"": ""bear""}, {""entity"": ""peaks""}] <|im_end|>
<|im_start|>user Extract the entities contained in the text. Extract only entities contained in the text.
Return the result in a json format: [{""entity"":""entity_name""}]. <<Ki67 was 2-3%, so the diagnosis of schwannoma was confirmed.>>> <|im_end|><|im_start|>assistant","[{""entity"": ""Ki67""}, {""entity"": ""schwannoma""}, {""entity"": ""confirmed""}, {""entity"": ""2-3%""}] ","[{""entity"": ""diagnosis""}, {""entity"": ""schwannoma""}, {""entity"": ""2-3%""}] "
Brain and spine MRI and physical examination showed no evidence of other schwannoma or evidence of neurofibromatosis.,"[{'id': '5777', 'offsets': array([16, 19]), 'role': '', 'semantic_type_id': '', 'text': 'MRI', 'type': 'EVENT'}
 {'id': '5792', 'offsets': array([33, 44]), 'role': '', 'semantic_type_id': '', 'text': 'examination', 'type': 'EVENT'}
 {'id': '5807', 'offsets': array([45, 51]), 'role': '', 'semantic_type_id': '', 'text': 'showed', 'type': 'EVENT'}
 {'id': '5822', 'offsets': array([55, 63]), 'role': '', 'semantic_type_id': '', 'text': 'evidence', 'type': 'EVENT'}
 {'id': '5837', 'offsets': array([73, 83]), 'role': '', 'semantic_type_id': '', 'text': 'schwannoma', 'type': 'EVENT'}
 {'id': '5852', 'offsets': array([87, 95]), 'role': '', 'semantic_type_id': '', 'text': 'evidence', 'type': 'EVENT'}
 {'id': '5867', 'offsets': array([ 99, 116]), 'role': '', 'semantic_type_id': '', 'text': 'neurofibromatosis', 'type': 'EVENT'}
 {'id': '5970', 'offsets': array([ 99, 116]), 'role': '', 'semantic_type_id': 'C0162678', 'text': 'neurofibromatosis', 'type': 'CLINENTITY'}
 {'id': '6069', 'offsets': array([0, 5]), 'role': '', 'semantic_type_id': '', 'text': 'Brain', 'type': 'BODYPART'}
 {'id': '6075', 'offsets': array([10, 15]), 'role': '', 'semantic_type_id': '', 'text': 'spine', 'type': 'BODYPART'}]","The patient was a 35-year old female who presented with urinary frequency for 2 months. Her past medical history showed a nonsmoking history and no significant family history. The physical examination was unremarkable. She was treated as urinary tract infection, but there was no improvement in her symptoms. Urine analysis and culture were performed several times that was negative for infection. Other laboratory data were also insignificant. Through a routine evaluation, urinary system ultrasonography (US) revealed a bladder lesion measuring 7 mm. In order to confirm the diagnosis, magnetic resonance imaging (MRI) of the abdomen and pelvic cavity was done; it revealed a lesion in the dome of the bladder. To confirm the diagnosis and for histopathological examination, the patient underwent Transurethral Resection of Bladder Tumor (TURBT) in April 2018. Before starting the procedure, the urethra was dilated till Fr: 28; at first, the tumor location was specified by cystoscopy. Then, it was resected by monopolar cautery from superficial to deeper parts with removal of the muscle layers. Proper bleeders were taken and three way Foley catheter was applied for a continuous irrigation. The patient was transferred to the recovery room with complete stability. The histopathology slides show a well-defined mass composed of bland looking spindle cells. Subsequent immunohistochemistry (IHC) was done which showed diffuse immunoreactivity for S100, but other markers including smooth muscle actin (SMA), desmin, cytokeratin, CD34 and beta catenin were negative. Ki67 was 2-3%, so the diagnosis of schwannoma was confirmed. Then, the neck, abdomen, pelvic and chest computed tomography (CT) scans were done that were normal. Brain and spine MRI and physical examination showed no evidence of other schwannoma or evidence of neurofibromatosis. She had no history of neurofibromatosis in her family. Skin examination was normal and had no café au lait spot. She was not a case of von Recklinghausen disease.
",EN100506,"<|im_start|>user Extract the entities contained in the text. Extract only entities contained in the text.
Return the result in a json format: [{""entity"":""entity_name""}]. <<Brain and spine MRI and physical examination showed no evidence of other schwannoma or evidence of neurofibromatosis.>>> <|im_end|><|im_start|>assistant[{""entity"": ""MRI""}, {""entity"": ""examination""}, {""entity"": ""showed""}, {""entity"": ""evidence""}, {""entity"": ""schwannoma""}, {""entity"": ""evidence""}, {""entity"": ""neurofibromatosis""}, {""entity"": ""neurofibromatosis""}, {""entity"": ""Brain""}, {""entity"": ""spine""}] <|im_end|>","<|im_start|>user Extract the entities contained in the text. Extract only entities contained in the text.
Return the result in a json format: [{""entity"":""entity_name""}]. <<<We present a case of a 32-year-old woman with a history of gradual enlargement of the anterior neck.>>> <|im_end|><|im_start|>assistant [{""entity"": ""present""}, {""entity"": ""history""}, {""entity"": ""enlargement""}] <|im_end|>
<|im_start|>user Extract the entities contained in the text. Extract only entities contained in the text.
Return the result in a json format: [{""entity"":""entity_name""}]. <<<Patient information: a 9-month-old boy presented to the emergency room with a 3-day history of refusal to bear weight on the right lower extremity and febrile peaks of up to 38.5°C for 24 hours.>>> <|im_end|><|im_start|>assistant [{""entity"": ""presented""}, {""entity"": ""refusal""}, {""entity"": ""bear""}, {""entity"": ""peaks""}] <|im_end|>
<|im_start|>user Extract the entities contained in the text. Extract only entities contained in the text.
Return the result in a json format: [{""entity"":""entity_name""}]. <<Brain and spine MRI and physical examination showed no evidence of other schwannoma or evidence of neurofibromatosis.>>> <|im_end|><|im_start|>assistant","[{""entity"": ""MRI""}, {""entity"": ""examination""}, {""entity"": ""showed""}, {""entity"": ""evidence""}, {""entity"": ""schwannoma""}, {""entity"": ""evidence""}, {""entity"": ""neurofibromatosis""}, {""entity"": ""neurofibromatosis""}, {""entity"": ""Brain""}, {""entity"": ""spine""}] ","[{""entity"": ""MRI""}, {""entity"": ""examination""}, {""entity"": ""showed""}, {""entity"": ""schwann"
She had no history of neurofibromatosis in her family.,"[{'id': '5882', 'offsets': array([22, 39]), 'role': '', 'semantic_type_id': '', 'text': 'neurofibromatosis', 'type': 'EVENT'}
 {'id': '5977', 'offsets': array([22, 39]), 'role': '', 'semantic_type_id': 'C0162678', 'text': 'neurofibromatosis', 'type': 'CLINENTITY'}
 {'id': '6122', 'offsets': array([0, 3]), 'role': 'PATIENT', 'semantic_type_id': '', 'text': 'She', 'type': 'ACTOR'}
 {'id': '6129', 'offsets': array([43, 53]), 'role': 'OTHER', 'semantic_type_id': '', 'text': 'her family', 'type': 'ACTOR'}]","The patient was a 35-year old female who presented with urinary frequency for 2 months. Her past medical history showed a nonsmoking history and no significant family history. The physical examination was unremarkable. She was treated as urinary tract infection, but there was no improvement in her symptoms. Urine analysis and culture were performed several times that was negative for infection. Other laboratory data were also insignificant. Through a routine evaluation, urinary system ultrasonography (US) revealed a bladder lesion measuring 7 mm. In order to confirm the diagnosis, magnetic resonance imaging (MRI) of the abdomen and pelvic cavity was done; it revealed a lesion in the dome of the bladder. To confirm the diagnosis and for histopathological examination, the patient underwent Transurethral Resection of Bladder Tumor (TURBT) in April 2018. Before starting the procedure, the urethra was dilated till Fr: 28; at first, the tumor location was specified by cystoscopy. Then, it was resected by monopolar cautery from superficial to deeper parts with removal of the muscle layers. Proper bleeders were taken and three way Foley catheter was applied for a continuous irrigation. The patient was transferred to the recovery room with complete stability. The histopathology slides show a well-defined mass composed of bland looking spindle cells. Subsequent immunohistochemistry (IHC) was done which showed diffuse immunoreactivity for S100, but other markers including smooth muscle actin (SMA), desmin, cytokeratin, CD34 and beta catenin were negative. Ki67 was 2-3%, so the diagnosis of schwannoma was confirmed. Then, the neck, abdomen, pelvic and chest computed tomography (CT) scans were done that were normal. Brain and spine MRI and physical examination showed no evidence of other schwannoma or evidence of neurofibromatosis. She had no history of neurofibromatosis in her family. Skin examination was normal and had no café au lait spot. She was not a case of von Recklinghausen disease.
",EN100506,"<|im_start|>user Extract the entities contained in the text. Extract only entities contained in the text.
Return the result in a json format: [{""entity"":""entity_name""}]. <<She had no history of neurofibromatosis in her family.>>> <|im_end|><|im_start|>assistant[{""entity"": ""neurofibromatosis""}, {""entity"": ""neurofibromatosis""}, {""entity"": ""She""}, {""entity"": ""her family""}] <|im_end|>","<|im_start|>user Extract the entities contained in the text. Extract only entities contained in the text.
Return the result in a json format: [{""entity"":""entity_name""}]. <<<We present a case of a 32-year-old woman with a history of gradual enlargement of the anterior neck.>>> <|im_end|><|im_start|>assistant [{""entity"": ""present""}, {""entity"": ""history""}, {""entity"": ""enlargement""}] <|im_end|>
<|im_start|>user Extract the entities contained in the text. Extract only entities contained in the text.
Return the result in a json format: [{""entity"":""entity_name""}]. <<<Patient information: a 9-month-old boy presented to the emergency room with a 3-day history of refusal to bear weight on the right lower extremity and febrile peaks of up to 38.5°C for 24 hours.>>> <|im_end|><|im_start|>assistant [{""entity"": ""presented""}, {""entity"": ""refusal""}, {""entity"": ""bear""}, {""entity"": ""peaks""}] <|im_end|>
<|im_start|>user Extract the entities contained in the text. Extract only entities contained in the text.
Return the result in a json format: [{""entity"":""entity_name""}]. <<She had no history of neurofibromatosis in her family.>>> <|im_end|><|im_start|>assistant","[{""entity"": ""neurofibromatosis""}, {""entity"": ""neurofibromatosis""}, {""entity"": ""She""}, {""entity"": ""her family""}] ","[{""entity"": ""history""}, {""entity"": ""neurofibromatosis""}, {""entity"": ""neurofibromatosis"
Skin examination was normal and had no café au lait spot.,"[{'id': '5897', 'offsets': array([ 5, 16]), 'role': '', 'semantic_type_id': '', 'text': 'examination', 'type': 'EVENT'}
 {'id': '5912', 'offsets': array([52, 56]), 'role': '', 'semantic_type_id': '', 'text': 'spot', 'type': 'EVENT'}
 {'id': '6081', 'offsets': array([0, 4]), 'role': '', 'semantic_type_id': '', 'text': 'Skin', 'type': 'BODYPART'}
 {'id': '6173', 'offsets': array([21, 27]), 'role': '', 'semantic_type_id': '', 'text': 'normal', 'type': 'RML'}]","The patient was a 35-year old female who presented with urinary frequency for 2 months. Her past medical history showed a nonsmoking history and no significant family history. The physical examination was unremarkable. She was treated as urinary tract infection, but there was no improvement in her symptoms. Urine analysis and culture were performed several times that was negative for infection. Other laboratory data were also insignificant. Through a routine evaluation, urinary system ultrasonography (US) revealed a bladder lesion measuring 7 mm. In order to confirm the diagnosis, magnetic resonance imaging (MRI) of the abdomen and pelvic cavity was done; it revealed a lesion in the dome of the bladder. To confirm the diagnosis and for histopathological examination, the patient underwent Transurethral Resection of Bladder Tumor (TURBT) in April 2018. Before starting the procedure, the urethra was dilated till Fr: 28; at first, the tumor location was specified by cystoscopy. Then, it was resected by monopolar cautery from superficial to deeper parts with removal of the muscle layers. Proper bleeders were taken and three way Foley catheter was applied for a continuous irrigation. The patient was transferred to the recovery room with complete stability. The histopathology slides show a well-defined mass composed of bland looking spindle cells. Subsequent immunohistochemistry (IHC) was done which showed diffuse immunoreactivity for S100, but other markers including smooth muscle actin (SMA), desmin, cytokeratin, CD34 and beta catenin were negative. Ki67 was 2-3%, so the diagnosis of schwannoma was confirmed. Then, the neck, abdomen, pelvic and chest computed tomography (CT) scans were done that were normal. Brain and spine MRI and physical examination showed no evidence of other schwannoma or evidence of neurofibromatosis. She had no history of neurofibromatosis in her family. Skin examination was normal and had no café au lait spot. She was not a case of von Recklinghausen disease.
",EN100506,"<|im_start|>user Extract the entities contained in the text. Extract only entities contained in the text.
Return the result in a json format: [{""entity"":""entity_name""}]. <<Skin examination was normal and had no café au lait spot.>>> <|im_end|><|im_start|>assistant[{""entity"": ""examination""}, {""entity"": ""spot""}, {""entity"": ""Skin""}, {""entity"": ""normal""}] <|im_end|>","<|im_start|>user Extract the entities contained in the text. Extract only entities contained in the text.
Return the result in a json format: [{""entity"":""entity_name""}]. <<<We present a case of a 32-year-old woman with a history of gradual enlargement of the anterior neck.>>> <|im_end|><|im_start|>assistant [{""entity"": ""present""}, {""entity"": ""history""}, {""entity"": ""enlargement""}] <|im_end|>
<|im_start|>user Extract the entities contained in the text. Extract only entities contained in the text.
Return the result in a json format: [{""entity"":""entity_name""}]. <<<Patient information: a 9-month-old boy presented to the emergency room with a 3-day history of refusal to bear weight on the right lower extremity and febrile peaks of up to 38.5°C for 24 hours.>>> <|im_end|><|im_start|>assistant [{""entity"": ""presented""}, {""entity"": ""refusal""}, {""entity"": ""bear""}, {""entity"": ""peaks""}] <|im_end|>
<|im_start|>user Extract the entities contained in the text. Extract only entities contained in the text.
Return the result in a json format: [{""entity"":""entity_name""}]. <<Skin examination was normal and had no café au lait spot.>>> <|im_end|><|im_start|>assistant","[{""entity"": ""examination""}, {""entity"": ""spot""}, {""entity"": ""Skin""}, {""entity"": ""normal""}] ","[{""entity"": ""examination""}, {""entity"": ""normal""}, {""entity"": ""spot""}, {""entity"": ""café au la"
She was not a case of von Recklinghausen disease.,"[{'id': '5927', 'offsets': array([14, 18]), 'role': '', 'semantic_type_id': '', 'text': 'case', 'type': 'EVENT'}
 {'id': '5984', 'offsets': array([22, 48]), 'role': '', 'semantic_type_id': 'C0027831', 'text': 'von Recklinghausen disease', 'type': 'CLINENTITY'}
 {'id': '6136', 'offsets': array([0, 3]), 'role': 'PATIENT', 'semantic_type_id': '', 'text': 'She', 'type': 'ACTOR'}]","The patient was a 35-year old female who presented with urinary frequency for 2 months. Her past medical history showed a nonsmoking history and no significant family history. The physical examination was unremarkable. She was treated as urinary tract infection, but there was no improvement in her symptoms. Urine analysis and culture were performed several times that was negative for infection. Other laboratory data were also insignificant. Through a routine evaluation, urinary system ultrasonography (US) revealed a bladder lesion measuring 7 mm. In order to confirm the diagnosis, magnetic resonance imaging (MRI) of the abdomen and pelvic cavity was done; it revealed a lesion in the dome of the bladder. To confirm the diagnosis and for histopathological examination, the patient underwent Transurethral Resection of Bladder Tumor (TURBT) in April 2018. Before starting the procedure, the urethra was dilated till Fr: 28; at first, the tumor location was specified by cystoscopy. Then, it was resected by monopolar cautery from superficial to deeper parts with removal of the muscle layers. Proper bleeders were taken and three way Foley catheter was applied for a continuous irrigation. The patient was transferred to the recovery room with complete stability. The histopathology slides show a well-defined mass composed of bland looking spindle cells. Subsequent immunohistochemistry (IHC) was done which showed diffuse immunoreactivity for S100, but other markers including smooth muscle actin (SMA), desmin, cytokeratin, CD34 and beta catenin were negative. Ki67 was 2-3%, so the diagnosis of schwannoma was confirmed. Then, the neck, abdomen, pelvic and chest computed tomography (CT) scans were done that were normal. Brain and spine MRI and physical examination showed no evidence of other schwannoma or evidence of neurofibromatosis. She had no history of neurofibromatosis in her family. Skin examination was normal and had no café au lait spot. She was not a case of von Recklinghausen disease.
",EN100506,"<|im_start|>user Extract the entities contained in the text. Extract only entities contained in the text.
Return the result in a json format: [{""entity"":""entity_name""}]. <<She was not a case of von Recklinghausen disease.>>> <|im_end|><|im_start|>assistant[{""entity"": ""case""}, {""entity"": ""von Recklinghausen disease""}, {""entity"": ""She""}] <|im_end|>","<|im_start|>user Extract the entities contained in the text. Extract only entities contained in the text.
Return the result in a json format: [{""entity"":""entity_name""}]. <<<We present a case of a 32-year-old woman with a history of gradual enlargement of the anterior neck.>>> <|im_end|><|im_start|>assistant [{""entity"": ""present""}, {""entity"": ""history""}, {""entity"": ""enlargement""}] <|im_end|>
<|im_start|>user Extract the entities contained in the text. Extract only entities contained in the text.
Return the result in a json format: [{""entity"":""entity_name""}]. <<<Patient information: a 9-month-old boy presented to the emergency room with a 3-day history of refusal to bear weight on the right lower extremity and febrile peaks of up to 38.5°C for 24 hours.>>> <|im_end|><|im_start|>assistant [{""entity"": ""presented""}, {""entity"": ""refusal""}, {""entity"": ""bear""}, {""entity"": ""peaks""}] <|im_end|>
<|im_start|>user Extract the entities contained in the text. Extract only entities contained in the text.
Return the result in a json format: [{""entity"":""entity_name""}]. <<She was not a case of von Recklinghausen disease.>>> <|im_end|><|im_start|>assistant","[{""entity"": ""case""}, {""entity"": ""von Recklinghausen disease""}, {""entity"": ""She""}] ","[{""entity"": ""disease""}, {""entity"": ""von Recklinghausen""}, {""entity"": ""She""}] <|im_end|><|im_end|>"
A 35-year-old mentally ill man was transferred from a local psychiatric hospital after attempted suicide by fire 3 days before admission.,"[{'id': '8359', 'offsets': array([35, 46]), 'role': '', 'semantic_type_id': '', 'text': 'transferred', 'type': 'EVENT'}
 {'id': '8374', 'offsets': array([ 97, 104]), 'role': '', 'semantic_type_id': '', 'text': 'suicide', 'type': 'EVENT'}
 {'id': '8389', 'offsets': array([127, 136]), 'role': '', 'semantic_type_id': '', 'text': 'admission', 'type': 'EVENT'}
 {'id': '9901', 'offsets': array([ 0, 30]), 'role': 'PATIENT', 'semantic_type_id': '', 'text': 'A 35-year-old mentally ill man', 'type': 'ACTOR'}
 {'id': '10141', 'offsets': array([113, 119]), 'role': '', 'semantic_type_id': '', 'text': '3 days', 'type': 'TIMEX3'}]","A 35-year-old mentally ill man was transferred from a local psychiatric hospital after attempted suicide by fire 3 days before admission. He acquired full-and partial-thickness injury in approximately 38% of his TBSA, including face and neck (5%), both upper extremities (8%), right thigh (4%), left thigh and leg (3%), and most of his anterior and posterior trunk (16%). The patient was hospitalized for 66 days and underwent five debridement surgeries. The psychiatric diagnosis was schizophrenia type ICD 10 F20.3, treated with Haloperidol 1.5 mg and Diazepam 5 mg daily. The patient was occasionally restrained due to rebellious and self-destruction behavior. The nutrition management of this patient was started after a week of hospitalization, which is considered late. In the initial nutrition assessment, the patient was 40 kg weight and 150 cm tall thus the body mass index (BMI) was 17,57 kg/m 2 or underweight. Gastrointestinal symptoms and signs were not found. Information regarding the patient's dietary intake in the last two weeks and weight change within the last 6 months could not be obtained, but his mother claimed that the patient seemed to lose weight because he refused any food that had been offered to him; he only smoked and drank coffee. Albumin level was 3.6 gr/L with imbalanced electrolyte levels. Signs of fluid accumulation were not found. According to the subjective global assessment (SGA) tool, the patient belonged to group C (severely malnourished). Energy and protein were given starting from 30 kcal/kg, increasing gradually to 50 kcal/kg, and 2 gp/kg divided into oral nutrition and oral nutrition supplements (ONS) with a 50:50 ratio. The patient was also given micronutrient supplementations, specifically vitamin A 100,000 units for the first week, vitamin C 100 mg 3 times a day, and zinc 20 mg once a day. During the early weeks of hospitalization, the patient's weight loss continued. At the end of the second week, his body weight was 36 kilograms while his serum albumin level was 2.7 gr/L. On the 28 th day, the patient's body weight was 33 kilograms while his serum albumin level was 2.1 gr/L. Energy and protein intake was maintained, but the ratio of oral intake and ONS was modified to 70:30. During the treatment, the patient's appetite was unstable. The patient was also hardly cooperative with enteral access. The patient often writhed in pain and became more aggressive. The patient did not respond well to analgesics and sedations. Partially parenteral nutrition (PN) enriched with branched-chain amino acid (BCAA) was administered to support protein needs. However, his BMI continued to decline, and on the 42 nd day, his body weight dropped to 32 kilograms with a serum albumin level of 2 gr/L. On the 66 th day, granulation tissues appeared on the wound bed. Considering the mental and nutrition status of the patient, it was decided not to continue with the skin graft surgery. The patient had lost 24% of body weight (BMI 11.96 kg/m 2) and the serum albumin level was 2.5 gr/L. The patient displayed severe muscle wasting and subcutaneous fat loss. However, the general and mental condition was relatively better. The patient was discharged from the hospital.
",EN100658,"<|im_start|>user Extract the entities contained in the text. Extract only entities contained in the text.
Return the result in a json format: [{""entity"":""entity_name""}]. <<A 35-year-old mentally ill man was transferred from a local psychiatric hospital after attempted suicide by fire 3 days before admission.>>> <|im_end|><|im_start|>assistant[{""entity"": ""transferred""}, {""entity"": ""suicide""}, {""entity"": ""admission""}, {""entity"": ""A 35-year-old mentally ill man""}, {""entity"": ""3 days""}] <|im_end|>","<|im_start|>user Extract the entities contained in the text. Extract only entities contained in the text.
Return the result in a json format: [{""entity"":""entity_name""}]. <<<We present a case of a 32-year-old woman with a history of gradual enlargement of the anterior neck.>>> <|im_end|><|im_start|>assistant [{""entity"": ""present""}, {""entity"": ""history""}, {""entity"": ""enlargement""}] <|im_end|>
<|im_start|>user Extract the entities contained in the text. Extract only entities contained in the text.
Return the result in a json format: [{""entity"":""entity_name""}]. <<<Patient information: a 9-month-old boy presented to the emergency room with a 3-day history of refusal to bear weight on the right lower extremity and febrile peaks of up to 38.5°C for 24 hours.>>> <|im_end|><|im_start|>assistant [{""entity"": ""presented""}, {""entity"": ""refusal""}, {""entity"": ""bear""}, {""entity"": ""peaks""}] <|im_end|>
<|im_start|>user Extract the entities contained in the text. Extract only entities contained in the text.
Return the result in a json format: [{""entity"":""entity_name""}]. <<A 35-year-old mentally ill man was transferred from a local psychiatric hospital after attempted suicide by fire 3 days before admission.>>> <|im_end|><|im_start|>assistant","[{""entity"": ""transferred""}, {""entity"": ""suicide""}, {""entity"": ""admission""}, {""entity"": ""A 35-year-old mentally ill man""}, {""entity"": ""3 days""}] ","[{""entity"": ""transferred""}, {""entity"": ""suicide""}, {""entity"": ""fire""}, {""entity"": ""A 3"
"He acquired full-and partial-thickness injury in approximately 38% of his TBSA, including face and neck (5%), both upper extremities (8%), right thigh (4%), left thigh and leg (3%), and most of his anterior and posterior trunk (16%).","[{'id': '8404', 'offsets': array([39, 45]), 'role': '', 'semantic_type_id': '', 'text': 'injury', 'type': 'EVENT'}
 {'id': '9805', 'offsets': array([74, 78]), 'role': '', 'semantic_type_id': '', 'text': 'TBSA', 'type': 'BODYPART'}
 {'id': '9811', 'offsets': array([90, 94]), 'role': '', 'semantic_type_id': '', 'text': 'face', 'type': 'BODYPART'}
 {'id': '9817', 'offsets': array([ 99, 103]), 'role': '', 'semantic_type_id': '', 'text': 'neck', 'type': 'BODYPART'}
 {'id': '9823', 'offsets': array([110, 132]), 'role': '', 'semantic_type_id': '', 'text': 'both upper extremities', 'type': 'BODYPART'}
 {'id': '9829', 'offsets': array([139, 150]), 'role': '', 'semantic_type_id': '', 'text': 'right thigh', 'type': 'BODYPART'}
 {'id': '9835', 'offsets': array([157, 167]), 'role': '', 'semantic_type_id': '', 'text': 'left thigh', 'type': 'BODYPART'}
 {'id': '9841', 'offsets': array([172, 175]), 'role': '', 'semantic_type_id': '', 'text': 'leg', 'type': 'BODYPART'}
 {'id': '9847', 'offsets': array([186, 226]), 'role': '', 'semantic_type_id': '', 'text': 'most of his anterior and posterior trunk', 'type': 'BODYPART'}
 {'id': '9908', 'offsets': array([0, 2]), 'role': 'PATIENT', 'semantic_type_id': '', 'text': 'He', 'type': 'ACTOR'}]","A 35-year-old mentally ill man was transferred from a local psychiatric hospital after attempted suicide by fire 3 days before admission. He acquired full-and partial-thickness injury in approximately 38% of his TBSA, including face and neck (5%), both upper extremities (8%), right thigh (4%), left thigh and leg (3%), and most of his anterior and posterior trunk (16%). The patient was hospitalized for 66 days and underwent five debridement surgeries. The psychiatric diagnosis was schizophrenia type ICD 10 F20.3, treated with Haloperidol 1.5 mg and Diazepam 5 mg daily. The patient was occasionally restrained due to rebellious and self-destruction behavior. The nutrition management of this patient was started after a week of hospitalization, which is considered late. In the initial nutrition assessment, the patient was 40 kg weight and 150 cm tall thus the body mass index (BMI) was 17,57 kg/m 2 or underweight. Gastrointestinal symptoms and signs were not found. Information regarding the patient's dietary intake in the last two weeks and weight change within the last 6 months could not be obtained, but his mother claimed that the patient seemed to lose weight because he refused any food that had been offered to him; he only smoked and drank coffee. Albumin level was 3.6 gr/L with imbalanced electrolyte levels. Signs of fluid accumulation were not found. According to the subjective global assessment (SGA) tool, the patient belonged to group C (severely malnourished). Energy and protein were given starting from 30 kcal/kg, increasing gradually to 50 kcal/kg, and 2 gp/kg divided into oral nutrition and oral nutrition supplements (ONS) with a 50:50 ratio. The patient was also given micronutrient supplementations, specifically vitamin A 100,000 units for the first week, vitamin C 100 mg 3 times a day, and zinc 20 mg once a day. During the early weeks of hospitalization, the patient's weight loss continued. At the end of the second week, his body weight was 36 kilograms while his serum albumin level was 2.7 gr/L. On the 28 th day, the patient's body weight was 33 kilograms while his serum albumin level was 2.1 gr/L. Energy and protein intake was maintained, but the ratio of oral intake and ONS was modified to 70:30. During the treatment, the patient's appetite was unstable. The patient was also hardly cooperative with enteral access. The patient often writhed in pain and became more aggressive. The patient did not respond well to analgesics and sedations. Partially parenteral nutrition (PN) enriched with branched-chain amino acid (BCAA) was administered to support protein needs. However, his BMI continued to decline, and on the 42 nd day, his body weight dropped to 32 kilograms with a serum albumin level of 2 gr/L. On the 66 th day, granulation tissues appeared on the wound bed. Considering the mental and nutrition status of the patient, it was decided not to continue with the skin graft surgery. The patient had lost 24% of body weight (BMI 11.96 kg/m 2) and the serum albumin level was 2.5 gr/L. The patient displayed severe muscle wasting and subcutaneous fat loss. However, the general and mental condition was relatively better. The patient was discharged from the hospital.
",EN100658,"<|im_start|>user Extract the entities contained in the text. Extract only entities contained in the text.
Return the result in a json format: [{""entity"":""entity_name""}]. <<He acquired full-and partial-thickness injury in approximately 38% of his TBSA, including face and neck (5%), both upper extremities (8%), right thigh (4%), left thigh and leg (3%), and most of his anterior and posterior trunk (16%).>>> <|im_end|><|im_start|>assistant[{""entity"": ""injury""}, {""entity"": ""TBSA""}, {""entity"": ""face""}, {""entity"": ""neck""}, {""entity"": ""both upper extremities""}, {""entity"": ""right thigh""}, {""entity"": ""left thigh""}, {""entity"": ""leg""}, {""entity"": ""most of his anterior and posterior trunk""}, {""entity"": ""He""}] <|im_end|>","<|im_start|>user Extract the entities contained in the text. Extract only entities contained in the text.
Return the result in a json format: [{""entity"":""entity_name""}]. <<<We present a case of a 32-year-old woman with a history of gradual enlargement of the anterior neck.>>> <|im_end|><|im_start|>assistant [{""entity"": ""present""}, {""entity"": ""history""}, {""entity"": ""enlargement""}] <|im_end|>
<|im_start|>user Extract the entities contained in the text. Extract only entities contained in the text.
Return the result in a json format: [{""entity"":""entity_name""}]. <<<Patient information: a 9-month-old boy presented to the emergency room with a 3-day history of refusal to bear weight on the right lower extremity and febrile peaks of up to 38.5°C for 24 hours.>>> <|im_end|><|im_start|>assistant [{""entity"": ""presented""}, {""entity"": ""refusal""}, {""entity"": ""bear""}, {""entity"": ""peaks""}] <|im_end|>
<|im_start|>user Extract the entities contained in the text. Extract only entities contained in the text.
Return the result in a json format: [{""entity"":""entity_name""}]. <<He acquired full-and partial-thickness injury in approximately 38% of his TBSA, including face and neck (5%), both upper extremities (8%), right thigh (4%), left thigh and leg (3%), and most of his anterior and posterior trunk (16%).>>> <|im_end|><|im_start|>assistant","[{""entity"": ""injury""}, {""entity"": ""TBSA""}, {""entity"": ""face""}, {""entity"": ""neck""}, {""entity"": ""both upper extremities""}, {""entity"": ""right thigh""}, {""entity"": ""left thigh""}, {""entity"": ""leg""}, {""entity"": ""most of his anterior and posterior trunk""}, {""entity"": ""He""}] ","[{""entity"": ""injury""}, {""entity"": ""TBSA""}, {""entity"": ""face""}, {""entity"": ""neck""},"
The patient was hospitalized for 66 days and underwent five debridement surgeries.,"[{'id': '8419', 'offsets': array([16, 28]), 'role': '', 'semantic_type_id': '', 'text': 'hospitalized', 'type': 'EVENT'}
 {'id': '8434', 'offsets': array([72, 81]), 'role': '', 'semantic_type_id': '', 'text': 'surgeries', 'type': 'EVENT'}
 {'id': '9915', 'offsets': array([ 0, 11]), 'role': 'PATIENT', 'semantic_type_id': '', 'text': 'The patient', 'type': 'ACTOR'}
 {'id': '10150', 'offsets': array([33, 40]), 'role': '', 'semantic_type_id': '', 'text': '66 days', 'type': 'TIMEX3'}]","A 35-year-old mentally ill man was transferred from a local psychiatric hospital after attempted suicide by fire 3 days before admission. He acquired full-and partial-thickness injury in approximately 38% of his TBSA, including face and neck (5%), both upper extremities (8%), right thigh (4%), left thigh and leg (3%), and most of his anterior and posterior trunk (16%). The patient was hospitalized for 66 days and underwent five debridement surgeries. The psychiatric diagnosis was schizophrenia type ICD 10 F20.3, treated with Haloperidol 1.5 mg and Diazepam 5 mg daily. The patient was occasionally restrained due to rebellious and self-destruction behavior. The nutrition management of this patient was started after a week of hospitalization, which is considered late. In the initial nutrition assessment, the patient was 40 kg weight and 150 cm tall thus the body mass index (BMI) was 17,57 kg/m 2 or underweight. Gastrointestinal symptoms and signs were not found. Information regarding the patient's dietary intake in the last two weeks and weight change within the last 6 months could not be obtained, but his mother claimed that the patient seemed to lose weight because he refused any food that had been offered to him; he only smoked and drank coffee. Albumin level was 3.6 gr/L with imbalanced electrolyte levels. Signs of fluid accumulation were not found. According to the subjective global assessment (SGA) tool, the patient belonged to group C (severely malnourished). Energy and protein were given starting from 30 kcal/kg, increasing gradually to 50 kcal/kg, and 2 gp/kg divided into oral nutrition and oral nutrition supplements (ONS) with a 50:50 ratio. The patient was also given micronutrient supplementations, specifically vitamin A 100,000 units for the first week, vitamin C 100 mg 3 times a day, and zinc 20 mg once a day. During the early weeks of hospitalization, the patient's weight loss continued. At the end of the second week, his body weight was 36 kilograms while his serum albumin level was 2.7 gr/L. On the 28 th day, the patient's body weight was 33 kilograms while his serum albumin level was 2.1 gr/L. Energy and protein intake was maintained, but the ratio of oral intake and ONS was modified to 70:30. During the treatment, the patient's appetite was unstable. The patient was also hardly cooperative with enteral access. The patient often writhed in pain and became more aggressive. The patient did not respond well to analgesics and sedations. Partially parenteral nutrition (PN) enriched with branched-chain amino acid (BCAA) was administered to support protein needs. However, his BMI continued to decline, and on the 42 nd day, his body weight dropped to 32 kilograms with a serum albumin level of 2 gr/L. On the 66 th day, granulation tissues appeared on the wound bed. Considering the mental and nutrition status of the patient, it was decided not to continue with the skin graft surgery. The patient had lost 24% of body weight (BMI 11.96 kg/m 2) and the serum albumin level was 2.5 gr/L. The patient displayed severe muscle wasting and subcutaneous fat loss. However, the general and mental condition was relatively better. The patient was discharged from the hospital.
",EN100658,"<|im_start|>user Extract the entities contained in the text. Extract only entities contained in the text.
Return the result in a json format: [{""entity"":""entity_name""}]. <<The patient was hospitalized for 66 days and underwent five debridement surgeries.>>> <|im_end|><|im_start|>assistant[{""entity"": ""hospitalized""}, {""entity"": ""surgeries""}, {""entity"": ""The patient""}, {""entity"": ""66 days""}] <|im_end|>","<|im_start|>user Extract the entities contained in the text. Extract only entities contained in the text.
Return the result in a json format: [{""entity"":""entity_name""}]. <<<We present a case of a 32-year-old woman with a history of gradual enlargement of the anterior neck.>>> <|im_end|><|im_start|>assistant [{""entity"": ""present""}, {""entity"": ""history""}, {""entity"": ""enlargement""}] <|im_end|>
<|im_start|>user Extract the entities contained in the text. Extract only entities contained in the text.
Return the result in a json format: [{""entity"":""entity_name""}]. <<<Patient information: a 9-month-old boy presented to the emergency room with a 3-day history of refusal to bear weight on the right lower extremity and febrile peaks of up to 38.5°C for 24 hours.>>> <|im_end|><|im_start|>assistant [{""entity"": ""presented""}, {""entity"": ""refusal""}, {""entity"": ""bear""}, {""entity"": ""peaks""}] <|im_end|>
<|im_start|>user Extract the entities contained in the text. Extract only entities contained in the text.
Return the result in a json format: [{""entity"":""entity_name""}]. <<The patient was hospitalized for 66 days and underwent five debridement surgeries.>>> <|im_end|><|im_start|>assistant","[{""entity"": ""hospitalized""}, {""entity"": ""surgeries""}, {""entity"": ""The patient""}, {""entity"": ""66 days""}] ","[{""entity"": ""hospitalized""}, {""entity"": ""surgeries""}, {""entity"": ""The patient""}, {""entity"": ""66"
"The psychiatric diagnosis was schizophrenia type ICD 10 F20.3, treated with Haloperidol 1.5 mg and Diazepam 5 mg daily.","[{'id': '8449', 'offsets': array([16, 25]), 'role': '', 'semantic_type_id': '', 'text': 'diagnosis', 'type': 'EVENT'}
 {'id': '8464', 'offsets': array([30, 43]), 'role': '', 'semantic_type_id': '', 'text': 'schizophrenia', 'type': 'EVENT'}
 {'id': '8479', 'offsets': array([63, 70]), 'role': '', 'semantic_type_id': '', 'text': 'treated', 'type': 'EVENT'}
 {'id': '8494', 'offsets': array([76, 87]), 'role': '', 'semantic_type_id': '', 'text': 'Haloperidol', 'type': 'EVENT'}
 {'id': '8509', 'offsets': array([ 99, 107]), 'role': '', 'semantic_type_id': '', 'text': 'Diazepam', 'type': 'EVENT'}
 {'id': '9784', 'offsets': array([30, 43]), 'role': '', 'semantic_type_id': 'C0036341', 'text': 'schizophrenia', 'type': 'CLINENTITY'}
 {'id': '10159', 'offsets': array([113, 118]), 'role': '', 'semantic_type_id': '', 'text': 'daily', 'type': 'TIMEX3'}]","A 35-year-old mentally ill man was transferred from a local psychiatric hospital after attempted suicide by fire 3 days before admission. He acquired full-and partial-thickness injury in approximately 38% of his TBSA, including face and neck (5%), both upper extremities (8%), right thigh (4%), left thigh and leg (3%), and most of his anterior and posterior trunk (16%). The patient was hospitalized for 66 days and underwent five debridement surgeries. The psychiatric diagnosis was schizophrenia type ICD 10 F20.3, treated with Haloperidol 1.5 mg and Diazepam 5 mg daily. The patient was occasionally restrained due to rebellious and self-destruction behavior. The nutrition management of this patient was started after a week of hospitalization, which is considered late. In the initial nutrition assessment, the patient was 40 kg weight and 150 cm tall thus the body mass index (BMI) was 17,57 kg/m 2 or underweight. Gastrointestinal symptoms and signs were not found. Information regarding the patient's dietary intake in the last two weeks and weight change within the last 6 months could not be obtained, but his mother claimed that the patient seemed to lose weight because he refused any food that had been offered to him; he only smoked and drank coffee. Albumin level was 3.6 gr/L with imbalanced electrolyte levels. Signs of fluid accumulation were not found. According to the subjective global assessment (SGA) tool, the patient belonged to group C (severely malnourished). Energy and protein were given starting from 30 kcal/kg, increasing gradually to 50 kcal/kg, and 2 gp/kg divided into oral nutrition and oral nutrition supplements (ONS) with a 50:50 ratio. The patient was also given micronutrient supplementations, specifically vitamin A 100,000 units for the first week, vitamin C 100 mg 3 times a day, and zinc 20 mg once a day. During the early weeks of hospitalization, the patient's weight loss continued. At the end of the second week, his body weight was 36 kilograms while his serum albumin level was 2.7 gr/L. On the 28 th day, the patient's body weight was 33 kilograms while his serum albumin level was 2.1 gr/L. Energy and protein intake was maintained, but the ratio of oral intake and ONS was modified to 70:30. During the treatment, the patient's appetite was unstable. The patient was also hardly cooperative with enteral access. The patient often writhed in pain and became more aggressive. The patient did not respond well to analgesics and sedations. Partially parenteral nutrition (PN) enriched with branched-chain amino acid (BCAA) was administered to support protein needs. However, his BMI continued to decline, and on the 42 nd day, his body weight dropped to 32 kilograms with a serum albumin level of 2 gr/L. On the 66 th day, granulation tissues appeared on the wound bed. Considering the mental and nutrition status of the patient, it was decided not to continue with the skin graft surgery. The patient had lost 24% of body weight (BMI 11.96 kg/m 2) and the serum albumin level was 2.5 gr/L. The patient displayed severe muscle wasting and subcutaneous fat loss. However, the general and mental condition was relatively better. The patient was discharged from the hospital.
",EN100658,"<|im_start|>user Extract the entities contained in the text. Extract only entities contained in the text.
Return the result in a json format: [{""entity"":""entity_name""}]. <<The psychiatric diagnosis was schizophrenia type ICD 10 F20.3, treated with Haloperidol 1.5 mg and Diazepam 5 mg daily.>>> <|im_end|><|im_start|>assistant[{""entity"": ""diagnosis""}, {""entity"": ""schizophrenia""}, {""entity"": ""treated""}, {""entity"": ""Haloperidol""}, {""entity"": ""Diazepam""}, {""entity"": ""schizophrenia""}, {""entity"": ""daily""}] <|im_end|>","<|im_start|>user Extract the entities contained in the text. Extract only entities contained in the text.
Return the result in a json format: [{""entity"":""entity_name""}]. <<<We present a case of a 32-year-old woman with a history of gradual enlargement of the anterior neck.>>> <|im_end|><|im_start|>assistant [{""entity"": ""present""}, {""entity"": ""history""}, {""entity"": ""enlargement""}] <|im_end|>
<|im_start|>user Extract the entities contained in the text. Extract only entities contained in the text.
Return the result in a json format: [{""entity"":""entity_name""}]. <<<Patient information: a 9-month-old boy presented to the emergency room with a 3-day history of refusal to bear weight on the right lower extremity and febrile peaks of up to 38.5°C for 24 hours.>>> <|im_end|><|im_start|>assistant [{""entity"": ""presented""}, {""entity"": ""refusal""}, {""entity"": ""bear""}, {""entity"": ""peaks""}] <|im_end|>
<|im_start|>user Extract the entities contained in the text. Extract only entities contained in the text.
Return the result in a json format: [{""entity"":""entity_name""}]. <<The psychiatric diagnosis was schizophrenia type ICD 10 F20.3, treated with Haloperidol 1.5 mg and Diazepam 5 mg daily.>>> <|im_end|><|im_start|>assistant","[{""entity"": ""diagnosis""}, {""entity"": ""schizophrenia""}, {""entity"": ""treated""}, {""entity"": ""Haloperidol""}, {""entity"": ""Diazepam""}, {""entity"": ""schizophrenia""}, {""entity"": ""daily""}] ","[{""entity"": ""diagnosis""}, {""entity"": ""schizophrenia""}, {""entity"": ""treated""}, {""entity"": ""Hal"
The patient was occasionally restrained due to rebellious and self-destruction behavior.,"[{'id': '8524', 'offsets': array([29, 39]), 'role': '', 'semantic_type_id': '', 'text': 'restrained', 'type': 'EVENT'}
 {'id': '8539', 'offsets': array([79, 87]), 'role': '', 'semantic_type_id': '', 'text': 'behavior', 'type': 'EVENT'}
 {'id': '9922', 'offsets': array([ 0, 11]), 'role': 'PATIENT', 'semantic_type_id': '', 'text': 'The patient', 'type': 'ACTOR'}]","A 35-year-old mentally ill man was transferred from a local psychiatric hospital after attempted suicide by fire 3 days before admission. He acquired full-and partial-thickness injury in approximately 38% of his TBSA, including face and neck (5%), both upper extremities (8%), right thigh (4%), left thigh and leg (3%), and most of his anterior and posterior trunk (16%). The patient was hospitalized for 66 days and underwent five debridement surgeries. The psychiatric diagnosis was schizophrenia type ICD 10 F20.3, treated with Haloperidol 1.5 mg and Diazepam 5 mg daily. The patient was occasionally restrained due to rebellious and self-destruction behavior. The nutrition management of this patient was started after a week of hospitalization, which is considered late. In the initial nutrition assessment, the patient was 40 kg weight and 150 cm tall thus the body mass index (BMI) was 17,57 kg/m 2 or underweight. Gastrointestinal symptoms and signs were not found. Information regarding the patient's dietary intake in the last two weeks and weight change within the last 6 months could not be obtained, but his mother claimed that the patient seemed to lose weight because he refused any food that had been offered to him; he only smoked and drank coffee. Albumin level was 3.6 gr/L with imbalanced electrolyte levels. Signs of fluid accumulation were not found. According to the subjective global assessment (SGA) tool, the patient belonged to group C (severely malnourished). Energy and protein were given starting from 30 kcal/kg, increasing gradually to 50 kcal/kg, and 2 gp/kg divided into oral nutrition and oral nutrition supplements (ONS) with a 50:50 ratio. The patient was also given micronutrient supplementations, specifically vitamin A 100,000 units for the first week, vitamin C 100 mg 3 times a day, and zinc 20 mg once a day. During the early weeks of hospitalization, the patient's weight loss continued. At the end of the second week, his body weight was 36 kilograms while his serum albumin level was 2.7 gr/L. On the 28 th day, the patient's body weight was 33 kilograms while his serum albumin level was 2.1 gr/L. Energy and protein intake was maintained, but the ratio of oral intake and ONS was modified to 70:30. During the treatment, the patient's appetite was unstable. The patient was also hardly cooperative with enteral access. The patient often writhed in pain and became more aggressive. The patient did not respond well to analgesics and sedations. Partially parenteral nutrition (PN) enriched with branched-chain amino acid (BCAA) was administered to support protein needs. However, his BMI continued to decline, and on the 42 nd day, his body weight dropped to 32 kilograms with a serum albumin level of 2 gr/L. On the 66 th day, granulation tissues appeared on the wound bed. Considering the mental and nutrition status of the patient, it was decided not to continue with the skin graft surgery. The patient had lost 24% of body weight (BMI 11.96 kg/m 2) and the serum albumin level was 2.5 gr/L. The patient displayed severe muscle wasting and subcutaneous fat loss. However, the general and mental condition was relatively better. The patient was discharged from the hospital.
",EN100658,"<|im_start|>user Extract the entities contained in the text. Extract only entities contained in the text.
Return the result in a json format: [{""entity"":""entity_name""}]. <<The patient was occasionally restrained due to rebellious and self-destruction behavior.>>> <|im_end|><|im_start|>assistant[{""entity"": ""restrained""}, {""entity"": ""behavior""}, {""entity"": ""The patient""}] <|im_end|>","<|im_start|>user Extract the entities contained in the text. Extract only entities contained in the text.
Return the result in a json format: [{""entity"":""entity_name""}]. <<<We present a case of a 32-year-old woman with a history of gradual enlargement of the anterior neck.>>> <|im_end|><|im_start|>assistant [{""entity"": ""present""}, {""entity"": ""history""}, {""entity"": ""enlargement""}] <|im_end|>
<|im_start|>user Extract the entities contained in the text. Extract only entities contained in the text.
Return the result in a json format: [{""entity"":""entity_name""}]. <<<Patient information: a 9-month-old boy presented to the emergency room with a 3-day history of refusal to bear weight on the right lower extremity and febrile peaks of up to 38.5°C for 24 hours.>>> <|im_end|><|im_start|>assistant [{""entity"": ""presented""}, {""entity"": ""refusal""}, {""entity"": ""bear""}, {""entity"": ""peaks""}] <|im_end|>
<|im_start|>user Extract the entities contained in the text. Extract only entities contained in the text.
Return the result in a json format: [{""entity"":""entity_name""}]. <<The patient was occasionally restrained due to rebellious and self-destruction behavior.>>> <|im_end|><|im_start|>assistant","[{""entity"": ""restrained""}, {""entity"": ""behavior""}, {""entity"": ""The patient""}] ","[{""entity"": ""restrained""}, {""entity"": ""behavior""}, {""entity"": ""The patient""}] <|im_end|><|im_end|><|im_end|><|im_end|><|im_end|>"
"The nutrition management of this patient was started after a week of hospitalization, which is considered late.","[{'id': '8554', 'offsets': array([14, 24]), 'role': '', 'semantic_type_id': '', 'text': 'management', 'type': 'EVENT'}
 {'id': '8569', 'offsets': array([45, 52]), 'role': '', 'semantic_type_id': '', 'text': 'started', 'type': 'EVENT'}
 {'id': '8584', 'offsets': array([69, 84]), 'role': '', 'semantic_type_id': '', 'text': 'hospitalization', 'type': 'EVENT'}
 {'id': '9929', 'offsets': array([28, 40]), 'role': 'PATIENT', 'semantic_type_id': '', 'text': 'this patient', 'type': 'ACTOR'}
 {'id': '10168', 'offsets': array([59, 65]), 'role': '', 'semantic_type_id': '', 'text': 'a week', 'type': 'TIMEX3'}]","A 35-year-old mentally ill man was transferred from a local psychiatric hospital after attempted suicide by fire 3 days before admission. He acquired full-and partial-thickness injury in approximately 38% of his TBSA, including face and neck (5%), both upper extremities (8%), right thigh (4%), left thigh and leg (3%), and most of his anterior and posterior trunk (16%). The patient was hospitalized for 66 days and underwent five debridement surgeries. The psychiatric diagnosis was schizophrenia type ICD 10 F20.3, treated with Haloperidol 1.5 mg and Diazepam 5 mg daily. The patient was occasionally restrained due to rebellious and self-destruction behavior. The nutrition management of this patient was started after a week of hospitalization, which is considered late. In the initial nutrition assessment, the patient was 40 kg weight and 150 cm tall thus the body mass index (BMI) was 17,57 kg/m 2 or underweight. Gastrointestinal symptoms and signs were not found. Information regarding the patient's dietary intake in the last two weeks and weight change within the last 6 months could not be obtained, but his mother claimed that the patient seemed to lose weight because he refused any food that had been offered to him; he only smoked and drank coffee. Albumin level was 3.6 gr/L with imbalanced electrolyte levels. Signs of fluid accumulation were not found. According to the subjective global assessment (SGA) tool, the patient belonged to group C (severely malnourished). Energy and protein were given starting from 30 kcal/kg, increasing gradually to 50 kcal/kg, and 2 gp/kg divided into oral nutrition and oral nutrition supplements (ONS) with a 50:50 ratio. The patient was also given micronutrient supplementations, specifically vitamin A 100,000 units for the first week, vitamin C 100 mg 3 times a day, and zinc 20 mg once a day. During the early weeks of hospitalization, the patient's weight loss continued. At the end of the second week, his body weight was 36 kilograms while his serum albumin level was 2.7 gr/L. On the 28 th day, the patient's body weight was 33 kilograms while his serum albumin level was 2.1 gr/L. Energy and protein intake was maintained, but the ratio of oral intake and ONS was modified to 70:30. During the treatment, the patient's appetite was unstable. The patient was also hardly cooperative with enteral access. The patient often writhed in pain and became more aggressive. The patient did not respond well to analgesics and sedations. Partially parenteral nutrition (PN) enriched with branched-chain amino acid (BCAA) was administered to support protein needs. However, his BMI continued to decline, and on the 42 nd day, his body weight dropped to 32 kilograms with a serum albumin level of 2 gr/L. On the 66 th day, granulation tissues appeared on the wound bed. Considering the mental and nutrition status of the patient, it was decided not to continue with the skin graft surgery. The patient had lost 24% of body weight (BMI 11.96 kg/m 2) and the serum albumin level was 2.5 gr/L. The patient displayed severe muscle wasting and subcutaneous fat loss. However, the general and mental condition was relatively better. The patient was discharged from the hospital.
",EN100658,"<|im_start|>user Extract the entities contained in the text. Extract only entities contained in the text.
Return the result in a json format: [{""entity"":""entity_name""}]. <<The nutrition management of this patient was started after a week of hospitalization, which is considered late.>>> <|im_end|><|im_start|>assistant[{""entity"": ""management""}, {""entity"": ""started""}, {""entity"": ""hospitalization""}, {""entity"": ""this patient""}, {""entity"": ""a week""}] <|im_end|>","<|im_start|>user Extract the entities contained in the text. Extract only entities contained in the text.
Return the result in a json format: [{""entity"":""entity_name""}]. <<<We present a case of a 32-year-old woman with a history of gradual enlargement of the anterior neck.>>> <|im_end|><|im_start|>assistant [{""entity"": ""present""}, {""entity"": ""history""}, {""entity"": ""enlargement""}] <|im_end|>
<|im_start|>user Extract the entities contained in the text. Extract only entities contained in the text.
Return the result in a json format: [{""entity"":""entity_name""}]. <<<Patient information: a 9-month-old boy presented to the emergency room with a 3-day history of refusal to bear weight on the right lower extremity and febrile peaks of up to 38.5°C for 24 hours.>>> <|im_end|><|im_start|>assistant [{""entity"": ""presented""}, {""entity"": ""refusal""}, {""entity"": ""bear""}, {""entity"": ""peaks""}] <|im_end|>
<|im_start|>user Extract the entities contained in the text. Extract only entities contained in the text.
Return the result in a json format: [{""entity"":""entity_name""}]. <<The nutrition management of this patient was started after a week of hospitalization, which is considered late.>>> <|im_end|><|im_start|>assistant","[{""entity"": ""management""}, {""entity"": ""started""}, {""entity"": ""hospitalization""}, {""entity"": ""this patient""}, {""entity"": ""a week""}] ","[{""entity"": ""management""}, {""entity"": ""started""}, {""entity"": ""hospitalization""}, {""entity"": ""considered""}, {"""
Gastrointestinal symptoms and signs were not found.,"[{'id': '8689', 'offsets': array([17, 25]), 'role': '', 'semantic_type_id': '', 'text': 'symptoms', 'type': 'EVENT'}
 {'id': '8704', 'offsets': array([30, 35]), 'role': '', 'semantic_type_id': '', 'text': 'signs', 'type': 'EVENT'}]","A 35-year-old mentally ill man was transferred from a local psychiatric hospital after attempted suicide by fire 3 days before admission. He acquired full-and partial-thickness injury in approximately 38% of his TBSA, including face and neck (5%), both upper extremities (8%), right thigh (4%), left thigh and leg (3%), and most of his anterior and posterior trunk (16%). The patient was hospitalized for 66 days and underwent five debridement surgeries. The psychiatric diagnosis was schizophrenia type ICD 10 F20.3, treated with Haloperidol 1.5 mg and Diazepam 5 mg daily. The patient was occasionally restrained due to rebellious and self-destruction behavior. The nutrition management of this patient was started after a week of hospitalization, which is considered late. In the initial nutrition assessment, the patient was 40 kg weight and 150 cm tall thus the body mass index (BMI) was 17,57 kg/m 2 or underweight. Gastrointestinal symptoms and signs were not found. Information regarding the patient's dietary intake in the last two weeks and weight change within the last 6 months could not be obtained, but his mother claimed that the patient seemed to lose weight because he refused any food that had been offered to him; he only smoked and drank coffee. Albumin level was 3.6 gr/L with imbalanced electrolyte levels. Signs of fluid accumulation were not found. According to the subjective global assessment (SGA) tool, the patient belonged to group C (severely malnourished). Energy and protein were given starting from 30 kcal/kg, increasing gradually to 50 kcal/kg, and 2 gp/kg divided into oral nutrition and oral nutrition supplements (ONS) with a 50:50 ratio. The patient was also given micronutrient supplementations, specifically vitamin A 100,000 units for the first week, vitamin C 100 mg 3 times a day, and zinc 20 mg once a day. During the early weeks of hospitalization, the patient's weight loss continued. At the end of the second week, his body weight was 36 kilograms while his serum albumin level was 2.7 gr/L. On the 28 th day, the patient's body weight was 33 kilograms while his serum albumin level was 2.1 gr/L. Energy and protein intake was maintained, but the ratio of oral intake and ONS was modified to 70:30. During the treatment, the patient's appetite was unstable. The patient was also hardly cooperative with enteral access. The patient often writhed in pain and became more aggressive. The patient did not respond well to analgesics and sedations. Partially parenteral nutrition (PN) enriched with branched-chain amino acid (BCAA) was administered to support protein needs. However, his BMI continued to decline, and on the 42 nd day, his body weight dropped to 32 kilograms with a serum albumin level of 2 gr/L. On the 66 th day, granulation tissues appeared on the wound bed. Considering the mental and nutrition status of the patient, it was decided not to continue with the skin graft surgery. The patient had lost 24% of body weight (BMI 11.96 kg/m 2) and the serum albumin level was 2.5 gr/L. The patient displayed severe muscle wasting and subcutaneous fat loss. However, the general and mental condition was relatively better. The patient was discharged from the hospital.
",EN100658,"<|im_start|>user Extract the entities contained in the text. Extract only entities contained in the text.
Return the result in a json format: [{""entity"":""entity_name""}]. <<Gastrointestinal symptoms and signs were not found.>>> <|im_end|><|im_start|>assistant[{""entity"": ""symptoms""}, {""entity"": ""signs""}] <|im_end|>","<|im_start|>user Extract the entities contained in the text. Extract only entities contained in the text.
Return the result in a json format: [{""entity"":""entity_name""}]. <<<We present a case of a 32-year-old woman with a history of gradual enlargement of the anterior neck.>>> <|im_end|><|im_start|>assistant [{""entity"": ""present""}, {""entity"": ""history""}, {""entity"": ""enlargement""}] <|im_end|>
<|im_start|>user Extract the entities contained in the text. Extract only entities contained in the text.
Return the result in a json format: [{""entity"":""entity_name""}]. <<<Patient information: a 9-month-old boy presented to the emergency room with a 3-day history of refusal to bear weight on the right lower extremity and febrile peaks of up to 38.5°C for 24 hours.>>> <|im_end|><|im_start|>assistant [{""entity"": ""presented""}, {""entity"": ""refusal""}, {""entity"": ""bear""}, {""entity"": ""peaks""}] <|im_end|>
<|im_start|>user Extract the entities contained in the text. Extract only entities contained in the text.
Return the result in a json format: [{""entity"":""entity_name""}]. <<Gastrointestinal symptoms and signs were not found.>>> <|im_end|><|im_start|>assistant","[{""entity"": ""symptoms""}, {""entity"": ""signs""}] ","[{""entity"": ""symptoms""}, {""entity"": ""signs""}, {""entity"": ""found""}] <|im_end|><|im_end|><|im_end|><|im_end|><|im_end|>"
Signs of fluid accumulation were not found.,"[{'id': '8884', 'offsets': array([0, 5]), 'role': '', 'semantic_type_id': '', 'text': 'Signs', 'type': 'EVENT'}
 {'id': '8899', 'offsets': array([15, 27]), 'role': '', 'semantic_type_id': '', 'text': 'accumulation', 'type': 'EVENT'}]","A 35-year-old mentally ill man was transferred from a local psychiatric hospital after attempted suicide by fire 3 days before admission. He acquired full-and partial-thickness injury in approximately 38% of his TBSA, including face and neck (5%), both upper extremities (8%), right thigh (4%), left thigh and leg (3%), and most of his anterior and posterior trunk (16%). The patient was hospitalized for 66 days and underwent five debridement surgeries. The psychiatric diagnosis was schizophrenia type ICD 10 F20.3, treated with Haloperidol 1.5 mg and Diazepam 5 mg daily. The patient was occasionally restrained due to rebellious and self-destruction behavior. The nutrition management of this patient was started after a week of hospitalization, which is considered late. In the initial nutrition assessment, the patient was 40 kg weight and 150 cm tall thus the body mass index (BMI) was 17,57 kg/m 2 or underweight. Gastrointestinal symptoms and signs were not found. Information regarding the patient's dietary intake in the last two weeks and weight change within the last 6 months could not be obtained, but his mother claimed that the patient seemed to lose weight because he refused any food that had been offered to him; he only smoked and drank coffee. Albumin level was 3.6 gr/L with imbalanced electrolyte levels. Signs of fluid accumulation were not found. According to the subjective global assessment (SGA) tool, the patient belonged to group C (severely malnourished). Energy and protein were given starting from 30 kcal/kg, increasing gradually to 50 kcal/kg, and 2 gp/kg divided into oral nutrition and oral nutrition supplements (ONS) with a 50:50 ratio. The patient was also given micronutrient supplementations, specifically vitamin A 100,000 units for the first week, vitamin C 100 mg 3 times a day, and zinc 20 mg once a day. During the early weeks of hospitalization, the patient's weight loss continued. At the end of the second week, his body weight was 36 kilograms while his serum albumin level was 2.7 gr/L. On the 28 th day, the patient's body weight was 33 kilograms while his serum albumin level was 2.1 gr/L. Energy and protein intake was maintained, but the ratio of oral intake and ONS was modified to 70:30. During the treatment, the patient's appetite was unstable. The patient was also hardly cooperative with enteral access. The patient often writhed in pain and became more aggressive. The patient did not respond well to analgesics and sedations. Partially parenteral nutrition (PN) enriched with branched-chain amino acid (BCAA) was administered to support protein needs. However, his BMI continued to decline, and on the 42 nd day, his body weight dropped to 32 kilograms with a serum albumin level of 2 gr/L. On the 66 th day, granulation tissues appeared on the wound bed. Considering the mental and nutrition status of the patient, it was decided not to continue with the skin graft surgery. The patient had lost 24% of body weight (BMI 11.96 kg/m 2) and the serum albumin level was 2.5 gr/L. The patient displayed severe muscle wasting and subcutaneous fat loss. However, the general and mental condition was relatively better. The patient was discharged from the hospital.
",EN100658,"<|im_start|>user Extract the entities contained in the text. Extract only entities contained in the text.
Return the result in a json format: [{""entity"":""entity_name""}]. <<Signs of fluid accumulation were not found.>>> <|im_end|><|im_start|>assistant[{""entity"": ""Signs""}, {""entity"": ""accumulation""}] <|im_end|>","<|im_start|>user Extract the entities contained in the text. Extract only entities contained in the text.
Return the result in a json format: [{""entity"":""entity_name""}]. <<<We present a case of a 32-year-old woman with a history of gradual enlargement of the anterior neck.>>> <|im_end|><|im_start|>assistant [{""entity"": ""present""}, {""entity"": ""history""}, {""entity"": ""enlargement""}] <|im_end|>
<|im_start|>user Extract the entities contained in the text. Extract only entities contained in the text.
Return the result in a json format: [{""entity"":""entity_name""}]. <<<Patient information: a 9-month-old boy presented to the emergency room with a 3-day history of refusal to bear weight on the right lower extremity and febrile peaks of up to 38.5°C for 24 hours.>>> <|im_end|><|im_start|>assistant [{""entity"": ""presented""}, {""entity"": ""refusal""}, {""entity"": ""bear""}, {""entity"": ""peaks""}] <|im_end|>
<|im_start|>user Extract the entities contained in the text. Extract only entities contained in the text.
Return the result in a json format: [{""entity"":""entity_name""}]. <<Signs of fluid accumulation were not found.>>> <|im_end|><|im_start|>assistant","[{""entity"": ""Signs""}, {""entity"": ""accumulation""}] ","[{""entity"": ""accumulation""}, {""entity"": ""found""}] <|im_end|><|im_end|><|im_end|><|im_end|><|im_end|><|im_end|><|im_end|><|im_end|><|im_end|><|im_end|><|im_end|><|im_end|>"
"According to the subjective global assessment (SGA) tool, the patient belonged to group C (severely malnourished).","[{'id': '8914', 'offsets': array([35, 45]), 'role': '', 'semantic_type_id': '', 'text': 'assessment', 'type': 'EVENT'}
 {'id': '8929', 'offsets': array([47, 50]), 'role': '', 'semantic_type_id': '', 'text': 'SGA', 'type': 'EVENT'}
 {'id': '8944', 'offsets': array([70, 78]), 'role': '', 'semantic_type_id': '', 'text': 'belonged', 'type': 'EVENT'}
 {'id': '8959', 'offsets': array([100, 112]), 'role': '', 'semantic_type_id': '', 'text': 'malnourished', 'type': 'EVENT'}
 {'id': '9985', 'offsets': array([58, 69]), 'role': 'PATIENT', 'semantic_type_id': '', 'text': 'the patient', 'type': 'ACTOR'}]","A 35-year-old mentally ill man was transferred from a local psychiatric hospital after attempted suicide by fire 3 days before admission. He acquired full-and partial-thickness injury in approximately 38% of his TBSA, including face and neck (5%), both upper extremities (8%), right thigh (4%), left thigh and leg (3%), and most of his anterior and posterior trunk (16%). The patient was hospitalized for 66 days and underwent five debridement surgeries. The psychiatric diagnosis was schizophrenia type ICD 10 F20.3, treated with Haloperidol 1.5 mg and Diazepam 5 mg daily. The patient was occasionally restrained due to rebellious and self-destruction behavior. The nutrition management of this patient was started after a week of hospitalization, which is considered late. In the initial nutrition assessment, the patient was 40 kg weight and 150 cm tall thus the body mass index (BMI) was 17,57 kg/m 2 or underweight. Gastrointestinal symptoms and signs were not found. Information regarding the patient's dietary intake in the last two weeks and weight change within the last 6 months could not be obtained, but his mother claimed that the patient seemed to lose weight because he refused any food that had been offered to him; he only smoked and drank coffee. Albumin level was 3.6 gr/L with imbalanced electrolyte levels. Signs of fluid accumulation were not found. According to the subjective global assessment (SGA) tool, the patient belonged to group C (severely malnourished). Energy and protein were given starting from 30 kcal/kg, increasing gradually to 50 kcal/kg, and 2 gp/kg divided into oral nutrition and oral nutrition supplements (ONS) with a 50:50 ratio. The patient was also given micronutrient supplementations, specifically vitamin A 100,000 units for the first week, vitamin C 100 mg 3 times a day, and zinc 20 mg once a day. During the early weeks of hospitalization, the patient's weight loss continued. At the end of the second week, his body weight was 36 kilograms while his serum albumin level was 2.7 gr/L. On the 28 th day, the patient's body weight was 33 kilograms while his serum albumin level was 2.1 gr/L. Energy and protein intake was maintained, but the ratio of oral intake and ONS was modified to 70:30. During the treatment, the patient's appetite was unstable. The patient was also hardly cooperative with enteral access. The patient often writhed in pain and became more aggressive. The patient did not respond well to analgesics and sedations. Partially parenteral nutrition (PN) enriched with branched-chain amino acid (BCAA) was administered to support protein needs. However, his BMI continued to decline, and on the 42 nd day, his body weight dropped to 32 kilograms with a serum albumin level of 2 gr/L. On the 66 th day, granulation tissues appeared on the wound bed. Considering the mental and nutrition status of the patient, it was decided not to continue with the skin graft surgery. The patient had lost 24% of body weight (BMI 11.96 kg/m 2) and the serum albumin level was 2.5 gr/L. The patient displayed severe muscle wasting and subcutaneous fat loss. However, the general and mental condition was relatively better. The patient was discharged from the hospital.
",EN100658,"<|im_start|>user Extract the entities contained in the text. Extract only entities contained in the text.
Return the result in a json format: [{""entity"":""entity_name""}]. <<According to the subjective global assessment (SGA) tool, the patient belonged to group C (severely malnourished).>>> <|im_end|><|im_start|>assistant[{""entity"": ""assessment""}, {""entity"": ""SGA""}, {""entity"": ""belonged""}, {""entity"": ""malnourished""}, {""entity"": ""the patient""}] <|im_end|>","<|im_start|>user Extract the entities contained in the text. Extract only entities contained in the text.
Return the result in a json format: [{""entity"":""entity_name""}]. <<<We present a case of a 32-year-old woman with a history of gradual enlargement of the anterior neck.>>> <|im_end|><|im_start|>assistant [{""entity"": ""present""}, {""entity"": ""history""}, {""entity"": ""enlargement""}] <|im_end|>
<|im_start|>user Extract the entities contained in the text. Extract only entities contained in the text.
Return the result in a json format: [{""entity"":""entity_name""}]. <<<Patient information: a 9-month-old boy presented to the emergency room with a 3-day history of refusal to bear weight on the right lower extremity and febrile peaks of up to 38.5°C for 24 hours.>>> <|im_end|><|im_start|>assistant [{""entity"": ""presented""}, {""entity"": ""refusal""}, {""entity"": ""bear""}, {""entity"": ""peaks""}] <|im_end|>
<|im_start|>user Extract the entities contained in the text. Extract only entities contained in the text.
Return the result in a json format: [{""entity"":""entity_name""}]. <<According to the subjective global assessment (SGA) tool, the patient belonged to group C (severely malnourished).>>> <|im_end|><|im_start|>assistant","[{""entity"": ""assessment""}, {""entity"": ""SGA""}, {""entity"": ""belonged""}, {""entity"": ""malnourished""}, {""entity"": ""the patient""}] ","[{""entity"": ""assessment""}, {""entity"": ""belonged""}, {""entity"": ""malnourished""}, {""entity"": """
"The patient was also given micronutrient supplementations, specifically vitamin A 100,000 units for the first week, vitamin C 100 mg 3 times a day, and zinc 20 mg once a day.","[{'id': '9049', 'offsets': array([21, 26]), 'role': '', 'semantic_type_id': '', 'text': 'given', 'type': 'EVENT'}
 {'id': '9064', 'offsets': array([72, 79]), 'role': '', 'semantic_type_id': '', 'text': 'vitamin', 'type': 'EVENT'}
 {'id': '9079', 'offsets': array([116, 123]), 'role': '', 'semantic_type_id': '', 'text': 'vitamin', 'type': 'EVENT'}
 {'id': '9094', 'offsets': array([152, 156]), 'role': '', 'semantic_type_id': '', 'text': 'zinc', 'type': 'EVENT'}
 {'id': '9992', 'offsets': array([ 0, 11]), 'role': 'PATIENT', 'semantic_type_id': '', 'text': 'The patient', 'type': 'ACTOR'}
 {'id': '10195', 'offsets': array([100, 114]), 'role': '', 'semantic_type_id': '', 'text': 'the first week', 'type': 'TIMEX3'}
 {'id': '10204', 'offsets': array([133, 146]), 'role': '', 'semantic_type_id': '', 'text': '3 times a day', 'type': 'TIMEX3'}
 {'id': '10213', 'offsets': array([163, 173]), 'role': '', 'semantic_type_id': '', 'text': 'once a day', 'type': 'TIMEX3'}]","A 35-year-old mentally ill man was transferred from a local psychiatric hospital after attempted suicide by fire 3 days before admission. He acquired full-and partial-thickness injury in approximately 38% of his TBSA, including face and neck (5%), both upper extremities (8%), right thigh (4%), left thigh and leg (3%), and most of his anterior and posterior trunk (16%). The patient was hospitalized for 66 days and underwent five debridement surgeries. The psychiatric diagnosis was schizophrenia type ICD 10 F20.3, treated with Haloperidol 1.5 mg and Diazepam 5 mg daily. The patient was occasionally restrained due to rebellious and self-destruction behavior. The nutrition management of this patient was started after a week of hospitalization, which is considered late. In the initial nutrition assessment, the patient was 40 kg weight and 150 cm tall thus the body mass index (BMI) was 17,57 kg/m 2 or underweight. Gastrointestinal symptoms and signs were not found. Information regarding the patient's dietary intake in the last two weeks and weight change within the last 6 months could not be obtained, but his mother claimed that the patient seemed to lose weight because he refused any food that had been offered to him; he only smoked and drank coffee. Albumin level was 3.6 gr/L with imbalanced electrolyte levels. Signs of fluid accumulation were not found. According to the subjective global assessment (SGA) tool, the patient belonged to group C (severely malnourished). Energy and protein were given starting from 30 kcal/kg, increasing gradually to 50 kcal/kg, and 2 gp/kg divided into oral nutrition and oral nutrition supplements (ONS) with a 50:50 ratio. The patient was also given micronutrient supplementations, specifically vitamin A 100,000 units for the first week, vitamin C 100 mg 3 times a day, and zinc 20 mg once a day. During the early weeks of hospitalization, the patient's weight loss continued. At the end of the second week, his body weight was 36 kilograms while his serum albumin level was 2.7 gr/L. On the 28 th day, the patient's body weight was 33 kilograms while his serum albumin level was 2.1 gr/L. Energy and protein intake was maintained, but the ratio of oral intake and ONS was modified to 70:30. During the treatment, the patient's appetite was unstable. The patient was also hardly cooperative with enteral access. The patient often writhed in pain and became more aggressive. The patient did not respond well to analgesics and sedations. Partially parenteral nutrition (PN) enriched with branched-chain amino acid (BCAA) was administered to support protein needs. However, his BMI continued to decline, and on the 42 nd day, his body weight dropped to 32 kilograms with a serum albumin level of 2 gr/L. On the 66 th day, granulation tissues appeared on the wound bed. Considering the mental and nutrition status of the patient, it was decided not to continue with the skin graft surgery. The patient had lost 24% of body weight (BMI 11.96 kg/m 2) and the serum albumin level was 2.5 gr/L. The patient displayed severe muscle wasting and subcutaneous fat loss. However, the general and mental condition was relatively better. The patient was discharged from the hospital.
",EN100658,"<|im_start|>user Extract the entities contained in the text. Extract only entities contained in the text.
Return the result in a json format: [{""entity"":""entity_name""}]. <<The patient was also given micronutrient supplementations, specifically vitamin A 100,000 units for the first week, vitamin C 100 mg 3 times a day, and zinc 20 mg once a day.>>> <|im_end|><|im_start|>assistant[{""entity"": ""given""}, {""entity"": ""vitamin""}, {""entity"": ""vitamin""}, {""entity"": ""zinc""}, {""entity"": ""The patient""}, {""entity"": ""the first week""}, {""entity"": ""3 times a day""}, {""entity"": ""once a day""}] <|im_end|>","<|im_start|>user Extract the entities contained in the text. Extract only entities contained in the text.
Return the result in a json format: [{""entity"":""entity_name""}]. <<<We present a case of a 32-year-old woman with a history of gradual enlargement of the anterior neck.>>> <|im_end|><|im_start|>assistant [{""entity"": ""present""}, {""entity"": ""history""}, {""entity"": ""enlargement""}] <|im_end|>
<|im_start|>user Extract the entities contained in the text. Extract only entities contained in the text.
Return the result in a json format: [{""entity"":""entity_name""}]. <<<Patient information: a 9-month-old boy presented to the emergency room with a 3-day history of refusal to bear weight on the right lower extremity and febrile peaks of up to 38.5°C for 24 hours.>>> <|im_end|><|im_start|>assistant [{""entity"": ""presented""}, {""entity"": ""refusal""}, {""entity"": ""bear""}, {""entity"": ""peaks""}] <|im_end|>
<|im_start|>user Extract the entities contained in the text. Extract only entities contained in the text.
Return the result in a json format: [{""entity"":""entity_name""}]. <<The patient was also given micronutrient supplementations, specifically vitamin A 100,000 units for the first week, vitamin C 100 mg 3 times a day, and zinc 20 mg once a day.>>> <|im_end|><|im_start|>assistant","[{""entity"": ""given""}, {""entity"": ""vitamin""}, {""entity"": ""vitamin""}, {""entity"": ""zinc""}, {""entity"": ""The patient""}, {""entity"": ""the first week""}, {""entity"": ""3 times a day""}, {""entity"": ""once a day""}] ","[{""entity"": ""supplementations""}, {""entity"": ""The patient""}] <|im_end|><|im_end|><|im_end|><|im_end|><|im_end|><|im_end|><|im_end|><|im_end|><|im_end|><|im_end|>"
"During the early weeks of hospitalization, the patient's weight loss continued.","[{'id': '9109', 'offsets': array([26, 41]), 'role': '', 'semantic_type_id': '', 'text': 'hospitalization', 'type': 'EVENT'}
 {'id': '9124', 'offsets': array([64, 68]), 'role': '', 'semantic_type_id': '', 'text': 'loss', 'type': 'EVENT'}
 {'id': '9139', 'offsets': array([69, 78]), 'role': '', 'semantic_type_id': '', 'text': 'continued', 'type': 'EVENT'}
 {'id': '9999', 'offsets': array([47, 56]), 'role': 'PATIENT', 'semantic_type_id': '', 'text': ""patient's"", 'type': 'ACTOR'}
 {'id': '10222', 'offsets': array([ 7, 22]), 'role': '', 'semantic_type_id': '', 'text': 'the early weeks', 'type': 'TIMEX3'}]","A 35-year-old mentally ill man was transferred from a local psychiatric hospital after attempted suicide by fire 3 days before admission. He acquired full-and partial-thickness injury in approximately 38% of his TBSA, including face and neck (5%), both upper extremities (8%), right thigh (4%), left thigh and leg (3%), and most of his anterior and posterior trunk (16%). The patient was hospitalized for 66 days and underwent five debridement surgeries. The psychiatric diagnosis was schizophrenia type ICD 10 F20.3, treated with Haloperidol 1.5 mg and Diazepam 5 mg daily. The patient was occasionally restrained due to rebellious and self-destruction behavior. The nutrition management of this patient was started after a week of hospitalization, which is considered late. In the initial nutrition assessment, the patient was 40 kg weight and 150 cm tall thus the body mass index (BMI) was 17,57 kg/m 2 or underweight. Gastrointestinal symptoms and signs were not found. Information regarding the patient's dietary intake in the last two weeks and weight change within the last 6 months could not be obtained, but his mother claimed that the patient seemed to lose weight because he refused any food that had been offered to him; he only smoked and drank coffee. Albumin level was 3.6 gr/L with imbalanced electrolyte levels. Signs of fluid accumulation were not found. According to the subjective global assessment (SGA) tool, the patient belonged to group C (severely malnourished). Energy and protein were given starting from 30 kcal/kg, increasing gradually to 50 kcal/kg, and 2 gp/kg divided into oral nutrition and oral nutrition supplements (ONS) with a 50:50 ratio. The patient was also given micronutrient supplementations, specifically vitamin A 100,000 units for the first week, vitamin C 100 mg 3 times a day, and zinc 20 mg once a day. During the early weeks of hospitalization, the patient's weight loss continued. At the end of the second week, his body weight was 36 kilograms while his serum albumin level was 2.7 gr/L. On the 28 th day, the patient's body weight was 33 kilograms while his serum albumin level was 2.1 gr/L. Energy and protein intake was maintained, but the ratio of oral intake and ONS was modified to 70:30. During the treatment, the patient's appetite was unstable. The patient was also hardly cooperative with enteral access. The patient often writhed in pain and became more aggressive. The patient did not respond well to analgesics and sedations. Partially parenteral nutrition (PN) enriched with branched-chain amino acid (BCAA) was administered to support protein needs. However, his BMI continued to decline, and on the 42 nd day, his body weight dropped to 32 kilograms with a serum albumin level of 2 gr/L. On the 66 th day, granulation tissues appeared on the wound bed. Considering the mental and nutrition status of the patient, it was decided not to continue with the skin graft surgery. The patient had lost 24% of body weight (BMI 11.96 kg/m 2) and the serum albumin level was 2.5 gr/L. The patient displayed severe muscle wasting and subcutaneous fat loss. However, the general and mental condition was relatively better. The patient was discharged from the hospital.
",EN100658,"<|im_start|>user Extract the entities contained in the text. Extract only entities contained in the text.
Return the result in a json format: [{""entity"":""entity_name""}]. <<During the early weeks of hospitalization, the patient's weight loss continued.>>> <|im_end|><|im_start|>assistant[{""entity"": ""hospitalization""}, {""entity"": ""loss""}, {""entity"": ""continued""}, {""entity"": ""patient's""}, {""entity"": ""the early weeks""}] <|im_end|>","<|im_start|>user Extract the entities contained in the text. Extract only entities contained in the text.
Return the result in a json format: [{""entity"":""entity_name""}]. <<<We present a case of a 32-year-old woman with a history of gradual enlargement of the anterior neck.>>> <|im_end|><|im_start|>assistant [{""entity"": ""present""}, {""entity"": ""history""}, {""entity"": ""enlargement""}] <|im_end|>
<|im_start|>user Extract the entities contained in the text. Extract only entities contained in the text.
Return the result in a json format: [{""entity"":""entity_name""}]. <<<Patient information: a 9-month-old boy presented to the emergency room with a 3-day history of refusal to bear weight on the right lower extremity and febrile peaks of up to 38.5°C for 24 hours.>>> <|im_end|><|im_start|>assistant [{""entity"": ""presented""}, {""entity"": ""refusal""}, {""entity"": ""bear""}, {""entity"": ""peaks""}] <|im_end|>
<|im_start|>user Extract the entities contained in the text. Extract only entities contained in the text.
Return the result in a json format: [{""entity"":""entity_name""}]. <<During the early weeks of hospitalization, the patient's weight loss continued.>>> <|im_end|><|im_start|>assistant","[{""entity"": ""hospitalization""}, {""entity"": ""loss""}, {""entity"": ""continued""}, {""entity"": ""patient's""}, {""entity"": ""the early weeks""}] ","[{""entity"": ""hospitalization""}, {""entity"": ""loss""}, {""entity"": ""continued""}, {""entity"": ""weight""}, {""entity"
"During the treatment, the patient's appetite was unstable.","[{'id': '9274', 'offsets': array([11, 20]), 'role': '', 'semantic_type_id': '', 'text': 'treatment', 'type': 'EVENT'}
 {'id': '9289', 'offsets': array([49, 57]), 'role': '', 'semantic_type_id': '', 'text': 'unstable', 'type': 'EVENT'}
 {'id': '10013', 'offsets': array([26, 35]), 'role': 'PATIENT', 'semantic_type_id': '', 'text': ""patient's"", 'type': 'ACTOR'}]","A 35-year-old mentally ill man was transferred from a local psychiatric hospital after attempted suicide by fire 3 days before admission. He acquired full-and partial-thickness injury in approximately 38% of his TBSA, including face and neck (5%), both upper extremities (8%), right thigh (4%), left thigh and leg (3%), and most of his anterior and posterior trunk (16%). The patient was hospitalized for 66 days and underwent five debridement surgeries. The psychiatric diagnosis was schizophrenia type ICD 10 F20.3, treated with Haloperidol 1.5 mg and Diazepam 5 mg daily. The patient was occasionally restrained due to rebellious and self-destruction behavior. The nutrition management of this patient was started after a week of hospitalization, which is considered late. In the initial nutrition assessment, the patient was 40 kg weight and 150 cm tall thus the body mass index (BMI) was 17,57 kg/m 2 or underweight. Gastrointestinal symptoms and signs were not found. Information regarding the patient's dietary intake in the last two weeks and weight change within the last 6 months could not be obtained, but his mother claimed that the patient seemed to lose weight because he refused any food that had been offered to him; he only smoked and drank coffee. Albumin level was 3.6 gr/L with imbalanced electrolyte levels. Signs of fluid accumulation were not found. According to the subjective global assessment (SGA) tool, the patient belonged to group C (severely malnourished). Energy and protein were given starting from 30 kcal/kg, increasing gradually to 50 kcal/kg, and 2 gp/kg divided into oral nutrition and oral nutrition supplements (ONS) with a 50:50 ratio. The patient was also given micronutrient supplementations, specifically vitamin A 100,000 units for the first week, vitamin C 100 mg 3 times a day, and zinc 20 mg once a day. During the early weeks of hospitalization, the patient's weight loss continued. At the end of the second week, his body weight was 36 kilograms while his serum albumin level was 2.7 gr/L. On the 28 th day, the patient's body weight was 33 kilograms while his serum albumin level was 2.1 gr/L. Energy and protein intake was maintained, but the ratio of oral intake and ONS was modified to 70:30. During the treatment, the patient's appetite was unstable. The patient was also hardly cooperative with enteral access. The patient often writhed in pain and became more aggressive. The patient did not respond well to analgesics and sedations. Partially parenteral nutrition (PN) enriched with branched-chain amino acid (BCAA) was administered to support protein needs. However, his BMI continued to decline, and on the 42 nd day, his body weight dropped to 32 kilograms with a serum albumin level of 2 gr/L. On the 66 th day, granulation tissues appeared on the wound bed. Considering the mental and nutrition status of the patient, it was decided not to continue with the skin graft surgery. The patient had lost 24% of body weight (BMI 11.96 kg/m 2) and the serum albumin level was 2.5 gr/L. The patient displayed severe muscle wasting and subcutaneous fat loss. However, the general and mental condition was relatively better. The patient was discharged from the hospital.
",EN100658,"<|im_start|>user Extract the entities contained in the text. Extract only entities contained in the text.
Return the result in a json format: [{""entity"":""entity_name""}]. <<During the treatment, the patient's appetite was unstable.>>> <|im_end|><|im_start|>assistant[{""entity"": ""treatment""}, {""entity"": ""unstable""}, {""entity"": ""patient's""}] <|im_end|>","<|im_start|>user Extract the entities contained in the text. Extract only entities contained in the text.
Return the result in a json format: [{""entity"":""entity_name""}]. <<<We present a case of a 32-year-old woman with a history of gradual enlargement of the anterior neck.>>> <|im_end|><|im_start|>assistant [{""entity"": ""present""}, {""entity"": ""history""}, {""entity"": ""enlargement""}] <|im_end|>
<|im_start|>user Extract the entities contained in the text. Extract only entities contained in the text.
Return the result in a json format: [{""entity"":""entity_name""}]. <<<Patient information: a 9-month-old boy presented to the emergency room with a 3-day history of refusal to bear weight on the right lower extremity and febrile peaks of up to 38.5°C for 24 hours.>>> <|im_end|><|im_start|>assistant [{""entity"": ""presented""}, {""entity"": ""refusal""}, {""entity"": ""bear""}, {""entity"": ""peaks""}] <|im_end|>
<|im_start|>user Extract the entities contained in the text. Extract only entities contained in the text.
Return the result in a json format: [{""entity"":""entity_name""}]. <<During the treatment, the patient's appetite was unstable.>>> <|im_end|><|im_start|>assistant","[{""entity"": ""treatment""}, {""entity"": ""unstable""}, {""entity"": ""patient's""}] ","[{""entity"": ""treatment""}, {""entity"": ""appetite""}, {""entity"": ""unstable""}, {""entity"": ""the"
The patient was also hardly cooperative with enteral access.,"[{'id': '9304', 'offsets': array([28, 39]), 'role': '', 'semantic_type_id': '', 'text': 'cooperative', 'type': 'EVENT'}
 {'id': '9319', 'offsets': array([53, 59]), 'role': '', 'semantic_type_id': '', 'text': 'access', 'type': 'EVENT'}
 {'id': '10020', 'offsets': array([ 0, 11]), 'role': 'PATIENT', 'semantic_type_id': '', 'text': 'The patient', 'type': 'ACTOR'}]","A 35-year-old mentally ill man was transferred from a local psychiatric hospital after attempted suicide by fire 3 days before admission. He acquired full-and partial-thickness injury in approximately 38% of his TBSA, including face and neck (5%), both upper extremities (8%), right thigh (4%), left thigh and leg (3%), and most of his anterior and posterior trunk (16%). The patient was hospitalized for 66 days and underwent five debridement surgeries. The psychiatric diagnosis was schizophrenia type ICD 10 F20.3, treated with Haloperidol 1.5 mg and Diazepam 5 mg daily. The patient was occasionally restrained due to rebellious and self-destruction behavior. The nutrition management of this patient was started after a week of hospitalization, which is considered late. In the initial nutrition assessment, the patient was 40 kg weight and 150 cm tall thus the body mass index (BMI) was 17,57 kg/m 2 or underweight. Gastrointestinal symptoms and signs were not found. Information regarding the patient's dietary intake in the last two weeks and weight change within the last 6 months could not be obtained, but his mother claimed that the patient seemed to lose weight because he refused any food that had been offered to him; he only smoked and drank coffee. Albumin level was 3.6 gr/L with imbalanced electrolyte levels. Signs of fluid accumulation were not found. According to the subjective global assessment (SGA) tool, the patient belonged to group C (severely malnourished). Energy and protein were given starting from 30 kcal/kg, increasing gradually to 50 kcal/kg, and 2 gp/kg divided into oral nutrition and oral nutrition supplements (ONS) with a 50:50 ratio. The patient was also given micronutrient supplementations, specifically vitamin A 100,000 units for the first week, vitamin C 100 mg 3 times a day, and zinc 20 mg once a day. During the early weeks of hospitalization, the patient's weight loss continued. At the end of the second week, his body weight was 36 kilograms while his serum albumin level was 2.7 gr/L. On the 28 th day, the patient's body weight was 33 kilograms while his serum albumin level was 2.1 gr/L. Energy and protein intake was maintained, but the ratio of oral intake and ONS was modified to 70:30. During the treatment, the patient's appetite was unstable. The patient was also hardly cooperative with enteral access. The patient often writhed in pain and became more aggressive. The patient did not respond well to analgesics and sedations. Partially parenteral nutrition (PN) enriched with branched-chain amino acid (BCAA) was administered to support protein needs. However, his BMI continued to decline, and on the 42 nd day, his body weight dropped to 32 kilograms with a serum albumin level of 2 gr/L. On the 66 th day, granulation tissues appeared on the wound bed. Considering the mental and nutrition status of the patient, it was decided not to continue with the skin graft surgery. The patient had lost 24% of body weight (BMI 11.96 kg/m 2) and the serum albumin level was 2.5 gr/L. The patient displayed severe muscle wasting and subcutaneous fat loss. However, the general and mental condition was relatively better. The patient was discharged from the hospital.
",EN100658,"<|im_start|>user Extract the entities contained in the text. Extract only entities contained in the text.
Return the result in a json format: [{""entity"":""entity_name""}]. <<The patient was also hardly cooperative with enteral access.>>> <|im_end|><|im_start|>assistant[{""entity"": ""cooperative""}, {""entity"": ""access""}, {""entity"": ""The patient""}] <|im_end|>","<|im_start|>user Extract the entities contained in the text. Extract only entities contained in the text.
Return the result in a json format: [{""entity"":""entity_name""}]. <<<We present a case of a 32-year-old woman with a history of gradual enlargement of the anterior neck.>>> <|im_end|><|im_start|>assistant [{""entity"": ""present""}, {""entity"": ""history""}, {""entity"": ""enlargement""}] <|im_end|>
<|im_start|>user Extract the entities contained in the text. Extract only entities contained in the text.
Return the result in a json format: [{""entity"":""entity_name""}]. <<<Patient information: a 9-month-old boy presented to the emergency room with a 3-day history of refusal to bear weight on the right lower extremity and febrile peaks of up to 38.5°C for 24 hours.>>> <|im_end|><|im_start|>assistant [{""entity"": ""presented""}, {""entity"": ""refusal""}, {""entity"": ""bear""}, {""entity"": ""peaks""}] <|im_end|>
<|im_start|>user Extract the entities contained in the text. Extract only entities contained in the text.
Return the result in a json format: [{""entity"":""entity_name""}]. <<The patient was also hardly cooperative with enteral access.>>> <|im_end|><|im_start|>assistant","[{""entity"": ""cooperative""}, {""entity"": ""access""}, {""entity"": ""The patient""}] ","[{""entity"": ""cooperative""}, {""entity"": ""access""}, {""entity"": ""The patient""}] <|im_end|><|im_end|><|im_end|><|im_end|><|im_end|>"
The patient did not respond well to analgesics and sedations.,"[{'id': '9364', 'offsets': array([20, 27]), 'role': '', 'semantic_type_id': '', 'text': 'respond', 'type': 'EVENT'}
 {'id': '10034', 'offsets': array([ 0, 11]), 'role': 'PATIENT', 'semantic_type_id': '', 'text': 'The patient', 'type': 'ACTOR'}]","A 35-year-old mentally ill man was transferred from a local psychiatric hospital after attempted suicide by fire 3 days before admission. He acquired full-and partial-thickness injury in approximately 38% of his TBSA, including face and neck (5%), both upper extremities (8%), right thigh (4%), left thigh and leg (3%), and most of his anterior and posterior trunk (16%). The patient was hospitalized for 66 days and underwent five debridement surgeries. The psychiatric diagnosis was schizophrenia type ICD 10 F20.3, treated with Haloperidol 1.5 mg and Diazepam 5 mg daily. The patient was occasionally restrained due to rebellious and self-destruction behavior. The nutrition management of this patient was started after a week of hospitalization, which is considered late. In the initial nutrition assessment, the patient was 40 kg weight and 150 cm tall thus the body mass index (BMI) was 17,57 kg/m 2 or underweight. Gastrointestinal symptoms and signs were not found. Information regarding the patient's dietary intake in the last two weeks and weight change within the last 6 months could not be obtained, but his mother claimed that the patient seemed to lose weight because he refused any food that had been offered to him; he only smoked and drank coffee. Albumin level was 3.6 gr/L with imbalanced electrolyte levels. Signs of fluid accumulation were not found. According to the subjective global assessment (SGA) tool, the patient belonged to group C (severely malnourished). Energy and protein were given starting from 30 kcal/kg, increasing gradually to 50 kcal/kg, and 2 gp/kg divided into oral nutrition and oral nutrition supplements (ONS) with a 50:50 ratio. The patient was also given micronutrient supplementations, specifically vitamin A 100,000 units for the first week, vitamin C 100 mg 3 times a day, and zinc 20 mg once a day. During the early weeks of hospitalization, the patient's weight loss continued. At the end of the second week, his body weight was 36 kilograms while his serum albumin level was 2.7 gr/L. On the 28 th day, the patient's body weight was 33 kilograms while his serum albumin level was 2.1 gr/L. Energy and protein intake was maintained, but the ratio of oral intake and ONS was modified to 70:30. During the treatment, the patient's appetite was unstable. The patient was also hardly cooperative with enteral access. The patient often writhed in pain and became more aggressive. The patient did not respond well to analgesics and sedations. Partially parenteral nutrition (PN) enriched with branched-chain amino acid (BCAA) was administered to support protein needs. However, his BMI continued to decline, and on the 42 nd day, his body weight dropped to 32 kilograms with a serum albumin level of 2 gr/L. On the 66 th day, granulation tissues appeared on the wound bed. Considering the mental and nutrition status of the patient, it was decided not to continue with the skin graft surgery. The patient had lost 24% of body weight (BMI 11.96 kg/m 2) and the serum albumin level was 2.5 gr/L. The patient displayed severe muscle wasting and subcutaneous fat loss. However, the general and mental condition was relatively better. The patient was discharged from the hospital.
",EN100658,"<|im_start|>user Extract the entities contained in the text. Extract only entities contained in the text.
Return the result in a json format: [{""entity"":""entity_name""}]. <<The patient did not respond well to analgesics and sedations.>>> <|im_end|><|im_start|>assistant[{""entity"": ""respond""}, {""entity"": ""The patient""}] <|im_end|>","<|im_start|>user Extract the entities contained in the text. Extract only entities contained in the text.
Return the result in a json format: [{""entity"":""entity_name""}]. <<<We present a case of a 32-year-old woman with a history of gradual enlargement of the anterior neck.>>> <|im_end|><|im_start|>assistant [{""entity"": ""present""}, {""entity"": ""history""}, {""entity"": ""enlargement""}] <|im_end|>
<|im_start|>user Extract the entities contained in the text. Extract only entities contained in the text.
Return the result in a json format: [{""entity"":""entity_name""}]. <<<Patient information: a 9-month-old boy presented to the emergency room with a 3-day history of refusal to bear weight on the right lower extremity and febrile peaks of up to 38.5°C for 24 hours.>>> <|im_end|><|im_start|>assistant [{""entity"": ""presented""}, {""entity"": ""refusal""}, {""entity"": ""bear""}, {""entity"": ""peaks""}] <|im_end|>
<|im_start|>user Extract the entities contained in the text. Extract only entities contained in the text.
Return the result in a json format: [{""entity"":""entity_name""}]. <<The patient did not respond well to analgesics and sedations.>>> <|im_end|><|im_start|>assistant","[{""entity"": ""respond""}, {""entity"": ""The patient""}] ","[{""entity"": ""respond""}, {""entity"": ""sedations""}, {""entity"": ""The patient""}] <|im_end|><|im_end|><|im_end|><|im_end|><|im_end|>"
Partially parenteral nutrition (PN) enriched with branched-chain amino acid (BCAA) was administered to support protein needs.,"[{'id': '9379', 'offsets': array([21, 30]), 'role': '', 'semantic_type_id': '', 'text': 'nutrition', 'type': 'EVENT'}
 {'id': '9394', 'offsets': array([32, 34]), 'role': '', 'semantic_type_id': '', 'text': 'PN', 'type': 'EVENT'}
 {'id': '9409', 'offsets': array([36, 44]), 'role': '', 'semantic_type_id': '', 'text': 'enriched', 'type': 'EVENT'}
 {'id': '9424', 'offsets': array([87, 99]), 'role': '', 'semantic_type_id': '', 'text': 'administered', 'type': 'EVENT'}
 {'id': '9439', 'offsets': array([103, 110]), 'role': '', 'semantic_type_id': '', 'text': 'support', 'type': 'EVENT'}
 {'id': '9454', 'offsets': array([119, 124]), 'role': '', 'semantic_type_id': '', 'text': 'needs', 'type': 'EVENT'}]","A 35-year-old mentally ill man was transferred from a local psychiatric hospital after attempted suicide by fire 3 days before admission. He acquired full-and partial-thickness injury in approximately 38% of his TBSA, including face and neck (5%), both upper extremities (8%), right thigh (4%), left thigh and leg (3%), and most of his anterior and posterior trunk (16%). The patient was hospitalized for 66 days and underwent five debridement surgeries. The psychiatric diagnosis was schizophrenia type ICD 10 F20.3, treated with Haloperidol 1.5 mg and Diazepam 5 mg daily. The patient was occasionally restrained due to rebellious and self-destruction behavior. The nutrition management of this patient was started after a week of hospitalization, which is considered late. In the initial nutrition assessment, the patient was 40 kg weight and 150 cm tall thus the body mass index (BMI) was 17,57 kg/m 2 or underweight. Gastrointestinal symptoms and signs were not found. Information regarding the patient's dietary intake in the last two weeks and weight change within the last 6 months could not be obtained, but his mother claimed that the patient seemed to lose weight because he refused any food that had been offered to him; he only smoked and drank coffee. Albumin level was 3.6 gr/L with imbalanced electrolyte levels. Signs of fluid accumulation were not found. According to the subjective global assessment (SGA) tool, the patient belonged to group C (severely malnourished). Energy and protein were given starting from 30 kcal/kg, increasing gradually to 50 kcal/kg, and 2 gp/kg divided into oral nutrition and oral nutrition supplements (ONS) with a 50:50 ratio. The patient was also given micronutrient supplementations, specifically vitamin A 100,000 units for the first week, vitamin C 100 mg 3 times a day, and zinc 20 mg once a day. During the early weeks of hospitalization, the patient's weight loss continued. At the end of the second week, his body weight was 36 kilograms while his serum albumin level was 2.7 gr/L. On the 28 th day, the patient's body weight was 33 kilograms while his serum albumin level was 2.1 gr/L. Energy and protein intake was maintained, but the ratio of oral intake and ONS was modified to 70:30. During the treatment, the patient's appetite was unstable. The patient was also hardly cooperative with enteral access. The patient often writhed in pain and became more aggressive. The patient did not respond well to analgesics and sedations. Partially parenteral nutrition (PN) enriched with branched-chain amino acid (BCAA) was administered to support protein needs. However, his BMI continued to decline, and on the 42 nd day, his body weight dropped to 32 kilograms with a serum albumin level of 2 gr/L. On the 66 th day, granulation tissues appeared on the wound bed. Considering the mental and nutrition status of the patient, it was decided not to continue with the skin graft surgery. The patient had lost 24% of body weight (BMI 11.96 kg/m 2) and the serum albumin level was 2.5 gr/L. The patient displayed severe muscle wasting and subcutaneous fat loss. However, the general and mental condition was relatively better. The patient was discharged from the hospital.
",EN100658,"<|im_start|>user Extract the entities contained in the text. Extract only entities contained in the text.
Return the result in a json format: [{""entity"":""entity_name""}]. <<Partially parenteral nutrition (PN) enriched with branched-chain amino acid (BCAA) was administered to support protein needs.>>> <|im_end|><|im_start|>assistant[{""entity"": ""nutrition""}, {""entity"": ""PN""}, {""entity"": ""enriched""}, {""entity"": ""administered""}, {""entity"": ""support""}, {""entity"": ""needs""}] <|im_end|>","<|im_start|>user Extract the entities contained in the text. Extract only entities contained in the text.
Return the result in a json format: [{""entity"":""entity_name""}]. <<<We present a case of a 32-year-old woman with a history of gradual enlargement of the anterior neck.>>> <|im_end|><|im_start|>assistant [{""entity"": ""present""}, {""entity"": ""history""}, {""entity"": ""enlargement""}] <|im_end|>
<|im_start|>user Extract the entities contained in the text. Extract only entities contained in the text.
Return the result in a json format: [{""entity"":""entity_name""}]. <<<Patient information: a 9-month-old boy presented to the emergency room with a 3-day history of refusal to bear weight on the right lower extremity and febrile peaks of up to 38.5°C for 24 hours.>>> <|im_end|><|im_start|>assistant [{""entity"": ""presented""}, {""entity"": ""refusal""}, {""entity"": ""bear""}, {""entity"": ""peaks""}] <|im_end|>
<|im_start|>user Extract the entities contained in the text. Extract only entities contained in the text.
Return the result in a json format: [{""entity"":""entity_name""}]. <<Partially parenteral nutrition (PN) enriched with branched-chain amino acid (BCAA) was administered to support protein needs.>>> <|im_end|><|im_start|>assistant","[{""entity"": ""nutrition""}, {""entity"": ""PN""}, {""entity"": ""enriched""}, {""entity"": ""administered""}, {""entity"": ""support""}, {""entity"": ""needs""}] ","[{""entity"": ""nutrition""}, {""entity"": ""administered""}, {""entity"": ""support""}, {""entity"": ""needs""}, {"""
"However, his BMI continued to decline, and on the 42 nd day, his body weight dropped to 32 kilograms with a serum albumin level of 2 gr/L.","[{'id': '9469', 'offsets': array([13, 16]), 'role': '', 'semantic_type_id': '', 'text': 'BMI', 'type': 'EVENT'}
 {'id': '9484', 'offsets': array([17, 26]), 'role': '', 'semantic_type_id': '', 'text': 'continued', 'type': 'EVENT'}
 {'id': '9499', 'offsets': array([30, 37]), 'role': '', 'semantic_type_id': '', 'text': 'decline', 'type': 'EVENT'}
 {'id': '9514', 'offsets': array([70, 76]), 'role': '', 'semantic_type_id': '', 'text': 'weight', 'type': 'EVENT'}
 {'id': '9529', 'offsets': array([77, 84]), 'role': '', 'semantic_type_id': '', 'text': 'dropped', 'type': 'EVENT'}
 {'id': '9544', 'offsets': array([122, 127]), 'role': '', 'semantic_type_id': '', 'text': 'level', 'type': 'EVENT'}
 {'id': '9871', 'offsets': array([65, 69]), 'role': '', 'semantic_type_id': '', 'text': 'body', 'type': 'BODYPART'}
 {'id': '10117', 'offsets': array([ 88, 100]), 'role': '', 'semantic_type_id': '', 'text': '32 kilograms', 'type': 'RML'}
 {'id': '10123', 'offsets': array([131, 137]), 'role': '', 'semantic_type_id': '', 'text': '2 gr/L', 'type': 'RML'}
 {'id': '10249', 'offsets': array([46, 59]), 'role': '', 'semantic_type_id': '', 'text': 'the 42 nd day', 'type': 'TIMEX3'}]","A 35-year-old mentally ill man was transferred from a local psychiatric hospital after attempted suicide by fire 3 days before admission. He acquired full-and partial-thickness injury in approximately 38% of his TBSA, including face and neck (5%), both upper extremities (8%), right thigh (4%), left thigh and leg (3%), and most of his anterior and posterior trunk (16%). The patient was hospitalized for 66 days and underwent five debridement surgeries. The psychiatric diagnosis was schizophrenia type ICD 10 F20.3, treated with Haloperidol 1.5 mg and Diazepam 5 mg daily. The patient was occasionally restrained due to rebellious and self-destruction behavior. The nutrition management of this patient was started after a week of hospitalization, which is considered late. In the initial nutrition assessment, the patient was 40 kg weight and 150 cm tall thus the body mass index (BMI) was 17,57 kg/m 2 or underweight. Gastrointestinal symptoms and signs were not found. Information regarding the patient's dietary intake in the last two weeks and weight change within the last 6 months could not be obtained, but his mother claimed that the patient seemed to lose weight because he refused any food that had been offered to him; he only smoked and drank coffee. Albumin level was 3.6 gr/L with imbalanced electrolyte levels. Signs of fluid accumulation were not found. According to the subjective global assessment (SGA) tool, the patient belonged to group C (severely malnourished). Energy and protein were given starting from 30 kcal/kg, increasing gradually to 50 kcal/kg, and 2 gp/kg divided into oral nutrition and oral nutrition supplements (ONS) with a 50:50 ratio. The patient was also given micronutrient supplementations, specifically vitamin A 100,000 units for the first week, vitamin C 100 mg 3 times a day, and zinc 20 mg once a day. During the early weeks of hospitalization, the patient's weight loss continued. At the end of the second week, his body weight was 36 kilograms while his serum albumin level was 2.7 gr/L. On the 28 th day, the patient's body weight was 33 kilograms while his serum albumin level was 2.1 gr/L. Energy and protein intake was maintained, but the ratio of oral intake and ONS was modified to 70:30. During the treatment, the patient's appetite was unstable. The patient was also hardly cooperative with enteral access. The patient often writhed in pain and became more aggressive. The patient did not respond well to analgesics and sedations. Partially parenteral nutrition (PN) enriched with branched-chain amino acid (BCAA) was administered to support protein needs. However, his BMI continued to decline, and on the 42 nd day, his body weight dropped to 32 kilograms with a serum albumin level of 2 gr/L. On the 66 th day, granulation tissues appeared on the wound bed. Considering the mental and nutrition status of the patient, it was decided not to continue with the skin graft surgery. The patient had lost 24% of body weight (BMI 11.96 kg/m 2) and the serum albumin level was 2.5 gr/L. The patient displayed severe muscle wasting and subcutaneous fat loss. However, the general and mental condition was relatively better. The patient was discharged from the hospital.
",EN100658,"<|im_start|>user Extract the entities contained in the text. Extract only entities contained in the text.
Return the result in a json format: [{""entity"":""entity_name""}]. <<However, his BMI continued to decline, and on the 42 nd day, his body weight dropped to 32 kilograms with a serum albumin level of 2 gr/L.>>> <|im_end|><|im_start|>assistant[{""entity"": ""BMI""}, {""entity"": ""continued""}, {""entity"": ""decline""}, {""entity"": ""weight""}, {""entity"": ""dropped""}, {""entity"": ""level""}, {""entity"": ""body""}, {""entity"": ""32 kilograms""}, {""entity"": ""2 gr/L""}, {""entity"": ""the 42 nd day""}] <|im_end|>","<|im_start|>user Extract the entities contained in the text. Extract only entities contained in the text.
Return the result in a json format: [{""entity"":""entity_name""}]. <<<We present a case of a 32-year-old woman with a history of gradual enlargement of the anterior neck.>>> <|im_end|><|im_start|>assistant [{""entity"": ""present""}, {""entity"": ""history""}, {""entity"": ""enlargement""}] <|im_end|>
<|im_start|>user Extract the entities contained in the text. Extract only entities contained in the text.
Return the result in a json format: [{""entity"":""entity_name""}]. <<<Patient information: a 9-month-old boy presented to the emergency room with a 3-day history of refusal to bear weight on the right lower extremity and febrile peaks of up to 38.5°C for 24 hours.>>> <|im_end|><|im_start|>assistant [{""entity"": ""presented""}, {""entity"": ""refusal""}, {""entity"": ""bear""}, {""entity"": ""peaks""}] <|im_end|>
<|im_start|>user Extract the entities contained in the text. Extract only entities contained in the text.
Return the result in a json format: [{""entity"":""entity_name""}]. <<However, his BMI continued to decline, and on the 42 nd day, his body weight dropped to 32 kilograms with a serum albumin level of 2 gr/L.>>> <|im_end|><|im_start|>assistant","[{""entity"": ""BMI""}, {""entity"": ""continued""}, {""entity"": ""decline""}, {""entity"": ""weight""}, {""entity"": ""dropped""}, {""entity"": ""level""}, {""entity"": ""body""}, {""entity"": ""32 kilograms""}, {""entity"": ""2 gr/L""}, {""entity"": ""the 42 nd day""}] ","[{""entity"": ""continued""}, {""entity"": ""dropped""}, {""entity"": ""level""}, {""entity"": ""2 gr/L""},"
"On the 66 th day, granulation tissues appeared on the wound bed.","[{'id': '9559', 'offsets': array([38, 46]), 'role': '', 'semantic_type_id': '', 'text': 'appeared', 'type': 'EVENT'}
 {'id': '9877', 'offsets': array([18, 37]), 'role': '', 'semantic_type_id': '', 'text': 'granulation tissues', 'type': 'BODYPART'}
 {'id': '10258', 'offsets': array([ 3, 16]), 'role': '', 'semantic_type_id': '', 'text': 'the 66 th day', 'type': 'TIMEX3'}]","A 35-year-old mentally ill man was transferred from a local psychiatric hospital after attempted suicide by fire 3 days before admission. He acquired full-and partial-thickness injury in approximately 38% of his TBSA, including face and neck (5%), both upper extremities (8%), right thigh (4%), left thigh and leg (3%), and most of his anterior and posterior trunk (16%). The patient was hospitalized for 66 days and underwent five debridement surgeries. The psychiatric diagnosis was schizophrenia type ICD 10 F20.3, treated with Haloperidol 1.5 mg and Diazepam 5 mg daily. The patient was occasionally restrained due to rebellious and self-destruction behavior. The nutrition management of this patient was started after a week of hospitalization, which is considered late. In the initial nutrition assessment, the patient was 40 kg weight and 150 cm tall thus the body mass index (BMI) was 17,57 kg/m 2 or underweight. Gastrointestinal symptoms and signs were not found. Information regarding the patient's dietary intake in the last two weeks and weight change within the last 6 months could not be obtained, but his mother claimed that the patient seemed to lose weight because he refused any food that had been offered to him; he only smoked and drank coffee. Albumin level was 3.6 gr/L with imbalanced electrolyte levels. Signs of fluid accumulation were not found. According to the subjective global assessment (SGA) tool, the patient belonged to group C (severely malnourished). Energy and protein were given starting from 30 kcal/kg, increasing gradually to 50 kcal/kg, and 2 gp/kg divided into oral nutrition and oral nutrition supplements (ONS) with a 50:50 ratio. The patient was also given micronutrient supplementations, specifically vitamin A 100,000 units for the first week, vitamin C 100 mg 3 times a day, and zinc 20 mg once a day. During the early weeks of hospitalization, the patient's weight loss continued. At the end of the second week, his body weight was 36 kilograms while his serum albumin level was 2.7 gr/L. On the 28 th day, the patient's body weight was 33 kilograms while his serum albumin level was 2.1 gr/L. Energy and protein intake was maintained, but the ratio of oral intake and ONS was modified to 70:30. During the treatment, the patient's appetite was unstable. The patient was also hardly cooperative with enteral access. The patient often writhed in pain and became more aggressive. The patient did not respond well to analgesics and sedations. Partially parenteral nutrition (PN) enriched with branched-chain amino acid (BCAA) was administered to support protein needs. However, his BMI continued to decline, and on the 42 nd day, his body weight dropped to 32 kilograms with a serum albumin level of 2 gr/L. On the 66 th day, granulation tissues appeared on the wound bed. Considering the mental and nutrition status of the patient, it was decided not to continue with the skin graft surgery. The patient had lost 24% of body weight (BMI 11.96 kg/m 2) and the serum albumin level was 2.5 gr/L. The patient displayed severe muscle wasting and subcutaneous fat loss. However, the general and mental condition was relatively better. The patient was discharged from the hospital.
",EN100658,"<|im_start|>user Extract the entities contained in the text. Extract only entities contained in the text.
Return the result in a json format: [{""entity"":""entity_name""}]. <<On the 66 th day, granulation tissues appeared on the wound bed.>>> <|im_end|><|im_start|>assistant[{""entity"": ""appeared""}, {""entity"": ""granulation tissues""}, {""entity"": ""the 66 th day""}] <|im_end|>","<|im_start|>user Extract the entities contained in the text. Extract only entities contained in the text.
Return the result in a json format: [{""entity"":""entity_name""}]. <<<We present a case of a 32-year-old woman with a history of gradual enlargement of the anterior neck.>>> <|im_end|><|im_start|>assistant [{""entity"": ""present""}, {""entity"": ""history""}, {""entity"": ""enlargement""}] <|im_end|>
<|im_start|>user Extract the entities contained in the text. Extract only entities contained in the text.
Return the result in a json format: [{""entity"":""entity_name""}]. <<<Patient information: a 9-month-old boy presented to the emergency room with a 3-day history of refusal to bear weight on the right lower extremity and febrile peaks of up to 38.5°C for 24 hours.>>> <|im_end|><|im_start|>assistant [{""entity"": ""presented""}, {""entity"": ""refusal""}, {""entity"": ""bear""}, {""entity"": ""peaks""}] <|im_end|>
<|im_start|>user Extract the entities contained in the text. Extract only entities contained in the text.
Return the result in a json format: [{""entity"":""entity_name""}]. <<On the 66 th day, granulation tissues appeared on the wound bed.>>> <|im_end|><|im_start|>assistant","[{""entity"": ""appeared""}, {""entity"": ""granulation tissues""}, {""entity"": ""the 66 th day""}] ","[{""entity"": ""tissues""}, {""entity"": ""appeared""}, {""entity"": ""wound""}, {""entity"": ""the 6"
The patient displayed severe muscle wasting and subcutaneous fat loss.,"[{'id': '9694', 'offsets': array([12, 21]), 'role': '', 'semantic_type_id': '', 'text': 'displayed', 'type': 'EVENT'}
 {'id': '9709', 'offsets': array([36, 43]), 'role': '', 'semantic_type_id': '', 'text': 'wasting', 'type': 'EVENT'}
 {'id': '9724', 'offsets': array([65, 69]), 'role': '', 'semantic_type_id': '', 'text': 'loss', 'type': 'EVENT'}
 {'id': '9791', 'offsets': array([29, 43]), 'role': '', 'semantic_type_id': 'C0026846', 'text': 'muscle wasting', 'type': 'CLINENTITY'}
 {'id': '9798', 'offsets': array([48, 69]), 'role': '', 'semantic_type_id': 'C0424631', 'text': 'subcutaneous fat loss', 'type': 'CLINENTITY'}
 {'id': '9889', 'offsets': array([29, 35]), 'role': '', 'semantic_type_id': '', 'text': 'muscle', 'type': 'BODYPART'}
 {'id': '9895', 'offsets': array([48, 64]), 'role': '', 'semantic_type_id': '', 'text': 'subcutaneous fat', 'type': 'BODYPART'}
 {'id': '10055', 'offsets': array([ 0, 11]), 'role': 'PATIENT', 'semantic_type_id': '', 'text': 'The patient', 'type': 'ACTOR'}]","A 35-year-old mentally ill man was transferred from a local psychiatric hospital after attempted suicide by fire 3 days before admission. He acquired full-and partial-thickness injury in approximately 38% of his TBSA, including face and neck (5%), both upper extremities (8%), right thigh (4%), left thigh and leg (3%), and most of his anterior and posterior trunk (16%). The patient was hospitalized for 66 days and underwent five debridement surgeries. The psychiatric diagnosis was schizophrenia type ICD 10 F20.3, treated with Haloperidol 1.5 mg and Diazepam 5 mg daily. The patient was occasionally restrained due to rebellious and self-destruction behavior. The nutrition management of this patient was started after a week of hospitalization, which is considered late. In the initial nutrition assessment, the patient was 40 kg weight and 150 cm tall thus the body mass index (BMI) was 17,57 kg/m 2 or underweight. Gastrointestinal symptoms and signs were not found. Information regarding the patient's dietary intake in the last two weeks and weight change within the last 6 months could not be obtained, but his mother claimed that the patient seemed to lose weight because he refused any food that had been offered to him; he only smoked and drank coffee. Albumin level was 3.6 gr/L with imbalanced electrolyte levels. Signs of fluid accumulation were not found. According to the subjective global assessment (SGA) tool, the patient belonged to group C (severely malnourished). Energy and protein were given starting from 30 kcal/kg, increasing gradually to 50 kcal/kg, and 2 gp/kg divided into oral nutrition and oral nutrition supplements (ONS) with a 50:50 ratio. The patient was also given micronutrient supplementations, specifically vitamin A 100,000 units for the first week, vitamin C 100 mg 3 times a day, and zinc 20 mg once a day. During the early weeks of hospitalization, the patient's weight loss continued. At the end of the second week, his body weight was 36 kilograms while his serum albumin level was 2.7 gr/L. On the 28 th day, the patient's body weight was 33 kilograms while his serum albumin level was 2.1 gr/L. Energy and protein intake was maintained, but the ratio of oral intake and ONS was modified to 70:30. During the treatment, the patient's appetite was unstable. The patient was also hardly cooperative with enteral access. The patient often writhed in pain and became more aggressive. The patient did not respond well to analgesics and sedations. Partially parenteral nutrition (PN) enriched with branched-chain amino acid (BCAA) was administered to support protein needs. However, his BMI continued to decline, and on the 42 nd day, his body weight dropped to 32 kilograms with a serum albumin level of 2 gr/L. On the 66 th day, granulation tissues appeared on the wound bed. Considering the mental and nutrition status of the patient, it was decided not to continue with the skin graft surgery. The patient had lost 24% of body weight (BMI 11.96 kg/m 2) and the serum albumin level was 2.5 gr/L. The patient displayed severe muscle wasting and subcutaneous fat loss. However, the general and mental condition was relatively better. The patient was discharged from the hospital.
",EN100658,"<|im_start|>user Extract the entities contained in the text. Extract only entities contained in the text.
Return the result in a json format: [{""entity"":""entity_name""}]. <<The patient displayed severe muscle wasting and subcutaneous fat loss.>>> <|im_end|><|im_start|>assistant[{""entity"": ""displayed""}, {""entity"": ""wasting""}, {""entity"": ""loss""}, {""entity"": ""muscle wasting""}, {""entity"": ""subcutaneous fat loss""}, {""entity"": ""muscle""}, {""entity"": ""subcutaneous fat""}, {""entity"": ""The patient""}] <|im_end|>","<|im_start|>user Extract the entities contained in the text. Extract only entities contained in the text.
Return the result in a json format: [{""entity"":""entity_name""}]. <<<We present a case of a 32-year-old woman with a history of gradual enlargement of the anterior neck.>>> <|im_end|><|im_start|>assistant [{""entity"": ""present""}, {""entity"": ""history""}, {""entity"": ""enlargement""}] <|im_end|>
<|im_start|>user Extract the entities contained in the text. Extract only entities contained in the text.
Return the result in a json format: [{""entity"":""entity_name""}]. <<<Patient information: a 9-month-old boy presented to the emergency room with a 3-day history of refusal to bear weight on the right lower extremity and febrile peaks of up to 38.5°C for 24 hours.>>> <|im_end|><|im_start|>assistant [{""entity"": ""presented""}, {""entity"": ""refusal""}, {""entity"": ""bear""}, {""entity"": ""peaks""}] <|im_end|>
<|im_start|>user Extract the entities contained in the text. Extract only entities contained in the text.
Return the result in a json format: [{""entity"":""entity_name""}]. <<The patient displayed severe muscle wasting and subcutaneous fat loss.>>> <|im_end|><|im_start|>assistant","[{""entity"": ""displayed""}, {""entity"": ""wasting""}, {""entity"": ""loss""}, {""entity"": ""muscle wasting""}, {""entity"": ""subcutaneous fat loss""}, {""entity"": ""muscle""}, {""entity"": ""subcutaneous fat""}, {""entity"": ""The patient""}] ","[{""entity"": ""wasting""}, {""entity"": ""loss""}, {""entity"": ""The patient""}] <|im_end|><|im_end|><|im_end|><|im_end|><|im_end|>"
"However, the general and mental condition was relatively better.","[{'id': '9739', 'offsets': array([32, 41]), 'role': '', 'semantic_type_id': '', 'text': 'condition', 'type': 'EVENT'}
 {'id': '9754', 'offsets': array([57, 63]), 'role': '', 'semantic_type_id': '', 'text': 'better', 'type': 'EVENT'}]","A 35-year-old mentally ill man was transferred from a local psychiatric hospital after attempted suicide by fire 3 days before admission. He acquired full-and partial-thickness injury in approximately 38% of his TBSA, including face and neck (5%), both upper extremities (8%), right thigh (4%), left thigh and leg (3%), and most of his anterior and posterior trunk (16%). The patient was hospitalized for 66 days and underwent five debridement surgeries. The psychiatric diagnosis was schizophrenia type ICD 10 F20.3, treated with Haloperidol 1.5 mg and Diazepam 5 mg daily. The patient was occasionally restrained due to rebellious and self-destruction behavior. The nutrition management of this patient was started after a week of hospitalization, which is considered late. In the initial nutrition assessment, the patient was 40 kg weight and 150 cm tall thus the body mass index (BMI) was 17,57 kg/m 2 or underweight. Gastrointestinal symptoms and signs were not found. Information regarding the patient's dietary intake in the last two weeks and weight change within the last 6 months could not be obtained, but his mother claimed that the patient seemed to lose weight because he refused any food that had been offered to him; he only smoked and drank coffee. Albumin level was 3.6 gr/L with imbalanced electrolyte levels. Signs of fluid accumulation were not found. According to the subjective global assessment (SGA) tool, the patient belonged to group C (severely malnourished). Energy and protein were given starting from 30 kcal/kg, increasing gradually to 50 kcal/kg, and 2 gp/kg divided into oral nutrition and oral nutrition supplements (ONS) with a 50:50 ratio. The patient was also given micronutrient supplementations, specifically vitamin A 100,000 units for the first week, vitamin C 100 mg 3 times a day, and zinc 20 mg once a day. During the early weeks of hospitalization, the patient's weight loss continued. At the end of the second week, his body weight was 36 kilograms while his serum albumin level was 2.7 gr/L. On the 28 th day, the patient's body weight was 33 kilograms while his serum albumin level was 2.1 gr/L. Energy and protein intake was maintained, but the ratio of oral intake and ONS was modified to 70:30. During the treatment, the patient's appetite was unstable. The patient was also hardly cooperative with enteral access. The patient often writhed in pain and became more aggressive. The patient did not respond well to analgesics and sedations. Partially parenteral nutrition (PN) enriched with branched-chain amino acid (BCAA) was administered to support protein needs. However, his BMI continued to decline, and on the 42 nd day, his body weight dropped to 32 kilograms with a serum albumin level of 2 gr/L. On the 66 th day, granulation tissues appeared on the wound bed. Considering the mental and nutrition status of the patient, it was decided not to continue with the skin graft surgery. The patient had lost 24% of body weight (BMI 11.96 kg/m 2) and the serum albumin level was 2.5 gr/L. The patient displayed severe muscle wasting and subcutaneous fat loss. However, the general and mental condition was relatively better. The patient was discharged from the hospital.
",EN100658,"<|im_start|>user Extract the entities contained in the text. Extract only entities contained in the text.
Return the result in a json format: [{""entity"":""entity_name""}]. <<However, the general and mental condition was relatively better.>>> <|im_end|><|im_start|>assistant[{""entity"": ""condition""}, {""entity"": ""better""}] <|im_end|>","<|im_start|>user Extract the entities contained in the text. Extract only entities contained in the text.
Return the result in a json format: [{""entity"":""entity_name""}]. <<<We present a case of a 32-year-old woman with a history of gradual enlargement of the anterior neck.>>> <|im_end|><|im_start|>assistant [{""entity"": ""present""}, {""entity"": ""history""}, {""entity"": ""enlargement""}] <|im_end|>
<|im_start|>user Extract the entities contained in the text. Extract only entities contained in the text.
Return the result in a json format: [{""entity"":""entity_name""}]. <<<Patient information: a 9-month-old boy presented to the emergency room with a 3-day history of refusal to bear weight on the right lower extremity and febrile peaks of up to 38.5°C for 24 hours.>>> <|im_end|><|im_start|>assistant [{""entity"": ""presented""}, {""entity"": ""refusal""}, {""entity"": ""bear""}, {""entity"": ""peaks""}] <|im_end|>
<|im_start|>user Extract the entities contained in the text. Extract only entities contained in the text.
Return the result in a json format: [{""entity"":""entity_name""}]. <<However, the general and mental condition was relatively better.>>> <|im_end|><|im_start|>assistant","[{""entity"": ""condition""}, {""entity"": ""better""}] ","[{""entity"": ""condition""}, {""entity"": ""better""}, {""entity"": ""relatively""}] <|im_end|><|im_end|><|im_end|><|im_end|><|im_end|><|im_end|>"
The patient was discharged from the hospital.,"[{'id': '9769', 'offsets': array([16, 26]), 'role': '', 'semantic_type_id': '', 'text': 'discharged', 'type': 'EVENT'}
 {'id': '10062', 'offsets': array([ 0, 11]), 'role': 'PATIENT', 'semantic_type_id': '', 'text': 'The patient', 'type': 'ACTOR'}]","A 35-year-old mentally ill man was transferred from a local psychiatric hospital after attempted suicide by fire 3 days before admission. He acquired full-and partial-thickness injury in approximately 38% of his TBSA, including face and neck (5%), both upper extremities (8%), right thigh (4%), left thigh and leg (3%), and most of his anterior and posterior trunk (16%). The patient was hospitalized for 66 days and underwent five debridement surgeries. The psychiatric diagnosis was schizophrenia type ICD 10 F20.3, treated with Haloperidol 1.5 mg and Diazepam 5 mg daily. The patient was occasionally restrained due to rebellious and self-destruction behavior. The nutrition management of this patient was started after a week of hospitalization, which is considered late. In the initial nutrition assessment, the patient was 40 kg weight and 150 cm tall thus the body mass index (BMI) was 17,57 kg/m 2 or underweight. Gastrointestinal symptoms and signs were not found. Information regarding the patient's dietary intake in the last two weeks and weight change within the last 6 months could not be obtained, but his mother claimed that the patient seemed to lose weight because he refused any food that had been offered to him; he only smoked and drank coffee. Albumin level was 3.6 gr/L with imbalanced electrolyte levels. Signs of fluid accumulation were not found. According to the subjective global assessment (SGA) tool, the patient belonged to group C (severely malnourished). Energy and protein were given starting from 30 kcal/kg, increasing gradually to 50 kcal/kg, and 2 gp/kg divided into oral nutrition and oral nutrition supplements (ONS) with a 50:50 ratio. The patient was also given micronutrient supplementations, specifically vitamin A 100,000 units for the first week, vitamin C 100 mg 3 times a day, and zinc 20 mg once a day. During the early weeks of hospitalization, the patient's weight loss continued. At the end of the second week, his body weight was 36 kilograms while his serum albumin level was 2.7 gr/L. On the 28 th day, the patient's body weight was 33 kilograms while his serum albumin level was 2.1 gr/L. Energy and protein intake was maintained, but the ratio of oral intake and ONS was modified to 70:30. During the treatment, the patient's appetite was unstable. The patient was also hardly cooperative with enteral access. The patient often writhed in pain and became more aggressive. The patient did not respond well to analgesics and sedations. Partially parenteral nutrition (PN) enriched with branched-chain amino acid (BCAA) was administered to support protein needs. However, his BMI continued to decline, and on the 42 nd day, his body weight dropped to 32 kilograms with a serum albumin level of 2 gr/L. On the 66 th day, granulation tissues appeared on the wound bed. Considering the mental and nutrition status of the patient, it was decided not to continue with the skin graft surgery. The patient had lost 24% of body weight (BMI 11.96 kg/m 2) and the serum albumin level was 2.5 gr/L. The patient displayed severe muscle wasting and subcutaneous fat loss. However, the general and mental condition was relatively better. The patient was discharged from the hospital.
",EN100658,"<|im_start|>user Extract the entities contained in the text. Extract only entities contained in the text.
Return the result in a json format: [{""entity"":""entity_name""}]. <<The patient was discharged from the hospital.>>> <|im_end|><|im_start|>assistant[{""entity"": ""discharged""}, {""entity"": ""The patient""}] <|im_end|>","<|im_start|>user Extract the entities contained in the text. Extract only entities contained in the text.
Return the result in a json format: [{""entity"":""entity_name""}]. <<<We present a case of a 32-year-old woman with a history of gradual enlargement of the anterior neck.>>> <|im_end|><|im_start|>assistant [{""entity"": ""present""}, {""entity"": ""history""}, {""entity"": ""enlargement""}] <|im_end|>
<|im_start|>user Extract the entities contained in the text. Extract only entities contained in the text.
Return the result in a json format: [{""entity"":""entity_name""}]. <<<Patient information: a 9-month-old boy presented to the emergency room with a 3-day history of refusal to bear weight on the right lower extremity and febrile peaks of up to 38.5°C for 24 hours.>>> <|im_end|><|im_start|>assistant [{""entity"": ""presented""}, {""entity"": ""refusal""}, {""entity"": ""bear""}, {""entity"": ""peaks""}] <|im_end|>
<|im_start|>user Extract the entities contained in the text. Extract only entities contained in the text.
Return the result in a json format: [{""entity"":""entity_name""}]. <<The patient was discharged from the hospital.>>> <|im_end|><|im_start|>assistant","[{""entity"": ""discharged""}, {""entity"": ""The patient""}] ","[{""entity"": ""discharged""}, {""entity"": ""The patient""}] <|im_end|><|im_end|><|im_end|><|im_end|><|im_end|><|im_end|><|im_end|><|im_end|><|im_end|><|im_end|><|im_end|>"
"Because of persistent pulmonary edema after completion of the arterial switch operation at our institution, the patient could not be weaned off mechanical ventilation.","[{'id': '1537', 'offsets': array([32, 37]), 'role': '', 'semantic_type_id': '', 'text': 'edema', 'type': 'EVENT'}
 {'id': '1552', 'offsets': array([44, 54]), 'role': '', 'semantic_type_id': '', 'text': 'completion', 'type': 'EVENT'}
 {'id': '1567', 'offsets': array([78, 87]), 'role': '', 'semantic_type_id': '', 'text': 'operation', 'type': 'EVENT'}
 {'id': '1582', 'offsets': array([133, 139]), 'role': '', 'semantic_type_id': '', 'text': 'weaned', 'type': 'EVENT'}
 {'id': '1597', 'offsets': array([155, 166]), 'role': '', 'semantic_type_id': '', 'text': 'ventilation', 'type': 'EVENT'}
 {'id': '1863', 'offsets': array([112, 119]), 'role': 'PATIENT', 'semantic_type_id': '', 'text': 'patient', 'type': 'ACTOR'}]","A 3-day-old boy from Kosovo with dextro-transposition of the great arteries who developed progressive heart failure required an emergency arterial switch operation. Because of persistent pulmonary edema after completion of the arterial switch operation at our institution, the patient could not be weaned off mechanical ventilation. Transthoracic echocardiography revealed an anomalous accelerated flow, indicating an anomalous systemic pulmonary shunt. Arterial catheterization revealed an abnormal bronchial artery originating from the left subclavian artery and bifurcating to both lungs. The anomalous ectatic bronchial artery was successfully occluded by coil embolization. The improvement of the patient's hemodynamic status resulted in an uneventful post-operative course.
",EN105551,"<|im_start|>user Extract the entities contained in the text. Extract only entities contained in the text.
Return the result in a json format: [{""entity"":""entity_name""}]. <<Because of persistent pulmonary edema after completion of the arterial switch operation at our institution, the patient could not be weaned off mechanical ventilation.>>> <|im_end|><|im_start|>assistant[{""entity"": ""edema""}, {""entity"": ""completion""}, {""entity"": ""operation""}, {""entity"": ""weaned""}, {""entity"": ""ventilation""}, {""entity"": ""patient""}] <|im_end|>","<|im_start|>user Extract the entities contained in the text. Extract only entities contained in the text.
Return the result in a json format: [{""entity"":""entity_name""}]. <<<We present a case of a 32-year-old woman with a history of gradual enlargement of the anterior neck.>>> <|im_end|><|im_start|>assistant [{""entity"": ""present""}, {""entity"": ""history""}, {""entity"": ""enlargement""}] <|im_end|>
<|im_start|>user Extract the entities contained in the text. Extract only entities contained in the text.
Return the result in a json format: [{""entity"":""entity_name""}]. <<<Patient information: a 9-month-old boy presented to the emergency room with a 3-day history of refusal to bear weight on the right lower extremity and febrile peaks of up to 38.5°C for 24 hours.>>> <|im_end|><|im_start|>assistant [{""entity"": ""presented""}, {""entity"": ""refusal""}, {""entity"": ""bear""}, {""entity"": ""peaks""}] <|im_end|>
<|im_start|>user Extract the entities contained in the text. Extract only entities contained in the text.
Return the result in a json format: [{""entity"":""entity_name""}]. <<Because of persistent pulmonary edema after completion of the arterial switch operation at our institution, the patient could not be weaned off mechanical ventilation.>>> <|im_end|><|im_start|>assistant","[{""entity"": ""edema""}, {""entity"": ""completion""}, {""entity"": ""operation""}, {""entity"": ""weaned""}, {""entity"": ""ventilation""}, {""entity"": ""patient""}] ","[{""entity"": ""edema""}, {""entity"": ""operation""}, {""entity"": ""weaned""}, {""entity"": ""ventilation""},"
"Transthoracic echocardiography revealed an anomalous accelerated flow, indicating an anomalous systemic pulmonary shunt.","[{'id': '1612', 'offsets': array([14, 30]), 'role': '', 'semantic_type_id': '', 'text': 'echocardiography', 'type': 'EVENT'}
 {'id': '1627', 'offsets': array([31, 39]), 'role': '', 'semantic_type_id': '', 'text': 'revealed', 'type': 'EVENT'}
 {'id': '1642', 'offsets': array([65, 69]), 'role': '', 'semantic_type_id': '', 'text': 'flow', 'type': 'EVENT'}
 {'id': '1657', 'offsets': array([114, 119]), 'role': '', 'semantic_type_id': '', 'text': 'shunt', 'type': 'EVENT'}]","A 3-day-old boy from Kosovo with dextro-transposition of the great arteries who developed progressive heart failure required an emergency arterial switch operation. Because of persistent pulmonary edema after completion of the arterial switch operation at our institution, the patient could not be weaned off mechanical ventilation. Transthoracic echocardiography revealed an anomalous accelerated flow, indicating an anomalous systemic pulmonary shunt. Arterial catheterization revealed an abnormal bronchial artery originating from the left subclavian artery and bifurcating to both lungs. The anomalous ectatic bronchial artery was successfully occluded by coil embolization. The improvement of the patient's hemodynamic status resulted in an uneventful post-operative course.
",EN105551,"<|im_start|>user Extract the entities contained in the text. Extract only entities contained in the text.
Return the result in a json format: [{""entity"":""entity_name""}]. <<Transthoracic echocardiography revealed an anomalous accelerated flow, indicating an anomalous systemic pulmonary shunt.>>> <|im_end|><|im_start|>assistant[{""entity"": ""echocardiography""}, {""entity"": ""revealed""}, {""entity"": ""flow""}, {""entity"": ""shunt""}] <|im_end|>","<|im_start|>user Extract the entities contained in the text. Extract only entities contained in the text.
Return the result in a json format: [{""entity"":""entity_name""}]. <<<We present a case of a 32-year-old woman with a history of gradual enlargement of the anterior neck.>>> <|im_end|><|im_start|>assistant [{""entity"": ""present""}, {""entity"": ""history""}, {""entity"": ""enlargement""}] <|im_end|>
<|im_start|>user Extract the entities contained in the text. Extract only entities contained in the text.
Return the result in a json format: [{""entity"":""entity_name""}]. <<<Patient information: a 9-month-old boy presented to the emergency room with a 3-day history of refusal to bear weight on the right lower extremity and febrile peaks of up to 38.5°C for 24 hours.>>> <|im_end|><|im_start|>assistant [{""entity"": ""presented""}, {""entity"": ""refusal""}, {""entity"": ""bear""}, {""entity"": ""peaks""}] <|im_end|>
<|im_start|>user Extract the entities contained in the text. Extract only entities contained in the text.
Return the result in a json format: [{""entity"":""entity_name""}]. <<Transthoracic echocardiography revealed an anomalous accelerated flow, indicating an anomalous systemic pulmonary shunt.>>> <|im_end|><|im_start|>assistant","[{""entity"": ""echocardiography""}, {""entity"": ""revealed""}, {""entity"": ""flow""}, {""entity"": ""shunt""}] ","[{""entity"": ""echocardiography""}, {""entity"": ""revealed""}, {""entity"": ""flow""}, {""entity"": ""sh"
Arterial catheterization revealed an abnormal bronchial artery originating from the left subclavian artery and bifurcating to both lungs.,"[{'id': '1672', 'offsets': array([ 9, 24]), 'role': '', 'semantic_type_id': '', 'text': 'catheterization', 'type': 'EVENT'}
 {'id': '1687', 'offsets': array([25, 33]), 'role': '', 'semantic_type_id': '', 'text': 'revealed', 'type': 'EVENT'}
 {'id': '1702', 'offsets': array([63, 74]), 'role': '', 'semantic_type_id': '', 'text': 'originating', 'type': 'EVENT'}
 {'id': '1717', 'offsets': array([111, 122]), 'role': '', 'semantic_type_id': '', 'text': 'bifurcating', 'type': 'EVENT'}
 {'id': '1806', 'offsets': array([37, 62]), 'role': '', 'semantic_type_id': 'CUILESS', 'text': 'abnormal bronchial artery', 'type': 'CLINENTITY'}
 {'id': '1832', 'offsets': array([34, 62]), 'role': '', 'semantic_type_id': '', 'text': 'an abnormal bronchial artery', 'type': 'BODYPART'}
 {'id': '1838', 'offsets': array([ 80, 106]), 'role': '', 'semantic_type_id': '', 'text': 'the left subclavian artery', 'type': 'BODYPART'}
 {'id': '1844', 'offsets': array([126, 136]), 'role': '', 'semantic_type_id': '', 'text': 'both lungs', 'type': 'BODYPART'}]","A 3-day-old boy from Kosovo with dextro-transposition of the great arteries who developed progressive heart failure required an emergency arterial switch operation. Because of persistent pulmonary edema after completion of the arterial switch operation at our institution, the patient could not be weaned off mechanical ventilation. Transthoracic echocardiography revealed an anomalous accelerated flow, indicating an anomalous systemic pulmonary shunt. Arterial catheterization revealed an abnormal bronchial artery originating from the left subclavian artery and bifurcating to both lungs. The anomalous ectatic bronchial artery was successfully occluded by coil embolization. The improvement of the patient's hemodynamic status resulted in an uneventful post-operative course.
",EN105551,"<|im_start|>user Extract the entities contained in the text. Extract only entities contained in the text.
Return the result in a json format: [{""entity"":""entity_name""}]. <<Arterial catheterization revealed an abnormal bronchial artery originating from the left subclavian artery and bifurcating to both lungs.>>> <|im_end|><|im_start|>assistant[{""entity"": ""catheterization""}, {""entity"": ""revealed""}, {""entity"": ""originating""}, {""entity"": ""bifurcating""}, {""entity"": ""abnormal bronchial artery""}, {""entity"": ""an abnormal bronchial artery""}, {""entity"": ""the left subclavian artery""}, {""entity"": ""both lungs""}] <|im_end|>","<|im_start|>user Extract the entities contained in the text. Extract only entities contained in the text.
Return the result in a json format: [{""entity"":""entity_name""}]. <<<We present a case of a 32-year-old woman with a history of gradual enlargement of the anterior neck.>>> <|im_end|><|im_start|>assistant [{""entity"": ""present""}, {""entity"": ""history""}, {""entity"": ""enlargement""}] <|im_end|>
<|im_start|>user Extract the entities contained in the text. Extract only entities contained in the text.
Return the result in a json format: [{""entity"":""entity_name""}]. <<<Patient information: a 9-month-old boy presented to the emergency room with a 3-day history of refusal to bear weight on the right lower extremity and febrile peaks of up to 38.5°C for 24 hours.>>> <|im_end|><|im_start|>assistant [{""entity"": ""presented""}, {""entity"": ""refusal""}, {""entity"": ""bear""}, {""entity"": ""peaks""}] <|im_end|>
<|im_start|>user Extract the entities contained in the text. Extract only entities contained in the text.
Return the result in a json format: [{""entity"":""entity_name""}]. <<Arterial catheterization revealed an abnormal bronchial artery originating from the left subclavian artery and bifurcating to both lungs.>>> <|im_end|><|im_start|>assistant","[{""entity"": ""catheterization""}, {""entity"": ""revealed""}, {""entity"": ""originating""}, {""entity"": ""bifurcating""}, {""entity"": ""abnormal bronchial artery""}, {""entity"": ""an abnormal bronchial artery""}, {""entity"": ""the left subclavian artery""}, {""entity"": ""both lungs""}] ","[{""entity"": ""catheterization""}, {""entity"": ""revealed""}, {""entity"": ""artery""}, {""entity"": """
The anomalous ectatic bronchial artery was successfully occluded by coil embolization.,"[{'id': '1732', 'offsets': array([56, 64]), 'role': '', 'semantic_type_id': '', 'text': 'occluded', 'type': 'EVENT'}
 {'id': '1747', 'offsets': array([73, 85]), 'role': '', 'semantic_type_id': '', 'text': 'embolization', 'type': 'EVENT'}
 {'id': '1813', 'offsets': array([ 4, 38]), 'role': '', 'semantic_type_id': 'CUILESS', 'text': 'anomalous ectatic bronchial artery', 'type': 'CLINENTITY'}
 {'id': '1850', 'offsets': array([ 0, 38]), 'role': '', 'semantic_type_id': '', 'text': 'The anomalous ectatic bronchial artery', 'type': 'BODYPART'}]","A 3-day-old boy from Kosovo with dextro-transposition of the great arteries who developed progressive heart failure required an emergency arterial switch operation. Because of persistent pulmonary edema after completion of the arterial switch operation at our institution, the patient could not be weaned off mechanical ventilation. Transthoracic echocardiography revealed an anomalous accelerated flow, indicating an anomalous systemic pulmonary shunt. Arterial catheterization revealed an abnormal bronchial artery originating from the left subclavian artery and bifurcating to both lungs. The anomalous ectatic bronchial artery was successfully occluded by coil embolization. The improvement of the patient's hemodynamic status resulted in an uneventful post-operative course.
",EN105551,"<|im_start|>user Extract the entities contained in the text. Extract only entities contained in the text.
Return the result in a json format: [{""entity"":""entity_name""}]. <<The anomalous ectatic bronchial artery was successfully occluded by coil embolization.>>> <|im_end|><|im_start|>assistant[{""entity"": ""occluded""}, {""entity"": ""embolization""}, {""entity"": ""anomalous ectatic bronchial artery""}, {""entity"": ""The anomalous ectatic bronchial artery""}] <|im_end|>","<|im_start|>user Extract the entities contained in the text. Extract only entities contained in the text.
Return the result in a json format: [{""entity"":""entity_name""}]. <<<We present a case of a 32-year-old woman with a history of gradual enlargement of the anterior neck.>>> <|im_end|><|im_start|>assistant [{""entity"": ""present""}, {""entity"": ""history""}, {""entity"": ""enlargement""}] <|im_end|>
<|im_start|>user Extract the entities contained in the text. Extract only entities contained in the text.
Return the result in a json format: [{""entity"":""entity_name""}]. <<<Patient information: a 9-month-old boy presented to the emergency room with a 3-day history of refusal to bear weight on the right lower extremity and febrile peaks of up to 38.5°C for 24 hours.>>> <|im_end|><|im_start|>assistant [{""entity"": ""presented""}, {""entity"": ""refusal""}, {""entity"": ""bear""}, {""entity"": ""peaks""}] <|im_end|>
<|im_start|>user Extract the entities contained in the text. Extract only entities contained in the text.
Return the result in a json format: [{""entity"":""entity_name""}]. <<The anomalous ectatic bronchial artery was successfully occluded by coil embolization.>>> <|im_end|><|im_start|>assistant","[{""entity"": ""occluded""}, {""entity"": ""embolization""}, {""entity"": ""anomalous ectatic bronchial artery""}, {""entity"": ""The anomalous ectatic bronchial artery""}] ","[{""entity"": ""aneomalous ectatic bronchial artery""}] <|im_end|><|im_end|><|im_end|><|im_end|><|im_end|><|im_end|><|im_end|><|im_end|><|im_end|><|im_end|><|im_end|>"
The improvement of the patient's hemodynamic status resulted in an uneventful post-operative course.,"[{'id': '1762', 'offsets': array([ 4, 15]), 'role': '', 'semantic_type_id': '', 'text': 'improvement', 'type': 'EVENT'}
 {'id': '1777', 'offsets': array([93, 99]), 'role': '', 'semantic_type_id': '', 'text': 'course', 'type': 'EVENT'}
 {'id': '1870', 'offsets': array([19, 32]), 'role': 'PATIENT', 'semantic_type_id': '', 'text': ""the patient's"", 'type': 'ACTOR'}
 {'id': '1877', 'offsets': array([78, 92]), 'role': '', 'semantic_type_id': '', 'text': 'post-operative', 'type': 'TIMEX3'}]","A 3-day-old boy from Kosovo with dextro-transposition of the great arteries who developed progressive heart failure required an emergency arterial switch operation. Because of persistent pulmonary edema after completion of the arterial switch operation at our institution, the patient could not be weaned off mechanical ventilation. Transthoracic echocardiography revealed an anomalous accelerated flow, indicating an anomalous systemic pulmonary shunt. Arterial catheterization revealed an abnormal bronchial artery originating from the left subclavian artery and bifurcating to both lungs. The anomalous ectatic bronchial artery was successfully occluded by coil embolization. The improvement of the patient's hemodynamic status resulted in an uneventful post-operative course.
",EN105551,"<|im_start|>user Extract the entities contained in the text. Extract only entities contained in the text.
Return the result in a json format: [{""entity"":""entity_name""}]. <<The improvement of the patient's hemodynamic status resulted in an uneventful post-operative course.>>> <|im_end|><|im_start|>assistant[{""entity"": ""improvement""}, {""entity"": ""course""}, {""entity"": ""the patient's""}, {""entity"": ""post-operative""}] <|im_end|>","<|im_start|>user Extract the entities contained in the text. Extract only entities contained in the text.
Return the result in a json format: [{""entity"":""entity_name""}]. <<<We present a case of a 32-year-old woman with a history of gradual enlargement of the anterior neck.>>> <|im_end|><|im_start|>assistant [{""entity"": ""present""}, {""entity"": ""history""}, {""entity"": ""enlargement""}] <|im_end|>
<|im_start|>user Extract the entities contained in the text. Extract only entities contained in the text.
Return the result in a json format: [{""entity"":""entity_name""}]. <<<Patient information: a 9-month-old boy presented to the emergency room with a 3-day history of refusal to bear weight on the right lower extremity and febrile peaks of up to 38.5°C for 24 hours.>>> <|im_end|><|im_start|>assistant [{""entity"": ""presented""}, {""entity"": ""refusal""}, {""entity"": ""bear""}, {""entity"": ""peaks""}] <|im_end|>
<|im_start|>user Extract the entities contained in the text. Extract only entities contained in the text.
Return the result in a json format: [{""entity"":""entity_name""}]. <<The improvement of the patient's hemodynamic status resulted in an uneventful post-operative course.>>> <|im_end|><|im_start|>assistant","[{""entity"": ""improvement""}, {""entity"": ""course""}, {""entity"": ""the patient's""}, {""entity"": ""post-operative""}] ","[{""entity"": ""improvement""}, {""entity"": ""status""}, {""entity"": ""course""}, {""entity"": ""patient""}]"
This case report describes the condition of a 30-year-old man involved in a motor vehicle collision.,"[{'id': '1500', 'offsets': array([17, 26]), 'role': '', 'semantic_type_id': '', 'text': 'describes', 'type': 'EVENT'}
 {'id': '1515', 'offsets': array([31, 40]), 'role': '', 'semantic_type_id': '', 'text': 'condition', 'type': 'EVENT'}
 {'id': '1530', 'offsets': array([62, 70]), 'role': '', 'semantic_type_id': '', 'text': 'involved', 'type': 'EVENT'}
 {'id': '1545', 'offsets': array([90, 99]), 'role': '', 'semantic_type_id': '', 'text': 'collision', 'type': 'EVENT'}
 {'id': '1867', 'offsets': array([44, 61]), 'role': 'PATIENT', 'semantic_type_id': '', 'text': 'a 30-year-old man', 'type': 'ACTOR'}]","This case report describes the condition of a 30-year-old man involved in a motor vehicle collision. Clinical examination, X-rays, and computed tomography scan revealed a posterior hip dislocation with an ipsilateral femoral head and mid-shaft fractures. The patient was treated by closed reduction of hip dislocation using a temporarily applied external fixator followed by intramedullary nailing of the femoral shaft. Achieving a closed reduction is a challenge with ipsilateral fractures but it should be favored over open reduction due to a lower risk of complications. The type of femoral head fracture, in this case, may have aided in an easier reduction.
",EN104263,"<|im_start|>user Extract the entities contained in the text. Extract only entities contained in the text.
Return the result in a json format: [{""entity"":""entity_name""}]. <<This case report describes the condition of a 30-year-old man involved in a motor vehicle collision.>>> <|im_end|><|im_start|>assistant[{""entity"": ""describes""}, {""entity"": ""condition""}, {""entity"": ""involved""}, {""entity"": ""collision""}, {""entity"": ""a 30-year-old man""}] <|im_end|>","<|im_start|>user Extract the entities contained in the text. Extract only entities contained in the text.
Return the result in a json format: [{""entity"":""entity_name""}]. <<<We present a case of a 32-year-old woman with a history of gradual enlargement of the anterior neck.>>> <|im_end|><|im_start|>assistant [{""entity"": ""present""}, {""entity"": ""history""}, {""entity"": ""enlargement""}] <|im_end|>
<|im_start|>user Extract the entities contained in the text. Extract only entities contained in the text.
Return the result in a json format: [{""entity"":""entity_name""}]. <<<Patient information: a 9-month-old boy presented to the emergency room with a 3-day history of refusal to bear weight on the right lower extremity and febrile peaks of up to 38.5°C for 24 hours.>>> <|im_end|><|im_start|>assistant [{""entity"": ""presented""}, {""entity"": ""refusal""}, {""entity"": ""bear""}, {""entity"": ""peaks""}] <|im_end|>
<|im_start|>user Extract the entities contained in the text. Extract only entities contained in the text.
Return the result in a json format: [{""entity"":""entity_name""}]. <<This case report describes the condition of a 30-year-old man involved in a motor vehicle collision.>>> <|im_end|><|im_start|>assistant","[{""entity"": ""describes""}, {""entity"": ""condition""}, {""entity"": ""involved""}, {""entity"": ""collision""}, {""entity"": ""a 30-year-old man""}] ","[{""entity"": ""report""}, {""entity"": ""describes""}, {""entity"": ""condition""}, {""entity"": ""collision""}, {""entity"
"Clinical examination, X-rays, and computed tomography scan revealed a posterior hip dislocation with an ipsilateral femoral head and mid-shaft fractures.","[{'id': '1560', 'offsets': array([ 9, 20]), 'role': '', 'semantic_type_id': '', 'text': 'examination', 'type': 'EVENT'}
 {'id': '1575', 'offsets': array([22, 28]), 'role': '', 'semantic_type_id': '', 'text': 'X-rays', 'type': 'EVENT'}
 {'id': '1590', 'offsets': array([54, 58]), 'role': '', 'semantic_type_id': '', 'text': 'scan', 'type': 'EVENT'}
 {'id': '1605', 'offsets': array([59, 67]), 'role': '', 'semantic_type_id': '', 'text': 'revealed', 'type': 'EVENT'}
 {'id': '1620', 'offsets': array([84, 95]), 'role': '', 'semantic_type_id': '', 'text': 'dislocation', 'type': 'EVENT'}
 {'id': '1815', 'offsets': array([70, 95]), 'role': '', 'semantic_type_id': 'C0840688', 'text': 'posterior hip dislocation', 'type': 'CLINENTITY'}
 {'id': '1822', 'offsets': array([104, 152]), 'role': '', 'semantic_type_id': '', 'text': 'ipsilateral femoral head and mid-shaft fractures', 'type': 'CLINENTITY'}
 {'id': '1829', 'offsets': array([133, 152]), 'role': '', 'semantic_type_id': 'C2047309', 'text': 'mid-shaft fractures', 'type': 'CLINENTITY'}
 {'id': '1843', 'offsets': array([70, 83]), 'role': '', 'semantic_type_id': '', 'text': 'posterior hip', 'type': 'BODYPART'}]","This case report describes the condition of a 30-year-old man involved in a motor vehicle collision. Clinical examination, X-rays, and computed tomography scan revealed a posterior hip dislocation with an ipsilateral femoral head and mid-shaft fractures. The patient was treated by closed reduction of hip dislocation using a temporarily applied external fixator followed by intramedullary nailing of the femoral shaft. Achieving a closed reduction is a challenge with ipsilateral fractures but it should be favored over open reduction due to a lower risk of complications. The type of femoral head fracture, in this case, may have aided in an easier reduction.
",EN104263,"<|im_start|>user Extract the entities contained in the text. Extract only entities contained in the text.
Return the result in a json format: [{""entity"":""entity_name""}]. <<Clinical examination, X-rays, and computed tomography scan revealed a posterior hip dislocation with an ipsilateral femoral head and mid-shaft fractures.>>> <|im_end|><|im_start|>assistant[{""entity"": ""examination""}, {""entity"": ""X-rays""}, {""entity"": ""scan""}, {""entity"": ""revealed""}, {""entity"": ""dislocation""}, {""entity"": ""posterior hip dislocation""}, {""entity"": ""ipsilateral femoral head and mid-shaft fractures""}, {""entity"": ""mid-shaft fractures""}, {""entity"": ""posterior hip""}] <|im_end|>","<|im_start|>user Extract the entities contained in the text. Extract only entities contained in the text.
Return the result in a json format: [{""entity"":""entity_name""}]. <<<We present a case of a 32-year-old woman with a history of gradual enlargement of the anterior neck.>>> <|im_end|><|im_start|>assistant [{""entity"": ""present""}, {""entity"": ""history""}, {""entity"": ""enlargement""}] <|im_end|>
<|im_start|>user Extract the entities contained in the text. Extract only entities contained in the text.
Return the result in a json format: [{""entity"":""entity_name""}]. <<<Patient information: a 9-month-old boy presented to the emergency room with a 3-day history of refusal to bear weight on the right lower extremity and febrile peaks of up to 38.5°C for 24 hours.>>> <|im_end|><|im_start|>assistant [{""entity"": ""presented""}, {""entity"": ""refusal""}, {""entity"": ""bear""}, {""entity"": ""peaks""}] <|im_end|>
<|im_start|>user Extract the entities contained in the text. Extract only entities contained in the text.
Return the result in a json format: [{""entity"":""entity_name""}]. <<Clinical examination, X-rays, and computed tomography scan revealed a posterior hip dislocation with an ipsilateral femoral head and mid-shaft fractures.>>> <|im_end|><|im_start|>assistant","[{""entity"": ""examination""}, {""entity"": ""X-rays""}, {""entity"": ""scan""}, {""entity"": ""revealed""}, {""entity"": ""dislocation""}, {""entity"": ""posterior hip dislocation""}, {""entity"": ""ipsilateral femoral head and mid-shaft fractures""}, {""entity"": ""mid-shaft fractures""}, {""entity"": ""posterior hip""}] ","[{""entity"": ""examination""}, {""entity"": ""X-rays""}, {""entity"": ""scan""}, {""entity"": ""revealed""},"
The patient was treated by closed reduction of hip dislocation using a temporarily applied external fixator followed by intramedullary nailing of the femoral shaft.,"[{'id': '1635', 'offsets': array([16, 23]), 'role': '', 'semantic_type_id': '', 'text': 'treated', 'type': 'EVENT'}
 {'id': '1650', 'offsets': array([34, 43]), 'role': '', 'semantic_type_id': '', 'text': 'reduction', 'type': 'EVENT'}
 {'id': '1665', 'offsets': array([63, 68]), 'role': '', 'semantic_type_id': '', 'text': 'using', 'type': 'EVENT'}
 {'id': '1680', 'offsets': array([135, 142]), 'role': '', 'semantic_type_id': '', 'text': 'nailing', 'type': 'EVENT'}
 {'id': '1849', 'offsets': array([47, 50]), 'role': '', 'semantic_type_id': '', 'text': 'hip', 'type': 'BODYPART'}
 {'id': '1855', 'offsets': array([146, 163]), 'role': '', 'semantic_type_id': '', 'text': 'the femoral shaft', 'type': 'BODYPART'}
 {'id': '1874', 'offsets': array([ 0, 11]), 'role': 'PATIENT', 'semantic_type_id': '', 'text': 'The patient', 'type': 'ACTOR'}]","This case report describes the condition of a 30-year-old man involved in a motor vehicle collision. Clinical examination, X-rays, and computed tomography scan revealed a posterior hip dislocation with an ipsilateral femoral head and mid-shaft fractures. The patient was treated by closed reduction of hip dislocation using a temporarily applied external fixator followed by intramedullary nailing of the femoral shaft. Achieving a closed reduction is a challenge with ipsilateral fractures but it should be favored over open reduction due to a lower risk of complications. The type of femoral head fracture, in this case, may have aided in an easier reduction.
",EN104263,"<|im_start|>user Extract the entities contained in the text. Extract only entities contained in the text.
Return the result in a json format: [{""entity"":""entity_name""}]. <<The patient was treated by closed reduction of hip dislocation using a temporarily applied external fixator followed by intramedullary nailing of the femoral shaft.>>> <|im_end|><|im_start|>assistant[{""entity"": ""treated""}, {""entity"": ""reduction""}, {""entity"": ""using""}, {""entity"": ""nailing""}, {""entity"": ""hip""}, {""entity"": ""the femoral shaft""}, {""entity"": ""The patient""}] <|im_end|>","<|im_start|>user Extract the entities contained in the text. Extract only entities contained in the text.
Return the result in a json format: [{""entity"":""entity_name""}]. <<<We present a case of a 32-year-old woman with a history of gradual enlargement of the anterior neck.>>> <|im_end|><|im_start|>assistant [{""entity"": ""present""}, {""entity"": ""history""}, {""entity"": ""enlargement""}] <|im_end|>
<|im_start|>user Extract the entities contained in the text. Extract only entities contained in the text.
Return the result in a json format: [{""entity"":""entity_name""}]. <<<Patient information: a 9-month-old boy presented to the emergency room with a 3-day history of refusal to bear weight on the right lower extremity and febrile peaks of up to 38.5°C for 24 hours.>>> <|im_end|><|im_start|>assistant [{""entity"": ""presented""}, {""entity"": ""refusal""}, {""entity"": ""bear""}, {""entity"": ""peaks""}] <|im_end|>
<|im_start|>user Extract the entities contained in the text. Extract only entities contained in the text.
Return the result in a json format: [{""entity"":""entity_name""}]. <<The patient was treated by closed reduction of hip dislocation using a temporarily applied external fixator followed by intramedullary nailing of the femoral shaft.>>> <|im_end|><|im_start|>assistant","[{""entity"": ""treated""}, {""entity"": ""reduction""}, {""entity"": ""using""}, {""entity"": ""nailing""}, {""entity"": ""hip""}, {""entity"": ""the femoral shaft""}, {""entity"": ""The patient""}] ","[{""entity"": ""treated""}, {""entity"": ""reduction""}, {""entity"": ""dislocation""}, {""entity"": ""fixator"
Achieving a closed reduction is a challenge with ipsilateral fractures but it should be favored over open reduction due to a lower risk of complications.,"[{'id': '1695', 'offsets': array([19, 28]), 'role': '', 'semantic_type_id': '', 'text': 'reduction', 'type': 'EVENT'}
 {'id': '1710', 'offsets': array([34, 43]), 'role': '', 'semantic_type_id': '', 'text': 'challenge', 'type': 'EVENT'}
 {'id': '1725', 'offsets': array([88, 95]), 'role': '', 'semantic_type_id': '', 'text': 'favored', 'type': 'EVENT'}
 {'id': '1740', 'offsets': array([106, 115]), 'role': '', 'semantic_type_id': '', 'text': 'reduction', 'type': 'EVENT'}
 {'id': '1755', 'offsets': array([139, 152]), 'role': '', 'semantic_type_id': '', 'text': 'complications', 'type': 'EVENT'}]","This case report describes the condition of a 30-year-old man involved in a motor vehicle collision. Clinical examination, X-rays, and computed tomography scan revealed a posterior hip dislocation with an ipsilateral femoral head and mid-shaft fractures. The patient was treated by closed reduction of hip dislocation using a temporarily applied external fixator followed by intramedullary nailing of the femoral shaft. Achieving a closed reduction is a challenge with ipsilateral fractures but it should be favored over open reduction due to a lower risk of complications. The type of femoral head fracture, in this case, may have aided in an easier reduction.
",EN104263,"<|im_start|>user Extract the entities contained in the text. Extract only entities contained in the text.
Return the result in a json format: [{""entity"":""entity_name""}]. <<Achieving a closed reduction is a challenge with ipsilateral fractures but it should be favored over open reduction due to a lower risk of complications.>>> <|im_end|><|im_start|>assistant[{""entity"": ""reduction""}, {""entity"": ""challenge""}, {""entity"": ""favored""}, {""entity"": ""reduction""}, {""entity"": ""complications""}] <|im_end|>","<|im_start|>user Extract the entities contained in the text. Extract only entities contained in the text.
Return the result in a json format: [{""entity"":""entity_name""}]. <<<We present a case of a 32-year-old woman with a history of gradual enlargement of the anterior neck.>>> <|im_end|><|im_start|>assistant [{""entity"": ""present""}, {""entity"": ""history""}, {""entity"": ""enlargement""}] <|im_end|>
<|im_start|>user Extract the entities contained in the text. Extract only entities contained in the text.
Return the result in a json format: [{""entity"":""entity_name""}]. <<<Patient information: a 9-month-old boy presented to the emergency room with a 3-day history of refusal to bear weight on the right lower extremity and febrile peaks of up to 38.5°C for 24 hours.>>> <|im_end|><|im_start|>assistant [{""entity"": ""presented""}, {""entity"": ""refusal""}, {""entity"": ""bear""}, {""entity"": ""peaks""}] <|im_end|>
<|im_start|>user Extract the entities contained in the text. Extract only entities contained in the text.
Return the result in a json format: [{""entity"":""entity_name""}]. <<Achieving a closed reduction is a challenge with ipsilateral fractures but it should be favored over open reduction due to a lower risk of complications.>>> <|im_end|><|im_start|>assistant","[{""entity"": ""reduction""}, {""entity"": ""challenge""}, {""entity"": ""favored""}, {""entity"": ""reduction""}, {""entity"": ""complications""}] ","[{""entity"": ""reduction""}, {""entity"": ""fractures""}, {""entity"": ""reduction""}, {""entity"": ""comp"
"The type of femoral head fracture, in this case, may have aided in an easier reduction.","[{'id': '1770', 'offsets': array([25, 33]), 'role': '', 'semantic_type_id': '', 'text': 'fracture', 'type': 'EVENT'}
 {'id': '1785', 'offsets': array([58, 63]), 'role': '', 'semantic_type_id': '', 'text': 'aided', 'type': 'EVENT'}
 {'id': '1800', 'offsets': array([77, 86]), 'role': '', 'semantic_type_id': '', 'text': 'reduction', 'type': 'EVENT'}
 {'id': '1836', 'offsets': array([12, 33]), 'role': '', 'semantic_type_id': '', 'text': 'femoral head fracture', 'type': 'CLINENTITY'}
 {'id': '1861', 'offsets': array([12, 24]), 'role': '', 'semantic_type_id': '', 'text': 'femoral head', 'type': 'BODYPART'}]","This case report describes the condition of a 30-year-old man involved in a motor vehicle collision. Clinical examination, X-rays, and computed tomography scan revealed a posterior hip dislocation with an ipsilateral femoral head and mid-shaft fractures. The patient was treated by closed reduction of hip dislocation using a temporarily applied external fixator followed by intramedullary nailing of the femoral shaft. Achieving a closed reduction is a challenge with ipsilateral fractures but it should be favored over open reduction due to a lower risk of complications. The type of femoral head fracture, in this case, may have aided in an easier reduction.
",EN104263,"<|im_start|>user Extract the entities contained in the text. Extract only entities contained in the text.
Return the result in a json format: [{""entity"":""entity_name""}]. <<The type of femoral head fracture, in this case, may have aided in an easier reduction.>>> <|im_end|><|im_start|>assistant[{""entity"": ""fracture""}, {""entity"": ""aided""}, {""entity"": ""reduction""}, {""entity"": ""femoral head fracture""}, {""entity"": ""femoral head""}] <|im_end|>","<|im_start|>user Extract the entities contained in the text. Extract only entities contained in the text.
Return the result in a json format: [{""entity"":""entity_name""}]. <<<We present a case of a 32-year-old woman with a history of gradual enlargement of the anterior neck.>>> <|im_end|><|im_start|>assistant [{""entity"": ""present""}, {""entity"": ""history""}, {""entity"": ""enlargement""}] <|im_end|>
<|im_start|>user Extract the entities contained in the text. Extract only entities contained in the text.
Return the result in a json format: [{""entity"":""entity_name""}]. <<<Patient information: a 9-month-old boy presented to the emergency room with a 3-day history of refusal to bear weight on the right lower extremity and febrile peaks of up to 38.5°C for 24 hours.>>> <|im_end|><|im_start|>assistant [{""entity"": ""presented""}, {""entity"": ""refusal""}, {""entity"": ""bear""}, {""entity"": ""peaks""}] <|im_end|>
<|im_start|>user Extract the entities contained in the text. Extract only entities contained in the text.
Return the result in a json format: [{""entity"":""entity_name""}]. <<The type of femoral head fracture, in this case, may have aided in an easier reduction.>>> <|im_end|><|im_start|>assistant","[{""entity"": ""fracture""}, {""entity"": ""aided""}, {""entity"": ""reduction""}, {""entity"": ""femoral head fracture""}, {""entity"": ""femoral head""}] ","[{""entity"": ""fracture""}, {""entity"": ""aided""}, {""entity"": ""reduction""}, {""entity"": ""f"
We present here a case of Macrophage activation syndrome associated with Griscelli syndrome type 2 in a 3-years-old male born of consanguineous parentage.,"[{'id': '9328', 'offsets': array([ 3, 10]), 'role': '', 'semantic_type_id': '', 'text': 'present', 'type': 'EVENT'}
 {'id': '9343', 'offsets': array([48, 56]), 'role': '', 'semantic_type_id': '', 'text': 'syndrome', 'type': 'EVENT'}
 {'id': '10753', 'offsets': array([26, 56]), 'role': '', 'semantic_type_id': 'C1096155', 'text': 'Macrophage activation syndrome', 'type': 'CLINENTITY'}
 {'id': '10760', 'offsets': array([73, 98]), 'role': '', 'semantic_type_id': 'C1868679', 'text': 'Griscelli syndrome type 2', 'type': 'CLINENTITY'}
 {'id': '11013', 'offsets': array([0, 2]), 'role': 'PATIENT', 'semantic_type_id': '', 'text': 'We', 'type': 'ACTOR'}
 {'id': '11020', 'offsets': array([102, 120]), 'role': 'PATIENT', 'semantic_type_id': '', 'text': 'a 3-years-old male', 'type': 'ACTOR'}]","We present here a case of Macrophage activation syndrome associated with Griscelli syndrome type 2 in a 3-years-old male born of consanguineous parentage. His birth histories, his familie social history and developmental milestones were unremarkable. He was born at full term with no antenatal or perinatal complications, He was on exclusively breast-fed, food diversification was started at 6 months old, his weight, length and psychomotor development were within the normal range, the child was described as a good eater, was on a normal diet and was thriving appropriately. Furthermore the boy presented a progressive abdominal distension since birth, progressive pallor and recurrent episodes of fever since 1 year of age. There was history of blood transfusions for last 2 months. On the other side there was no history of jaundice, vomiting, urinary or bowel complaints, bleeding from any site or neurological complaints. On admission, he was very pale with silvery gray scalp hair, white eyelashes, he was hypotonic, tachycardic, fever of 40°C, lymphoadenopathy and hepato-splenomegaly. The blood count showed pancytopenia; 1980 white blood cells/µL (VN 4000-13 500/µL), neutrophils 820/µL, 910 cells/µL, hemoglobin (Hb) 6.3 g/dL (11.5-14 VN, 5 g/dL), platelets 44 000/µL (VN 150 000-400 000/µL), There were no giant cytoplasmic granules in leucocytes. The liver function tests were normal expect low albumin (2.1 mg/dL) and increased alkaline phosphatase (1196 mg/dL) with low fibrinogen (1.7g/l). Serum triglycerides, ferrintin and lactic dehydrogenase were very high; respectively 4.75g/L; 2763µg/L and 597U/L. the C reactive protein (CRP) was elevated at 83mg/l. A chest X-ray was normal while the abdominal ultrasound showed a hepatomegaly and a splenomegaly, free biliary ducts without ascites. Because of hepato-splenomegaly, pancytopenia, hyperferritinemia and hypofibrinogenemia the diagnosis of Macrophage activation syndrome was evoked indicating a bone marrow aspiration that showed numerous morphologically benign macrophages with haemophagocytic activity that comforting the diagnosis of a SAM according to Ravelli and HLH-2004 criteria. Blood culture, urine examination, malarial serology, Kala Azar serology, viral serologies such as EBV, hepatitis A, B, C and human immunodeficiency virus HIV, serologies of rickettsia, syphilis and toxoplasmosa were negatives. Serologies of CMV and rubella showed an old immunization. The immunological tests such as antinuclear antibodies (ANA), anti-LKM1, anti-mitochondria and anti-smooth muscle antibodies were negatives. Because of the consanguineous family, notion of recurrent infection and the presence of silvery-gray color of the hair and eyebrows, diagnosis of Griscelli Syndrome was evoked directing a light microscopy examination of the hair that showed a large, irregular clumps of pigments characteristic of Griscelli Syndrome. The molecular biology showed mutation in RAB27A gene confirming the diagnosis of a Griscelli syndrome type 2. The first-line therapy in management of Macrophage activation syndrome complicating Griscelli syndrome type 2 was based on the parenteral administration of high doses of corticosteroids (methylprednisolone pulses 1g/0.73m 2 /day for 3 days then 60mg/m 2) with poor response; persisting with involvement of the 3 cell lines in the blood count, elevated ferritin and triglycerides. Given the lack of response to steroids, Etoposide was started for 3 days associated with cyclophosphamide, the evolution was good with improvement of count blood cells, ferritin was lessening while the bone marrow showed decreased numerous of macrophages with low haemophagocytic activity. On the other side the infectious process was good managed by perfusion of Antibiotics such as Ceftazidim in combination with aminoside. The patient was sent home with prednisone and cyclosporine, He was placed on the list of bone marrow transplantation (BMT).
",EN100372,"<|im_start|>user Extract the entities contained in the text. Extract only entities contained in the text.
Return the result in a json format: [{""entity"":""entity_name""}]. <<We present here a case of Macrophage activation syndrome associated with Griscelli syndrome type 2 in a 3-years-old male born of consanguineous parentage.>>> <|im_end|><|im_start|>assistant[{""entity"": ""present""}, {""entity"": ""syndrome""}, {""entity"": ""Macrophage activation syndrome""}, {""entity"": ""Griscelli syndrome type 2""}, {""entity"": ""We""}, {""entity"": ""a 3-years-old male""}] <|im_end|>","<|im_start|>user Extract the entities contained in the text. Extract only entities contained in the text.
Return the result in a json format: [{""entity"":""entity_name""}]. <<<We present a case of a 32-year-old woman with a history of gradual enlargement of the anterior neck.>>> <|im_end|><|im_start|>assistant [{""entity"": ""present""}, {""entity"": ""history""}, {""entity"": ""enlargement""}] <|im_end|>
<|im_start|>user Extract the entities contained in the text. Extract only entities contained in the text.
Return the result in a json format: [{""entity"":""entity_name""}]. <<<Patient information: a 9-month-old boy presented to the emergency room with a 3-day history of refusal to bear weight on the right lower extremity and febrile peaks of up to 38.5°C for 24 hours.>>> <|im_end|><|im_start|>assistant [{""entity"": ""presented""}, {""entity"": ""refusal""}, {""entity"": ""bear""}, {""entity"": ""peaks""}] <|im_end|>
<|im_start|>user Extract the entities contained in the text. Extract only entities contained in the text.
Return the result in a json format: [{""entity"":""entity_name""}]. <<We present here a case of Macrophage activation syndrome associated with Griscelli syndrome type 2 in a 3-years-old male born of consanguineous parentage.>>> <|im_end|><|im_start|>assistant","[{""entity"": ""present""}, {""entity"": ""syndrome""}, {""entity"": ""Macrophage activation syndrome""}, {""entity"": ""Griscelli syndrome type 2""}, {""entity"": ""We""}, {""entity"": ""a 3-years-old male""}] ","[{""entity"": ""syndrome""}, {""entity"": ""Macrophage activation syndrome""}, {""entity"": ""Griscelli syndrome type"
"He was born at full term with no antenatal or perinatal complications, He was on exclusively breast-fed, food diversification was started at 6 months old, his weight, length and psychomotor development were within the normal range, the child was described as a good eater, was on a normal diet and was thriving appropriately.","[{'id': '9358', 'offsets': array([ 7, 11]), 'role': '', 'semantic_type_id': '', 'text': 'born', 'type': 'EVENT'}
 {'id': '9373', 'offsets': array([56, 69]), 'role': '', 'semantic_type_id': '', 'text': 'complications', 'type': 'EVENT'}
 {'id': '9388', 'offsets': array([ 93, 103]), 'role': '', 'semantic_type_id': '', 'text': 'breast-fed', 'type': 'EVENT'}
 {'id': '9403', 'offsets': array([110, 125]), 'role': '', 'semantic_type_id': '', 'text': 'diversification', 'type': 'EVENT'}
 {'id': '9418', 'offsets': array([130, 137]), 'role': '', 'semantic_type_id': '', 'text': 'started', 'type': 'EVENT'}
 {'id': '9433', 'offsets': array([190, 201]), 'role': '', 'semantic_type_id': '', 'text': 'development', 'type': 'EVENT'}
 {'id': '9448', 'offsets': array([225, 230]), 'role': '', 'semantic_type_id': '', 'text': 'range', 'type': 'EVENT'}
 {'id': '10767', 'offsets': array([46, 69]), 'role': '', 'semantic_type_id': 'C4060932', 'text': 'perinatal complications', 'type': 'CLINENTITY'}
 {'id': '11027', 'offsets': array([0, 2]), 'role': 'PATIENT', 'semantic_type_id': '', 'text': 'He', 'type': 'ACTOR'}
 {'id': '11034', 'offsets': array([71, 73]), 'role': 'PATIENT', 'semantic_type_id': '', 'text': 'He', 'type': 'ACTOR'}
 {'id': '11041', 'offsets': array([232, 241]), 'role': 'PATIENT', 'semantic_type_id': '', 'text': 'the child', 'type': 'ACTOR'}
 {'id': '11168', 'offsets': array([141, 153]), 'role': '', 'semantic_type_id': '', 'text': '6 months old', 'type': 'TIMEX3'}]","We present here a case of Macrophage activation syndrome associated with Griscelli syndrome type 2 in a 3-years-old male born of consanguineous parentage. His birth histories, his familie social history and developmental milestones were unremarkable. He was born at full term with no antenatal or perinatal complications, He was on exclusively breast-fed, food diversification was started at 6 months old, his weight, length and psychomotor development were within the normal range, the child was described as a good eater, was on a normal diet and was thriving appropriately. Furthermore the boy presented a progressive abdominal distension since birth, progressive pallor and recurrent episodes of fever since 1 year of age. There was history of blood transfusions for last 2 months. On the other side there was no history of jaundice, vomiting, urinary or bowel complaints, bleeding from any site or neurological complaints. On admission, he was very pale with silvery gray scalp hair, white eyelashes, he was hypotonic, tachycardic, fever of 40°C, lymphoadenopathy and hepato-splenomegaly. The blood count showed pancytopenia; 1980 white blood cells/µL (VN 4000-13 500/µL), neutrophils 820/µL, 910 cells/µL, hemoglobin (Hb) 6.3 g/dL (11.5-14 VN, 5 g/dL), platelets 44 000/µL (VN 150 000-400 000/µL), There were no giant cytoplasmic granules in leucocytes. The liver function tests were normal expect low albumin (2.1 mg/dL) and increased alkaline phosphatase (1196 mg/dL) with low fibrinogen (1.7g/l). Serum triglycerides, ferrintin and lactic dehydrogenase were very high; respectively 4.75g/L; 2763µg/L and 597U/L. the C reactive protein (CRP) was elevated at 83mg/l. A chest X-ray was normal while the abdominal ultrasound showed a hepatomegaly and a splenomegaly, free biliary ducts without ascites. Because of hepato-splenomegaly, pancytopenia, hyperferritinemia and hypofibrinogenemia the diagnosis of Macrophage activation syndrome was evoked indicating a bone marrow aspiration that showed numerous morphologically benign macrophages with haemophagocytic activity that comforting the diagnosis of a SAM according to Ravelli and HLH-2004 criteria. Blood culture, urine examination, malarial serology, Kala Azar serology, viral serologies such as EBV, hepatitis A, B, C and human immunodeficiency virus HIV, serologies of rickettsia, syphilis and toxoplasmosa were negatives. Serologies of CMV and rubella showed an old immunization. The immunological tests such as antinuclear antibodies (ANA), anti-LKM1, anti-mitochondria and anti-smooth muscle antibodies were negatives. Because of the consanguineous family, notion of recurrent infection and the presence of silvery-gray color of the hair and eyebrows, diagnosis of Griscelli Syndrome was evoked directing a light microscopy examination of the hair that showed a large, irregular clumps of pigments characteristic of Griscelli Syndrome. The molecular biology showed mutation in RAB27A gene confirming the diagnosis of a Griscelli syndrome type 2. The first-line therapy in management of Macrophage activation syndrome complicating Griscelli syndrome type 2 was based on the parenteral administration of high doses of corticosteroids (methylprednisolone pulses 1g/0.73m 2 /day for 3 days then 60mg/m 2) with poor response; persisting with involvement of the 3 cell lines in the blood count, elevated ferritin and triglycerides. Given the lack of response to steroids, Etoposide was started for 3 days associated with cyclophosphamide, the evolution was good with improvement of count blood cells, ferritin was lessening while the bone marrow showed decreased numerous of macrophages with low haemophagocytic activity. On the other side the infectious process was good managed by perfusion of Antibiotics such as Ceftazidim in combination with aminoside. The patient was sent home with prednisone and cyclosporine, He was placed on the list of bone marrow transplantation (BMT).
",EN100372,"<|im_start|>user Extract the entities contained in the text. Extract only entities contained in the text.
Return the result in a json format: [{""entity"":""entity_name""}]. <<He was born at full term with no antenatal or perinatal complications, He was on exclusively breast-fed, food diversification was started at 6 months old, his weight, length and psychomotor development were within the normal range, the child was described as a good eater, was on a normal diet and was thriving appropriately.>>> <|im_end|><|im_start|>assistant[{""entity"": ""born""}, {""entity"": ""complications""}, {""entity"": ""breast-fed""}, {""entity"": ""diversification""}, {""entity"": ""started""}, {""entity"": ""development""}, {""entity"": ""range""}, {""entity"": ""perinatal complications""}, {""entity"": ""He""}, {""entity"": ""He""}, {""entity"": ""the child""}, {""entity"": ""6 months old""}] <|im_end|>","<|im_start|>user Extract the entities contained in the text. Extract only entities contained in the text.
Return the result in a json format: [{""entity"":""entity_name""}]. <<<We present a case of a 32-year-old woman with a history of gradual enlargement of the anterior neck.>>> <|im_end|><|im_start|>assistant [{""entity"": ""present""}, {""entity"": ""history""}, {""entity"": ""enlargement""}] <|im_end|>
<|im_start|>user Extract the entities contained in the text. Extract only entities contained in the text.
Return the result in a json format: [{""entity"":""entity_name""}]. <<<Patient information: a 9-month-old boy presented to the emergency room with a 3-day history of refusal to bear weight on the right lower extremity and febrile peaks of up to 38.5°C for 24 hours.>>> <|im_end|><|im_start|>assistant [{""entity"": ""presented""}, {""entity"": ""refusal""}, {""entity"": ""bear""}, {""entity"": ""peaks""}] <|im_end|>
<|im_start|>user Extract the entities contained in the text. Extract only entities contained in the text.
Return the result in a json format: [{""entity"":""entity_name""}]. <<He was born at full term with no antenatal or perinatal complications, He was on exclusively breast-fed, food diversification was started at 6 months old, his weight, length and psychomotor development were within the normal range, the child was described as a good eater, was on a normal diet and was thriving appropriately.>>> <|im_end|><|im_start|>assistant","[{""entity"": ""born""}, {""entity"": ""complications""}, {""entity"": ""breast-fed""}, {""entity"": ""diversification""}, {""entity"": ""started""}, {""entity"": ""development""}, {""entity"": ""range""}, {""entity"": ""perinatal complications""}, {""entity"": ""He""}, {""entity"": ""He""}, {""entity"": ""the child""}, {""entity"": ""6 months old""}] ","[{""entity"": ""born""}, {""entity"": ""complications""}, {""entity"": ""fed""}, {""entity"": ""diversification""},"
There was history of blood transfusions for last 2 months.,"[{'id': '9538', 'offsets': array([27, 39]), 'role': '', 'semantic_type_id': '', 'text': 'transfusions', 'type': 'EVENT'}
 {'id': '11186', 'offsets': array([44, 57]), 'role': '', 'semantic_type_id': '', 'text': 'last 2 months', 'type': 'TIMEX3'}]","We present here a case of Macrophage activation syndrome associated with Griscelli syndrome type 2 in a 3-years-old male born of consanguineous parentage. His birth histories, his familie social history and developmental milestones were unremarkable. He was born at full term with no antenatal or perinatal complications, He was on exclusively breast-fed, food diversification was started at 6 months old, his weight, length and psychomotor development were within the normal range, the child was described as a good eater, was on a normal diet and was thriving appropriately. Furthermore the boy presented a progressive abdominal distension since birth, progressive pallor and recurrent episodes of fever since 1 year of age. There was history of blood transfusions for last 2 months. On the other side there was no history of jaundice, vomiting, urinary or bowel complaints, bleeding from any site or neurological complaints. On admission, he was very pale with silvery gray scalp hair, white eyelashes, he was hypotonic, tachycardic, fever of 40°C, lymphoadenopathy and hepato-splenomegaly. The blood count showed pancytopenia; 1980 white blood cells/µL (VN 4000-13 500/µL), neutrophils 820/µL, 910 cells/µL, hemoglobin (Hb) 6.3 g/dL (11.5-14 VN, 5 g/dL), platelets 44 000/µL (VN 150 000-400 000/µL), There were no giant cytoplasmic granules in leucocytes. The liver function tests were normal expect low albumin (2.1 mg/dL) and increased alkaline phosphatase (1196 mg/dL) with low fibrinogen (1.7g/l). Serum triglycerides, ferrintin and lactic dehydrogenase were very high; respectively 4.75g/L; 2763µg/L and 597U/L. the C reactive protein (CRP) was elevated at 83mg/l. A chest X-ray was normal while the abdominal ultrasound showed a hepatomegaly and a splenomegaly, free biliary ducts without ascites. Because of hepato-splenomegaly, pancytopenia, hyperferritinemia and hypofibrinogenemia the diagnosis of Macrophage activation syndrome was evoked indicating a bone marrow aspiration that showed numerous morphologically benign macrophages with haemophagocytic activity that comforting the diagnosis of a SAM according to Ravelli and HLH-2004 criteria. Blood culture, urine examination, malarial serology, Kala Azar serology, viral serologies such as EBV, hepatitis A, B, C and human immunodeficiency virus HIV, serologies of rickettsia, syphilis and toxoplasmosa were negatives. Serologies of CMV and rubella showed an old immunization. The immunological tests such as antinuclear antibodies (ANA), anti-LKM1, anti-mitochondria and anti-smooth muscle antibodies were negatives. Because of the consanguineous family, notion of recurrent infection and the presence of silvery-gray color of the hair and eyebrows, diagnosis of Griscelli Syndrome was evoked directing a light microscopy examination of the hair that showed a large, irregular clumps of pigments characteristic of Griscelli Syndrome. The molecular biology showed mutation in RAB27A gene confirming the diagnosis of a Griscelli syndrome type 2. The first-line therapy in management of Macrophage activation syndrome complicating Griscelli syndrome type 2 was based on the parenteral administration of high doses of corticosteroids (methylprednisolone pulses 1g/0.73m 2 /day for 3 days then 60mg/m 2) with poor response; persisting with involvement of the 3 cell lines in the blood count, elevated ferritin and triglycerides. Given the lack of response to steroids, Etoposide was started for 3 days associated with cyclophosphamide, the evolution was good with improvement of count blood cells, ferritin was lessening while the bone marrow showed decreased numerous of macrophages with low haemophagocytic activity. On the other side the infectious process was good managed by perfusion of Antibiotics such as Ceftazidim in combination with aminoside. The patient was sent home with prednisone and cyclosporine, He was placed on the list of bone marrow transplantation (BMT).
",EN100372,"<|im_start|>user Extract the entities contained in the text. Extract only entities contained in the text.
Return the result in a json format: [{""entity"":""entity_name""}]. <<There was history of blood transfusions for last 2 months.>>> <|im_end|><|im_start|>assistant[{""entity"": ""transfusions""}, {""entity"": ""last 2 months""}] <|im_end|>","<|im_start|>user Extract the entities contained in the text. Extract only entities contained in the text.
Return the result in a json format: [{""entity"":""entity_name""}]. <<<We present a case of a 32-year-old woman with a history of gradual enlargement of the anterior neck.>>> <|im_end|><|im_start|>assistant [{""entity"": ""present""}, {""entity"": ""history""}, {""entity"": ""enlargement""}] <|im_end|>
<|im_start|>user Extract the entities contained in the text. Extract only entities contained in the text.
Return the result in a json format: [{""entity"":""entity_name""}]. <<<Patient information: a 9-month-old boy presented to the emergency room with a 3-day history of refusal to bear weight on the right lower extremity and febrile peaks of up to 38.5°C for 24 hours.>>> <|im_end|><|im_start|>assistant [{""entity"": ""presented""}, {""entity"": ""refusal""}, {""entity"": ""bear""}, {""entity"": ""peaks""}] <|im_end|>
<|im_start|>user Extract the entities contained in the text. Extract only entities contained in the text.
Return the result in a json format: [{""entity"":""entity_name""}]. <<There was history of blood transfusions for last 2 months.>>> <|im_end|><|im_start|>assistant","[{""entity"": ""transfusions""}, {""entity"": ""last 2 months""}] ","[{""entity"": ""transfusions""}, {""entity"": ""the last 2 months""}] <|im_end|><|im_end|><|im_end|><|im_end|><|im_end|><|im_end|><|im_end|>"
"On the other side there was no history of jaundice, vomiting, urinary or bowel complaints, bleeding from any site or neurological complaints.","[{'id': '9553', 'offsets': array([31, 38]), 'role': '', 'semantic_type_id': '', 'text': 'history', 'type': 'EVENT'}
 {'id': '9568', 'offsets': array([42, 50]), 'role': '', 'semantic_type_id': '', 'text': 'jaundice', 'type': 'EVENT'}
 {'id': '9583', 'offsets': array([52, 60]), 'role': '', 'semantic_type_id': '', 'text': 'vomiting', 'type': 'EVENT'}
 {'id': '9598', 'offsets': array([79, 89]), 'role': '', 'semantic_type_id': '', 'text': 'complaints', 'type': 'EVENT'}
 {'id': '9613', 'offsets': array([91, 99]), 'role': '', 'semantic_type_id': '', 'text': 'bleeding', 'type': 'EVENT'}
 {'id': '9628', 'offsets': array([130, 140]), 'role': '', 'semantic_type_id': '', 'text': 'complaints', 'type': 'EVENT'}
 {'id': '10788', 'offsets': array([42, 50]), 'role': '', 'semantic_type_id': 'C0022346', 'text': 'jaundice', 'type': 'CLINENTITY'}
 {'id': '10795', 'offsets': array([52, 60]), 'role': '', 'semantic_type_id': 'C0042963', 'text': 'vomiting', 'type': 'CLINENTITY'}
 {'id': '10802', 'offsets': array([73, 89]), 'role': '', 'semantic_type_id': 'C1401147', 'text': 'bowel complaints', 'type': 'CLINENTITY'}]","We present here a case of Macrophage activation syndrome associated with Griscelli syndrome type 2 in a 3-years-old male born of consanguineous parentage. His birth histories, his familie social history and developmental milestones were unremarkable. He was born at full term with no antenatal or perinatal complications, He was on exclusively breast-fed, food diversification was started at 6 months old, his weight, length and psychomotor development were within the normal range, the child was described as a good eater, was on a normal diet and was thriving appropriately. Furthermore the boy presented a progressive abdominal distension since birth, progressive pallor and recurrent episodes of fever since 1 year of age. There was history of blood transfusions for last 2 months. On the other side there was no history of jaundice, vomiting, urinary or bowel complaints, bleeding from any site or neurological complaints. On admission, he was very pale with silvery gray scalp hair, white eyelashes, he was hypotonic, tachycardic, fever of 40°C, lymphoadenopathy and hepato-splenomegaly. The blood count showed pancytopenia; 1980 white blood cells/µL (VN 4000-13 500/µL), neutrophils 820/µL, 910 cells/µL, hemoglobin (Hb) 6.3 g/dL (11.5-14 VN, 5 g/dL), platelets 44 000/µL (VN 150 000-400 000/µL), There were no giant cytoplasmic granules in leucocytes. The liver function tests were normal expect low albumin (2.1 mg/dL) and increased alkaline phosphatase (1196 mg/dL) with low fibrinogen (1.7g/l). Serum triglycerides, ferrintin and lactic dehydrogenase were very high; respectively 4.75g/L; 2763µg/L and 597U/L. the C reactive protein (CRP) was elevated at 83mg/l. A chest X-ray was normal while the abdominal ultrasound showed a hepatomegaly and a splenomegaly, free biliary ducts without ascites. Because of hepato-splenomegaly, pancytopenia, hyperferritinemia and hypofibrinogenemia the diagnosis of Macrophage activation syndrome was evoked indicating a bone marrow aspiration that showed numerous morphologically benign macrophages with haemophagocytic activity that comforting the diagnosis of a SAM according to Ravelli and HLH-2004 criteria. Blood culture, urine examination, malarial serology, Kala Azar serology, viral serologies such as EBV, hepatitis A, B, C and human immunodeficiency virus HIV, serologies of rickettsia, syphilis and toxoplasmosa were negatives. Serologies of CMV and rubella showed an old immunization. The immunological tests such as antinuclear antibodies (ANA), anti-LKM1, anti-mitochondria and anti-smooth muscle antibodies were negatives. Because of the consanguineous family, notion of recurrent infection and the presence of silvery-gray color of the hair and eyebrows, diagnosis of Griscelli Syndrome was evoked directing a light microscopy examination of the hair that showed a large, irregular clumps of pigments characteristic of Griscelli Syndrome. The molecular biology showed mutation in RAB27A gene confirming the diagnosis of a Griscelli syndrome type 2. The first-line therapy in management of Macrophage activation syndrome complicating Griscelli syndrome type 2 was based on the parenteral administration of high doses of corticosteroids (methylprednisolone pulses 1g/0.73m 2 /day for 3 days then 60mg/m 2) with poor response; persisting with involvement of the 3 cell lines in the blood count, elevated ferritin and triglycerides. Given the lack of response to steroids, Etoposide was started for 3 days associated with cyclophosphamide, the evolution was good with improvement of count blood cells, ferritin was lessening while the bone marrow showed decreased numerous of macrophages with low haemophagocytic activity. On the other side the infectious process was good managed by perfusion of Antibiotics such as Ceftazidim in combination with aminoside. The patient was sent home with prednisone and cyclosporine, He was placed on the list of bone marrow transplantation (BMT).
",EN100372,"<|im_start|>user Extract the entities contained in the text. Extract only entities contained in the text.
Return the result in a json format: [{""entity"":""entity_name""}]. <<On the other side there was no history of jaundice, vomiting, urinary or bowel complaints, bleeding from any site or neurological complaints.>>> <|im_end|><|im_start|>assistant[{""entity"": ""history""}, {""entity"": ""jaundice""}, {""entity"": ""vomiting""}, {""entity"": ""complaints""}, {""entity"": ""bleeding""}, {""entity"": ""complaints""}, {""entity"": ""jaundice""}, {""entity"": ""vomiting""}, {""entity"": ""bowel complaints""}] <|im_end|>","<|im_start|>user Extract the entities contained in the text. Extract only entities contained in the text.
Return the result in a json format: [{""entity"":""entity_name""}]. <<<We present a case of a 32-year-old woman with a history of gradual enlargement of the anterior neck.>>> <|im_end|><|im_start|>assistant [{""entity"": ""present""}, {""entity"": ""history""}, {""entity"": ""enlargement""}] <|im_end|>
<|im_start|>user Extract the entities contained in the text. Extract only entities contained in the text.
Return the result in a json format: [{""entity"":""entity_name""}]. <<<Patient information: a 9-month-old boy presented to the emergency room with a 3-day history of refusal to bear weight on the right lower extremity and febrile peaks of up to 38.5°C for 24 hours.>>> <|im_end|><|im_start|>assistant [{""entity"": ""presented""}, {""entity"": ""refusal""}, {""entity"": ""bear""}, {""entity"": ""peaks""}] <|im_end|>
<|im_start|>user Extract the entities contained in the text. Extract only entities contained in the text.
Return the result in a json format: [{""entity"":""entity_name""}]. <<On the other side there was no history of jaundice, vomiting, urinary or bowel complaints, bleeding from any site or neurological complaints.>>> <|im_end|><|im_start|>assistant","[{""entity"": ""history""}, {""entity"": ""jaundice""}, {""entity"": ""vomiting""}, {""entity"": ""complaints""}, {""entity"": ""bleeding""}, {""entity"": ""complaints""}, {""entity"": ""jaundice""}, {""entity"": ""vomiting""}, {""entity"": ""bowel complaints""}] ","[{""entity"": ""jaundice""}, {""entity"": ""vomiting""}, {""entity"": ""complaints""}, {""entity"":"
"On admission, he was very pale with silvery gray scalp hair, white eyelashes, he was hypotonic, tachycardic, fever of 40°C, lymphoadenopathy and hepato-splenomegaly.","[{'id': '9643', 'offsets': array([ 3, 12]), 'role': '', 'semantic_type_id': '', 'text': 'admission', 'type': 'EVENT'}
 {'id': '9658', 'offsets': array([26, 30]), 'role': '', 'semantic_type_id': '', 'text': 'pale', 'type': 'EVENT'}
 {'id': '9673', 'offsets': array([85, 94]), 'role': '', 'semantic_type_id': '', 'text': 'hypotonic', 'type': 'EVENT'}
 {'id': '9688', 'offsets': array([ 96, 107]), 'role': '', 'semantic_type_id': '', 'text': 'tachycardic', 'type': 'EVENT'}
 {'id': '9703', 'offsets': array([109, 114]), 'role': '', 'semantic_type_id': '', 'text': 'fever', 'type': 'EVENT'}
 {'id': '9718', 'offsets': array([124, 140]), 'role': '', 'semantic_type_id': '', 'text': 'lymphoadenopathy', 'type': 'EVENT'}
 {'id': '9733', 'offsets': array([145, 164]), 'role': '', 'semantic_type_id': '', 'text': 'hepato-splenomegaly', 'type': 'EVENT'}
 {'id': '10809', 'offsets': array([85, 94]), 'role': '', 'semantic_type_id': 'C0241938', 'text': 'hypotonic', 'type': 'CLINENTITY'}
 {'id': '10816', 'offsets': array([ 96, 107]), 'role': '', 'semantic_type_id': 'C0039231', 'text': 'tachycardic', 'type': 'CLINENTITY'}
 {'id': '10823', 'offsets': array([109, 114]), 'role': '', 'semantic_type_id': 'C0015967', 'text': 'fever', 'type': 'CLINENTITY'}
 {'id': '10830', 'offsets': array([124, 140]), 'role': '', 'semantic_type_id': 'C1334458', 'text': 'lymphoadenopathy', 'type': 'CLINENTITY'}
 {'id': '10837', 'offsets': array([145, 164]), 'role': '', 'semantic_type_id': 'C0019214', 'text': 'hepato-splenomegaly', 'type': 'CLINENTITY'}
 {'id': '11055', 'offsets': array([14, 16]), 'role': 'PATIENT', 'semantic_type_id': '', 'text': 'he', 'type': 'ACTOR'}
 {'id': '11062', 'offsets': array([78, 80]), 'role': 'PATIENT', 'semantic_type_id': '', 'text': 'he', 'type': 'ACTOR'}
 {'id': '11090', 'offsets': array([118, 122]), 'role': '', 'semantic_type_id': '', 'text': '40°C', 'type': 'RML'}]","We present here a case of Macrophage activation syndrome associated with Griscelli syndrome type 2 in a 3-years-old male born of consanguineous parentage. His birth histories, his familie social history and developmental milestones were unremarkable. He was born at full term with no antenatal or perinatal complications, He was on exclusively breast-fed, food diversification was started at 6 months old, his weight, length and psychomotor development were within the normal range, the child was described as a good eater, was on a normal diet and was thriving appropriately. Furthermore the boy presented a progressive abdominal distension since birth, progressive pallor and recurrent episodes of fever since 1 year of age. There was history of blood transfusions for last 2 months. On the other side there was no history of jaundice, vomiting, urinary or bowel complaints, bleeding from any site or neurological complaints. On admission, he was very pale with silvery gray scalp hair, white eyelashes, he was hypotonic, tachycardic, fever of 40°C, lymphoadenopathy and hepato-splenomegaly. The blood count showed pancytopenia; 1980 white blood cells/µL (VN 4000-13 500/µL), neutrophils 820/µL, 910 cells/µL, hemoglobin (Hb) 6.3 g/dL (11.5-14 VN, 5 g/dL), platelets 44 000/µL (VN 150 000-400 000/µL), There were no giant cytoplasmic granules in leucocytes. The liver function tests were normal expect low albumin (2.1 mg/dL) and increased alkaline phosphatase (1196 mg/dL) with low fibrinogen (1.7g/l). Serum triglycerides, ferrintin and lactic dehydrogenase were very high; respectively 4.75g/L; 2763µg/L and 597U/L. the C reactive protein (CRP) was elevated at 83mg/l. A chest X-ray was normal while the abdominal ultrasound showed a hepatomegaly and a splenomegaly, free biliary ducts without ascites. Because of hepato-splenomegaly, pancytopenia, hyperferritinemia and hypofibrinogenemia the diagnosis of Macrophage activation syndrome was evoked indicating a bone marrow aspiration that showed numerous morphologically benign macrophages with haemophagocytic activity that comforting the diagnosis of a SAM according to Ravelli and HLH-2004 criteria. Blood culture, urine examination, malarial serology, Kala Azar serology, viral serologies such as EBV, hepatitis A, B, C and human immunodeficiency virus HIV, serologies of rickettsia, syphilis and toxoplasmosa were negatives. Serologies of CMV and rubella showed an old immunization. The immunological tests such as antinuclear antibodies (ANA), anti-LKM1, anti-mitochondria and anti-smooth muscle antibodies were negatives. Because of the consanguineous family, notion of recurrent infection and the presence of silvery-gray color of the hair and eyebrows, diagnosis of Griscelli Syndrome was evoked directing a light microscopy examination of the hair that showed a large, irregular clumps of pigments characteristic of Griscelli Syndrome. The molecular biology showed mutation in RAB27A gene confirming the diagnosis of a Griscelli syndrome type 2. The first-line therapy in management of Macrophage activation syndrome complicating Griscelli syndrome type 2 was based on the parenteral administration of high doses of corticosteroids (methylprednisolone pulses 1g/0.73m 2 /day for 3 days then 60mg/m 2) with poor response; persisting with involvement of the 3 cell lines in the blood count, elevated ferritin and triglycerides. Given the lack of response to steroids, Etoposide was started for 3 days associated with cyclophosphamide, the evolution was good with improvement of count blood cells, ferritin was lessening while the bone marrow showed decreased numerous of macrophages with low haemophagocytic activity. On the other side the infectious process was good managed by perfusion of Antibiotics such as Ceftazidim in combination with aminoside. The patient was sent home with prednisone and cyclosporine, He was placed on the list of bone marrow transplantation (BMT).
",EN100372,"<|im_start|>user Extract the entities contained in the text. Extract only entities contained in the text.
Return the result in a json format: [{""entity"":""entity_name""}]. <<On admission, he was very pale with silvery gray scalp hair, white eyelashes, he was hypotonic, tachycardic, fever of 40°C, lymphoadenopathy and hepato-splenomegaly.>>> <|im_end|><|im_start|>assistant[{""entity"": ""admission""}, {""entity"": ""pale""}, {""entity"": ""hypotonic""}, {""entity"": ""tachycardic""}, {""entity"": ""fever""}, {""entity"": ""lymphoadenopathy""}, {""entity"": ""hepato-splenomegaly""}, {""entity"": ""hypotonic""}, {""entity"": ""tachycardic""}, {""entity"": ""fever""}, {""entity"": ""lymphoadenopathy""}, {""entity"": ""hepato-splenomegaly""}, {""entity"": ""he""}, {""entity"": ""he""}, {""entity"": ""40°C""}] <|im_end|>","<|im_start|>user Extract the entities contained in the text. Extract only entities contained in the text.
Return the result in a json format: [{""entity"":""entity_name""}]. <<<We present a case of a 32-year-old woman with a history of gradual enlargement of the anterior neck.>>> <|im_end|><|im_start|>assistant [{""entity"": ""present""}, {""entity"": ""history""}, {""entity"": ""enlargement""}] <|im_end|>
<|im_start|>user Extract the entities contained in the text. Extract only entities contained in the text.
Return the result in a json format: [{""entity"":""entity_name""}]. <<<Patient information: a 9-month-old boy presented to the emergency room with a 3-day history of refusal to bear weight on the right lower extremity and febrile peaks of up to 38.5°C for 24 hours.>>> <|im_end|><|im_start|>assistant [{""entity"": ""presented""}, {""entity"": ""refusal""}, {""entity"": ""bear""}, {""entity"": ""peaks""}] <|im_end|>
<|im_start|>user Extract the entities contained in the text. Extract only entities contained in the text.
Return the result in a json format: [{""entity"":""entity_name""}]. <<On admission, he was very pale with silvery gray scalp hair, white eyelashes, he was hypotonic, tachycardic, fever of 40°C, lymphoadenopathy and hepato-splenomegaly.>>> <|im_end|><|im_start|>assistant","[{""entity"": ""admission""}, {""entity"": ""pale""}, {""entity"": ""hypotonic""}, {""entity"": ""tachycardic""}, {""entity"": ""fever""}, {""entity"": ""lymphoadenopathy""}, {""entity"": ""hepato-splenomegaly""}, {""entity"": ""hypotonic""}, {""entity"": ""tachycardic""}, {""entity"": ""fever""}, {""entity"": ""lymphoadenopathy""}, {""entity"": ""hepato-splenomegaly""}, {""entity"": ""he""}, {""entity"": ""he""}, {""entity"": ""40°C""}] ","[{""entity"": ""admission""}, {""entity"": ""pale""}, {""entity"": ""hair""}, {""entity"": ""eyelashes"
"The blood count showed pancytopenia; 1980 white blood cells/µL (VN 4000-13 500/µL), neutrophils 820/µL, 910 cells/µL, hemoglobin (Hb) 6.3 g/dL (11.5-14 VN, 5 g/dL), platelets 44 000/µL (VN 150 000-400 000/µL), There were no giant cytoplasmic granules in leucocytes.","[{'id': '9748', 'offsets': array([16, 22]), 'role': '', 'semantic_type_id': '', 'text': 'showed', 'type': 'EVENT'}
 {'id': '9763', 'offsets': array([23, 35]), 'role': '', 'semantic_type_id': '', 'text': 'pancytopenia', 'type': 'EVENT'}
 {'id': '9778', 'offsets': array([84, 95]), 'role': '', 'semantic_type_id': '', 'text': 'neutrophils', 'type': 'EVENT'}
 {'id': '9793', 'offsets': array([118, 128]), 'role': '', 'semantic_type_id': '', 'text': 'hemoglobin', 'type': 'EVENT'}
 {'id': '9808', 'offsets': array([165, 174]), 'role': '', 'semantic_type_id': '', 'text': 'platelets', 'type': 'EVENT'}
 {'id': '9823', 'offsets': array([242, 250]), 'role': '', 'semantic_type_id': '', 'text': 'granules', 'type': 'EVENT'}
 {'id': '10844', 'offsets': array([23, 35]), 'role': '', 'semantic_type_id': 'C0030312', 'text': 'pancytopenia', 'type': 'CLINENTITY'}
 {'id': '10851', 'offsets': array([230, 250]), 'role': '', 'semantic_type_id': 'C3670580', 'text': 'cytoplasmic granules', 'type': 'CLINENTITY'}
 {'id': '11096', 'offsets': array([37, 62]), 'role': '', 'semantic_type_id': '', 'text': '1980 white blood cells/µL', 'type': 'RML'}
 {'id': '11102', 'offsets': array([ 96, 102]), 'role': '', 'semantic_type_id': '', 'text': '820/µL', 'type': 'RML'}
 {'id': '11108', 'offsets': array([104, 116]), 'role': '', 'semantic_type_id': '', 'text': '910 cells/µL', 'type': 'RML'}
 {'id': '11114', 'offsets': array([134, 142]), 'role': '', 'semantic_type_id': '', 'text': '6.3 g/dL', 'type': 'RML'}
 {'id': '11120', 'offsets': array([175, 184]), 'role': '', 'semantic_type_id': '', 'text': '44 000/µL', 'type': 'RML'}]","We present here a case of Macrophage activation syndrome associated with Griscelli syndrome type 2 in a 3-years-old male born of consanguineous parentage. His birth histories, his familie social history and developmental milestones were unremarkable. He was born at full term with no antenatal or perinatal complications, He was on exclusively breast-fed, food diversification was started at 6 months old, his weight, length and psychomotor development were within the normal range, the child was described as a good eater, was on a normal diet and was thriving appropriately. Furthermore the boy presented a progressive abdominal distension since birth, progressive pallor and recurrent episodes of fever since 1 year of age. There was history of blood transfusions for last 2 months. On the other side there was no history of jaundice, vomiting, urinary or bowel complaints, bleeding from any site or neurological complaints. On admission, he was very pale with silvery gray scalp hair, white eyelashes, he was hypotonic, tachycardic, fever of 40°C, lymphoadenopathy and hepato-splenomegaly. The blood count showed pancytopenia; 1980 white blood cells/µL (VN 4000-13 500/µL), neutrophils 820/µL, 910 cells/µL, hemoglobin (Hb) 6.3 g/dL (11.5-14 VN, 5 g/dL), platelets 44 000/µL (VN 150 000-400 000/µL), There were no giant cytoplasmic granules in leucocytes. The liver function tests were normal expect low albumin (2.1 mg/dL) and increased alkaline phosphatase (1196 mg/dL) with low fibrinogen (1.7g/l). Serum triglycerides, ferrintin and lactic dehydrogenase were very high; respectively 4.75g/L; 2763µg/L and 597U/L. the C reactive protein (CRP) was elevated at 83mg/l. A chest X-ray was normal while the abdominal ultrasound showed a hepatomegaly and a splenomegaly, free biliary ducts without ascites. Because of hepato-splenomegaly, pancytopenia, hyperferritinemia and hypofibrinogenemia the diagnosis of Macrophage activation syndrome was evoked indicating a bone marrow aspiration that showed numerous morphologically benign macrophages with haemophagocytic activity that comforting the diagnosis of a SAM according to Ravelli and HLH-2004 criteria. Blood culture, urine examination, malarial serology, Kala Azar serology, viral serologies such as EBV, hepatitis A, B, C and human immunodeficiency virus HIV, serologies of rickettsia, syphilis and toxoplasmosa were negatives. Serologies of CMV and rubella showed an old immunization. The immunological tests such as antinuclear antibodies (ANA), anti-LKM1, anti-mitochondria and anti-smooth muscle antibodies were negatives. Because of the consanguineous family, notion of recurrent infection and the presence of silvery-gray color of the hair and eyebrows, diagnosis of Griscelli Syndrome was evoked directing a light microscopy examination of the hair that showed a large, irregular clumps of pigments characteristic of Griscelli Syndrome. The molecular biology showed mutation in RAB27A gene confirming the diagnosis of a Griscelli syndrome type 2. The first-line therapy in management of Macrophage activation syndrome complicating Griscelli syndrome type 2 was based on the parenteral administration of high doses of corticosteroids (methylprednisolone pulses 1g/0.73m 2 /day for 3 days then 60mg/m 2) with poor response; persisting with involvement of the 3 cell lines in the blood count, elevated ferritin and triglycerides. Given the lack of response to steroids, Etoposide was started for 3 days associated with cyclophosphamide, the evolution was good with improvement of count blood cells, ferritin was lessening while the bone marrow showed decreased numerous of macrophages with low haemophagocytic activity. On the other side the infectious process was good managed by perfusion of Antibiotics such as Ceftazidim in combination with aminoside. The patient was sent home with prednisone and cyclosporine, He was placed on the list of bone marrow transplantation (BMT).
",EN100372,"<|im_start|>user Extract the entities contained in the text. Extract only entities contained in the text.
Return the result in a json format: [{""entity"":""entity_name""}]. <<The blood count showed pancytopenia; 1980 white blood cells/µL (VN 4000-13 500/µL), neutrophils 820/µL, 910 cells/µL, hemoglobin (Hb) 6.3 g/dL (11.5-14 VN, 5 g/dL), platelets 44 000/µL (VN 150 000-400 000/µL), There were no giant cytoplasmic granules in leucocytes.>>> <|im_end|><|im_start|>assistant[{""entity"": ""showed""}, {""entity"": ""pancytopenia""}, {""entity"": ""neutrophils""}, {""entity"": ""hemoglobin""}, {""entity"": ""platelets""}, {""entity"": ""granules""}, {""entity"": ""pancytopenia""}, {""entity"": ""cytoplasmic granules""}, {""entity"": ""1980 white blood cells/µL""}, {""entity"": ""820/µL""}, {""entity"": ""910 cells/µL""}, {""entity"": ""6.3 g/dL""}, {""entity"": ""44 000/µL""}] <|im_end|>","<|im_start|>user Extract the entities contained in the text. Extract only entities contained in the text.
Return the result in a json format: [{""entity"":""entity_name""}]. <<<We present a case of a 32-year-old woman with a history of gradual enlargement of the anterior neck.>>> <|im_end|><|im_start|>assistant [{""entity"": ""present""}, {""entity"": ""history""}, {""entity"": ""enlargement""}] <|im_end|>
<|im_start|>user Extract the entities contained in the text. Extract only entities contained in the text.
Return the result in a json format: [{""entity"":""entity_name""}]. <<<Patient information: a 9-month-old boy presented to the emergency room with a 3-day history of refusal to bear weight on the right lower extremity and febrile peaks of up to 38.5°C for 24 hours.>>> <|im_end|><|im_start|>assistant [{""entity"": ""presented""}, {""entity"": ""refusal""}, {""entity"": ""bear""}, {""entity"": ""peaks""}] <|im_end|>
<|im_start|>user Extract the entities contained in the text. Extract only entities contained in the text.
Return the result in a json format: [{""entity"":""entity_name""}]. <<The blood count showed pancytopenia; 1980 white blood cells/µL (VN 4000-13 500/µL), neutrophils 820/µL, 910 cells/µL, hemoglobin (Hb) 6.3 g/dL (11.5-14 VN, 5 g/dL), platelets 44 000/µL (VN 150 000-400 000/µL), There were no giant cytoplasmic granules in leucocytes.>>> <|im_end|><|im_start|>assistant","[{""entity"": ""showed""}, {""entity"": ""pancytopenia""}, {""entity"": ""neutrophils""}, {""entity"": ""hemoglobin""}, {""entity"": ""platelets""}, {""entity"": ""granules""}, {""entity"": ""pancytopenia""}, {""entity"": ""cytoplasmic granules""}, {""entity"": ""1980 white blood cells/µL""}, {""entity"": ""820/µL""}, {""entity"": ""910 cells/µL""}, {""entity"": ""6.3 g/dL""}, {""entity"": ""44 000/µL""}] ","[{""entity"": ""count""}, {""entity"": ""showed""}, {""entity"": ""pancytopenia""}, {""entity"": """
"Serum triglycerides, ferrintin and lactic dehydrogenase were very high; respectively 4.75g/L; 2763µg/L and 597U/L. the C reactive protein (CRP) was elevated at 83mg/l.","[{'id': '9898', 'offsets': array([ 6, 19]), 'role': '', 'semantic_type_id': '', 'text': 'triglycerides', 'type': 'EVENT'}
 {'id': '9913', 'offsets': array([21, 30]), 'role': '', 'semantic_type_id': '', 'text': 'ferrintin', 'type': 'EVENT'}
 {'id': '9928', 'offsets': array([42, 55]), 'role': '', 'semantic_type_id': '', 'text': 'dehydrogenase', 'type': 'EVENT'}
 {'id': '9943', 'offsets': array([130, 137]), 'role': '', 'semantic_type_id': '', 'text': 'protein', 'type': 'EVENT'}
 {'id': '11144', 'offsets': array([85, 92]), 'role': '', 'semantic_type_id': '', 'text': '4.75g/L', 'type': 'RML'}
 {'id': '11150', 'offsets': array([ 94, 102]), 'role': '', 'semantic_type_id': '', 'text': '2763µg/L', 'type': 'RML'}
 {'id': '11156', 'offsets': array([107, 113]), 'role': '', 'semantic_type_id': '', 'text': '597U/L', 'type': 'RML'}
 {'id': '11162', 'offsets': array([160, 166]), 'role': '', 'semantic_type_id': '', 'text': '83mg/l', 'type': 'RML'}]","We present here a case of Macrophage activation syndrome associated with Griscelli syndrome type 2 in a 3-years-old male born of consanguineous parentage. His birth histories, his familie social history and developmental milestones were unremarkable. He was born at full term with no antenatal or perinatal complications, He was on exclusively breast-fed, food diversification was started at 6 months old, his weight, length and psychomotor development were within the normal range, the child was described as a good eater, was on a normal diet and was thriving appropriately. Furthermore the boy presented a progressive abdominal distension since birth, progressive pallor and recurrent episodes of fever since 1 year of age. There was history of blood transfusions for last 2 months. On the other side there was no history of jaundice, vomiting, urinary or bowel complaints, bleeding from any site or neurological complaints. On admission, he was very pale with silvery gray scalp hair, white eyelashes, he was hypotonic, tachycardic, fever of 40°C, lymphoadenopathy and hepato-splenomegaly. The blood count showed pancytopenia; 1980 white blood cells/µL (VN 4000-13 500/µL), neutrophils 820/µL, 910 cells/µL, hemoglobin (Hb) 6.3 g/dL (11.5-14 VN, 5 g/dL), platelets 44 000/µL (VN 150 000-400 000/µL), There were no giant cytoplasmic granules in leucocytes. The liver function tests were normal expect low albumin (2.1 mg/dL) and increased alkaline phosphatase (1196 mg/dL) with low fibrinogen (1.7g/l). Serum triglycerides, ferrintin and lactic dehydrogenase were very high; respectively 4.75g/L; 2763µg/L and 597U/L. the C reactive protein (CRP) was elevated at 83mg/l. A chest X-ray was normal while the abdominal ultrasound showed a hepatomegaly and a splenomegaly, free biliary ducts without ascites. Because of hepato-splenomegaly, pancytopenia, hyperferritinemia and hypofibrinogenemia the diagnosis of Macrophage activation syndrome was evoked indicating a bone marrow aspiration that showed numerous morphologically benign macrophages with haemophagocytic activity that comforting the diagnosis of a SAM according to Ravelli and HLH-2004 criteria. Blood culture, urine examination, malarial serology, Kala Azar serology, viral serologies such as EBV, hepatitis A, B, C and human immunodeficiency virus HIV, serologies of rickettsia, syphilis and toxoplasmosa were negatives. Serologies of CMV and rubella showed an old immunization. The immunological tests such as antinuclear antibodies (ANA), anti-LKM1, anti-mitochondria and anti-smooth muscle antibodies were negatives. Because of the consanguineous family, notion of recurrent infection and the presence of silvery-gray color of the hair and eyebrows, diagnosis of Griscelli Syndrome was evoked directing a light microscopy examination of the hair that showed a large, irregular clumps of pigments characteristic of Griscelli Syndrome. The molecular biology showed mutation in RAB27A gene confirming the diagnosis of a Griscelli syndrome type 2. The first-line therapy in management of Macrophage activation syndrome complicating Griscelli syndrome type 2 was based on the parenteral administration of high doses of corticosteroids (methylprednisolone pulses 1g/0.73m 2 /day for 3 days then 60mg/m 2) with poor response; persisting with involvement of the 3 cell lines in the blood count, elevated ferritin and triglycerides. Given the lack of response to steroids, Etoposide was started for 3 days associated with cyclophosphamide, the evolution was good with improvement of count blood cells, ferritin was lessening while the bone marrow showed decreased numerous of macrophages with low haemophagocytic activity. On the other side the infectious process was good managed by perfusion of Antibiotics such as Ceftazidim in combination with aminoside. The patient was sent home with prednisone and cyclosporine, He was placed on the list of bone marrow transplantation (BMT).
",EN100372,"<|im_start|>user Extract the entities contained in the text. Extract only entities contained in the text.
Return the result in a json format: [{""entity"":""entity_name""}]. <<Serum triglycerides, ferrintin and lactic dehydrogenase were very high; respectively 4.75g/L; 2763µg/L and 597U/L. the C reactive protein (CRP) was elevated at 83mg/l.>>> <|im_end|><|im_start|>assistant[{""entity"": ""triglycerides""}, {""entity"": ""ferrintin""}, {""entity"": ""dehydrogenase""}, {""entity"": ""protein""}, {""entity"": ""4.75g/L""}, {""entity"": ""2763µg/L""}, {""entity"": ""597U/L""}, {""entity"": ""83mg/l""}] <|im_end|>","<|im_start|>user Extract the entities contained in the text. Extract only entities contained in the text.
Return the result in a json format: [{""entity"":""entity_name""}]. <<<We present a case of a 32-year-old woman with a history of gradual enlargement of the anterior neck.>>> <|im_end|><|im_start|>assistant [{""entity"": ""present""}, {""entity"": ""history""}, {""entity"": ""enlargement""}] <|im_end|>
<|im_start|>user Extract the entities contained in the text. Extract only entities contained in the text.
Return the result in a json format: [{""entity"":""entity_name""}]. <<<Patient information: a 9-month-old boy presented to the emergency room with a 3-day history of refusal to bear weight on the right lower extremity and febrile peaks of up to 38.5°C for 24 hours.>>> <|im_end|><|im_start|>assistant [{""entity"": ""presented""}, {""entity"": ""refusal""}, {""entity"": ""bear""}, {""entity"": ""peaks""}] <|im_end|>
<|im_start|>user Extract the entities contained in the text. Extract only entities contained in the text.
Return the result in a json format: [{""entity"":""entity_name""}]. <<Serum triglycerides, ferrintin and lactic dehydrogenase were very high; respectively 4.75g/L; 2763µg/L and 597U/L. the C reactive protein (CRP) was elevated at 83mg/l.>>> <|im_end|><|im_start|>assistant","[{""entity"": ""triglycerides""}, {""entity"": ""ferrintin""}, {""entity"": ""dehydrogenase""}, {""entity"": ""protein""}, {""entity"": ""4.75g/L""}, {""entity"": ""2763µg/L""}, {""entity"": ""597U/L""}, {""entity"": ""83mg/l""}] ","[{""entity"": ""triglycerides""}, {""entity"": ""ferrintin""}, {""entity"": ""dehydrogenase""},"
"A chest X-ray was normal while the abdominal ultrasound showed a hepatomegaly and a splenomegaly, free biliary ducts without ascites.","[{'id': '9958', 'offsets': array([ 8, 13]), 'role': '', 'semantic_type_id': '', 'text': 'X-ray', 'type': 'EVENT'}
 {'id': '9973', 'offsets': array([45, 55]), 'role': '', 'semantic_type_id': '', 'text': 'ultrasound', 'type': 'EVENT'}
 {'id': '9988', 'offsets': array([56, 62]), 'role': '', 'semantic_type_id': '', 'text': 'showed', 'type': 'EVENT'}
 {'id': '10003', 'offsets': array([65, 77]), 'role': '', 'semantic_type_id': '', 'text': 'hepatomegaly', 'type': 'EVENT'}
 {'id': '10018', 'offsets': array([84, 96]), 'role': '', 'semantic_type_id': '', 'text': 'splenomegaly', 'type': 'EVENT'}
 {'id': '10033', 'offsets': array([125, 132]), 'role': '', 'semantic_type_id': '', 'text': 'ascites', 'type': 'EVENT'}
 {'id': '10879', 'offsets': array([65, 77]), 'role': '', 'semantic_type_id': 'C0019209', 'text': 'hepatomegaly', 'type': 'CLINENTITY'}
 {'id': '10886', 'offsets': array([84, 96]), 'role': '', 'semantic_type_id': 'C0038002', 'text': 'splenomegaly', 'type': 'CLINENTITY'}
 {'id': '10893', 'offsets': array([125, 132]), 'role': '', 'semantic_type_id': 'C0003962', 'text': 'ascites', 'type': 'CLINENTITY'}
 {'id': '10977', 'offsets': array([111, 116]), 'role': '', 'semantic_type_id': '', 'text': 'ducts', 'type': 'BODYPART'}]","We present here a case of Macrophage activation syndrome associated with Griscelli syndrome type 2 in a 3-years-old male born of consanguineous parentage. His birth histories, his familie social history and developmental milestones were unremarkable. He was born at full term with no antenatal or perinatal complications, He was on exclusively breast-fed, food diversification was started at 6 months old, his weight, length and psychomotor development were within the normal range, the child was described as a good eater, was on a normal diet and was thriving appropriately. Furthermore the boy presented a progressive abdominal distension since birth, progressive pallor and recurrent episodes of fever since 1 year of age. There was history of blood transfusions for last 2 months. On the other side there was no history of jaundice, vomiting, urinary or bowel complaints, bleeding from any site or neurological complaints. On admission, he was very pale with silvery gray scalp hair, white eyelashes, he was hypotonic, tachycardic, fever of 40°C, lymphoadenopathy and hepato-splenomegaly. The blood count showed pancytopenia; 1980 white blood cells/µL (VN 4000-13 500/µL), neutrophils 820/µL, 910 cells/µL, hemoglobin (Hb) 6.3 g/dL (11.5-14 VN, 5 g/dL), platelets 44 000/µL (VN 150 000-400 000/µL), There were no giant cytoplasmic granules in leucocytes. The liver function tests were normal expect low albumin (2.1 mg/dL) and increased alkaline phosphatase (1196 mg/dL) with low fibrinogen (1.7g/l). Serum triglycerides, ferrintin and lactic dehydrogenase were very high; respectively 4.75g/L; 2763µg/L and 597U/L. the C reactive protein (CRP) was elevated at 83mg/l. A chest X-ray was normal while the abdominal ultrasound showed a hepatomegaly and a splenomegaly, free biliary ducts without ascites. Because of hepato-splenomegaly, pancytopenia, hyperferritinemia and hypofibrinogenemia the diagnosis of Macrophage activation syndrome was evoked indicating a bone marrow aspiration that showed numerous morphologically benign macrophages with haemophagocytic activity that comforting the diagnosis of a SAM according to Ravelli and HLH-2004 criteria. Blood culture, urine examination, malarial serology, Kala Azar serology, viral serologies such as EBV, hepatitis A, B, C and human immunodeficiency virus HIV, serologies of rickettsia, syphilis and toxoplasmosa were negatives. Serologies of CMV and rubella showed an old immunization. The immunological tests such as antinuclear antibodies (ANA), anti-LKM1, anti-mitochondria and anti-smooth muscle antibodies were negatives. Because of the consanguineous family, notion of recurrent infection and the presence of silvery-gray color of the hair and eyebrows, diagnosis of Griscelli Syndrome was evoked directing a light microscopy examination of the hair that showed a large, irregular clumps of pigments characteristic of Griscelli Syndrome. The molecular biology showed mutation in RAB27A gene confirming the diagnosis of a Griscelli syndrome type 2. The first-line therapy in management of Macrophage activation syndrome complicating Griscelli syndrome type 2 was based on the parenteral administration of high doses of corticosteroids (methylprednisolone pulses 1g/0.73m 2 /day for 3 days then 60mg/m 2) with poor response; persisting with involvement of the 3 cell lines in the blood count, elevated ferritin and triglycerides. Given the lack of response to steroids, Etoposide was started for 3 days associated with cyclophosphamide, the evolution was good with improvement of count blood cells, ferritin was lessening while the bone marrow showed decreased numerous of macrophages with low haemophagocytic activity. On the other side the infectious process was good managed by perfusion of Antibiotics such as Ceftazidim in combination with aminoside. The patient was sent home with prednisone and cyclosporine, He was placed on the list of bone marrow transplantation (BMT).
",EN100372,"<|im_start|>user Extract the entities contained in the text. Extract only entities contained in the text.
Return the result in a json format: [{""entity"":""entity_name""}]. <<A chest X-ray was normal while the abdominal ultrasound showed a hepatomegaly and a splenomegaly, free biliary ducts without ascites.>>> <|im_end|><|im_start|>assistant[{""entity"": ""X-ray""}, {""entity"": ""ultrasound""}, {""entity"": ""showed""}, {""entity"": ""hepatomegaly""}, {""entity"": ""splenomegaly""}, {""entity"": ""ascites""}, {""entity"": ""hepatomegaly""}, {""entity"": ""splenomegaly""}, {""entity"": ""ascites""}, {""entity"": ""ducts""}] <|im_end|>","<|im_start|>user Extract the entities contained in the text. Extract only entities contained in the text.
Return the result in a json format: [{""entity"":""entity_name""}]. <<<We present a case of a 32-year-old woman with a history of gradual enlargement of the anterior neck.>>> <|im_end|><|im_start|>assistant [{""entity"": ""present""}, {""entity"": ""history""}, {""entity"": ""enlargement""}] <|im_end|>
<|im_start|>user Extract the entities contained in the text. Extract only entities contained in the text.
Return the result in a json format: [{""entity"":""entity_name""}]. <<<Patient information: a 9-month-old boy presented to the emergency room with a 3-day history of refusal to bear weight on the right lower extremity and febrile peaks of up to 38.5°C for 24 hours.>>> <|im_end|><|im_start|>assistant [{""entity"": ""presented""}, {""entity"": ""refusal""}, {""entity"": ""bear""}, {""entity"": ""peaks""}] <|im_end|>
<|im_start|>user Extract the entities contained in the text. Extract only entities contained in the text.
Return the result in a json format: [{""entity"":""entity_name""}]. <<A chest X-ray was normal while the abdominal ultrasound showed a hepatomegaly and a splenomegaly, free biliary ducts without ascites.>>> <|im_end|><|im_start|>assistant","[{""entity"": ""X-ray""}, {""entity"": ""ultrasound""}, {""entity"": ""showed""}, {""entity"": ""hepatomegaly""}, {""entity"": ""splenomegaly""}, {""entity"": ""ascites""}, {""entity"": ""hepatomegaly""}, {""entity"": ""splenomegaly""}, {""entity"": ""ascites""}, {""entity"": ""ducts""}] ","[{""entity"": ""X-ray""}, {""entity"": ""ultrasound""}, {""entity"": ""showed""}, {""entity"": ""hepat"
"Because of hepato-splenomegaly, pancytopenia, hyperferritinemia and hypofibrinogenemia the diagnosis of Macrophage activation syndrome was evoked indicating a bone marrow aspiration that showed numerous morphologically benign macrophages with haemophagocytic activity that comforting the diagnosis of a SAM according to Ravelli and HLH-2004 criteria.","[{'id': '10048', 'offsets': array([11, 30]), 'role': '', 'semantic_type_id': '', 'text': 'hepato-splenomegaly', 'type': 'EVENT'}
 {'id': '10063', 'offsets': array([32, 44]), 'role': '', 'semantic_type_id': '', 'text': 'pancytopenia', 'type': 'EVENT'}
 {'id': '10078', 'offsets': array([46, 63]), 'role': '', 'semantic_type_id': '', 'text': 'hyperferritinemia', 'type': 'EVENT'}
 {'id': '10093', 'offsets': array([68, 86]), 'role': '', 'semantic_type_id': '', 'text': 'hypofibrinogenemia', 'type': 'EVENT'}
 {'id': '10108', 'offsets': array([ 91, 100]), 'role': '', 'semantic_type_id': '', 'text': 'diagnosis', 'type': 'EVENT'}
 {'id': '10123', 'offsets': array([126, 134]), 'role': '', 'semantic_type_id': '', 'text': 'syndrome', 'type': 'EVENT'}
 {'id': '10138', 'offsets': array([139, 145]), 'role': '', 'semantic_type_id': '', 'text': 'evoked', 'type': 'EVENT'}
 {'id': '10153', 'offsets': array([187, 193]), 'role': '', 'semantic_type_id': '', 'text': 'showed', 'type': 'EVENT'}
 {'id': '10900', 'offsets': array([11, 30]), 'role': '', 'semantic_type_id': 'C0019214', 'text': 'hepato-splenomegaly', 'type': 'CLINENTITY'}
 {'id': '10907', 'offsets': array([32, 44]), 'role': '', 'semantic_type_id': 'C0030312', 'text': 'pancytopenia', 'type': 'CLINENTITY'}
 {'id': '10914', 'offsets': array([46, 63]), 'role': '', 'semantic_type_id': 'C3854388', 'text': 'hyperferritinemia', 'type': 'CLINENTITY'}
 {'id': '10921', 'offsets': array([68, 86]), 'role': '', 'semantic_type_id': 'C0553681', 'text': 'hypofibrinogenemia', 'type': 'CLINENTITY'}
 {'id': '10928', 'offsets': array([104, 134]), 'role': '', 'semantic_type_id': 'C1096155', 'text': 'Macrophage activation syndrome', 'type': 'CLINENTITY'}
 {'id': '10935', 'offsets': array([303, 306]), 'role': '', 'semantic_type_id': 'C1096155', 'text': 'SAM', 'type': 'CLINENTITY'}
 {'id': '10983', 'offsets': array([226, 237]), 'role': '', 'semantic_type_id': '', 'text': 'macrophages', 'type': 'BODYPART'}]","We present here a case of Macrophage activation syndrome associated with Griscelli syndrome type 2 in a 3-years-old male born of consanguineous parentage. His birth histories, his familie social history and developmental milestones were unremarkable. He was born at full term with no antenatal or perinatal complications, He was on exclusively breast-fed, food diversification was started at 6 months old, his weight, length and psychomotor development were within the normal range, the child was described as a good eater, was on a normal diet and was thriving appropriately. Furthermore the boy presented a progressive abdominal distension since birth, progressive pallor and recurrent episodes of fever since 1 year of age. There was history of blood transfusions for last 2 months. On the other side there was no history of jaundice, vomiting, urinary or bowel complaints, bleeding from any site or neurological complaints. On admission, he was very pale with silvery gray scalp hair, white eyelashes, he was hypotonic, tachycardic, fever of 40°C, lymphoadenopathy and hepato-splenomegaly. The blood count showed pancytopenia; 1980 white blood cells/µL (VN 4000-13 500/µL), neutrophils 820/µL, 910 cells/µL, hemoglobin (Hb) 6.3 g/dL (11.5-14 VN, 5 g/dL), platelets 44 000/µL (VN 150 000-400 000/µL), There were no giant cytoplasmic granules in leucocytes. The liver function tests were normal expect low albumin (2.1 mg/dL) and increased alkaline phosphatase (1196 mg/dL) with low fibrinogen (1.7g/l). Serum triglycerides, ferrintin and lactic dehydrogenase were very high; respectively 4.75g/L; 2763µg/L and 597U/L. the C reactive protein (CRP) was elevated at 83mg/l. A chest X-ray was normal while the abdominal ultrasound showed a hepatomegaly and a splenomegaly, free biliary ducts without ascites. Because of hepato-splenomegaly, pancytopenia, hyperferritinemia and hypofibrinogenemia the diagnosis of Macrophage activation syndrome was evoked indicating a bone marrow aspiration that showed numerous morphologically benign macrophages with haemophagocytic activity that comforting the diagnosis of a SAM according to Ravelli and HLH-2004 criteria. Blood culture, urine examination, malarial serology, Kala Azar serology, viral serologies such as EBV, hepatitis A, B, C and human immunodeficiency virus HIV, serologies of rickettsia, syphilis and toxoplasmosa were negatives. Serologies of CMV and rubella showed an old immunization. The immunological tests such as antinuclear antibodies (ANA), anti-LKM1, anti-mitochondria and anti-smooth muscle antibodies were negatives. Because of the consanguineous family, notion of recurrent infection and the presence of silvery-gray color of the hair and eyebrows, diagnosis of Griscelli Syndrome was evoked directing a light microscopy examination of the hair that showed a large, irregular clumps of pigments characteristic of Griscelli Syndrome. The molecular biology showed mutation in RAB27A gene confirming the diagnosis of a Griscelli syndrome type 2. The first-line therapy in management of Macrophage activation syndrome complicating Griscelli syndrome type 2 was based on the parenteral administration of high doses of corticosteroids (methylprednisolone pulses 1g/0.73m 2 /day for 3 days then 60mg/m 2) with poor response; persisting with involvement of the 3 cell lines in the blood count, elevated ferritin and triglycerides. Given the lack of response to steroids, Etoposide was started for 3 days associated with cyclophosphamide, the evolution was good with improvement of count blood cells, ferritin was lessening while the bone marrow showed decreased numerous of macrophages with low haemophagocytic activity. On the other side the infectious process was good managed by perfusion of Antibiotics such as Ceftazidim in combination with aminoside. The patient was sent home with prednisone and cyclosporine, He was placed on the list of bone marrow transplantation (BMT).
",EN100372,"<|im_start|>user Extract the entities contained in the text. Extract only entities contained in the text.
Return the result in a json format: [{""entity"":""entity_name""}]. <<Because of hepato-splenomegaly, pancytopenia, hyperferritinemia and hypofibrinogenemia the diagnosis of Macrophage activation syndrome was evoked indicating a bone marrow aspiration that showed numerous morphologically benign macrophages with haemophagocytic activity that comforting the diagnosis of a SAM according to Ravelli and HLH-2004 criteria.>>> <|im_end|><|im_start|>assistant[{""entity"": ""hepato-splenomegaly""}, {""entity"": ""pancytopenia""}, {""entity"": ""hyperferritinemia""}, {""entity"": ""hypofibrinogenemia""}, {""entity"": ""diagnosis""}, {""entity"": ""syndrome""}, {""entity"": ""evoked""}, {""entity"": ""showed""}, {""entity"": ""hepato-splenomegaly""}, {""entity"": ""pancytopenia""}, {""entity"": ""hyperferritinemia""}, {""entity"": ""hypofibrinogenemia""}, {""entity"": ""Macrophage activation syndrome""}, {""entity"": ""SAM""}, {""entity"": ""macrophages""}] <|im_end|>","<|im_start|>user Extract the entities contained in the text. Extract only entities contained in the text.
Return the result in a json format: [{""entity"":""entity_name""}]. <<<We present a case of a 32-year-old woman with a history of gradual enlargement of the anterior neck.>>> <|im_end|><|im_start|>assistant [{""entity"": ""present""}, {""entity"": ""history""}, {""entity"": ""enlargement""}] <|im_end|>
<|im_start|>user Extract the entities contained in the text. Extract only entities contained in the text.
Return the result in a json format: [{""entity"":""entity_name""}]. <<<Patient information: a 9-month-old boy presented to the emergency room with a 3-day history of refusal to bear weight on the right lower extremity and febrile peaks of up to 38.5°C for 24 hours.>>> <|im_end|><|im_start|>assistant [{""entity"": ""presented""}, {""entity"": ""refusal""}, {""entity"": ""bear""}, {""entity"": ""peaks""}] <|im_end|>
<|im_start|>user Extract the entities contained in the text. Extract only entities contained in the text.
Return the result in a json format: [{""entity"":""entity_name""}]. <<Because of hepato-splenomegaly, pancytopenia, hyperferritinemia and hypofibrinogenemia the diagnosis of Macrophage activation syndrome was evoked indicating a bone marrow aspiration that showed numerous morphologically benign macrophages with haemophagocytic activity that comforting the diagnosis of a SAM according to Ravelli and HLH-2004 criteria.>>> <|im_end|><|im_start|>assistant","[{""entity"": ""hepato-splenomegaly""}, {""entity"": ""pancytopenia""}, {""entity"": ""hyperferritinemia""}, {""entity"": ""hypofibrinogenemia""}, {""entity"": ""diagnosis""}, {""entity"": ""syndrome""}, {""entity"": ""evoked""}, {""entity"": ""showed""}, {""entity"": ""hepato-splenomegaly""}, {""entity"": ""pancytopenia""}, {""entity"": ""hyperferritinemia""}, {""entity"": ""hypofibrinogenemia""}, {""entity"": ""Macrophage activation syndrome""}, {""entity"": ""SAM""}, {""entity"": ""macrophages""}] ","[{""entity"": ""hepato-splenomegaly""}, {""entity"": ""pancytopenia""}, {""entity"": """
"Blood culture, urine examination, malarial serology, Kala Azar serology, viral serologies such as EBV, hepatitis A, B, C and human immunodeficiency virus HIV, serologies of rickettsia, syphilis and toxoplasmosa were negatives.","[{'id': '10168', 'offsets': array([ 6, 13]), 'role': '', 'semantic_type_id': '', 'text': 'culture', 'type': 'EVENT'}
 {'id': '10183', 'offsets': array([21, 32]), 'role': '', 'semantic_type_id': '', 'text': 'examination', 'type': 'EVENT'}
 {'id': '10198', 'offsets': array([43, 51]), 'role': '', 'semantic_type_id': '', 'text': 'serology', 'type': 'EVENT'}
 {'id': '10213', 'offsets': array([63, 71]), 'role': '', 'semantic_type_id': '', 'text': 'serology', 'type': 'EVENT'}
 {'id': '10228', 'offsets': array([79, 89]), 'role': '', 'semantic_type_id': '', 'text': 'serologies', 'type': 'EVENT'}
 {'id': '10243', 'offsets': array([ 98, 101]), 'role': '', 'semantic_type_id': '', 'text': 'EBV', 'type': 'EVENT'}
 {'id': '10258', 'offsets': array([103, 112]), 'role': '', 'semantic_type_id': '', 'text': 'hepatitis', 'type': 'EVENT'}
 {'id': '10273', 'offsets': array([154, 157]), 'role': '', 'semantic_type_id': '', 'text': 'HIV', 'type': 'EVENT'}
 {'id': '10288', 'offsets': array([173, 183]), 'role': '', 'semantic_type_id': '', 'text': 'rickettsia', 'type': 'EVENT'}
 {'id': '10303', 'offsets': array([185, 193]), 'role': '', 'semantic_type_id': '', 'text': 'syphilis', 'type': 'EVENT'}
 {'id': '10318', 'offsets': array([198, 210]), 'role': '', 'semantic_type_id': '', 'text': 'toxoplasmosa', 'type': 'EVENT'}
 {'id': '10333', 'offsets': array([216, 225]), 'role': '', 'semantic_type_id': '', 'text': 'negatives', 'type': 'EVENT'}]","We present here a case of Macrophage activation syndrome associated with Griscelli syndrome type 2 in a 3-years-old male born of consanguineous parentage. His birth histories, his familie social history and developmental milestones were unremarkable. He was born at full term with no antenatal or perinatal complications, He was on exclusively breast-fed, food diversification was started at 6 months old, his weight, length and psychomotor development were within the normal range, the child was described as a good eater, was on a normal diet and was thriving appropriately. Furthermore the boy presented a progressive abdominal distension since birth, progressive pallor and recurrent episodes of fever since 1 year of age. There was history of blood transfusions for last 2 months. On the other side there was no history of jaundice, vomiting, urinary or bowel complaints, bleeding from any site or neurological complaints. On admission, he was very pale with silvery gray scalp hair, white eyelashes, he was hypotonic, tachycardic, fever of 40°C, lymphoadenopathy and hepato-splenomegaly. The blood count showed pancytopenia; 1980 white blood cells/µL (VN 4000-13 500/µL), neutrophils 820/µL, 910 cells/µL, hemoglobin (Hb) 6.3 g/dL (11.5-14 VN, 5 g/dL), platelets 44 000/µL (VN 150 000-400 000/µL), There were no giant cytoplasmic granules in leucocytes. The liver function tests were normal expect low albumin (2.1 mg/dL) and increased alkaline phosphatase (1196 mg/dL) with low fibrinogen (1.7g/l). Serum triglycerides, ferrintin and lactic dehydrogenase were very high; respectively 4.75g/L; 2763µg/L and 597U/L. the C reactive protein (CRP) was elevated at 83mg/l. A chest X-ray was normal while the abdominal ultrasound showed a hepatomegaly and a splenomegaly, free biliary ducts without ascites. Because of hepato-splenomegaly, pancytopenia, hyperferritinemia and hypofibrinogenemia the diagnosis of Macrophage activation syndrome was evoked indicating a bone marrow aspiration that showed numerous morphologically benign macrophages with haemophagocytic activity that comforting the diagnosis of a SAM according to Ravelli and HLH-2004 criteria. Blood culture, urine examination, malarial serology, Kala Azar serology, viral serologies such as EBV, hepatitis A, B, C and human immunodeficiency virus HIV, serologies of rickettsia, syphilis and toxoplasmosa were negatives. Serologies of CMV and rubella showed an old immunization. The immunological tests such as antinuclear antibodies (ANA), anti-LKM1, anti-mitochondria and anti-smooth muscle antibodies were negatives. Because of the consanguineous family, notion of recurrent infection and the presence of silvery-gray color of the hair and eyebrows, diagnosis of Griscelli Syndrome was evoked directing a light microscopy examination of the hair that showed a large, irregular clumps of pigments characteristic of Griscelli Syndrome. The molecular biology showed mutation in RAB27A gene confirming the diagnosis of a Griscelli syndrome type 2. The first-line therapy in management of Macrophage activation syndrome complicating Griscelli syndrome type 2 was based on the parenteral administration of high doses of corticosteroids (methylprednisolone pulses 1g/0.73m 2 /day for 3 days then 60mg/m 2) with poor response; persisting with involvement of the 3 cell lines in the blood count, elevated ferritin and triglycerides. Given the lack of response to steroids, Etoposide was started for 3 days associated with cyclophosphamide, the evolution was good with improvement of count blood cells, ferritin was lessening while the bone marrow showed decreased numerous of macrophages with low haemophagocytic activity. On the other side the infectious process was good managed by perfusion of Antibiotics such as Ceftazidim in combination with aminoside. The patient was sent home with prednisone and cyclosporine, He was placed on the list of bone marrow transplantation (BMT).
",EN100372,"<|im_start|>user Extract the entities contained in the text. Extract only entities contained in the text.
Return the result in a json format: [{""entity"":""entity_name""}]. <<Blood culture, urine examination, malarial serology, Kala Azar serology, viral serologies such as EBV, hepatitis A, B, C and human immunodeficiency virus HIV, serologies of rickettsia, syphilis and toxoplasmosa were negatives.>>> <|im_end|><|im_start|>assistant[{""entity"": ""culture""}, {""entity"": ""examination""}, {""entity"": ""serology""}, {""entity"": ""serology""}, {""entity"": ""serologies""}, {""entity"": ""EBV""}, {""entity"": ""hepatitis""}, {""entity"": ""HIV""}, {""entity"": ""rickettsia""}, {""entity"": ""syphilis""}, {""entity"": ""toxoplasmosa""}, {""entity"": ""negatives""}] <|im_end|>","<|im_start|>user Extract the entities contained in the text. Extract only entities contained in the text.
Return the result in a json format: [{""entity"":""entity_name""}]. <<<We present a case of a 32-year-old woman with a history of gradual enlargement of the anterior neck.>>> <|im_end|><|im_start|>assistant [{""entity"": ""present""}, {""entity"": ""history""}, {""entity"": ""enlargement""}] <|im_end|>
<|im_start|>user Extract the entities contained in the text. Extract only entities contained in the text.
Return the result in a json format: [{""entity"":""entity_name""}]. <<<Patient information: a 9-month-old boy presented to the emergency room with a 3-day history of refusal to bear weight on the right lower extremity and febrile peaks of up to 38.5°C for 24 hours.>>> <|im_end|><|im_start|>assistant [{""entity"": ""presented""}, {""entity"": ""refusal""}, {""entity"": ""bear""}, {""entity"": ""peaks""}] <|im_end|>
<|im_start|>user Extract the entities contained in the text. Extract only entities contained in the text.
Return the result in a json format: [{""entity"":""entity_name""}]. <<Blood culture, urine examination, malarial serology, Kala Azar serology, viral serologies such as EBV, hepatitis A, B, C and human immunodeficiency virus HIV, serologies of rickettsia, syphilis and toxoplasmosa were negatives.>>> <|im_end|><|im_start|>assistant","[{""entity"": ""culture""}, {""entity"": ""examination""}, {""entity"": ""serology""}, {""entity"": ""serology""}, {""entity"": ""serologies""}, {""entity"": ""EBV""}, {""entity"": ""hepatitis""}, {""entity"": ""HIV""}, {""entity"": ""rickettsia""}, {""entity"": ""syphilis""}, {""entity"": ""toxoplasmosa""}, {""entity"": ""negatives""}] ","[{""entity"": ""culture""}, {""entity"": ""examination""}, {""entity"": ""serology""}, {""entity"": ""serologies""},"
Serologies of CMV and rubella showed an old immunization.,"[{'id': '10348', 'offsets': array([ 0, 10]), 'role': '', 'semantic_type_id': '', 'text': 'Serologies', 'type': 'EVENT'}
 {'id': '10363', 'offsets': array([30, 36]), 'role': '', 'semantic_type_id': '', 'text': 'showed', 'type': 'EVENT'}]","We present here a case of Macrophage activation syndrome associated with Griscelli syndrome type 2 in a 3-years-old male born of consanguineous parentage. His birth histories, his familie social history and developmental milestones were unremarkable. He was born at full term with no antenatal or perinatal complications, He was on exclusively breast-fed, food diversification was started at 6 months old, his weight, length and psychomotor development were within the normal range, the child was described as a good eater, was on a normal diet and was thriving appropriately. Furthermore the boy presented a progressive abdominal distension since birth, progressive pallor and recurrent episodes of fever since 1 year of age. There was history of blood transfusions for last 2 months. On the other side there was no history of jaundice, vomiting, urinary or bowel complaints, bleeding from any site or neurological complaints. On admission, he was very pale with silvery gray scalp hair, white eyelashes, he was hypotonic, tachycardic, fever of 40°C, lymphoadenopathy and hepato-splenomegaly. The blood count showed pancytopenia; 1980 white blood cells/µL (VN 4000-13 500/µL), neutrophils 820/µL, 910 cells/µL, hemoglobin (Hb) 6.3 g/dL (11.5-14 VN, 5 g/dL), platelets 44 000/µL (VN 150 000-400 000/µL), There were no giant cytoplasmic granules in leucocytes. The liver function tests were normal expect low albumin (2.1 mg/dL) and increased alkaline phosphatase (1196 mg/dL) with low fibrinogen (1.7g/l). Serum triglycerides, ferrintin and lactic dehydrogenase were very high; respectively 4.75g/L; 2763µg/L and 597U/L. the C reactive protein (CRP) was elevated at 83mg/l. A chest X-ray was normal while the abdominal ultrasound showed a hepatomegaly and a splenomegaly, free biliary ducts without ascites. Because of hepato-splenomegaly, pancytopenia, hyperferritinemia and hypofibrinogenemia the diagnosis of Macrophage activation syndrome was evoked indicating a bone marrow aspiration that showed numerous morphologically benign macrophages with haemophagocytic activity that comforting the diagnosis of a SAM according to Ravelli and HLH-2004 criteria. Blood culture, urine examination, malarial serology, Kala Azar serology, viral serologies such as EBV, hepatitis A, B, C and human immunodeficiency virus HIV, serologies of rickettsia, syphilis and toxoplasmosa were negatives. Serologies of CMV and rubella showed an old immunization. The immunological tests such as antinuclear antibodies (ANA), anti-LKM1, anti-mitochondria and anti-smooth muscle antibodies were negatives. Because of the consanguineous family, notion of recurrent infection and the presence of silvery-gray color of the hair and eyebrows, diagnosis of Griscelli Syndrome was evoked directing a light microscopy examination of the hair that showed a large, irregular clumps of pigments characteristic of Griscelli Syndrome. The molecular biology showed mutation in RAB27A gene confirming the diagnosis of a Griscelli syndrome type 2. The first-line therapy in management of Macrophage activation syndrome complicating Griscelli syndrome type 2 was based on the parenteral administration of high doses of corticosteroids (methylprednisolone pulses 1g/0.73m 2 /day for 3 days then 60mg/m 2) with poor response; persisting with involvement of the 3 cell lines in the blood count, elevated ferritin and triglycerides. Given the lack of response to steroids, Etoposide was started for 3 days associated with cyclophosphamide, the evolution was good with improvement of count blood cells, ferritin was lessening while the bone marrow showed decreased numerous of macrophages with low haemophagocytic activity. On the other side the infectious process was good managed by perfusion of Antibiotics such as Ceftazidim in combination with aminoside. The patient was sent home with prednisone and cyclosporine, He was placed on the list of bone marrow transplantation (BMT).
",EN100372,"<|im_start|>user Extract the entities contained in the text. Extract only entities contained in the text.
Return the result in a json format: [{""entity"":""entity_name""}]. <<Serologies of CMV and rubella showed an old immunization.>>> <|im_end|><|im_start|>assistant[{""entity"": ""Serologies""}, {""entity"": ""showed""}] <|im_end|>","<|im_start|>user Extract the entities contained in the text. Extract only entities contained in the text.
Return the result in a json format: [{""entity"":""entity_name""}]. <<<We present a case of a 32-year-old woman with a history of gradual enlargement of the anterior neck.>>> <|im_end|><|im_start|>assistant [{""entity"": ""present""}, {""entity"": ""history""}, {""entity"": ""enlargement""}] <|im_end|>
<|im_start|>user Extract the entities contained in the text. Extract only entities contained in the text.
Return the result in a json format: [{""entity"":""entity_name""}]. <<<Patient information: a 9-month-old boy presented to the emergency room with a 3-day history of refusal to bear weight on the right lower extremity and febrile peaks of up to 38.5°C for 24 hours.>>> <|im_end|><|im_start|>assistant [{""entity"": ""presented""}, {""entity"": ""refusal""}, {""entity"": ""bear""}, {""entity"": ""peaks""}] <|im_end|>
<|im_start|>user Extract the entities contained in the text. Extract only entities contained in the text.
Return the result in a json format: [{""entity"":""entity_name""}]. <<Serologies of CMV and rubella showed an old immunization.>>> <|im_end|><|im_start|>assistant","[{""entity"": ""Serologies""}, {""entity"": ""showed""}] ","[{""entity"": ""showed""}, {""entity"": ""immunization""}, {""entity"": ""CMV""}, {""entity"": ""rub"
"The immunological tests such as antinuclear antibodies (ANA), anti-LKM1, anti-mitochondria and anti-smooth muscle antibodies were negatives.","[{'id': '10378', 'offsets': array([18, 23]), 'role': '', 'semantic_type_id': '', 'text': 'tests', 'type': 'EVENT'}]","We present here a case of Macrophage activation syndrome associated with Griscelli syndrome type 2 in a 3-years-old male born of consanguineous parentage. His birth histories, his familie social history and developmental milestones were unremarkable. He was born at full term with no antenatal or perinatal complications, He was on exclusively breast-fed, food diversification was started at 6 months old, his weight, length and psychomotor development were within the normal range, the child was described as a good eater, was on a normal diet and was thriving appropriately. Furthermore the boy presented a progressive abdominal distension since birth, progressive pallor and recurrent episodes of fever since 1 year of age. There was history of blood transfusions for last 2 months. On the other side there was no history of jaundice, vomiting, urinary or bowel complaints, bleeding from any site or neurological complaints. On admission, he was very pale with silvery gray scalp hair, white eyelashes, he was hypotonic, tachycardic, fever of 40°C, lymphoadenopathy and hepato-splenomegaly. The blood count showed pancytopenia; 1980 white blood cells/µL (VN 4000-13 500/µL), neutrophils 820/µL, 910 cells/µL, hemoglobin (Hb) 6.3 g/dL (11.5-14 VN, 5 g/dL), platelets 44 000/µL (VN 150 000-400 000/µL), There were no giant cytoplasmic granules in leucocytes. The liver function tests were normal expect low albumin (2.1 mg/dL) and increased alkaline phosphatase (1196 mg/dL) with low fibrinogen (1.7g/l). Serum triglycerides, ferrintin and lactic dehydrogenase were very high; respectively 4.75g/L; 2763µg/L and 597U/L. the C reactive protein (CRP) was elevated at 83mg/l. A chest X-ray was normal while the abdominal ultrasound showed a hepatomegaly and a splenomegaly, free biliary ducts without ascites. Because of hepato-splenomegaly, pancytopenia, hyperferritinemia and hypofibrinogenemia the diagnosis of Macrophage activation syndrome was evoked indicating a bone marrow aspiration that showed numerous morphologically benign macrophages with haemophagocytic activity that comforting the diagnosis of a SAM according to Ravelli and HLH-2004 criteria. Blood culture, urine examination, malarial serology, Kala Azar serology, viral serologies such as EBV, hepatitis A, B, C and human immunodeficiency virus HIV, serologies of rickettsia, syphilis and toxoplasmosa were negatives. Serologies of CMV and rubella showed an old immunization. The immunological tests such as antinuclear antibodies (ANA), anti-LKM1, anti-mitochondria and anti-smooth muscle antibodies were negatives. Because of the consanguineous family, notion of recurrent infection and the presence of silvery-gray color of the hair and eyebrows, diagnosis of Griscelli Syndrome was evoked directing a light microscopy examination of the hair that showed a large, irregular clumps of pigments characteristic of Griscelli Syndrome. The molecular biology showed mutation in RAB27A gene confirming the diagnosis of a Griscelli syndrome type 2. The first-line therapy in management of Macrophage activation syndrome complicating Griscelli syndrome type 2 was based on the parenteral administration of high doses of corticosteroids (methylprednisolone pulses 1g/0.73m 2 /day for 3 days then 60mg/m 2) with poor response; persisting with involvement of the 3 cell lines in the blood count, elevated ferritin and triglycerides. Given the lack of response to steroids, Etoposide was started for 3 days associated with cyclophosphamide, the evolution was good with improvement of count blood cells, ferritin was lessening while the bone marrow showed decreased numerous of macrophages with low haemophagocytic activity. On the other side the infectious process was good managed by perfusion of Antibiotics such as Ceftazidim in combination with aminoside. The patient was sent home with prednisone and cyclosporine, He was placed on the list of bone marrow transplantation (BMT).
",EN100372,"<|im_start|>user Extract the entities contained in the text. Extract only entities contained in the text.
Return the result in a json format: [{""entity"":""entity_name""}]. <<The immunological tests such as antinuclear antibodies (ANA), anti-LKM1, anti-mitochondria and anti-smooth muscle antibodies were negatives.>>> <|im_end|><|im_start|>assistant[{""entity"": ""tests""}] <|im_end|>","<|im_start|>user Extract the entities contained in the text. Extract only entities contained in the text.
Return the result in a json format: [{""entity"":""entity_name""}]. <<<We present a case of a 32-year-old woman with a history of gradual enlargement of the anterior neck.>>> <|im_end|><|im_start|>assistant [{""entity"": ""present""}, {""entity"": ""history""}, {""entity"": ""enlargement""}] <|im_end|>
<|im_start|>user Extract the entities contained in the text. Extract only entities contained in the text.
Return the result in a json format: [{""entity"":""entity_name""}]. <<<Patient information: a 9-month-old boy presented to the emergency room with a 3-day history of refusal to bear weight on the right lower extremity and febrile peaks of up to 38.5°C for 24 hours.>>> <|im_end|><|im_start|>assistant [{""entity"": ""presented""}, {""entity"": ""refusal""}, {""entity"": ""bear""}, {""entity"": ""peaks""}] <|im_end|>
<|im_start|>user Extract the entities contained in the text. Extract only entities contained in the text.
Return the result in a json format: [{""entity"":""entity_name""}]. <<The immunological tests such as antinuclear antibodies (ANA), anti-LKM1, anti-mitochondria and anti-smooth muscle antibodies were negatives.>>> <|im_end|><|im_start|>assistant","[{""entity"": ""tests""}] ","[{""entity"": ""tests""}, {""entity"": ""antibodies""}, {""entity"": ""negatives""}] <|im_end|><|im_end|><|im_end|><|im_end|>"
"Because of the consanguineous family, notion of recurrent infection and the presence of silvery-gray color of the hair and eyebrows, diagnosis of Griscelli Syndrome was evoked directing a light microscopy examination of the hair that showed a large, irregular clumps of pigments characteristic of Griscelli Syndrome.","[{'id': '10393', 'offsets': array([48, 57]), 'role': '', 'semantic_type_id': '', 'text': 'recurrent', 'type': 'EVENT'}
 {'id': '10408', 'offsets': array([58, 67]), 'role': '', 'semantic_type_id': '', 'text': 'infection', 'type': 'EVENT'}
 {'id': '10423', 'offsets': array([133, 142]), 'role': '', 'semantic_type_id': '', 'text': 'diagnosis', 'type': 'EVENT'}
 {'id': '10438', 'offsets': array([205, 216]), 'role': '', 'semantic_type_id': '', 'text': 'examination', 'type': 'EVENT'}
 {'id': '10453', 'offsets': array([234, 240]), 'role': '', 'semantic_type_id': '', 'text': 'showed', 'type': 'EVENT'}
 {'id': '10468', 'offsets': array([260, 266]), 'role': '', 'semantic_type_id': '', 'text': 'clumps', 'type': 'EVENT'}
 {'id': '10942', 'offsets': array([146, 164]), 'role': '', 'semantic_type_id': 'C0398794', 'text': 'Griscelli Syndrome', 'type': 'CLINENTITY'}
 {'id': '10949', 'offsets': array([297, 315]), 'role': '', 'semantic_type_id': 'C0398794', 'text': 'Griscelli Syndrome', 'type': 'CLINENTITY'}
 {'id': '10989', 'offsets': array([114, 118]), 'role': '', 'semantic_type_id': '', 'text': 'hair', 'type': 'BODYPART'}
 {'id': '10995', 'offsets': array([123, 131]), 'role': '', 'semantic_type_id': '', 'text': 'eyebrows', 'type': 'BODYPART'}
 {'id': '11001', 'offsets': array([220, 228]), 'role': '', 'semantic_type_id': '', 'text': 'the hair', 'type': 'BODYPART'}
 {'id': '11069', 'offsets': array([15, 36]), 'role': 'OTHER', 'semantic_type_id': '', 'text': 'consanguineous family', 'type': 'ACTOR'}]","We present here a case of Macrophage activation syndrome associated with Griscelli syndrome type 2 in a 3-years-old male born of consanguineous parentage. His birth histories, his familie social history and developmental milestones were unremarkable. He was born at full term with no antenatal or perinatal complications, He was on exclusively breast-fed, food diversification was started at 6 months old, his weight, length and psychomotor development were within the normal range, the child was described as a good eater, was on a normal diet and was thriving appropriately. Furthermore the boy presented a progressive abdominal distension since birth, progressive pallor and recurrent episodes of fever since 1 year of age. There was history of blood transfusions for last 2 months. On the other side there was no history of jaundice, vomiting, urinary or bowel complaints, bleeding from any site or neurological complaints. On admission, he was very pale with silvery gray scalp hair, white eyelashes, he was hypotonic, tachycardic, fever of 40°C, lymphoadenopathy and hepato-splenomegaly. The blood count showed pancytopenia; 1980 white blood cells/µL (VN 4000-13 500/µL), neutrophils 820/µL, 910 cells/µL, hemoglobin (Hb) 6.3 g/dL (11.5-14 VN, 5 g/dL), platelets 44 000/µL (VN 150 000-400 000/µL), There were no giant cytoplasmic granules in leucocytes. The liver function tests were normal expect low albumin (2.1 mg/dL) and increased alkaline phosphatase (1196 mg/dL) with low fibrinogen (1.7g/l). Serum triglycerides, ferrintin and lactic dehydrogenase were very high; respectively 4.75g/L; 2763µg/L and 597U/L. the C reactive protein (CRP) was elevated at 83mg/l. A chest X-ray was normal while the abdominal ultrasound showed a hepatomegaly and a splenomegaly, free biliary ducts without ascites. Because of hepato-splenomegaly, pancytopenia, hyperferritinemia and hypofibrinogenemia the diagnosis of Macrophage activation syndrome was evoked indicating a bone marrow aspiration that showed numerous morphologically benign macrophages with haemophagocytic activity that comforting the diagnosis of a SAM according to Ravelli and HLH-2004 criteria. Blood culture, urine examination, malarial serology, Kala Azar serology, viral serologies such as EBV, hepatitis A, B, C and human immunodeficiency virus HIV, serologies of rickettsia, syphilis and toxoplasmosa were negatives. Serologies of CMV and rubella showed an old immunization. The immunological tests such as antinuclear antibodies (ANA), anti-LKM1, anti-mitochondria and anti-smooth muscle antibodies were negatives. Because of the consanguineous family, notion of recurrent infection and the presence of silvery-gray color of the hair and eyebrows, diagnosis of Griscelli Syndrome was evoked directing a light microscopy examination of the hair that showed a large, irregular clumps of pigments characteristic of Griscelli Syndrome. The molecular biology showed mutation in RAB27A gene confirming the diagnosis of a Griscelli syndrome type 2. The first-line therapy in management of Macrophage activation syndrome complicating Griscelli syndrome type 2 was based on the parenteral administration of high doses of corticosteroids (methylprednisolone pulses 1g/0.73m 2 /day for 3 days then 60mg/m 2) with poor response; persisting with involvement of the 3 cell lines in the blood count, elevated ferritin and triglycerides. Given the lack of response to steroids, Etoposide was started for 3 days associated with cyclophosphamide, the evolution was good with improvement of count blood cells, ferritin was lessening while the bone marrow showed decreased numerous of macrophages with low haemophagocytic activity. On the other side the infectious process was good managed by perfusion of Antibiotics such as Ceftazidim in combination with aminoside. The patient was sent home with prednisone and cyclosporine, He was placed on the list of bone marrow transplantation (BMT).
",EN100372,"<|im_start|>user Extract the entities contained in the text. Extract only entities contained in the text.
Return the result in a json format: [{""entity"":""entity_name""}]. <<Because of the consanguineous family, notion of recurrent infection and the presence of silvery-gray color of the hair and eyebrows, diagnosis of Griscelli Syndrome was evoked directing a light microscopy examination of the hair that showed a large, irregular clumps of pigments characteristic of Griscelli Syndrome.>>> <|im_end|><|im_start|>assistant[{""entity"": ""recurrent""}, {""entity"": ""infection""}, {""entity"": ""diagnosis""}, {""entity"": ""examination""}, {""entity"": ""showed""}, {""entity"": ""clumps""}, {""entity"": ""Griscelli Syndrome""}, {""entity"": ""Griscelli Syndrome""}, {""entity"": ""hair""}, {""entity"": ""eyebrows""}, {""entity"": ""the hair""}, {""entity"": ""consanguineous family""}] <|im_end|>","<|im_start|>user Extract the entities contained in the text. Extract only entities contained in the text.
Return the result in a json format: [{""entity"":""entity_name""}]. <<<We present a case of a 32-year-old woman with a history of gradual enlargement of the anterior neck.>>> <|im_end|><|im_start|>assistant [{""entity"": ""present""}, {""entity"": ""history""}, {""entity"": ""enlargement""}] <|im_end|>
<|im_start|>user Extract the entities contained in the text. Extract only entities contained in the text.
Return the result in a json format: [{""entity"":""entity_name""}]. <<<Patient information: a 9-month-old boy presented to the emergency room with a 3-day history of refusal to bear weight on the right lower extremity and febrile peaks of up to 38.5°C for 24 hours.>>> <|im_end|><|im_start|>assistant [{""entity"": ""presented""}, {""entity"": ""refusal""}, {""entity"": ""bear""}, {""entity"": ""peaks""}] <|im_end|>
<|im_start|>user Extract the entities contained in the text. Extract only entities contained in the text.
Return the result in a json format: [{""entity"":""entity_name""}]. <<Because of the consanguineous family, notion of recurrent infection and the presence of silvery-gray color of the hair and eyebrows, diagnosis of Griscelli Syndrome was evoked directing a light microscopy examination of the hair that showed a large, irregular clumps of pigments characteristic of Griscelli Syndrome.>>> <|im_end|><|im_start|>assistant","[{""entity"": ""recurrent""}, {""entity"": ""infection""}, {""entity"": ""diagnosis""}, {""entity"": ""examination""}, {""entity"": ""showed""}, {""entity"": ""clumps""}, {""entity"": ""Griscelli Syndrome""}, {""entity"": ""Griscelli Syndrome""}, {""entity"": ""hair""}, {""entity"": ""eyebrows""}, {""entity"": ""the hair""}, {""entity"": ""consanguineous family""}] ","[{""entity"": ""notion""}, {""entity"": ""recurrent""}, {""entity"": ""diagnosis""}, {""entity"": ""showed"
The molecular biology showed mutation in RAB27A gene confirming the diagnosis of a Griscelli syndrome type 2.,"[{'id': '10483', 'offsets': array([14, 21]), 'role': '', 'semantic_type_id': '', 'text': 'biology', 'type': 'EVENT'}
 {'id': '10498', 'offsets': array([22, 28]), 'role': '', 'semantic_type_id': '', 'text': 'showed', 'type': 'EVENT'}
 {'id': '10513', 'offsets': array([29, 37]), 'role': '', 'semantic_type_id': '', 'text': 'mutation', 'type': 'EVENT'}
 {'id': '10528', 'offsets': array([53, 63]), 'role': '', 'semantic_type_id': '', 'text': 'confirming', 'type': 'EVENT'}
 {'id': '10543', 'offsets': array([ 93, 101]), 'role': '', 'semantic_type_id': '', 'text': 'syndrome', 'type': 'EVENT'}
 {'id': '10956', 'offsets': array([ 83, 108]), 'role': '', 'semantic_type_id': 'C1868679', 'text': 'Griscelli syndrome type 2', 'type': 'CLINENTITY'}]","We present here a case of Macrophage activation syndrome associated with Griscelli syndrome type 2 in a 3-years-old male born of consanguineous parentage. His birth histories, his familie social history and developmental milestones were unremarkable. He was born at full term with no antenatal or perinatal complications, He was on exclusively breast-fed, food diversification was started at 6 months old, his weight, length and psychomotor development were within the normal range, the child was described as a good eater, was on a normal diet and was thriving appropriately. Furthermore the boy presented a progressive abdominal distension since birth, progressive pallor and recurrent episodes of fever since 1 year of age. There was history of blood transfusions for last 2 months. On the other side there was no history of jaundice, vomiting, urinary or bowel complaints, bleeding from any site or neurological complaints. On admission, he was very pale with silvery gray scalp hair, white eyelashes, he was hypotonic, tachycardic, fever of 40°C, lymphoadenopathy and hepato-splenomegaly. The blood count showed pancytopenia; 1980 white blood cells/µL (VN 4000-13 500/µL), neutrophils 820/µL, 910 cells/µL, hemoglobin (Hb) 6.3 g/dL (11.5-14 VN, 5 g/dL), platelets 44 000/µL (VN 150 000-400 000/µL), There were no giant cytoplasmic granules in leucocytes. The liver function tests were normal expect low albumin (2.1 mg/dL) and increased alkaline phosphatase (1196 mg/dL) with low fibrinogen (1.7g/l). Serum triglycerides, ferrintin and lactic dehydrogenase were very high; respectively 4.75g/L; 2763µg/L and 597U/L. the C reactive protein (CRP) was elevated at 83mg/l. A chest X-ray was normal while the abdominal ultrasound showed a hepatomegaly and a splenomegaly, free biliary ducts without ascites. Because of hepato-splenomegaly, pancytopenia, hyperferritinemia and hypofibrinogenemia the diagnosis of Macrophage activation syndrome was evoked indicating a bone marrow aspiration that showed numerous morphologically benign macrophages with haemophagocytic activity that comforting the diagnosis of a SAM according to Ravelli and HLH-2004 criteria. Blood culture, urine examination, malarial serology, Kala Azar serology, viral serologies such as EBV, hepatitis A, B, C and human immunodeficiency virus HIV, serologies of rickettsia, syphilis and toxoplasmosa were negatives. Serologies of CMV and rubella showed an old immunization. The immunological tests such as antinuclear antibodies (ANA), anti-LKM1, anti-mitochondria and anti-smooth muscle antibodies were negatives. Because of the consanguineous family, notion of recurrent infection and the presence of silvery-gray color of the hair and eyebrows, diagnosis of Griscelli Syndrome was evoked directing a light microscopy examination of the hair that showed a large, irregular clumps of pigments characteristic of Griscelli Syndrome. The molecular biology showed mutation in RAB27A gene confirming the diagnosis of a Griscelli syndrome type 2. The first-line therapy in management of Macrophage activation syndrome complicating Griscelli syndrome type 2 was based on the parenteral administration of high doses of corticosteroids (methylprednisolone pulses 1g/0.73m 2 /day for 3 days then 60mg/m 2) with poor response; persisting with involvement of the 3 cell lines in the blood count, elevated ferritin and triglycerides. Given the lack of response to steroids, Etoposide was started for 3 days associated with cyclophosphamide, the evolution was good with improvement of count blood cells, ferritin was lessening while the bone marrow showed decreased numerous of macrophages with low haemophagocytic activity. On the other side the infectious process was good managed by perfusion of Antibiotics such as Ceftazidim in combination with aminoside. The patient was sent home with prednisone and cyclosporine, He was placed on the list of bone marrow transplantation (BMT).
",EN100372,"<|im_start|>user Extract the entities contained in the text. Extract only entities contained in the text.
Return the result in a json format: [{""entity"":""entity_name""}]. <<The molecular biology showed mutation in RAB27A gene confirming the diagnosis of a Griscelli syndrome type 2.>>> <|im_end|><|im_start|>assistant[{""entity"": ""biology""}, {""entity"": ""showed""}, {""entity"": ""mutation""}, {""entity"": ""confirming""}, {""entity"": ""syndrome""}, {""entity"": ""Griscelli syndrome type 2""}] <|im_end|>","<|im_start|>user Extract the entities contained in the text. Extract only entities contained in the text.
Return the result in a json format: [{""entity"":""entity_name""}]. <<<We present a case of a 32-year-old woman with a history of gradual enlargement of the anterior neck.>>> <|im_end|><|im_start|>assistant [{""entity"": ""present""}, {""entity"": ""history""}, {""entity"": ""enlargement""}] <|im_end|>
<|im_start|>user Extract the entities contained in the text. Extract only entities contained in the text.
Return the result in a json format: [{""entity"":""entity_name""}]. <<<Patient information: a 9-month-old boy presented to the emergency room with a 3-day history of refusal to bear weight on the right lower extremity and febrile peaks of up to 38.5°C for 24 hours.>>> <|im_end|><|im_start|>assistant [{""entity"": ""presented""}, {""entity"": ""refusal""}, {""entity"": ""bear""}, {""entity"": ""peaks""}] <|im_end|>
<|im_start|>user Extract the entities contained in the text. Extract only entities contained in the text.
Return the result in a json format: [{""entity"":""entity_name""}]. <<The molecular biology showed mutation in RAB27A gene confirming the diagnosis of a Griscelli syndrome type 2.>>> <|im_end|><|im_start|>assistant","[{""entity"": ""biology""}, {""entity"": ""showed""}, {""entity"": ""mutation""}, {""entity"": ""confirming""}, {""entity"": ""syndrome""}, {""entity"": ""Griscelli syndrome type 2""}] ","[{""entity"": ""biology""}, {""entity"": ""showed""}, {""entity"": ""mutation""}, {""entity"": ""confirming""}, {"""
"The first-line therapy in management of Macrophage activation syndrome complicating Griscelli syndrome type 2 was based on the parenteral administration of high doses of corticosteroids (methylprednisolone pulses 1g/0.73m 2 /day for 3 days then 60mg/m 2) with poor response; persisting with involvement of the 3 cell lines in the blood count, elevated ferritin and triglycerides.","[{'id': '10558', 'offsets': array([15, 22]), 'role': '', 'semantic_type_id': '', 'text': 'therapy', 'type': 'EVENT'}
 {'id': '10963', 'offsets': array([40, 70]), 'role': '', 'semantic_type_id': 'C1096155', 'text': 'Macrophage activation syndrome', 'type': 'CLINENTITY'}
 {'id': '10970', 'offsets': array([ 84, 109]), 'role': '', 'semantic_type_id': 'C1868679', 'text': 'Griscelli syndrome type 2', 'type': 'CLINENTITY'}]","We present here a case of Macrophage activation syndrome associated with Griscelli syndrome type 2 in a 3-years-old male born of consanguineous parentage. His birth histories, his familie social history and developmental milestones were unremarkable. He was born at full term with no antenatal or perinatal complications, He was on exclusively breast-fed, food diversification was started at 6 months old, his weight, length and psychomotor development were within the normal range, the child was described as a good eater, was on a normal diet and was thriving appropriately. Furthermore the boy presented a progressive abdominal distension since birth, progressive pallor and recurrent episodes of fever since 1 year of age. There was history of blood transfusions for last 2 months. On the other side there was no history of jaundice, vomiting, urinary or bowel complaints, bleeding from any site or neurological complaints. On admission, he was very pale with silvery gray scalp hair, white eyelashes, he was hypotonic, tachycardic, fever of 40°C, lymphoadenopathy and hepato-splenomegaly. The blood count showed pancytopenia; 1980 white blood cells/µL (VN 4000-13 500/µL), neutrophils 820/µL, 910 cells/µL, hemoglobin (Hb) 6.3 g/dL (11.5-14 VN, 5 g/dL), platelets 44 000/µL (VN 150 000-400 000/µL), There were no giant cytoplasmic granules in leucocytes. The liver function tests were normal expect low albumin (2.1 mg/dL) and increased alkaline phosphatase (1196 mg/dL) with low fibrinogen (1.7g/l). Serum triglycerides, ferrintin and lactic dehydrogenase were very high; respectively 4.75g/L; 2763µg/L and 597U/L. the C reactive protein (CRP) was elevated at 83mg/l. A chest X-ray was normal while the abdominal ultrasound showed a hepatomegaly and a splenomegaly, free biliary ducts without ascites. Because of hepato-splenomegaly, pancytopenia, hyperferritinemia and hypofibrinogenemia the diagnosis of Macrophage activation syndrome was evoked indicating a bone marrow aspiration that showed numerous morphologically benign macrophages with haemophagocytic activity that comforting the diagnosis of a SAM according to Ravelli and HLH-2004 criteria. Blood culture, urine examination, malarial serology, Kala Azar serology, viral serologies such as EBV, hepatitis A, B, C and human immunodeficiency virus HIV, serologies of rickettsia, syphilis and toxoplasmosa were negatives. Serologies of CMV and rubella showed an old immunization. The immunological tests such as antinuclear antibodies (ANA), anti-LKM1, anti-mitochondria and anti-smooth muscle antibodies were negatives. Because of the consanguineous family, notion of recurrent infection and the presence of silvery-gray color of the hair and eyebrows, diagnosis of Griscelli Syndrome was evoked directing a light microscopy examination of the hair that showed a large, irregular clumps of pigments characteristic of Griscelli Syndrome. The molecular biology showed mutation in RAB27A gene confirming the diagnosis of a Griscelli syndrome type 2. The first-line therapy in management of Macrophage activation syndrome complicating Griscelli syndrome type 2 was based on the parenteral administration of high doses of corticosteroids (methylprednisolone pulses 1g/0.73m 2 /day for 3 days then 60mg/m 2) with poor response; persisting with involvement of the 3 cell lines in the blood count, elevated ferritin and triglycerides. Given the lack of response to steroids, Etoposide was started for 3 days associated with cyclophosphamide, the evolution was good with improvement of count blood cells, ferritin was lessening while the bone marrow showed decreased numerous of macrophages with low haemophagocytic activity. On the other side the infectious process was good managed by perfusion of Antibiotics such as Ceftazidim in combination with aminoside. The patient was sent home with prednisone and cyclosporine, He was placed on the list of bone marrow transplantation (BMT).
",EN100372,"<|im_start|>user Extract the entities contained in the text. Extract only entities contained in the text.
Return the result in a json format: [{""entity"":""entity_name""}]. <<The first-line therapy in management of Macrophage activation syndrome complicating Griscelli syndrome type 2 was based on the parenteral administration of high doses of corticosteroids (methylprednisolone pulses 1g/0.73m 2 /day for 3 days then 60mg/m 2) with poor response; persisting with involvement of the 3 cell lines in the blood count, elevated ferritin and triglycerides.>>> <|im_end|><|im_start|>assistant[{""entity"": ""therapy""}, {""entity"": ""Macrophage activation syndrome""}, {""entity"": ""Griscelli syndrome type 2""}] <|im_end|>","<|im_start|>user Extract the entities contained in the text. Extract only entities contained in the text.
Return the result in a json format: [{""entity"":""entity_name""}]. <<<We present a case of a 32-year-old woman with a history of gradual enlargement of the anterior neck.>>> <|im_end|><|im_start|>assistant [{""entity"": ""present""}, {""entity"": ""history""}, {""entity"": ""enlargement""}] <|im_end|>
<|im_start|>user Extract the entities contained in the text. Extract only entities contained in the text.
Return the result in a json format: [{""entity"":""entity_name""}]. <<<Patient information: a 9-month-old boy presented to the emergency room with a 3-day history of refusal to bear weight on the right lower extremity and febrile peaks of up to 38.5°C for 24 hours.>>> <|im_end|><|im_start|>assistant [{""entity"": ""presented""}, {""entity"": ""refusal""}, {""entity"": ""bear""}, {""entity"": ""peaks""}] <|im_end|>
<|im_start|>user Extract the entities contained in the text. Extract only entities contained in the text.
Return the result in a json format: [{""entity"":""entity_name""}]. <<The first-line therapy in management of Macrophage activation syndrome complicating Griscelli syndrome type 2 was based on the parenteral administration of high doses of corticosteroids (methylprednisolone pulses 1g/0.73m 2 /day for 3 days then 60mg/m 2) with poor response; persisting with involvement of the 3 cell lines in the blood count, elevated ferritin and triglycerides.>>> <|im_end|><|im_start|>assistant","[{""entity"": ""therapy""}, {""entity"": ""Macrophage activation syndrome""}, {""entity"": ""Griscelli syndrome type 2""}] ","[{""entity"": ""therapy""}, {""entity"": ""based""}, {""entity"": ""administration""}, {""entity"": ""response""}, {""entity"":"
"Given the lack of response to steroids, Etoposide was started for 3 days associated with cyclophosphamide, the evolution was good with improvement of count blood cells, ferritin was lessening while the bone marrow showed decreased numerous of macrophages with low haemophagocytic activity.","[{'id': '10573', 'offsets': array([10, 14]), 'role': '', 'semantic_type_id': '', 'text': 'lack', 'type': 'EVENT'}
 {'id': '10588', 'offsets': array([40, 49]), 'role': '', 'semantic_type_id': '', 'text': 'Etoposide', 'type': 'EVENT'}
 {'id': '10603', 'offsets': array([54, 61]), 'role': '', 'semantic_type_id': '', 'text': 'started', 'type': 'EVENT'}
 {'id': '10618', 'offsets': array([111, 120]), 'role': '', 'semantic_type_id': '', 'text': 'evolution', 'type': 'EVENT'}
 {'id': '10633', 'offsets': array([135, 146]), 'role': '', 'semantic_type_id': '', 'text': 'improvement', 'type': 'EVENT'}
 {'id': '10648', 'offsets': array([214, 220]), 'role': '', 'semantic_type_id': '', 'text': 'showed', 'type': 'EVENT'}
 {'id': '10663', 'offsets': array([243, 254]), 'role': '', 'semantic_type_id': '', 'text': 'macrophages', 'type': 'EVENT'}
 {'id': '11007', 'offsets': array([156, 167]), 'role': '', 'semantic_type_id': '', 'text': 'blood cells', 'type': 'BODYPART'}
 {'id': '11195', 'offsets': array([62, 72]), 'role': '', 'semantic_type_id': '', 'text': 'for 3 days', 'type': 'TIMEX3'}]","We present here a case of Macrophage activation syndrome associated with Griscelli syndrome type 2 in a 3-years-old male born of consanguineous parentage. His birth histories, his familie social history and developmental milestones were unremarkable. He was born at full term with no antenatal or perinatal complications, He was on exclusively breast-fed, food diversification was started at 6 months old, his weight, length and psychomotor development were within the normal range, the child was described as a good eater, was on a normal diet and was thriving appropriately. Furthermore the boy presented a progressive abdominal distension since birth, progressive pallor and recurrent episodes of fever since 1 year of age. There was history of blood transfusions for last 2 months. On the other side there was no history of jaundice, vomiting, urinary or bowel complaints, bleeding from any site or neurological complaints. On admission, he was very pale with silvery gray scalp hair, white eyelashes, he was hypotonic, tachycardic, fever of 40°C, lymphoadenopathy and hepato-splenomegaly. The blood count showed pancytopenia; 1980 white blood cells/µL (VN 4000-13 500/µL), neutrophils 820/µL, 910 cells/µL, hemoglobin (Hb) 6.3 g/dL (11.5-14 VN, 5 g/dL), platelets 44 000/µL (VN 150 000-400 000/µL), There were no giant cytoplasmic granules in leucocytes. The liver function tests were normal expect low albumin (2.1 mg/dL) and increased alkaline phosphatase (1196 mg/dL) with low fibrinogen (1.7g/l). Serum triglycerides, ferrintin and lactic dehydrogenase were very high; respectively 4.75g/L; 2763µg/L and 597U/L. the C reactive protein (CRP) was elevated at 83mg/l. A chest X-ray was normal while the abdominal ultrasound showed a hepatomegaly and a splenomegaly, free biliary ducts without ascites. Because of hepato-splenomegaly, pancytopenia, hyperferritinemia and hypofibrinogenemia the diagnosis of Macrophage activation syndrome was evoked indicating a bone marrow aspiration that showed numerous morphologically benign macrophages with haemophagocytic activity that comforting the diagnosis of a SAM according to Ravelli and HLH-2004 criteria. Blood culture, urine examination, malarial serology, Kala Azar serology, viral serologies such as EBV, hepatitis A, B, C and human immunodeficiency virus HIV, serologies of rickettsia, syphilis and toxoplasmosa were negatives. Serologies of CMV and rubella showed an old immunization. The immunological tests such as antinuclear antibodies (ANA), anti-LKM1, anti-mitochondria and anti-smooth muscle antibodies were negatives. Because of the consanguineous family, notion of recurrent infection and the presence of silvery-gray color of the hair and eyebrows, diagnosis of Griscelli Syndrome was evoked directing a light microscopy examination of the hair that showed a large, irregular clumps of pigments characteristic of Griscelli Syndrome. The molecular biology showed mutation in RAB27A gene confirming the diagnosis of a Griscelli syndrome type 2. The first-line therapy in management of Macrophage activation syndrome complicating Griscelli syndrome type 2 was based on the parenteral administration of high doses of corticosteroids (methylprednisolone pulses 1g/0.73m 2 /day for 3 days then 60mg/m 2) with poor response; persisting with involvement of the 3 cell lines in the blood count, elevated ferritin and triglycerides. Given the lack of response to steroids, Etoposide was started for 3 days associated with cyclophosphamide, the evolution was good with improvement of count blood cells, ferritin was lessening while the bone marrow showed decreased numerous of macrophages with low haemophagocytic activity. On the other side the infectious process was good managed by perfusion of Antibiotics such as Ceftazidim in combination with aminoside. The patient was sent home with prednisone and cyclosporine, He was placed on the list of bone marrow transplantation (BMT).
",EN100372,"<|im_start|>user Extract the entities contained in the text. Extract only entities contained in the text.
Return the result in a json format: [{""entity"":""entity_name""}]. <<Given the lack of response to steroids, Etoposide was started for 3 days associated with cyclophosphamide, the evolution was good with improvement of count blood cells, ferritin was lessening while the bone marrow showed decreased numerous of macrophages with low haemophagocytic activity.>>> <|im_end|><|im_start|>assistant[{""entity"": ""lack""}, {""entity"": ""Etoposide""}, {""entity"": ""started""}, {""entity"": ""evolution""}, {""entity"": ""improvement""}, {""entity"": ""showed""}, {""entity"": ""macrophages""}, {""entity"": ""blood cells""}, {""entity"": ""for 3 days""}] <|im_end|>","<|im_start|>user Extract the entities contained in the text. Extract only entities contained in the text.
Return the result in a json format: [{""entity"":""entity_name""}]. <<<We present a case of a 32-year-old woman with a history of gradual enlargement of the anterior neck.>>> <|im_end|><|im_start|>assistant [{""entity"": ""present""}, {""entity"": ""history""}, {""entity"": ""enlargement""}] <|im_end|>
<|im_start|>user Extract the entities contained in the text. Extract only entities contained in the text.
Return the result in a json format: [{""entity"":""entity_name""}]. <<<Patient information: a 9-month-old boy presented to the emergency room with a 3-day history of refusal to bear weight on the right lower extremity and febrile peaks of up to 38.5°C for 24 hours.>>> <|im_end|><|im_start|>assistant [{""entity"": ""presented""}, {""entity"": ""refusal""}, {""entity"": ""bear""}, {""entity"": ""peaks""}] <|im_end|>
<|im_start|>user Extract the entities contained in the text. Extract only entities contained in the text.
Return the result in a json format: [{""entity"":""entity_name""}]. <<Given the lack of response to steroids, Etoposide was started for 3 days associated with cyclophosphamide, the evolution was good with improvement of count blood cells, ferritin was lessening while the bone marrow showed decreased numerous of macrophages with low haemophagocytic activity.>>> <|im_end|><|im_start|>assistant","[{""entity"": ""lack""}, {""entity"": ""Etoposide""}, {""entity"": ""started""}, {""entity"": ""evolution""}, {""entity"": ""improvement""}, {""entity"": ""showed""}, {""entity"": ""macrophages""}, {""entity"": ""blood cells""}, {""entity"": ""for 3 days""}] ","[{""entity"": ""response""}, {""entity"": ""started""}, {""entity"": ""evolution""}, {""entity"": ""improvement""},"
On the other side the infectious process was good managed by perfusion of Antibiotics such as Ceftazidim in combination with aminoside.,"[{'id': '10678', 'offsets': array([50, 57]), 'role': '', 'semantic_type_id': '', 'text': 'managed', 'type': 'EVENT'}]","We present here a case of Macrophage activation syndrome associated with Griscelli syndrome type 2 in a 3-years-old male born of consanguineous parentage. His birth histories, his familie social history and developmental milestones were unremarkable. He was born at full term with no antenatal or perinatal complications, He was on exclusively breast-fed, food diversification was started at 6 months old, his weight, length and psychomotor development were within the normal range, the child was described as a good eater, was on a normal diet and was thriving appropriately. Furthermore the boy presented a progressive abdominal distension since birth, progressive pallor and recurrent episodes of fever since 1 year of age. There was history of blood transfusions for last 2 months. On the other side there was no history of jaundice, vomiting, urinary or bowel complaints, bleeding from any site or neurological complaints. On admission, he was very pale with silvery gray scalp hair, white eyelashes, he was hypotonic, tachycardic, fever of 40°C, lymphoadenopathy and hepato-splenomegaly. The blood count showed pancytopenia; 1980 white blood cells/µL (VN 4000-13 500/µL), neutrophils 820/µL, 910 cells/µL, hemoglobin (Hb) 6.3 g/dL (11.5-14 VN, 5 g/dL), platelets 44 000/µL (VN 150 000-400 000/µL), There were no giant cytoplasmic granules in leucocytes. The liver function tests were normal expect low albumin (2.1 mg/dL) and increased alkaline phosphatase (1196 mg/dL) with low fibrinogen (1.7g/l). Serum triglycerides, ferrintin and lactic dehydrogenase were very high; respectively 4.75g/L; 2763µg/L and 597U/L. the C reactive protein (CRP) was elevated at 83mg/l. A chest X-ray was normal while the abdominal ultrasound showed a hepatomegaly and a splenomegaly, free biliary ducts without ascites. Because of hepato-splenomegaly, pancytopenia, hyperferritinemia and hypofibrinogenemia the diagnosis of Macrophage activation syndrome was evoked indicating a bone marrow aspiration that showed numerous morphologically benign macrophages with haemophagocytic activity that comforting the diagnosis of a SAM according to Ravelli and HLH-2004 criteria. Blood culture, urine examination, malarial serology, Kala Azar serology, viral serologies such as EBV, hepatitis A, B, C and human immunodeficiency virus HIV, serologies of rickettsia, syphilis and toxoplasmosa were negatives. Serologies of CMV and rubella showed an old immunization. The immunological tests such as antinuclear antibodies (ANA), anti-LKM1, anti-mitochondria and anti-smooth muscle antibodies were negatives. Because of the consanguineous family, notion of recurrent infection and the presence of silvery-gray color of the hair and eyebrows, diagnosis of Griscelli Syndrome was evoked directing a light microscopy examination of the hair that showed a large, irregular clumps of pigments characteristic of Griscelli Syndrome. The molecular biology showed mutation in RAB27A gene confirming the diagnosis of a Griscelli syndrome type 2. The first-line therapy in management of Macrophage activation syndrome complicating Griscelli syndrome type 2 was based on the parenteral administration of high doses of corticosteroids (methylprednisolone pulses 1g/0.73m 2 /day for 3 days then 60mg/m 2) with poor response; persisting with involvement of the 3 cell lines in the blood count, elevated ferritin and triglycerides. Given the lack of response to steroids, Etoposide was started for 3 days associated with cyclophosphamide, the evolution was good with improvement of count blood cells, ferritin was lessening while the bone marrow showed decreased numerous of macrophages with low haemophagocytic activity. On the other side the infectious process was good managed by perfusion of Antibiotics such as Ceftazidim in combination with aminoside. The patient was sent home with prednisone and cyclosporine, He was placed on the list of bone marrow transplantation (BMT).
",EN100372,"<|im_start|>user Extract the entities contained in the text. Extract only entities contained in the text.
Return the result in a json format: [{""entity"":""entity_name""}]. <<On the other side the infectious process was good managed by perfusion of Antibiotics such as Ceftazidim in combination with aminoside.>>> <|im_end|><|im_start|>assistant[{""entity"": ""managed""}] <|im_end|>","<|im_start|>user Extract the entities contained in the text. Extract only entities contained in the text.
Return the result in a json format: [{""entity"":""entity_name""}]. <<<We present a case of a 32-year-old woman with a history of gradual enlargement of the anterior neck.>>> <|im_end|><|im_start|>assistant [{""entity"": ""present""}, {""entity"": ""history""}, {""entity"": ""enlargement""}] <|im_end|>
<|im_start|>user Extract the entities contained in the text. Extract only entities contained in the text.
Return the result in a json format: [{""entity"":""entity_name""}]. <<<Patient information: a 9-month-old boy presented to the emergency room with a 3-day history of refusal to bear weight on the right lower extremity and febrile peaks of up to 38.5°C for 24 hours.>>> <|im_end|><|im_start|>assistant [{""entity"": ""presented""}, {""entity"": ""refusal""}, {""entity"": ""bear""}, {""entity"": ""peaks""}] <|im_end|>
<|im_start|>user Extract the entities contained in the text. Extract only entities contained in the text.
Return the result in a json format: [{""entity"":""entity_name""}]. <<On the other side the infectious process was good managed by perfusion of Antibiotics such as Ceftazidim in combination with aminoside.>>> <|im_end|><|im_start|>assistant","[{""entity"": ""managed""}] ","[{""entity"": ""process""}, {""entity"": ""managed""}, {""entity"": ""perfusion""}, {""entity"": ""Antibiotics""}"
"However, the patient did not refer any motor or sensory deficit.","[{'id': '4861', 'offsets': array([29, 34]), 'role': '', 'semantic_type_id': '', 'text': 'refer', 'type': 'EVENT'}
 {'id': '4876', 'offsets': array([56, 63]), 'role': '', 'semantic_type_id': '', 'text': 'deficit', 'type': 'EVENT'}
 {'id': '5939', 'offsets': array([ 9, 20]), 'role': 'PATIENT', 'semantic_type_id': '', 'text': 'the patient', 'type': 'ACTOR'}]","A 12-year-old girl was referred to Department of Oral Surgery, with a complaint of pain and swelling in the left of maxilla that appeared 3 months ago. The swelling was slowly progressive, associated with pain. However, the patient did not refer any motor or sensory deficit. There was no family history of similar swelling.
Physical examination revealed a left maxillary swelling. There was no facial palsy. No cervical lymph node enlargement was seen. The oral examination showed a 4 cm x 5 cm, tender, compressible mass in the left maxilla, from the lateral incisor to the second premolar teeth. The tumor surface was smooth and red-purple. Several teeth were involved and displaced in the tumor mass. We noted the absence of canine. Vitality tests proved negative on the central and lateral incisor. Hight mobility of lateral incisor was noted. Orthopantomography and occlusal radiography showed a wide osteolytic area of the anterior left maxilla, extending from the first permanent molar to the central incisor. The canine was impacted. No root resorption was observed. The radiolucency was closely related to maxillary sinus and involving the nasal cavity. Haematological investigations showed normal serum calcium, phosphorus and parathormone (PTH) levels. The provisional diagnosis of benign tumor of the maxilla was made.
The patient underwent excision and curettage of the mass with extraction of the canine and lateral incisor tooth. The wound was closed with interrupted sutures. The post-operative histopathological report revealed multinuclear giant cells scattered randomly throughout the cellular and fibrous vascular-rich tissue. New bone formation and granulation tissue rich in mononuclear inflammatory cells was revealed. The giant cells were multinucleated with bland-appearing nuclei, and the background stromal cells displayed no evidence of atypical mitoses. A diagnosis of giant cell tumor was established.
During a 1-year serial clinical and radiological follow-up, there was no evidence of recurrence. The facial contour and masticatory function were well-preserved.
",EN100600,"<|im_start|>user Extract the entities contained in the text. Extract only entities contained in the text.
Return the result in a json format: [{""entity"":""entity_name""}]. <<However, the patient did not refer any motor or sensory deficit.>>> <|im_end|><|im_start|>assistant[{""entity"": ""refer""}, {""entity"": ""deficit""}, {""entity"": ""the patient""}] <|im_end|>","<|im_start|>user Extract the entities contained in the text. Extract only entities contained in the text.
Return the result in a json format: [{""entity"":""entity_name""}]. <<<We present a case of a 32-year-old woman with a history of gradual enlargement of the anterior neck.>>> <|im_end|><|im_start|>assistant [{""entity"": ""present""}, {""entity"": ""history""}, {""entity"": ""enlargement""}] <|im_end|>
<|im_start|>user Extract the entities contained in the text. Extract only entities contained in the text.
Return the result in a json format: [{""entity"":""entity_name""}]. <<<Patient information: a 9-month-old boy presented to the emergency room with a 3-day history of refusal to bear weight on the right lower extremity and febrile peaks of up to 38.5°C for 24 hours.>>> <|im_end|><|im_start|>assistant [{""entity"": ""presented""}, {""entity"": ""refusal""}, {""entity"": ""bear""}, {""entity"": ""peaks""}] <|im_end|>
<|im_start|>user Extract the entities contained in the text. Extract only entities contained in the text.
Return the result in a json format: [{""entity"":""entity_name""}]. <<However, the patient did not refer any motor or sensory deficit.>>> <|im_end|><|im_start|>assistant","[{""entity"": ""refer""}, {""entity"": ""deficit""}, {""entity"": ""the patient""}] ","[{""entity"": ""deficit""}, {""entity"": ""the patient""}] <|im_end|><|im_end|><|im_end|><|im_end|><|im_end|><|im_end|><|im_end|><|im_end|><|im_end|><|im_end|><|im_end|>"
There was no facial palsy.,"[{'id': '4951', 'offsets': array([20, 25]), 'role': '', 'semantic_type_id': '', 'text': 'palsy', 'type': 'EVENT'}
 {'id': '5759', 'offsets': array([13, 25]), 'role': '', 'semantic_type_id': 'C0015469', 'text': 'facial palsy', 'type': 'CLINENTITY'}]","A 12-year-old girl was referred to Department of Oral Surgery, with a complaint of pain and swelling in the left of maxilla that appeared 3 months ago. The swelling was slowly progressive, associated with pain. However, the patient did not refer any motor or sensory deficit. There was no family history of similar swelling.
Physical examination revealed a left maxillary swelling. There was no facial palsy. No cervical lymph node enlargement was seen. The oral examination showed a 4 cm x 5 cm, tender, compressible mass in the left maxilla, from the lateral incisor to the second premolar teeth. The tumor surface was smooth and red-purple. Several teeth were involved and displaced in the tumor mass. We noted the absence of canine. Vitality tests proved negative on the central and lateral incisor. Hight mobility of lateral incisor was noted. Orthopantomography and occlusal radiography showed a wide osteolytic area of the anterior left maxilla, extending from the first permanent molar to the central incisor. The canine was impacted. No root resorption was observed. The radiolucency was closely related to maxillary sinus and involving the nasal cavity. Haematological investigations showed normal serum calcium, phosphorus and parathormone (PTH) levels. The provisional diagnosis of benign tumor of the maxilla was made.
The patient underwent excision and curettage of the mass with extraction of the canine and lateral incisor tooth. The wound was closed with interrupted sutures. The post-operative histopathological report revealed multinuclear giant cells scattered randomly throughout the cellular and fibrous vascular-rich tissue. New bone formation and granulation tissue rich in mononuclear inflammatory cells was revealed. The giant cells were multinucleated with bland-appearing nuclei, and the background stromal cells displayed no evidence of atypical mitoses. A diagnosis of giant cell tumor was established.
During a 1-year serial clinical and radiological follow-up, there was no evidence of recurrence. The facial contour and masticatory function were well-preserved.
",EN100600,"<|im_start|>user Extract the entities contained in the text. Extract only entities contained in the text.
Return the result in a json format: [{""entity"":""entity_name""}]. <<There was no facial palsy.>>> <|im_end|><|im_start|>assistant[{""entity"": ""palsy""}, {""entity"": ""facial palsy""}] <|im_end|>","<|im_start|>user Extract the entities contained in the text. Extract only entities contained in the text.
Return the result in a json format: [{""entity"":""entity_name""}]. <<<We present a case of a 32-year-old woman with a history of gradual enlargement of the anterior neck.>>> <|im_end|><|im_start|>assistant [{""entity"": ""present""}, {""entity"": ""history""}, {""entity"": ""enlargement""}] <|im_end|>
<|im_start|>user Extract the entities contained in the text. Extract only entities contained in the text.
Return the result in a json format: [{""entity"":""entity_name""}]. <<<Patient information: a 9-month-old boy presented to the emergency room with a 3-day history of refusal to bear weight on the right lower extremity and febrile peaks of up to 38.5°C for 24 hours.>>> <|im_end|><|im_start|>assistant [{""entity"": ""presented""}, {""entity"": ""refusal""}, {""entity"": ""bear""}, {""entity"": ""peaks""}] <|im_end|>
<|im_start|>user Extract the entities contained in the text. Extract only entities contained in the text.
Return the result in a json format: [{""entity"":""entity_name""}]. <<There was no facial palsy.>>> <|im_end|><|im_start|>assistant","[{""entity"": ""palsy""}, {""entity"": ""facial palsy""}] ","[{""entity"": ""palsy""}, {""entity"": ""facial palsy""}] <|im_end|><|im_end|><|im_end|><|im_end|><|im_end|><|im_end|><|im_end|><|im_end|><|im_end|>"
"The oral examination showed a 4 cm x 5 cm, tender, compressible mass in the left maxilla, from the lateral incisor to the second premolar teeth.","[{'id': '4996', 'offsets': array([ 9, 20]), 'role': '', 'semantic_type_id': '', 'text': 'examination', 'type': 'EVENT'}
 {'id': '5011', 'offsets': array([21, 27]), 'role': '', 'semantic_type_id': '', 'text': 'showed', 'type': 'EVENT'}
 {'id': '5026', 'offsets': array([64, 68]), 'role': '', 'semantic_type_id': '', 'text': 'mass', 'type': 'EVENT'}
 {'id': '5806', 'offsets': array([72, 88]), 'role': '', 'semantic_type_id': '', 'text': 'the left maxilla', 'type': 'BODYPART'}
 {'id': '5812', 'offsets': array([ 95, 114]), 'role': '', 'semantic_type_id': '', 'text': 'the lateral incisor', 'type': 'BODYPART'}
 {'id': '5818', 'offsets': array([118, 143]), 'role': '', 'semantic_type_id': '', 'text': 'the second premolar teeth', 'type': 'BODYPART'}
 {'id': '5960', 'offsets': array([30, 41]), 'role': '', 'semantic_type_id': '', 'text': '4 cm x 5 cm', 'type': 'RML'}]","A 12-year-old girl was referred to Department of Oral Surgery, with a complaint of pain and swelling in the left of maxilla that appeared 3 months ago. The swelling was slowly progressive, associated with pain. However, the patient did not refer any motor or sensory deficit. There was no family history of similar swelling.
Physical examination revealed a left maxillary swelling. There was no facial palsy. No cervical lymph node enlargement was seen. The oral examination showed a 4 cm x 5 cm, tender, compressible mass in the left maxilla, from the lateral incisor to the second premolar teeth. The tumor surface was smooth and red-purple. Several teeth were involved and displaced in the tumor mass. We noted the absence of canine. Vitality tests proved negative on the central and lateral incisor. Hight mobility of lateral incisor was noted. Orthopantomography and occlusal radiography showed a wide osteolytic area of the anterior left maxilla, extending from the first permanent molar to the central incisor. The canine was impacted. No root resorption was observed. The radiolucency was closely related to maxillary sinus and involving the nasal cavity. Haematological investigations showed normal serum calcium, phosphorus and parathormone (PTH) levels. The provisional diagnosis of benign tumor of the maxilla was made.
The patient underwent excision and curettage of the mass with extraction of the canine and lateral incisor tooth. The wound was closed with interrupted sutures. The post-operative histopathological report revealed multinuclear giant cells scattered randomly throughout the cellular and fibrous vascular-rich tissue. New bone formation and granulation tissue rich in mononuclear inflammatory cells was revealed. The giant cells were multinucleated with bland-appearing nuclei, and the background stromal cells displayed no evidence of atypical mitoses. A diagnosis of giant cell tumor was established.
During a 1-year serial clinical and radiological follow-up, there was no evidence of recurrence. The facial contour and masticatory function were well-preserved.
",EN100600,"<|im_start|>user Extract the entities contained in the text. Extract only entities contained in the text.
Return the result in a json format: [{""entity"":""entity_name""}]. <<The oral examination showed a 4 cm x 5 cm, tender, compressible mass in the left maxilla, from the lateral incisor to the second premolar teeth.>>> <|im_end|><|im_start|>assistant[{""entity"": ""examination""}, {""entity"": ""showed""}, {""entity"": ""mass""}, {""entity"": ""the left maxilla""}, {""entity"": ""the lateral incisor""}, {""entity"": ""the second premolar teeth""}, {""entity"": ""4 cm x 5 cm""}] <|im_end|>","<|im_start|>user Extract the entities contained in the text. Extract only entities contained in the text.
Return the result in a json format: [{""entity"":""entity_name""}]. <<<We present a case of a 32-year-old woman with a history of gradual enlargement of the anterior neck.>>> <|im_end|><|im_start|>assistant [{""entity"": ""present""}, {""entity"": ""history""}, {""entity"": ""enlargement""}] <|im_end|>
<|im_start|>user Extract the entities contained in the text. Extract only entities contained in the text.
Return the result in a json format: [{""entity"":""entity_name""}]. <<<Patient information: a 9-month-old boy presented to the emergency room with a 3-day history of refusal to bear weight on the right lower extremity and febrile peaks of up to 38.5°C for 24 hours.>>> <|im_end|><|im_start|>assistant [{""entity"": ""presented""}, {""entity"": ""refusal""}, {""entity"": ""bear""}, {""entity"": ""peaks""}] <|im_end|>
<|im_start|>user Extract the entities contained in the text. Extract only entities contained in the text.
Return the result in a json format: [{""entity"":""entity_name""}]. <<The oral examination showed a 4 cm x 5 cm, tender, compressible mass in the left maxilla, from the lateral incisor to the second premolar teeth.>>> <|im_end|><|im_start|>assistant","[{""entity"": ""examination""}, {""entity"": ""showed""}, {""entity"": ""mass""}, {""entity"": ""the left maxilla""}, {""entity"": ""the lateral incisor""}, {""entity"": ""the second premolar teeth""}, {""entity"": ""4 cm x 5 cm""}] ","[{""entity"": ""examination""}, {""entity"": ""showed""}, {""entity"": ""mass""}, {""entity"": ""The oral examination"
The tumor surface was smooth and red-purple.,"[{'id': '5041', 'offsets': array([10, 17]), 'role': '', 'semantic_type_id': '', 'text': 'surface', 'type': 'EVENT'}
 {'id': '5056', 'offsets': array([22, 28]), 'role': '', 'semantic_type_id': '', 'text': 'smooth', 'type': 'EVENT'}
 {'id': '5071', 'offsets': array([33, 43]), 'role': '', 'semantic_type_id': '', 'text': 'red-purple', 'type': 'EVENT'}
 {'id': '5766', 'offsets': array([4, 9]), 'role': '', 'semantic_type_id': 'C0027651', 'text': 'tumor', 'type': 'CLINENTITY'}]","A 12-year-old girl was referred to Department of Oral Surgery, with a complaint of pain and swelling in the left of maxilla that appeared 3 months ago. The swelling was slowly progressive, associated with pain. However, the patient did not refer any motor or sensory deficit. There was no family history of similar swelling.
Physical examination revealed a left maxillary swelling. There was no facial palsy. No cervical lymph node enlargement was seen. The oral examination showed a 4 cm x 5 cm, tender, compressible mass in the left maxilla, from the lateral incisor to the second premolar teeth. The tumor surface was smooth and red-purple. Several teeth were involved and displaced in the tumor mass. We noted the absence of canine. Vitality tests proved negative on the central and lateral incisor. Hight mobility of lateral incisor was noted. Orthopantomography and occlusal radiography showed a wide osteolytic area of the anterior left maxilla, extending from the first permanent molar to the central incisor. The canine was impacted. No root resorption was observed. The radiolucency was closely related to maxillary sinus and involving the nasal cavity. Haematological investigations showed normal serum calcium, phosphorus and parathormone (PTH) levels. The provisional diagnosis of benign tumor of the maxilla was made.
The patient underwent excision and curettage of the mass with extraction of the canine and lateral incisor tooth. The wound was closed with interrupted sutures. The post-operative histopathological report revealed multinuclear giant cells scattered randomly throughout the cellular and fibrous vascular-rich tissue. New bone formation and granulation tissue rich in mononuclear inflammatory cells was revealed. The giant cells were multinucleated with bland-appearing nuclei, and the background stromal cells displayed no evidence of atypical mitoses. A diagnosis of giant cell tumor was established.
During a 1-year serial clinical and radiological follow-up, there was no evidence of recurrence. The facial contour and masticatory function were well-preserved.
",EN100600,"<|im_start|>user Extract the entities contained in the text. Extract only entities contained in the text.
Return the result in a json format: [{""entity"":""entity_name""}]. <<The tumor surface was smooth and red-purple.>>> <|im_end|><|im_start|>assistant[{""entity"": ""surface""}, {""entity"": ""smooth""}, {""entity"": ""red-purple""}, {""entity"": ""tumor""}] <|im_end|>","<|im_start|>user Extract the entities contained in the text. Extract only entities contained in the text.
Return the result in a json format: [{""entity"":""entity_name""}]. <<<We present a case of a 32-year-old woman with a history of gradual enlargement of the anterior neck.>>> <|im_end|><|im_start|>assistant [{""entity"": ""present""}, {""entity"": ""history""}, {""entity"": ""enlargement""}] <|im_end|>
<|im_start|>user Extract the entities contained in the text. Extract only entities contained in the text.
Return the result in a json format: [{""entity"":""entity_name""}]. <<<Patient information: a 9-month-old boy presented to the emergency room with a 3-day history of refusal to bear weight on the right lower extremity and febrile peaks of up to 38.5°C for 24 hours.>>> <|im_end|><|im_start|>assistant [{""entity"": ""presented""}, {""entity"": ""refusal""}, {""entity"": ""bear""}, {""entity"": ""peaks""}] <|im_end|>
<|im_start|>user Extract the entities contained in the text. Extract only entities contained in the text.
Return the result in a json format: [{""entity"":""entity_name""}]. <<The tumor surface was smooth and red-purple.>>> <|im_end|><|im_start|>assistant","[{""entity"": ""surface""}, {""entity"": ""smooth""}, {""entity"": ""red-purple""}, {""entity"": ""tumor""}] ","[{""entity"": ""The tumor""}] <|im_end|><|im_end|><|im_end|><|im_end|><|im_end|><|im_end|><|im_end|><|im_end|><|im_end|><|im_end|><|im_end|><|im_end|><|im_end|><|im_end|><|im_end|><|im_end|><|im_end|><|im_end|>"
Several teeth were involved and displaced in the tumor mass.,"[{'id': '5086', 'offsets': array([19, 27]), 'role': '', 'semantic_type_id': '', 'text': 'involved', 'type': 'EVENT'}
 {'id': '5101', 'offsets': array([32, 41]), 'role': '', 'semantic_type_id': '', 'text': 'displaced', 'type': 'EVENT'}
 {'id': '5116', 'offsets': array([55, 59]), 'role': '', 'semantic_type_id': '', 'text': 'mass', 'type': 'EVENT'}
 {'id': '5773', 'offsets': array([49, 59]), 'role': '', 'semantic_type_id': 'C3273930', 'text': 'tumor mass', 'type': 'CLINENTITY'}
 {'id': '5824', 'offsets': array([ 0, 13]), 'role': '', 'semantic_type_id': '', 'text': 'Several teeth', 'type': 'BODYPART'}]","A 12-year-old girl was referred to Department of Oral Surgery, with a complaint of pain and swelling in the left of maxilla that appeared 3 months ago. The swelling was slowly progressive, associated with pain. However, the patient did not refer any motor or sensory deficit. There was no family history of similar swelling.
Physical examination revealed a left maxillary swelling. There was no facial palsy. No cervical lymph node enlargement was seen. The oral examination showed a 4 cm x 5 cm, tender, compressible mass in the left maxilla, from the lateral incisor to the second premolar teeth. The tumor surface was smooth and red-purple. Several teeth were involved and displaced in the tumor mass. We noted the absence of canine. Vitality tests proved negative on the central and lateral incisor. Hight mobility of lateral incisor was noted. Orthopantomography and occlusal radiography showed a wide osteolytic area of the anterior left maxilla, extending from the first permanent molar to the central incisor. The canine was impacted. No root resorption was observed. The radiolucency was closely related to maxillary sinus and involving the nasal cavity. Haematological investigations showed normal serum calcium, phosphorus and parathormone (PTH) levels. The provisional diagnosis of benign tumor of the maxilla was made.
The patient underwent excision and curettage of the mass with extraction of the canine and lateral incisor tooth. The wound was closed with interrupted sutures. The post-operative histopathological report revealed multinuclear giant cells scattered randomly throughout the cellular and fibrous vascular-rich tissue. New bone formation and granulation tissue rich in mononuclear inflammatory cells was revealed. The giant cells were multinucleated with bland-appearing nuclei, and the background stromal cells displayed no evidence of atypical mitoses. A diagnosis of giant cell tumor was established.
During a 1-year serial clinical and radiological follow-up, there was no evidence of recurrence. The facial contour and masticatory function were well-preserved.
",EN100600,"<|im_start|>user Extract the entities contained in the text. Extract only entities contained in the text.
Return the result in a json format: [{""entity"":""entity_name""}]. <<Several teeth were involved and displaced in the tumor mass.>>> <|im_end|><|im_start|>assistant[{""entity"": ""involved""}, {""entity"": ""displaced""}, {""entity"": ""mass""}, {""entity"": ""tumor mass""}, {""entity"": ""Several teeth""}] <|im_end|>","<|im_start|>user Extract the entities contained in the text. Extract only entities contained in the text.
Return the result in a json format: [{""entity"":""entity_name""}]. <<<We present a case of a 32-year-old woman with a history of gradual enlargement of the anterior neck.>>> <|im_end|><|im_start|>assistant [{""entity"": ""present""}, {""entity"": ""history""}, {""entity"": ""enlargement""}] <|im_end|>
<|im_start|>user Extract the entities contained in the text. Extract only entities contained in the text.
Return the result in a json format: [{""entity"":""entity_name""}]. <<<Patient information: a 9-month-old boy presented to the emergency room with a 3-day history of refusal to bear weight on the right lower extremity and febrile peaks of up to 38.5°C for 24 hours.>>> <|im_end|><|im_start|>assistant [{""entity"": ""presented""}, {""entity"": ""refusal""}, {""entity"": ""bear""}, {""entity"": ""peaks""}] <|im_end|>
<|im_start|>user Extract the entities contained in the text. Extract only entities contained in the text.
Return the result in a json format: [{""entity"":""entity_name""}]. <<Several teeth were involved and displaced in the tumor mass.>>> <|im_end|><|im_start|>assistant","[{""entity"": ""involved""}, {""entity"": ""displaced""}, {""entity"": ""mass""}, {""entity"": ""tumor mass""}, {""entity"": ""Several teeth""}] ","[{""entity"": ""involved""}, {""entity"": ""displaced""}, {""entity"": ""tumor""}, {""entity"": ""several"
We noted the absence of canine.,"[{'id': '5131', 'offsets': array([3, 8]), 'role': '', 'semantic_type_id': '', 'text': 'noted', 'type': 'EVENT'}
 {'id': '5146', 'offsets': array([13, 20]), 'role': '', 'semantic_type_id': '', 'text': 'absence', 'type': 'EVENT'}
 {'id': '5830', 'offsets': array([24, 30]), 'role': '', 'semantic_type_id': '', 'text': 'canine', 'type': 'BODYPART'}
 {'id': '5946', 'offsets': array([0, 2]), 'role': 'H-PROFESSIONAL', 'semantic_type_id': '', 'text': 'We', 'type': 'ACTOR'}]","A 12-year-old girl was referred to Department of Oral Surgery, with a complaint of pain and swelling in the left of maxilla that appeared 3 months ago. The swelling was slowly progressive, associated with pain. However, the patient did not refer any motor or sensory deficit. There was no family history of similar swelling.
Physical examination revealed a left maxillary swelling. There was no facial palsy. No cervical lymph node enlargement was seen. The oral examination showed a 4 cm x 5 cm, tender, compressible mass in the left maxilla, from the lateral incisor to the second premolar teeth. The tumor surface was smooth and red-purple. Several teeth were involved and displaced in the tumor mass. We noted the absence of canine. Vitality tests proved negative on the central and lateral incisor. Hight mobility of lateral incisor was noted. Orthopantomography and occlusal radiography showed a wide osteolytic area of the anterior left maxilla, extending from the first permanent molar to the central incisor. The canine was impacted. No root resorption was observed. The radiolucency was closely related to maxillary sinus and involving the nasal cavity. Haematological investigations showed normal serum calcium, phosphorus and parathormone (PTH) levels. The provisional diagnosis of benign tumor of the maxilla was made.
The patient underwent excision and curettage of the mass with extraction of the canine and lateral incisor tooth. The wound was closed with interrupted sutures. The post-operative histopathological report revealed multinuclear giant cells scattered randomly throughout the cellular and fibrous vascular-rich tissue. New bone formation and granulation tissue rich in mononuclear inflammatory cells was revealed. The giant cells were multinucleated with bland-appearing nuclei, and the background stromal cells displayed no evidence of atypical mitoses. A diagnosis of giant cell tumor was established.
During a 1-year serial clinical and radiological follow-up, there was no evidence of recurrence. The facial contour and masticatory function were well-preserved.
",EN100600,"<|im_start|>user Extract the entities contained in the text. Extract only entities contained in the text.
Return the result in a json format: [{""entity"":""entity_name""}]. <<We noted the absence of canine.>>> <|im_end|><|im_start|>assistant[{""entity"": ""noted""}, {""entity"": ""absence""}, {""entity"": ""canine""}, {""entity"": ""We""}] <|im_end|>","<|im_start|>user Extract the entities contained in the text. Extract only entities contained in the text.
Return the result in a json format: [{""entity"":""entity_name""}]. <<<We present a case of a 32-year-old woman with a history of gradual enlargement of the anterior neck.>>> <|im_end|><|im_start|>assistant [{""entity"": ""present""}, {""entity"": ""history""}, {""entity"": ""enlargement""}] <|im_end|>
<|im_start|>user Extract the entities contained in the text. Extract only entities contained in the text.
Return the result in a json format: [{""entity"":""entity_name""}]. <<<Patient information: a 9-month-old boy presented to the emergency room with a 3-day history of refusal to bear weight on the right lower extremity and febrile peaks of up to 38.5°C for 24 hours.>>> <|im_end|><|im_start|>assistant [{""entity"": ""presented""}, {""entity"": ""refusal""}, {""entity"": ""bear""}, {""entity"": ""peaks""}] <|im_end|>
<|im_start|>user Extract the entities contained in the text. Extract only entities contained in the text.
Return the result in a json format: [{""entity"":""entity_name""}]. <<We noted the absence of canine.>>> <|im_end|><|im_start|>assistant","[{""entity"": ""noted""}, {""entity"": ""absence""}, {""entity"": ""canine""}, {""entity"": ""We""}] ","[{""entity"": ""noted""}, {""entity"": ""absence""}, {""entity"": ""canine""}] <|im_end|><|im_end|><|im_end|><|im_end|>"
Hight mobility of lateral incisor was noted.,"[{'id': '5176', 'offsets': array([ 6, 14]), 'role': '', 'semantic_type_id': '', 'text': 'mobility', 'type': 'EVENT'}
 {'id': '5191', 'offsets': array([38, 43]), 'role': '', 'semantic_type_id': '', 'text': 'noted', 'type': 'EVENT'}
 {'id': '5842', 'offsets': array([18, 33]), 'role': '', 'semantic_type_id': '', 'text': 'lateral incisor', 'type': 'BODYPART'}]","A 12-year-old girl was referred to Department of Oral Surgery, with a complaint of pain and swelling in the left of maxilla that appeared 3 months ago. The swelling was slowly progressive, associated with pain. However, the patient did not refer any motor or sensory deficit. There was no family history of similar swelling.
Physical examination revealed a left maxillary swelling. There was no facial palsy. No cervical lymph node enlargement was seen. The oral examination showed a 4 cm x 5 cm, tender, compressible mass in the left maxilla, from the lateral incisor to the second premolar teeth. The tumor surface was smooth and red-purple. Several teeth were involved and displaced in the tumor mass. We noted the absence of canine. Vitality tests proved negative on the central and lateral incisor. Hight mobility of lateral incisor was noted. Orthopantomography and occlusal radiography showed a wide osteolytic area of the anterior left maxilla, extending from the first permanent molar to the central incisor. The canine was impacted. No root resorption was observed. The radiolucency was closely related to maxillary sinus and involving the nasal cavity. Haematological investigations showed normal serum calcium, phosphorus and parathormone (PTH) levels. The provisional diagnosis of benign tumor of the maxilla was made.
The patient underwent excision and curettage of the mass with extraction of the canine and lateral incisor tooth. The wound was closed with interrupted sutures. The post-operative histopathological report revealed multinuclear giant cells scattered randomly throughout the cellular and fibrous vascular-rich tissue. New bone formation and granulation tissue rich in mononuclear inflammatory cells was revealed. The giant cells were multinucleated with bland-appearing nuclei, and the background stromal cells displayed no evidence of atypical mitoses. A diagnosis of giant cell tumor was established.
During a 1-year serial clinical and radiological follow-up, there was no evidence of recurrence. The facial contour and masticatory function were well-preserved.
",EN100600,"<|im_start|>user Extract the entities contained in the text. Extract only entities contained in the text.
Return the result in a json format: [{""entity"":""entity_name""}]. <<Hight mobility of lateral incisor was noted.>>> <|im_end|><|im_start|>assistant[{""entity"": ""mobility""}, {""entity"": ""noted""}, {""entity"": ""lateral incisor""}] <|im_end|>","<|im_start|>user Extract the entities contained in the text. Extract only entities contained in the text.
Return the result in a json format: [{""entity"":""entity_name""}]. <<<We present a case of a 32-year-old woman with a history of gradual enlargement of the anterior neck.>>> <|im_end|><|im_start|>assistant [{""entity"": ""present""}, {""entity"": ""history""}, {""entity"": ""enlargement""}] <|im_end|>
<|im_start|>user Extract the entities contained in the text. Extract only entities contained in the text.
Return the result in a json format: [{""entity"":""entity_name""}]. <<<Patient information: a 9-month-old boy presented to the emergency room with a 3-day history of refusal to bear weight on the right lower extremity and febrile peaks of up to 38.5°C for 24 hours.>>> <|im_end|><|im_start|>assistant [{""entity"": ""presented""}, {""entity"": ""refusal""}, {""entity"": ""bear""}, {""entity"": ""peaks""}] <|im_end|>
<|im_start|>user Extract the entities contained in the text. Extract only entities contained in the text.
Return the result in a json format: [{""entity"":""entity_name""}]. <<Hight mobility of lateral incisor was noted.>>> <|im_end|><|im_start|>assistant","[{""entity"": ""mobility""}, {""entity"": ""noted""}, {""entity"": ""lateral incisor""}] ","[{""entity"": ""noted""}, {""entity"": ""Hight mobility of lateral incisor""}] <|im_end|><|im_end|><|im_end|><|im_end|><|im_end|><|im_end|>"
"Orthopantomography and occlusal radiography showed a wide osteolytic area of the anterior left maxilla, extending from the first permanent molar to the central incisor.","[{'id': '5206', 'offsets': array([ 0, 18]), 'role': '', 'semantic_type_id': '', 'text': 'Orthopantomography', 'type': 'EVENT'}
 {'id': '5221', 'offsets': array([32, 43]), 'role': '', 'semantic_type_id': '', 'text': 'radiography', 'type': 'EVENT'}
 {'id': '5236', 'offsets': array([44, 50]), 'role': '', 'semantic_type_id': '', 'text': 'showed', 'type': 'EVENT'}
 {'id': '5251', 'offsets': array([69, 73]), 'role': '', 'semantic_type_id': '', 'text': 'area', 'type': 'EVENT'}
 {'id': '5266', 'offsets': array([104, 113]), 'role': '', 'semantic_type_id': '', 'text': 'extending', 'type': 'EVENT'}
 {'id': '5848', 'offsets': array([ 77, 102]), 'role': '', 'semantic_type_id': '', 'text': 'the anterior left maxilla', 'type': 'BODYPART'}
 {'id': '5854', 'offsets': array([119, 144]), 'role': '', 'semantic_type_id': '', 'text': 'the first permanent molar', 'type': 'BODYPART'}
 {'id': '5860', 'offsets': array([148, 167]), 'role': '', 'semantic_type_id': '', 'text': 'the central incisor', 'type': 'BODYPART'}]","A 12-year-old girl was referred to Department of Oral Surgery, with a complaint of pain and swelling in the left of maxilla that appeared 3 months ago. The swelling was slowly progressive, associated with pain. However, the patient did not refer any motor or sensory deficit. There was no family history of similar swelling.
Physical examination revealed a left maxillary swelling. There was no facial palsy. No cervical lymph node enlargement was seen. The oral examination showed a 4 cm x 5 cm, tender, compressible mass in the left maxilla, from the lateral incisor to the second premolar teeth. The tumor surface was smooth and red-purple. Several teeth were involved and displaced in the tumor mass. We noted the absence of canine. Vitality tests proved negative on the central and lateral incisor. Hight mobility of lateral incisor was noted. Orthopantomography and occlusal radiography showed a wide osteolytic area of the anterior left maxilla, extending from the first permanent molar to the central incisor. The canine was impacted. No root resorption was observed. The radiolucency was closely related to maxillary sinus and involving the nasal cavity. Haematological investigations showed normal serum calcium, phosphorus and parathormone (PTH) levels. The provisional diagnosis of benign tumor of the maxilla was made.
The patient underwent excision and curettage of the mass with extraction of the canine and lateral incisor tooth. The wound was closed with interrupted sutures. The post-operative histopathological report revealed multinuclear giant cells scattered randomly throughout the cellular and fibrous vascular-rich tissue. New bone formation and granulation tissue rich in mononuclear inflammatory cells was revealed. The giant cells were multinucleated with bland-appearing nuclei, and the background stromal cells displayed no evidence of atypical mitoses. A diagnosis of giant cell tumor was established.
During a 1-year serial clinical and radiological follow-up, there was no evidence of recurrence. The facial contour and masticatory function were well-preserved.
",EN100600,"<|im_start|>user Extract the entities contained in the text. Extract only entities contained in the text.
Return the result in a json format: [{""entity"":""entity_name""}]. <<Orthopantomography and occlusal radiography showed a wide osteolytic area of the anterior left maxilla, extending from the first permanent molar to the central incisor.>>> <|im_end|><|im_start|>assistant[{""entity"": ""Orthopantomography""}, {""entity"": ""radiography""}, {""entity"": ""showed""}, {""entity"": ""area""}, {""entity"": ""extending""}, {""entity"": ""the anterior left maxilla""}, {""entity"": ""the first permanent molar""}, {""entity"": ""the central incisor""}] <|im_end|>","<|im_start|>user Extract the entities contained in the text. Extract only entities contained in the text.
Return the result in a json format: [{""entity"":""entity_name""}]. <<<We present a case of a 32-year-old woman with a history of gradual enlargement of the anterior neck.>>> <|im_end|><|im_start|>assistant [{""entity"": ""present""}, {""entity"": ""history""}, {""entity"": ""enlargement""}] <|im_end|>
<|im_start|>user Extract the entities contained in the text. Extract only entities contained in the text.
Return the result in a json format: [{""entity"":""entity_name""}]. <<<Patient information: a 9-month-old boy presented to the emergency room with a 3-day history of refusal to bear weight on the right lower extremity and febrile peaks of up to 38.5°C for 24 hours.>>> <|im_end|><|im_start|>assistant [{""entity"": ""presented""}, {""entity"": ""refusal""}, {""entity"": ""bear""}, {""entity"": ""peaks""}] <|im_end|>
<|im_start|>user Extract the entities contained in the text. Extract only entities contained in the text.
Return the result in a json format: [{""entity"":""entity_name""}]. <<Orthopantomography and occlusal radiography showed a wide osteolytic area of the anterior left maxilla, extending from the first permanent molar to the central incisor.>>> <|im_end|><|im_start|>assistant","[{""entity"": ""Orthopantomography""}, {""entity"": ""radiography""}, {""entity"": ""showed""}, {""entity"": ""area""}, {""entity"": ""extending""}, {""entity"": ""the anterior left maxilla""}, {""entity"": ""the first permanent molar""}, {""entity"": ""the central incisor""}] ","[{""entity"": ""orthopantomography""}, {""entity"": ""radiography""}, {""entity"": ""showed""}, {""entity"": """
No root resorption was observed.,"[{'id': '5296', 'offsets': array([ 8, 18]), 'role': '', 'semantic_type_id': '', 'text': 'resorption', 'type': 'EVENT'}
 {'id': '5311', 'offsets': array([23, 31]), 'role': '', 'semantic_type_id': '', 'text': 'observed', 'type': 'EVENT'}
 {'id': '5872', 'offsets': array([3, 7]), 'role': '', 'semantic_type_id': '', 'text': 'root', 'type': 'BODYPART'}]","A 12-year-old girl was referred to Department of Oral Surgery, with a complaint of pain and swelling in the left of maxilla that appeared 3 months ago. The swelling was slowly progressive, associated with pain. However, the patient did not refer any motor or sensory deficit. There was no family history of similar swelling.
Physical examination revealed a left maxillary swelling. There was no facial palsy. No cervical lymph node enlargement was seen. The oral examination showed a 4 cm x 5 cm, tender, compressible mass in the left maxilla, from the lateral incisor to the second premolar teeth. The tumor surface was smooth and red-purple. Several teeth were involved and displaced in the tumor mass. We noted the absence of canine. Vitality tests proved negative on the central and lateral incisor. Hight mobility of lateral incisor was noted. Orthopantomography and occlusal radiography showed a wide osteolytic area of the anterior left maxilla, extending from the first permanent molar to the central incisor. The canine was impacted. No root resorption was observed. The radiolucency was closely related to maxillary sinus and involving the nasal cavity. Haematological investigations showed normal serum calcium, phosphorus and parathormone (PTH) levels. The provisional diagnosis of benign tumor of the maxilla was made.
The patient underwent excision and curettage of the mass with extraction of the canine and lateral incisor tooth. The wound was closed with interrupted sutures. The post-operative histopathological report revealed multinuclear giant cells scattered randomly throughout the cellular and fibrous vascular-rich tissue. New bone formation and granulation tissue rich in mononuclear inflammatory cells was revealed. The giant cells were multinucleated with bland-appearing nuclei, and the background stromal cells displayed no evidence of atypical mitoses. A diagnosis of giant cell tumor was established.
During a 1-year serial clinical and radiological follow-up, there was no evidence of recurrence. The facial contour and masticatory function were well-preserved.
",EN100600,"<|im_start|>user Extract the entities contained in the text. Extract only entities contained in the text.
Return the result in a json format: [{""entity"":""entity_name""}]. <<No root resorption was observed.>>> <|im_end|><|im_start|>assistant[{""entity"": ""resorption""}, {""entity"": ""observed""}, {""entity"": ""root""}] <|im_end|>","<|im_start|>user Extract the entities contained in the text. Extract only entities contained in the text.
Return the result in a json format: [{""entity"":""entity_name""}]. <<<We present a case of a 32-year-old woman with a history of gradual enlargement of the anterior neck.>>> <|im_end|><|im_start|>assistant [{""entity"": ""present""}, {""entity"": ""history""}, {""entity"": ""enlargement""}] <|im_end|>
<|im_start|>user Extract the entities contained in the text. Extract only entities contained in the text.
Return the result in a json format: [{""entity"":""entity_name""}]. <<<Patient information: a 9-month-old boy presented to the emergency room with a 3-day history of refusal to bear weight on the right lower extremity and febrile peaks of up to 38.5°C for 24 hours.>>> <|im_end|><|im_start|>assistant [{""entity"": ""presented""}, {""entity"": ""refusal""}, {""entity"": ""bear""}, {""entity"": ""peaks""}] <|im_end|>
<|im_start|>user Extract the entities contained in the text. Extract only entities contained in the text.
Return the result in a json format: [{""entity"":""entity_name""}]. <<No root resorption was observed.>>> <|im_end|><|im_start|>assistant","[{""entity"": ""resorption""}, {""entity"": ""observed""}, {""entity"": ""root""}] ","[{""entity"": ""resorption""}, {""entity"": ""observed""}] <|im_end|><|im_end|><|im_end|><|im_end|><|im_end|><|im_end|><|im_end|><|im_end|><|im_end|><|im_end|><|im_end|>"
The radiolucency was closely related to maxillary sinus and involving the nasal cavity.,"[{'id': '5326', 'offsets': array([ 4, 16]), 'role': '', 'semantic_type_id': '', 'text': 'radiolucency', 'type': 'EVENT'}
 {'id': '5341', 'offsets': array([29, 36]), 'role': '', 'semantic_type_id': '', 'text': 'related', 'type': 'EVENT'}
 {'id': '5356', 'offsets': array([60, 69]), 'role': '', 'semantic_type_id': '', 'text': 'involving', 'type': 'EVENT'}
 {'id': '5878', 'offsets': array([40, 55]), 'role': '', 'semantic_type_id': '', 'text': 'maxillary sinus', 'type': 'BODYPART'}
 {'id': '5884', 'offsets': array([70, 86]), 'role': '', 'semantic_type_id': '', 'text': 'the nasal cavity', 'type': 'BODYPART'}]","A 12-year-old girl was referred to Department of Oral Surgery, with a complaint of pain and swelling in the left of maxilla that appeared 3 months ago. The swelling was slowly progressive, associated with pain. However, the patient did not refer any motor or sensory deficit. There was no family history of similar swelling.
Physical examination revealed a left maxillary swelling. There was no facial palsy. No cervical lymph node enlargement was seen. The oral examination showed a 4 cm x 5 cm, tender, compressible mass in the left maxilla, from the lateral incisor to the second premolar teeth. The tumor surface was smooth and red-purple. Several teeth were involved and displaced in the tumor mass. We noted the absence of canine. Vitality tests proved negative on the central and lateral incisor. Hight mobility of lateral incisor was noted. Orthopantomography and occlusal radiography showed a wide osteolytic area of the anterior left maxilla, extending from the first permanent molar to the central incisor. The canine was impacted. No root resorption was observed. The radiolucency was closely related to maxillary sinus and involving the nasal cavity. Haematological investigations showed normal serum calcium, phosphorus and parathormone (PTH) levels. The provisional diagnosis of benign tumor of the maxilla was made.
The patient underwent excision and curettage of the mass with extraction of the canine and lateral incisor tooth. The wound was closed with interrupted sutures. The post-operative histopathological report revealed multinuclear giant cells scattered randomly throughout the cellular and fibrous vascular-rich tissue. New bone formation and granulation tissue rich in mononuclear inflammatory cells was revealed. The giant cells were multinucleated with bland-appearing nuclei, and the background stromal cells displayed no evidence of atypical mitoses. A diagnosis of giant cell tumor was established.
During a 1-year serial clinical and radiological follow-up, there was no evidence of recurrence. The facial contour and masticatory function were well-preserved.
",EN100600,"<|im_start|>user Extract the entities contained in the text. Extract only entities contained in the text.
Return the result in a json format: [{""entity"":""entity_name""}]. <<The radiolucency was closely related to maxillary sinus and involving the nasal cavity.>>> <|im_end|><|im_start|>assistant[{""entity"": ""radiolucency""}, {""entity"": ""related""}, {""entity"": ""involving""}, {""entity"": ""maxillary sinus""}, {""entity"": ""the nasal cavity""}] <|im_end|>","<|im_start|>user Extract the entities contained in the text. Extract only entities contained in the text.
Return the result in a json format: [{""entity"":""entity_name""}]. <<<We present a case of a 32-year-old woman with a history of gradual enlargement of the anterior neck.>>> <|im_end|><|im_start|>assistant [{""entity"": ""present""}, {""entity"": ""history""}, {""entity"": ""enlargement""}] <|im_end|>
<|im_start|>user Extract the entities contained in the text. Extract only entities contained in the text.
Return the result in a json format: [{""entity"":""entity_name""}]. <<<Patient information: a 9-month-old boy presented to the emergency room with a 3-day history of refusal to bear weight on the right lower extremity and febrile peaks of up to 38.5°C for 24 hours.>>> <|im_end|><|im_start|>assistant [{""entity"": ""presented""}, {""entity"": ""refusal""}, {""entity"": ""bear""}, {""entity"": ""peaks""}] <|im_end|>
<|im_start|>user Extract the entities contained in the text. Extract only entities contained in the text.
Return the result in a json format: [{""entity"":""entity_name""}]. <<The radiolucency was closely related to maxillary sinus and involving the nasal cavity.>>> <|im_end|><|im_start|>assistant","[{""entity"": ""radiolucency""}, {""entity"": ""related""}, {""entity"": ""involving""}, {""entity"": ""maxillary sinus""}, {""entity"": ""the nasal cavity""}] ","[{""entity"": ""radiolucency""}, {""entity"": ""related""}, {""entity"": ""involving""}, {""entity"": """
"Haematological investigations showed normal serum calcium, phosphorus and parathormone (PTH) levels.","[{'id': '5371', 'offsets': array([15, 29]), 'role': '', 'semantic_type_id': '', 'text': 'investigations', 'type': 'EVENT'}
 {'id': '5386', 'offsets': array([30, 36]), 'role': '', 'semantic_type_id': '', 'text': 'showed', 'type': 'EVENT'}
 {'id': '5401', 'offsets': array([93, 99]), 'role': '', 'semantic_type_id': '', 'text': 'levels', 'type': 'EVENT'}
 {'id': '5972', 'offsets': array([37, 43]), 'role': '', 'semantic_type_id': '', 'text': 'normal', 'type': 'RML'}]","A 12-year-old girl was referred to Department of Oral Surgery, with a complaint of pain and swelling in the left of maxilla that appeared 3 months ago. The swelling was slowly progressive, associated with pain. However, the patient did not refer any motor or sensory deficit. There was no family history of similar swelling.
Physical examination revealed a left maxillary swelling. There was no facial palsy. No cervical lymph node enlargement was seen. The oral examination showed a 4 cm x 5 cm, tender, compressible mass in the left maxilla, from the lateral incisor to the second premolar teeth. The tumor surface was smooth and red-purple. Several teeth were involved and displaced in the tumor mass. We noted the absence of canine. Vitality tests proved negative on the central and lateral incisor. Hight mobility of lateral incisor was noted. Orthopantomography and occlusal radiography showed a wide osteolytic area of the anterior left maxilla, extending from the first permanent molar to the central incisor. The canine was impacted. No root resorption was observed. The radiolucency was closely related to maxillary sinus and involving the nasal cavity. Haematological investigations showed normal serum calcium, phosphorus and parathormone (PTH) levels. The provisional diagnosis of benign tumor of the maxilla was made.
The patient underwent excision and curettage of the mass with extraction of the canine and lateral incisor tooth. The wound was closed with interrupted sutures. The post-operative histopathological report revealed multinuclear giant cells scattered randomly throughout the cellular and fibrous vascular-rich tissue. New bone formation and granulation tissue rich in mononuclear inflammatory cells was revealed. The giant cells were multinucleated with bland-appearing nuclei, and the background stromal cells displayed no evidence of atypical mitoses. A diagnosis of giant cell tumor was established.
During a 1-year serial clinical and radiological follow-up, there was no evidence of recurrence. The facial contour and masticatory function were well-preserved.
",EN100600,"<|im_start|>user Extract the entities contained in the text. Extract only entities contained in the text.
Return the result in a json format: [{""entity"":""entity_name""}]. <<Haematological investigations showed normal serum calcium, phosphorus and parathormone (PTH) levels.>>> <|im_end|><|im_start|>assistant[{""entity"": ""investigations""}, {""entity"": ""showed""}, {""entity"": ""levels""}, {""entity"": ""normal""}] <|im_end|>","<|im_start|>user Extract the entities contained in the text. Extract only entities contained in the text.
Return the result in a json format: [{""entity"":""entity_name""}]. <<<We present a case of a 32-year-old woman with a history of gradual enlargement of the anterior neck.>>> <|im_end|><|im_start|>assistant [{""entity"": ""present""}, {""entity"": ""history""}, {""entity"": ""enlargement""}] <|im_end|>
<|im_start|>user Extract the entities contained in the text. Extract only entities contained in the text.
Return the result in a json format: [{""entity"":""entity_name""}]. <<<Patient information: a 9-month-old boy presented to the emergency room with a 3-day history of refusal to bear weight on the right lower extremity and febrile peaks of up to 38.5°C for 24 hours.>>> <|im_end|><|im_start|>assistant [{""entity"": ""presented""}, {""entity"": ""refusal""}, {""entity"": ""bear""}, {""entity"": ""peaks""}] <|im_end|>
<|im_start|>user Extract the entities contained in the text. Extract only entities contained in the text.
Return the result in a json format: [{""entity"":""entity_name""}]. <<Haematological investigations showed normal serum calcium, phosphorus and parathormone (PTH) levels.>>> <|im_end|><|im_start|>assistant","[{""entity"": ""investigations""}, {""entity"": ""showed""}, {""entity"": ""levels""}, {""entity"": ""normal""}] ","[{""entity"": ""investigations""}, {""entity"": ""showed""}, {""entity"": ""levels""}, {""entity"": ""parath"
The provisional diagnosis of benign tumor of the maxilla was made.,"[{'id': '5416', 'offsets': array([36, 41]), 'role': '', 'semantic_type_id': '', 'text': 'tumor', 'type': 'EVENT'}
 {'id': '5780', 'offsets': array([29, 56]), 'role': '', 'semantic_type_id': 'C0347297', 'text': 'benign tumor of the maxilla', 'type': 'CLINENTITY'}
 {'id': '5890', 'offsets': array([45, 56]), 'role': '', 'semantic_type_id': '', 'text': 'the maxilla', 'type': 'BODYPART'}]","A 12-year-old girl was referred to Department of Oral Surgery, with a complaint of pain and swelling in the left of maxilla that appeared 3 months ago. The swelling was slowly progressive, associated with pain. However, the patient did not refer any motor or sensory deficit. There was no family history of similar swelling.
Physical examination revealed a left maxillary swelling. There was no facial palsy. No cervical lymph node enlargement was seen. The oral examination showed a 4 cm x 5 cm, tender, compressible mass in the left maxilla, from the lateral incisor to the second premolar teeth. The tumor surface was smooth and red-purple. Several teeth were involved and displaced in the tumor mass. We noted the absence of canine. Vitality tests proved negative on the central and lateral incisor. Hight mobility of lateral incisor was noted. Orthopantomography and occlusal radiography showed a wide osteolytic area of the anterior left maxilla, extending from the first permanent molar to the central incisor. The canine was impacted. No root resorption was observed. The radiolucency was closely related to maxillary sinus and involving the nasal cavity. Haematological investigations showed normal serum calcium, phosphorus and parathormone (PTH) levels. The provisional diagnosis of benign tumor of the maxilla was made.
The patient underwent excision and curettage of the mass with extraction of the canine and lateral incisor tooth. The wound was closed with interrupted sutures. The post-operative histopathological report revealed multinuclear giant cells scattered randomly throughout the cellular and fibrous vascular-rich tissue. New bone formation and granulation tissue rich in mononuclear inflammatory cells was revealed. The giant cells were multinucleated with bland-appearing nuclei, and the background stromal cells displayed no evidence of atypical mitoses. A diagnosis of giant cell tumor was established.
During a 1-year serial clinical and radiological follow-up, there was no evidence of recurrence. The facial contour and masticatory function were well-preserved.
",EN100600,"<|im_start|>user Extract the entities contained in the text. Extract only entities contained in the text.
Return the result in a json format: [{""entity"":""entity_name""}]. <<The provisional diagnosis of benign tumor of the maxilla was made.>>> <|im_end|><|im_start|>assistant[{""entity"": ""tumor""}, {""entity"": ""benign tumor of the maxilla""}, {""entity"": ""the maxilla""}] <|im_end|>","<|im_start|>user Extract the entities contained in the text. Extract only entities contained in the text.
Return the result in a json format: [{""entity"":""entity_name""}]. <<<We present a case of a 32-year-old woman with a history of gradual enlargement of the anterior neck.>>> <|im_end|><|im_start|>assistant [{""entity"": ""present""}, {""entity"": ""history""}, {""entity"": ""enlargement""}] <|im_end|>
<|im_start|>user Extract the entities contained in the text. Extract only entities contained in the text.
Return the result in a json format: [{""entity"":""entity_name""}]. <<<Patient information: a 9-month-old boy presented to the emergency room with a 3-day history of refusal to bear weight on the right lower extremity and febrile peaks of up to 38.5°C for 24 hours.>>> <|im_end|><|im_start|>assistant [{""entity"": ""presented""}, {""entity"": ""refusal""}, {""entity"": ""bear""}, {""entity"": ""peaks""}] <|im_end|>
<|im_start|>user Extract the entities contained in the text. Extract only entities contained in the text.
Return the result in a json format: [{""entity"":""entity_name""}]. <<The provisional diagnosis of benign tumor of the maxilla was made.>>> <|im_end|><|im_start|>assistant","[{""entity"": ""tumor""}, {""entity"": ""benign tumor of the maxilla""}, {""entity"": ""the maxilla""}] ","[{""entity"": ""diagnosis""}, {""entity"": ""benign tumor of the maxilla""}] <|im_end|><|im_end|><|im_end|><|im_end|><|im_end|><|im_end|>"
The patient underwent excision and curettage of the mass with extraction of the canine and lateral incisor tooth.,"[{'id': '5431', 'offsets': array([22, 30]), 'role': '', 'semantic_type_id': '', 'text': 'excision', 'type': 'EVENT'}
 {'id': '5446', 'offsets': array([35, 44]), 'role': '', 'semantic_type_id': '', 'text': 'curettage', 'type': 'EVENT'}
 {'id': '5461', 'offsets': array([62, 72]), 'role': '', 'semantic_type_id': '', 'text': 'extraction', 'type': 'EVENT'}
 {'id': '5896', 'offsets': array([76, 86]), 'role': '', 'semantic_type_id': '', 'text': 'the canine', 'type': 'BODYPART'}
 {'id': '5902', 'offsets': array([ 91, 112]), 'role': '', 'semantic_type_id': '', 'text': 'lateral incisor tooth', 'type': 'BODYPART'}
 {'id': '5953', 'offsets': array([ 0, 11]), 'role': 'PATIENT', 'semantic_type_id': '', 'text': 'The patient', 'type': 'ACTOR'}]","A 12-year-old girl was referred to Department of Oral Surgery, with a complaint of pain and swelling in the left of maxilla that appeared 3 months ago. The swelling was slowly progressive, associated with pain. However, the patient did not refer any motor or sensory deficit. There was no family history of similar swelling.
Physical examination revealed a left maxillary swelling. There was no facial palsy. No cervical lymph node enlargement was seen. The oral examination showed a 4 cm x 5 cm, tender, compressible mass in the left maxilla, from the lateral incisor to the second premolar teeth. The tumor surface was smooth and red-purple. Several teeth were involved and displaced in the tumor mass. We noted the absence of canine. Vitality tests proved negative on the central and lateral incisor. Hight mobility of lateral incisor was noted. Orthopantomography and occlusal radiography showed a wide osteolytic area of the anterior left maxilla, extending from the first permanent molar to the central incisor. The canine was impacted. No root resorption was observed. The radiolucency was closely related to maxillary sinus and involving the nasal cavity. Haematological investigations showed normal serum calcium, phosphorus and parathormone (PTH) levels. The provisional diagnosis of benign tumor of the maxilla was made.
The patient underwent excision and curettage of the mass with extraction of the canine and lateral incisor tooth. The wound was closed with interrupted sutures. The post-operative histopathological report revealed multinuclear giant cells scattered randomly throughout the cellular and fibrous vascular-rich tissue. New bone formation and granulation tissue rich in mononuclear inflammatory cells was revealed. The giant cells were multinucleated with bland-appearing nuclei, and the background stromal cells displayed no evidence of atypical mitoses. A diagnosis of giant cell tumor was established.
During a 1-year serial clinical and radiological follow-up, there was no evidence of recurrence. The facial contour and masticatory function were well-preserved.
",EN100600,"<|im_start|>user Extract the entities contained in the text. Extract only entities contained in the text.
Return the result in a json format: [{""entity"":""entity_name""}]. <<The patient underwent excision and curettage of the mass with extraction of the canine and lateral incisor tooth.>>> <|im_end|><|im_start|>assistant[{""entity"": ""excision""}, {""entity"": ""curettage""}, {""entity"": ""extraction""}, {""entity"": ""the canine""}, {""entity"": ""lateral incisor tooth""}, {""entity"": ""The patient""}] <|im_end|>","<|im_start|>user Extract the entities contained in the text. Extract only entities contained in the text.
Return the result in a json format: [{""entity"":""entity_name""}]. <<<We present a case of a 32-year-old woman with a history of gradual enlargement of the anterior neck.>>> <|im_end|><|im_start|>assistant [{""entity"": ""present""}, {""entity"": ""history""}, {""entity"": ""enlargement""}] <|im_end|>
<|im_start|>user Extract the entities contained in the text. Extract only entities contained in the text.
Return the result in a json format: [{""entity"":""entity_name""}]. <<<Patient information: a 9-month-old boy presented to the emergency room with a 3-day history of refusal to bear weight on the right lower extremity and febrile peaks of up to 38.5°C for 24 hours.>>> <|im_end|><|im_start|>assistant [{""entity"": ""presented""}, {""entity"": ""refusal""}, {""entity"": ""bear""}, {""entity"": ""peaks""}] <|im_end|>
<|im_start|>user Extract the entities contained in the text. Extract only entities contained in the text.
Return the result in a json format: [{""entity"":""entity_name""}]. <<The patient underwent excision and curettage of the mass with extraction of the canine and lateral incisor tooth.>>> <|im_end|><|im_start|>assistant","[{""entity"": ""excision""}, {""entity"": ""curettage""}, {""entity"": ""extraction""}, {""entity"": ""the canine""}, {""entity"": ""lateral incisor tooth""}, {""entity"": ""The patient""}] ","[{""entity"": ""The patient""}] <|im_end|><|im_end|><|im_end|><|im_end|><|im_end|><|im_end|><|im_end|><|im_end|><|im_end|><|im_end|><|im_end|><|im_end|><|im_end|><|im_end|><|im_end|><|im_end|><|im_end|><|im_end|>"
The wound was closed with interrupted sutures.,"[{'id': '5476', 'offsets': array([4, 9]), 'role': '', 'semantic_type_id': '', 'text': 'wound', 'type': 'EVENT'}
 {'id': '5491', 'offsets': array([14, 20]), 'role': '', 'semantic_type_id': '', 'text': 'closed', 'type': 'EVENT'}]","A 12-year-old girl was referred to Department of Oral Surgery, with a complaint of pain and swelling in the left of maxilla that appeared 3 months ago. The swelling was slowly progressive, associated with pain. However, the patient did not refer any motor or sensory deficit. There was no family history of similar swelling.
Physical examination revealed a left maxillary swelling. There was no facial palsy. No cervical lymph node enlargement was seen. The oral examination showed a 4 cm x 5 cm, tender, compressible mass in the left maxilla, from the lateral incisor to the second premolar teeth. The tumor surface was smooth and red-purple. Several teeth were involved and displaced in the tumor mass. We noted the absence of canine. Vitality tests proved negative on the central and lateral incisor. Hight mobility of lateral incisor was noted. Orthopantomography and occlusal radiography showed a wide osteolytic area of the anterior left maxilla, extending from the first permanent molar to the central incisor. The canine was impacted. No root resorption was observed. The radiolucency was closely related to maxillary sinus and involving the nasal cavity. Haematological investigations showed normal serum calcium, phosphorus and parathormone (PTH) levels. The provisional diagnosis of benign tumor of the maxilla was made.
The patient underwent excision and curettage of the mass with extraction of the canine and lateral incisor tooth. The wound was closed with interrupted sutures. The post-operative histopathological report revealed multinuclear giant cells scattered randomly throughout the cellular and fibrous vascular-rich tissue. New bone formation and granulation tissue rich in mononuclear inflammatory cells was revealed. The giant cells were multinucleated with bland-appearing nuclei, and the background stromal cells displayed no evidence of atypical mitoses. A diagnosis of giant cell tumor was established.
During a 1-year serial clinical and radiological follow-up, there was no evidence of recurrence. The facial contour and masticatory function were well-preserved.
",EN100600,"<|im_start|>user Extract the entities contained in the text. Extract only entities contained in the text.
Return the result in a json format: [{""entity"":""entity_name""}]. <<The wound was closed with interrupted sutures.>>> <|im_end|><|im_start|>assistant[{""entity"": ""wound""}, {""entity"": ""closed""}] <|im_end|>","<|im_start|>user Extract the entities contained in the text. Extract only entities contained in the text.
Return the result in a json format: [{""entity"":""entity_name""}]. <<<We present a case of a 32-year-old woman with a history of gradual enlargement of the anterior neck.>>> <|im_end|><|im_start|>assistant [{""entity"": ""present""}, {""entity"": ""history""}, {""entity"": ""enlargement""}] <|im_end|>
<|im_start|>user Extract the entities contained in the text. Extract only entities contained in the text.
Return the result in a json format: [{""entity"":""entity_name""}]. <<<Patient information: a 9-month-old boy presented to the emergency room with a 3-day history of refusal to bear weight on the right lower extremity and febrile peaks of up to 38.5°C for 24 hours.>>> <|im_end|><|im_start|>assistant [{""entity"": ""presented""}, {""entity"": ""refusal""}, {""entity"": ""bear""}, {""entity"": ""peaks""}] <|im_end|>
<|im_start|>user Extract the entities contained in the text. Extract only entities contained in the text.
Return the result in a json format: [{""entity"":""entity_name""}]. <<The wound was closed with interrupted sutures.>>> <|im_end|><|im_start|>assistant","[{""entity"": ""wound""}, {""entity"": ""closed""}] ","[{""entity"": ""wound""}, {""entity"": ""closed""}] <|im_end|><|im_end|><|im_end|><|im_end|><|im_end|><|im_end|><|im_end|><|im_end|><|im_end|><|im_end|><|im_end|><|im_end|>"
The post-operative histopathological report revealed multinuclear giant cells scattered randomly throughout the cellular and fibrous vascular-rich tissue.,"[{'id': '5506', 'offsets': array([37, 43]), 'role': '', 'semantic_type_id': '', 'text': 'report', 'type': 'EVENT'}
 {'id': '5521', 'offsets': array([44, 52]), 'role': '', 'semantic_type_id': '', 'text': 'revealed', 'type': 'EVENT'}
 {'id': '5536', 'offsets': array([72, 77]), 'role': '', 'semantic_type_id': '', 'text': 'cells', 'type': 'EVENT'}
 {'id': '5908', 'offsets': array([108, 153]), 'role': '', 'semantic_type_id': '', 'text': 'the cellular and fibrous vascular-rich tissue', 'type': 'BODYPART'}
 {'id': '5987', 'offsets': array([ 4, 18]), 'role': '', 'semantic_type_id': '', 'text': 'post-operative', 'type': 'TIMEX3'}]","A 12-year-old girl was referred to Department of Oral Surgery, with a complaint of pain and swelling in the left of maxilla that appeared 3 months ago. The swelling was slowly progressive, associated with pain. However, the patient did not refer any motor or sensory deficit. There was no family history of similar swelling.
Physical examination revealed a left maxillary swelling. There was no facial palsy. No cervical lymph node enlargement was seen. The oral examination showed a 4 cm x 5 cm, tender, compressible mass in the left maxilla, from the lateral incisor to the second premolar teeth. The tumor surface was smooth and red-purple. Several teeth were involved and displaced in the tumor mass. We noted the absence of canine. Vitality tests proved negative on the central and lateral incisor. Hight mobility of lateral incisor was noted. Orthopantomography and occlusal radiography showed a wide osteolytic area of the anterior left maxilla, extending from the first permanent molar to the central incisor. The canine was impacted. No root resorption was observed. The radiolucency was closely related to maxillary sinus and involving the nasal cavity. Haematological investigations showed normal serum calcium, phosphorus and parathormone (PTH) levels. The provisional diagnosis of benign tumor of the maxilla was made.
The patient underwent excision and curettage of the mass with extraction of the canine and lateral incisor tooth. The wound was closed with interrupted sutures. The post-operative histopathological report revealed multinuclear giant cells scattered randomly throughout the cellular and fibrous vascular-rich tissue. New bone formation and granulation tissue rich in mononuclear inflammatory cells was revealed. The giant cells were multinucleated with bland-appearing nuclei, and the background stromal cells displayed no evidence of atypical mitoses. A diagnosis of giant cell tumor was established.
During a 1-year serial clinical and radiological follow-up, there was no evidence of recurrence. The facial contour and masticatory function were well-preserved.
",EN100600,"<|im_start|>user Extract the entities contained in the text. Extract only entities contained in the text.
Return the result in a json format: [{""entity"":""entity_name""}]. <<The post-operative histopathological report revealed multinuclear giant cells scattered randomly throughout the cellular and fibrous vascular-rich tissue.>>> <|im_end|><|im_start|>assistant[{""entity"": ""report""}, {""entity"": ""revealed""}, {""entity"": ""cells""}, {""entity"": ""the cellular and fibrous vascular-rich tissue""}, {""entity"": ""post-operative""}] <|im_end|>","<|im_start|>user Extract the entities contained in the text. Extract only entities contained in the text.
Return the result in a json format: [{""entity"":""entity_name""}]. <<<We present a case of a 32-year-old woman with a history of gradual enlargement of the anterior neck.>>> <|im_end|><|im_start|>assistant [{""entity"": ""present""}, {""entity"": ""history""}, {""entity"": ""enlargement""}] <|im_end|>
<|im_start|>user Extract the entities contained in the text. Extract only entities contained in the text.
Return the result in a json format: [{""entity"":""entity_name""}]. <<<Patient information: a 9-month-old boy presented to the emergency room with a 3-day history of refusal to bear weight on the right lower extremity and febrile peaks of up to 38.5°C for 24 hours.>>> <|im_end|><|im_start|>assistant [{""entity"": ""presented""}, {""entity"": ""refusal""}, {""entity"": ""bear""}, {""entity"": ""peaks""}] <|im_end|>
<|im_start|>user Extract the entities contained in the text. Extract only entities contained in the text.
Return the result in a json format: [{""entity"":""entity_name""}]. <<The post-operative histopathological report revealed multinuclear giant cells scattered randomly throughout the cellular and fibrous vascular-rich tissue.>>> <|im_end|><|im_start|>assistant","[{""entity"": ""report""}, {""entity"": ""revealed""}, {""entity"": ""cells""}, {""entity"": ""the cellular and fibrous vascular-rich tissue""}, {""entity"": ""post-operative""}] ","[{""entity"": ""report""}, {""entity"": ""revealed""}, {""entity"": ""scattered""}, {""entity"": ""tissue""},"
New bone formation and granulation tissue rich in mononuclear inflammatory cells was revealed.,"[{'id': '5551', 'offsets': array([ 9, 18]), 'role': '', 'semantic_type_id': '', 'text': 'formation', 'type': 'EVENT'}
 {'id': '5566', 'offsets': array([85, 93]), 'role': '', 'semantic_type_id': '', 'text': 'revealed', 'type': 'EVENT'}
 {'id': '5914', 'offsets': array([4, 8]), 'role': '', 'semantic_type_id': '', 'text': 'bone', 'type': 'BODYPART'}
 {'id': '5920', 'offsets': array([23, 80]), 'role': '', 'semantic_type_id': '', 'text': 'granulation tissue rich in mononuclear inflammatory cells', 'type': 'BODYPART'}]","A 12-year-old girl was referred to Department of Oral Surgery, with a complaint of pain and swelling in the left of maxilla that appeared 3 months ago. The swelling was slowly progressive, associated with pain. However, the patient did not refer any motor or sensory deficit. There was no family history of similar swelling.
Physical examination revealed a left maxillary swelling. There was no facial palsy. No cervical lymph node enlargement was seen. The oral examination showed a 4 cm x 5 cm, tender, compressible mass in the left maxilla, from the lateral incisor to the second premolar teeth. The tumor surface was smooth and red-purple. Several teeth were involved and displaced in the tumor mass. We noted the absence of canine. Vitality tests proved negative on the central and lateral incisor. Hight mobility of lateral incisor was noted. Orthopantomography and occlusal radiography showed a wide osteolytic area of the anterior left maxilla, extending from the first permanent molar to the central incisor. The canine was impacted. No root resorption was observed. The radiolucency was closely related to maxillary sinus and involving the nasal cavity. Haematological investigations showed normal serum calcium, phosphorus and parathormone (PTH) levels. The provisional diagnosis of benign tumor of the maxilla was made.
The patient underwent excision and curettage of the mass with extraction of the canine and lateral incisor tooth. The wound was closed with interrupted sutures. The post-operative histopathological report revealed multinuclear giant cells scattered randomly throughout the cellular and fibrous vascular-rich tissue. New bone formation and granulation tissue rich in mononuclear inflammatory cells was revealed. The giant cells were multinucleated with bland-appearing nuclei, and the background stromal cells displayed no evidence of atypical mitoses. A diagnosis of giant cell tumor was established.
During a 1-year serial clinical and radiological follow-up, there was no evidence of recurrence. The facial contour and masticatory function were well-preserved.
",EN100600,"<|im_start|>user Extract the entities contained in the text. Extract only entities contained in the text.
Return the result in a json format: [{""entity"":""entity_name""}]. <<New bone formation and granulation tissue rich in mononuclear inflammatory cells was revealed.>>> <|im_end|><|im_start|>assistant[{""entity"": ""formation""}, {""entity"": ""revealed""}, {""entity"": ""bone""}, {""entity"": ""granulation tissue rich in mononuclear inflammatory cells""}] <|im_end|>","<|im_start|>user Extract the entities contained in the text. Extract only entities contained in the text.
Return the result in a json format: [{""entity"":""entity_name""}]. <<<We present a case of a 32-year-old woman with a history of gradual enlargement of the anterior neck.>>> <|im_end|><|im_start|>assistant [{""entity"": ""present""}, {""entity"": ""history""}, {""entity"": ""enlargement""}] <|im_end|>
<|im_start|>user Extract the entities contained in the text. Extract only entities contained in the text.
Return the result in a json format: [{""entity"":""entity_name""}]. <<<Patient information: a 9-month-old boy presented to the emergency room with a 3-day history of refusal to bear weight on the right lower extremity and febrile peaks of up to 38.5°C for 24 hours.>>> <|im_end|><|im_start|>assistant [{""entity"": ""presented""}, {""entity"": ""refusal""}, {""entity"": ""bear""}, {""entity"": ""peaks""}] <|im_end|>
<|im_start|>user Extract the entities contained in the text. Extract only entities contained in the text.
Return the result in a json format: [{""entity"":""entity_name""}]. <<New bone formation and granulation tissue rich in mononuclear inflammatory cells was revealed.>>> <|im_end|><|im_start|>assistant","[{""entity"": ""formation""}, {""entity"": ""revealed""}, {""entity"": ""bone""}, {""entity"": ""granulation tissue rich in mononuclear inflammatory cells""}] ","[{""entity"": ""formation""}, {""entity"": ""tissue""}, {""entity"": ""revealed""}, {""entity"": ""bone""}, {"""
"The giant cells were multinucleated with bland-appearing nuclei, and the background stromal cells displayed no evidence of atypical mitoses.","[{'id': '5581', 'offsets': array([10, 15]), 'role': '', 'semantic_type_id': '', 'text': 'cells', 'type': 'EVENT'}
 {'id': '5596', 'offsets': array([21, 35]), 'role': '', 'semantic_type_id': '', 'text': 'multinucleated', 'type': 'EVENT'}
 {'id': '5611', 'offsets': array([111, 119]), 'role': '', 'semantic_type_id': '', 'text': 'evidence', 'type': 'EVENT'}
 {'id': '5626', 'offsets': array([132, 139]), 'role': '', 'semantic_type_id': '', 'text': 'mitoses', 'type': 'EVENT'}
 {'id': '5926', 'offsets': array([69, 97]), 'role': '', 'semantic_type_id': '', 'text': 'the background stromal cells', 'type': 'BODYPART'}]","A 12-year-old girl was referred to Department of Oral Surgery, with a complaint of pain and swelling in the left of maxilla that appeared 3 months ago. The swelling was slowly progressive, associated with pain. However, the patient did not refer any motor or sensory deficit. There was no family history of similar swelling.
Physical examination revealed a left maxillary swelling. There was no facial palsy. No cervical lymph node enlargement was seen. The oral examination showed a 4 cm x 5 cm, tender, compressible mass in the left maxilla, from the lateral incisor to the second premolar teeth. The tumor surface was smooth and red-purple. Several teeth were involved and displaced in the tumor mass. We noted the absence of canine. Vitality tests proved negative on the central and lateral incisor. Hight mobility of lateral incisor was noted. Orthopantomography and occlusal radiography showed a wide osteolytic area of the anterior left maxilla, extending from the first permanent molar to the central incisor. The canine was impacted. No root resorption was observed. The radiolucency was closely related to maxillary sinus and involving the nasal cavity. Haematological investigations showed normal serum calcium, phosphorus and parathormone (PTH) levels. The provisional diagnosis of benign tumor of the maxilla was made.
The patient underwent excision and curettage of the mass with extraction of the canine and lateral incisor tooth. The wound was closed with interrupted sutures. The post-operative histopathological report revealed multinuclear giant cells scattered randomly throughout the cellular and fibrous vascular-rich tissue. New bone formation and granulation tissue rich in mononuclear inflammatory cells was revealed. The giant cells were multinucleated with bland-appearing nuclei, and the background stromal cells displayed no evidence of atypical mitoses. A diagnosis of giant cell tumor was established.
During a 1-year serial clinical and radiological follow-up, there was no evidence of recurrence. The facial contour and masticatory function were well-preserved.
",EN100600,"<|im_start|>user Extract the entities contained in the text. Extract only entities contained in the text.
Return the result in a json format: [{""entity"":""entity_name""}]. <<The giant cells were multinucleated with bland-appearing nuclei, and the background stromal cells displayed no evidence of atypical mitoses.>>> <|im_end|><|im_start|>assistant[{""entity"": ""cells""}, {""entity"": ""multinucleated""}, {""entity"": ""evidence""}, {""entity"": ""mitoses""}, {""entity"": ""the background stromal cells""}] <|im_end|>","<|im_start|>user Extract the entities contained in the text. Extract only entities contained in the text.
Return the result in a json format: [{""entity"":""entity_name""}]. <<<We present a case of a 32-year-old woman with a history of gradual enlargement of the anterior neck.>>> <|im_end|><|im_start|>assistant [{""entity"": ""present""}, {""entity"": ""history""}, {""entity"": ""enlargement""}] <|im_end|>
<|im_start|>user Extract the entities contained in the text. Extract only entities contained in the text.
Return the result in a json format: [{""entity"":""entity_name""}]. <<<Patient information: a 9-month-old boy presented to the emergency room with a 3-day history of refusal to bear weight on the right lower extremity and febrile peaks of up to 38.5°C for 24 hours.>>> <|im_end|><|im_start|>assistant [{""entity"": ""presented""}, {""entity"": ""refusal""}, {""entity"": ""bear""}, {""entity"": ""peaks""}] <|im_end|>
<|im_start|>user Extract the entities contained in the text. Extract only entities contained in the text.
Return the result in a json format: [{""entity"":""entity_name""}]. <<The giant cells were multinucleated with bland-appearing nuclei, and the background stromal cells displayed no evidence of atypical mitoses.>>> <|im_end|><|im_start|>assistant","[{""entity"": ""cells""}, {""entity"": ""multinucleated""}, {""entity"": ""evidence""}, {""entity"": ""mitoses""}, {""entity"": ""the background stromal cells""}] ","[{""entity"": ""cells""}, {""entity"": ""multinucleated""}, {""entity"": ""stromal cells""}, {""entity"":"
A diagnosis of giant cell tumor was established.,"[{'id': '5641', 'offsets': array([26, 31]), 'role': '', 'semantic_type_id': '', 'text': 'tumor', 'type': 'EVENT'}
 {'id': '5787', 'offsets': array([15, 31]), 'role': '', 'semantic_type_id': 'C0017525', 'text': 'giant cell tumor', 'type': 'CLINENTITY'}]","A 12-year-old girl was referred to Department of Oral Surgery, with a complaint of pain and swelling in the left of maxilla that appeared 3 months ago. The swelling was slowly progressive, associated with pain. However, the patient did not refer any motor or sensory deficit. There was no family history of similar swelling.
Physical examination revealed a left maxillary swelling. There was no facial palsy. No cervical lymph node enlargement was seen. The oral examination showed a 4 cm x 5 cm, tender, compressible mass in the left maxilla, from the lateral incisor to the second premolar teeth. The tumor surface was smooth and red-purple. Several teeth were involved and displaced in the tumor mass. We noted the absence of canine. Vitality tests proved negative on the central and lateral incisor. Hight mobility of lateral incisor was noted. Orthopantomography and occlusal radiography showed a wide osteolytic area of the anterior left maxilla, extending from the first permanent molar to the central incisor. The canine was impacted. No root resorption was observed. The radiolucency was closely related to maxillary sinus and involving the nasal cavity. Haematological investigations showed normal serum calcium, phosphorus and parathormone (PTH) levels. The provisional diagnosis of benign tumor of the maxilla was made.
The patient underwent excision and curettage of the mass with extraction of the canine and lateral incisor tooth. The wound was closed with interrupted sutures. The post-operative histopathological report revealed multinuclear giant cells scattered randomly throughout the cellular and fibrous vascular-rich tissue. New bone formation and granulation tissue rich in mononuclear inflammatory cells was revealed. The giant cells were multinucleated with bland-appearing nuclei, and the background stromal cells displayed no evidence of atypical mitoses. A diagnosis of giant cell tumor was established.
During a 1-year serial clinical and radiological follow-up, there was no evidence of recurrence. The facial contour and masticatory function were well-preserved.
",EN100600,"<|im_start|>user Extract the entities contained in the text. Extract only entities contained in the text.
Return the result in a json format: [{""entity"":""entity_name""}]. <<A diagnosis of giant cell tumor was established.>>> <|im_end|><|im_start|>assistant[{""entity"": ""tumor""}, {""entity"": ""giant cell tumor""}] <|im_end|>","<|im_start|>user Extract the entities contained in the text. Extract only entities contained in the text.
Return the result in a json format: [{""entity"":""entity_name""}]. <<<We present a case of a 32-year-old woman with a history of gradual enlargement of the anterior neck.>>> <|im_end|><|im_start|>assistant [{""entity"": ""present""}, {""entity"": ""history""}, {""entity"": ""enlargement""}] <|im_end|>
<|im_start|>user Extract the entities contained in the text. Extract only entities contained in the text.
Return the result in a json format: [{""entity"":""entity_name""}]. <<<Patient information: a 9-month-old boy presented to the emergency room with a 3-day history of refusal to bear weight on the right lower extremity and febrile peaks of up to 38.5°C for 24 hours.>>> <|im_end|><|im_start|>assistant [{""entity"": ""presented""}, {""entity"": ""refusal""}, {""entity"": ""bear""}, {""entity"": ""peaks""}] <|im_end|>
<|im_start|>user Extract the entities contained in the text. Extract only entities contained in the text.
Return the result in a json format: [{""entity"":""entity_name""}]. <<A diagnosis of giant cell tumor was established.>>> <|im_end|><|im_start|>assistant","[{""entity"": ""tumor""}, {""entity"": ""giant cell tumor""}] ","[{""entity"": ""tumor""}, {""entity"": ""giant cell tumor""}] <|im_end|><|im_end|><|im_end|><|im_end|><|im_end|><|im_end|><|im_end|><|im_end|><|im_end|>"
"During a 1-year serial clinical and radiological follow-up, there was no evidence of recurrence.","[{'id': '5656', 'offsets': array([49, 58]), 'role': '', 'semantic_type_id': '', 'text': 'follow-up', 'type': 'EVENT'}
 {'id': '5671', 'offsets': array([73, 81]), 'role': '', 'semantic_type_id': '', 'text': 'evidence', 'type': 'EVENT'}
 {'id': '5686', 'offsets': array([85, 95]), 'role': '', 'semantic_type_id': '', 'text': 'recurrence', 'type': 'EVENT'}
 {'id': '5996', 'offsets': array([ 9, 15]), 'role': '', 'semantic_type_id': '', 'text': '1-year', 'type': 'TIMEX3'}]","A 12-year-old girl was referred to Department of Oral Surgery, with a complaint of pain and swelling in the left of maxilla that appeared 3 months ago. The swelling was slowly progressive, associated with pain. However, the patient did not refer any motor or sensory deficit. There was no family history of similar swelling.
Physical examination revealed a left maxillary swelling. There was no facial palsy. No cervical lymph node enlargement was seen. The oral examination showed a 4 cm x 5 cm, tender, compressible mass in the left maxilla, from the lateral incisor to the second premolar teeth. The tumor surface was smooth and red-purple. Several teeth were involved and displaced in the tumor mass. We noted the absence of canine. Vitality tests proved negative on the central and lateral incisor. Hight mobility of lateral incisor was noted. Orthopantomography and occlusal radiography showed a wide osteolytic area of the anterior left maxilla, extending from the first permanent molar to the central incisor. The canine was impacted. No root resorption was observed. The radiolucency was closely related to maxillary sinus and involving the nasal cavity. Haematological investigations showed normal serum calcium, phosphorus and parathormone (PTH) levels. The provisional diagnosis of benign tumor of the maxilla was made.
The patient underwent excision and curettage of the mass with extraction of the canine and lateral incisor tooth. The wound was closed with interrupted sutures. The post-operative histopathological report revealed multinuclear giant cells scattered randomly throughout the cellular and fibrous vascular-rich tissue. New bone formation and granulation tissue rich in mononuclear inflammatory cells was revealed. The giant cells were multinucleated with bland-appearing nuclei, and the background stromal cells displayed no evidence of atypical mitoses. A diagnosis of giant cell tumor was established.
During a 1-year serial clinical and radiological follow-up, there was no evidence of recurrence. The facial contour and masticatory function were well-preserved.
",EN100600,"<|im_start|>user Extract the entities contained in the text. Extract only entities contained in the text.
Return the result in a json format: [{""entity"":""entity_name""}]. <<During a 1-year serial clinical and radiological follow-up, there was no evidence of recurrence.>>> <|im_end|><|im_start|>assistant[{""entity"": ""follow-up""}, {""entity"": ""evidence""}, {""entity"": ""recurrence""}, {""entity"": ""1-year""}] <|im_end|>","<|im_start|>user Extract the entities contained in the text. Extract only entities contained in the text.
Return the result in a json format: [{""entity"":""entity_name""}]. <<<We present a case of a 32-year-old woman with a history of gradual enlargement of the anterior neck.>>> <|im_end|><|im_start|>assistant [{""entity"": ""present""}, {""entity"": ""history""}, {""entity"": ""enlargement""}] <|im_end|>
<|im_start|>user Extract the entities contained in the text. Extract only entities contained in the text.
Return the result in a json format: [{""entity"":""entity_name""}]. <<<Patient information: a 9-month-old boy presented to the emergency room with a 3-day history of refusal to bear weight on the right lower extremity and febrile peaks of up to 38.5°C for 24 hours.>>> <|im_end|><|im_start|>assistant [{""entity"": ""presented""}, {""entity"": ""refusal""}, {""entity"": ""bear""}, {""entity"": ""peaks""}] <|im_end|>
<|im_start|>user Extract the entities contained in the text. Extract only entities contained in the text.
Return the result in a json format: [{""entity"":""entity_name""}]. <<During a 1-year serial clinical and radiological follow-up, there was no evidence of recurrence.>>> <|im_end|><|im_start|>assistant","[{""entity"": ""follow-up""}, {""entity"": ""evidence""}, {""entity"": ""recurrence""}, {""entity"": ""1-year""}] ","[{""entity"": ""follow-up""}, {""entity"": ""evidence""}, {""entity"": ""recurrence""}, {""entity"": ""1-year"
A 16-year-old Indian boy presented to our hospital with a history of a lump in the lower back region since birth.,"[{'id': '1505', 'offsets': array([25, 34]), 'role': '', 'semantic_type_id': '', 'text': 'presented', 'type': 'EVENT'}
 {'id': '1520', 'offsets': array([58, 65]), 'role': '', 'semantic_type_id': '', 'text': 'history', 'type': 'EVENT'}
 {'id': '1730', 'offsets': array([71, 75]), 'role': '', 'semantic_type_id': 'C0577559', 'text': 'lump', 'type': 'CLINENTITY'}
 {'id': '1778', 'offsets': array([ 83, 100]), 'role': '', 'semantic_type_id': '', 'text': 'lower back region', 'type': 'BODYPART'}
 {'id': '1802', 'offsets': array([ 0, 24]), 'role': 'PATIENT', 'semantic_type_id': '', 'text': 'A 16-year-old Indian boy', 'type': 'ACTOR'}
 {'id': '1809', 'offsets': array([38, 50]), 'role': 'H-PROFESSIONAL', 'semantic_type_id': '', 'text': 'our hospital', 'type': 'ACTOR'}]","A 16-year-old Indian boy presented to our hospital with a history of a lump in the lower back region since birth. Initially, it was small, but its size increased gradually over time to a size of 15 cm × 15 cm at presentation. There were no other associated abnormalities. Investigations revealed the lump to be a benign cystic teratoma. The patient underwent surgery, and the whole tumor, from its base to the vertebrae, was excised. Bisection of the tumor revealed that it contained hair and pultaceous material consistent with a teratoma, which was later confirmed by histopathologic examination.
",EN107423,"<|im_start|>user Extract the entities contained in the text. Extract only entities contained in the text.
Return the result in a json format: [{""entity"":""entity_name""}]. <<A 16-year-old Indian boy presented to our hospital with a history of a lump in the lower back region since birth.>>> <|im_end|><|im_start|>assistant[{""entity"": ""presented""}, {""entity"": ""history""}, {""entity"": ""lump""}, {""entity"": ""lower back region""}, {""entity"": ""A 16-year-old Indian boy""}, {""entity"": ""our hospital""}] <|im_end|>","<|im_start|>user Extract the entities contained in the text. Extract only entities contained in the text.
Return the result in a json format: [{""entity"":""entity_name""}]. <<<We present a case of a 32-year-old woman with a history of gradual enlargement of the anterior neck.>>> <|im_end|><|im_start|>assistant [{""entity"": ""present""}, {""entity"": ""history""}, {""entity"": ""enlargement""}] <|im_end|>
<|im_start|>user Extract the entities contained in the text. Extract only entities contained in the text.
Return the result in a json format: [{""entity"":""entity_name""}]. <<<Patient information: a 9-month-old boy presented to the emergency room with a 3-day history of refusal to bear weight on the right lower extremity and febrile peaks of up to 38.5°C for 24 hours.>>> <|im_end|><|im_start|>assistant [{""entity"": ""presented""}, {""entity"": ""refusal""}, {""entity"": ""bear""}, {""entity"": ""peaks""}] <|im_end|>
<|im_start|>user Extract the entities contained in the text. Extract only entities contained in the text.
Return the result in a json format: [{""entity"":""entity_name""}]. <<A 16-year-old Indian boy presented to our hospital with a history of a lump in the lower back region since birth.>>> <|im_end|><|im_start|>assistant","[{""entity"": ""presented""}, {""entity"": ""history""}, {""entity"": ""lump""}, {""entity"": ""lower back region""}, {""entity"": ""A 16-year-old Indian boy""}, {""entity"": ""our hospital""}] ","[{""entity"": ""presented""}, {""entity"": ""history""}, {""entity"": ""lump""}, {""entity"": ""lower back region"
"Initially, it was small, but its size increased gradually over time to a size of 15 cm × 15 cm at presentation.","[{'id': '1535', 'offsets': array([18, 23]), 'role': '', 'semantic_type_id': '', 'text': 'small', 'type': 'EVENT'}
 {'id': '1550', 'offsets': array([38, 47]), 'role': '', 'semantic_type_id': '', 'text': 'increased', 'type': 'EVENT'}
 {'id': '1565', 'offsets': array([73, 77]), 'role': '', 'semantic_type_id': '', 'text': 'size', 'type': 'EVENT'}
 {'id': '1823', 'offsets': array([81, 94]), 'role': '', 'semantic_type_id': '', 'text': '15 cm × 15 cm', 'type': 'RML'}]","A 16-year-old Indian boy presented to our hospital with a history of a lump in the lower back region since birth. Initially, it was small, but its size increased gradually over time to a size of 15 cm × 15 cm at presentation. There were no other associated abnormalities. Investigations revealed the lump to be a benign cystic teratoma. The patient underwent surgery, and the whole tumor, from its base to the vertebrae, was excised. Bisection of the tumor revealed that it contained hair and pultaceous material consistent with a teratoma, which was later confirmed by histopathologic examination.
",EN107423,"<|im_start|>user Extract the entities contained in the text. Extract only entities contained in the text.
Return the result in a json format: [{""entity"":""entity_name""}]. <<Initially, it was small, but its size increased gradually over time to a size of 15 cm × 15 cm at presentation.>>> <|im_end|><|im_start|>assistant[{""entity"": ""small""}, {""entity"": ""increased""}, {""entity"": ""size""}, {""entity"": ""15 cm × 15 cm""}] <|im_end|>","<|im_start|>user Extract the entities contained in the text. Extract only entities contained in the text.
Return the result in a json format: [{""entity"":""entity_name""}]. <<<We present a case of a 32-year-old woman with a history of gradual enlargement of the anterior neck.>>> <|im_end|><|im_start|>assistant [{""entity"": ""present""}, {""entity"": ""history""}, {""entity"": ""enlargement""}] <|im_end|>
<|im_start|>user Extract the entities contained in the text. Extract only entities contained in the text.
Return the result in a json format: [{""entity"":""entity_name""}]. <<<Patient information: a 9-month-old boy presented to the emergency room with a 3-day history of refusal to bear weight on the right lower extremity and febrile peaks of up to 38.5°C for 24 hours.>>> <|im_end|><|im_start|>assistant [{""entity"": ""presented""}, {""entity"": ""refusal""}, {""entity"": ""bear""}, {""entity"": ""peaks""}] <|im_end|>
<|im_start|>user Extract the entities contained in the text. Extract only entities contained in the text.
Return the result in a json format: [{""entity"":""entity_name""}]. <<Initially, it was small, but its size increased gradually over time to a size of 15 cm × 15 cm at presentation.>>> <|im_end|><|im_start|>assistant","[{""entity"": ""small""}, {""entity"": ""increased""}, {""entity"": ""size""}, {""entity"": ""15 cm × 15 cm""}] ","[{""entity"": ""size""}, {""entity"": ""increased""}, {""entity"": ""time""}, {""entity"": ""presentation""}, {""entity"
There were no other associated abnormalities.,"[{'id': '1580', 'offsets': array([31, 44]), 'role': '', 'semantic_type_id': '', 'text': 'abnormalities', 'type': 'EVENT'}]","A 16-year-old Indian boy presented to our hospital with a history of a lump in the lower back region since birth. Initially, it was small, but its size increased gradually over time to a size of 15 cm × 15 cm at presentation. There were no other associated abnormalities. Investigations revealed the lump to be a benign cystic teratoma. The patient underwent surgery, and the whole tumor, from its base to the vertebrae, was excised. Bisection of the tumor revealed that it contained hair and pultaceous material consistent with a teratoma, which was later confirmed by histopathologic examination.
",EN107423,"<|im_start|>user Extract the entities contained in the text. Extract only entities contained in the text.
Return the result in a json format: [{""entity"":""entity_name""}]. <<There were no other associated abnormalities.>>> <|im_end|><|im_start|>assistant[{""entity"": ""abnormalities""}] <|im_end|>","<|im_start|>user Extract the entities contained in the text. Extract only entities contained in the text.
Return the result in a json format: [{""entity"":""entity_name""}]. <<<We present a case of a 32-year-old woman with a history of gradual enlargement of the anterior neck.>>> <|im_end|><|im_start|>assistant [{""entity"": ""present""}, {""entity"": ""history""}, {""entity"": ""enlargement""}] <|im_end|>
<|im_start|>user Extract the entities contained in the text. Extract only entities contained in the text.
Return the result in a json format: [{""entity"":""entity_name""}]. <<<Patient information: a 9-month-old boy presented to the emergency room with a 3-day history of refusal to bear weight on the right lower extremity and febrile peaks of up to 38.5°C for 24 hours.>>> <|im_end|><|im_start|>assistant [{""entity"": ""presented""}, {""entity"": ""refusal""}, {""entity"": ""bear""}, {""entity"": ""peaks""}] <|im_end|>
<|im_start|>user Extract the entities contained in the text. Extract only entities contained in the text.
Return the result in a json format: [{""entity"":""entity_name""}]. <<There were no other associated abnormalities.>>> <|im_end|><|im_start|>assistant","[{""entity"": ""abnormalities""}] ","[{""entity"": ""abnormalities""}, {""entity"": ""the right lower extremity""}, {""entity"": ""Patient""}, {""entity"":"
"The patient underwent surgery, and the whole tumor, from its base to the vertebrae, was excised.","[{'id': '1640', 'offsets': array([22, 29]), 'role': '', 'semantic_type_id': '', 'text': 'surgery', 'type': 'EVENT'}
 {'id': '1655', 'offsets': array([88, 95]), 'role': '', 'semantic_type_id': '', 'text': 'excised', 'type': 'EVENT'}
 {'id': '1751', 'offsets': array([45, 50]), 'role': '', 'semantic_type_id': 'C0027651', 'text': 'tumor', 'type': 'CLINENTITY'}
 {'id': '1790', 'offsets': array([61, 65]), 'role': '', 'semantic_type_id': '', 'text': 'base', 'type': 'BODYPART'}
 {'id': '1796', 'offsets': array([73, 82]), 'role': '', 'semantic_type_id': '', 'text': 'vertebrae', 'type': 'BODYPART'}
 {'id': '1816', 'offsets': array([ 4, 11]), 'role': 'PATIENT', 'semantic_type_id': '', 'text': 'patient', 'type': 'ACTOR'}]","A 16-year-old Indian boy presented to our hospital with a history of a lump in the lower back region since birth. Initially, it was small, but its size increased gradually over time to a size of 15 cm × 15 cm at presentation. There were no other associated abnormalities. Investigations revealed the lump to be a benign cystic teratoma. The patient underwent surgery, and the whole tumor, from its base to the vertebrae, was excised. Bisection of the tumor revealed that it contained hair and pultaceous material consistent with a teratoma, which was later confirmed by histopathologic examination.
",EN107423,"<|im_start|>user Extract the entities contained in the text. Extract only entities contained in the text.
Return the result in a json format: [{""entity"":""entity_name""}]. <<The patient underwent surgery, and the whole tumor, from its base to the vertebrae, was excised.>>> <|im_end|><|im_start|>assistant[{""entity"": ""surgery""}, {""entity"": ""excised""}, {""entity"": ""tumor""}, {""entity"": ""base""}, {""entity"": ""vertebrae""}, {""entity"": ""patient""}] <|im_end|>","<|im_start|>user Extract the entities contained in the text. Extract only entities contained in the text.
Return the result in a json format: [{""entity"":""entity_name""}]. <<<We present a case of a 32-year-old woman with a history of gradual enlargement of the anterior neck.>>> <|im_end|><|im_start|>assistant [{""entity"": ""present""}, {""entity"": ""history""}, {""entity"": ""enlargement""}] <|im_end|>
<|im_start|>user Extract the entities contained in the text. Extract only entities contained in the text.
Return the result in a json format: [{""entity"":""entity_name""}]. <<<Patient information: a 9-month-old boy presented to the emergency room with a 3-day history of refusal to bear weight on the right lower extremity and febrile peaks of up to 38.5°C for 24 hours.>>> <|im_end|><|im_start|>assistant [{""entity"": ""presented""}, {""entity"": ""refusal""}, {""entity"": ""bear""}, {""entity"": ""peaks""}] <|im_end|>
<|im_start|>user Extract the entities contained in the text. Extract only entities contained in the text.
Return the result in a json format: [{""entity"":""entity_name""}]. <<The patient underwent surgery, and the whole tumor, from its base to the vertebrae, was excised.>>> <|im_end|><|im_start|>assistant","[{""entity"": ""surgery""}, {""entity"": ""excised""}, {""entity"": ""tumor""}, {""entity"": ""base""}, {""entity"": ""vertebrae""}, {""entity"": ""patient""}] ","[{""entity"": ""surgery""}, {""entity"": ""tumor""}, {""entity"": ""base""}, {""entity"": ""the vertebra"
"Bisection of the tumor revealed that it contained hair and pultaceous material consistent with a teratoma, which was later confirmed by histopathologic examination.","[{'id': '1670', 'offsets': array([0, 9]), 'role': '', 'semantic_type_id': '', 'text': 'Bisection', 'type': 'EVENT'}
 {'id': '1685', 'offsets': array([23, 31]), 'role': '', 'semantic_type_id': '', 'text': 'revealed', 'type': 'EVENT'}
 {'id': '1700', 'offsets': array([ 97, 105]), 'role': '', 'semantic_type_id': '', 'text': 'teratoma', 'type': 'EVENT'}
 {'id': '1715', 'offsets': array([123, 132]), 'role': '', 'semantic_type_id': '', 'text': 'confirmed', 'type': 'EVENT'}
 {'id': '1758', 'offsets': array([17, 22]), 'role': '', 'semantic_type_id': 'C0027651', 'text': 'tumor', 'type': 'CLINENTITY'}
 {'id': '1765', 'offsets': array([ 97, 105]), 'role': '', 'semantic_type_id': 'C0039538', 'text': 'teratoma', 'type': 'CLINENTITY'}]","A 16-year-old Indian boy presented to our hospital with a history of a lump in the lower back region since birth. Initially, it was small, but its size increased gradually over time to a size of 15 cm × 15 cm at presentation. There were no other associated abnormalities. Investigations revealed the lump to be a benign cystic teratoma. The patient underwent surgery, and the whole tumor, from its base to the vertebrae, was excised. Bisection of the tumor revealed that it contained hair and pultaceous material consistent with a teratoma, which was later confirmed by histopathologic examination.
",EN107423,"<|im_start|>user Extract the entities contained in the text. Extract only entities contained in the text.
Return the result in a json format: [{""entity"":""entity_name""}]. <<Bisection of the tumor revealed that it contained hair and pultaceous material consistent with a teratoma, which was later confirmed by histopathologic examination.>>> <|im_end|><|im_start|>assistant[{""entity"": ""Bisection""}, {""entity"": ""revealed""}, {""entity"": ""teratoma""}, {""entity"": ""confirmed""}, {""entity"": ""tumor""}, {""entity"": ""teratoma""}] <|im_end|>","<|im_start|>user Extract the entities contained in the text. Extract only entities contained in the text.
Return the result in a json format: [{""entity"":""entity_name""}]. <<<We present a case of a 32-year-old woman with a history of gradual enlargement of the anterior neck.>>> <|im_end|><|im_start|>assistant [{""entity"": ""present""}, {""entity"": ""history""}, {""entity"": ""enlargement""}] <|im_end|>
<|im_start|>user Extract the entities contained in the text. Extract only entities contained in the text.
Return the result in a json format: [{""entity"":""entity_name""}]. <<<Patient information: a 9-month-old boy presented to the emergency room with a 3-day history of refusal to bear weight on the right lower extremity and febrile peaks of up to 38.5°C for 24 hours.>>> <|im_end|><|im_start|>assistant [{""entity"": ""presented""}, {""entity"": ""refusal""}, {""entity"": ""bear""}, {""entity"": ""peaks""}] <|im_end|>
<|im_start|>user Extract the entities contained in the text. Extract only entities contained in the text.
Return the result in a json format: [{""entity"":""entity_name""}]. <<Bisection of the tumor revealed that it contained hair and pultaceous material consistent with a teratoma, which was later confirmed by histopathologic examination.>>> <|im_end|><|im_start|>assistant","[{""entity"": ""Bisection""}, {""entity"": ""revealed""}, {""entity"": ""teratoma""}, {""entity"": ""confirmed""}, {""entity"": ""tumor""}, {""entity"": ""teratoma""}] ","[{""entity"": ""tumor""}, {""entity"": ""revealed""}, {""entity"": ""consistent""}, {""entity"": ""teratoma"
We observed a 29 y.o. female proband with the episode of venous thrombosis at the age of 18 and family history of thrombosis.,"[{'id': '1604', 'offsets': array([ 3, 11]), 'role': '', 'semantic_type_id': '', 'text': 'observed', 'type': 'EVENT'}
 {'id': '1619', 'offsets': array([64, 74]), 'role': '', 'semantic_type_id': '', 'text': 'thrombosis', 'type': 'EVENT'}
 {'id': '1634', 'offsets': array([103, 110]), 'role': '', 'semantic_type_id': '', 'text': 'history', 'type': 'EVENT'}
 {'id': '1649', 'offsets': array([114, 124]), 'role': '', 'semantic_type_id': '', 'text': 'thrombosis', 'type': 'EVENT'}
 {'id': '1754', 'offsets': array([57, 74]), 'role': '', 'semantic_type_id': 'C0042487', 'text': 'venous thrombosis', 'type': 'CLINENTITY'}
 {'id': '1768', 'offsets': array([0, 2]), 'role': 'H-PROFESSIONAL', 'semantic_type_id': '', 'text': 'We', 'type': 'ACTOR'}
 {'id': '1775', 'offsets': array([12, 28]), 'role': 'PATIENT', 'semantic_type_id': '', 'text': 'a 29 y.o. female', 'type': 'ACTOR'}]","We observed a 29 y.o. female proband with the episode of venous thrombosis at the age of 18 and family history of thrombosis. The antithrombin level in our patient was low, 44-48% (AT deficiency type I). A new genetic variant c.662G > C (p.W221S) in the SERPINC1 gene was detected in proband and affected father but was absent in healthy sister. We used in silico tools to evaluate the possible impact of p.W221S variant on protein structure and function. In mutated SERPINC1 protein a new N-linked glycosylation site is formed, however, it is unclear if the glycosylation at 219-221 site is possible.
",EN101318,"<|im_start|>user Extract the entities contained in the text. Extract only entities contained in the text.
Return the result in a json format: [{""entity"":""entity_name""}]. <<We observed a 29 y.o. female proband with the episode of venous thrombosis at the age of 18 and family history of thrombosis.>>> <|im_end|><|im_start|>assistant[{""entity"": ""observed""}, {""entity"": ""thrombosis""}, {""entity"": ""history""}, {""entity"": ""thrombosis""}, {""entity"": ""venous thrombosis""}, {""entity"": ""We""}, {""entity"": ""a 29 y.o. female""}] <|im_end|>","<|im_start|>user Extract the entities contained in the text. Extract only entities contained in the text.
Return the result in a json format: [{""entity"":""entity_name""}]. <<<We present a case of a 32-year-old woman with a history of gradual enlargement of the anterior neck.>>> <|im_end|><|im_start|>assistant [{""entity"": ""present""}, {""entity"": ""history""}, {""entity"": ""enlargement""}] <|im_end|>
<|im_start|>user Extract the entities contained in the text. Extract only entities contained in the text.
Return the result in a json format: [{""entity"":""entity_name""}]. <<<Patient information: a 9-month-old boy presented to the emergency room with a 3-day history of refusal to bear weight on the right lower extremity and febrile peaks of up to 38.5°C for 24 hours.>>> <|im_end|><|im_start|>assistant [{""entity"": ""presented""}, {""entity"": ""refusal""}, {""entity"": ""bear""}, {""entity"": ""peaks""}] <|im_end|>
<|im_start|>user Extract the entities contained in the text. Extract only entities contained in the text.
Return the result in a json format: [{""entity"":""entity_name""}]. <<We observed a 29 y.o. female proband with the episode of venous thrombosis at the age of 18 and family history of thrombosis.>>> <|im_end|><|im_start|>assistant","[{""entity"": ""observed""}, {""entity"": ""thrombosis""}, {""entity"": ""history""}, {""entity"": ""thrombosis""}, {""entity"": ""venous thrombosis""}, {""entity"": ""We""}, {""entity"": ""a 29 y.o. female""}] ","[{""entity"": ""observed""}, {""entity"": ""thrombosis""}, {""entity"": ""thrombosis""}, {""entity"
"The antithrombin level in our patient was low, 44-48% (AT deficiency type I).","[{'id': '1664', 'offsets': array([17, 22]), 'role': '', 'semantic_type_id': '', 'text': 'level', 'type': 'EVENT'}
 {'id': '1782', 'offsets': array([26, 37]), 'role': 'PATIENT', 'semantic_type_id': '', 'text': 'our patient', 'type': 'ACTOR'}
 {'id': '1810', 'offsets': array([42, 45]), 'role': '', 'semantic_type_id': '', 'text': 'low', 'type': 'RML'}
 {'id': '1816', 'offsets': array([47, 53]), 'role': '', 'semantic_type_id': '', 'text': '44-48%', 'type': 'RML'}]","We observed a 29 y.o. female proband with the episode of venous thrombosis at the age of 18 and family history of thrombosis. The antithrombin level in our patient was low, 44-48% (AT deficiency type I). A new genetic variant c.662G > C (p.W221S) in the SERPINC1 gene was detected in proband and affected father but was absent in healthy sister. We used in silico tools to evaluate the possible impact of p.W221S variant on protein structure and function. In mutated SERPINC1 protein a new N-linked glycosylation site is formed, however, it is unclear if the glycosylation at 219-221 site is possible.
",EN101318,"<|im_start|>user Extract the entities contained in the text. Extract only entities contained in the text.
Return the result in a json format: [{""entity"":""entity_name""}]. <<The antithrombin level in our patient was low, 44-48% (AT deficiency type I).>>> <|im_end|><|im_start|>assistant[{""entity"": ""level""}, {""entity"": ""our patient""}, {""entity"": ""low""}, {""entity"": ""44-48%""}] <|im_end|>","<|im_start|>user Extract the entities contained in the text. Extract only entities contained in the text.
Return the result in a json format: [{""entity"":""entity_name""}]. <<<We present a case of a 32-year-old woman with a history of gradual enlargement of the anterior neck.>>> <|im_end|><|im_start|>assistant [{""entity"": ""present""}, {""entity"": ""history""}, {""entity"": ""enlargement""}] <|im_end|>
<|im_start|>user Extract the entities contained in the text. Extract only entities contained in the text.
Return the result in a json format: [{""entity"":""entity_name""}]. <<<Patient information: a 9-month-old boy presented to the emergency room with a 3-day history of refusal to bear weight on the right lower extremity and febrile peaks of up to 38.5°C for 24 hours.>>> <|im_end|><|im_start|>assistant [{""entity"": ""presented""}, {""entity"": ""refusal""}, {""entity"": ""bear""}, {""entity"": ""peaks""}] <|im_end|>
<|im_start|>user Extract the entities contained in the text. Extract only entities contained in the text.
Return the result in a json format: [{""entity"":""entity_name""}]. <<The antithrombin level in our patient was low, 44-48% (AT deficiency type I).>>> <|im_end|><|im_start|>assistant","[{""entity"": ""level""}, {""entity"": ""our patient""}, {""entity"": ""low""}, {""entity"": ""44-48%""}] ","[{""entity"": ""level""}, {""entity"": ""deficiency""}, {""entity"": ""low""}, {""entity"": ""44-4"
A new genetic variant c.662G > C (p.W221S) in the SERPINC1 gene was detected in proband and affected father but was absent in healthy sister.,"[{'id': '1679', 'offsets': array([68, 76]), 'role': '', 'semantic_type_id': '', 'text': 'detected', 'type': 'EVENT'}
 {'id': '1694', 'offsets': array([116, 122]), 'role': '', 'semantic_type_id': '', 'text': 'absent', 'type': 'EVENT'}
 {'id': '1789', 'offsets': array([ 92, 107]), 'role': 'OTHER', 'semantic_type_id': '', 'text': 'affected father', 'type': 'ACTOR'}
 {'id': '1796', 'offsets': array([126, 140]), 'role': 'OTHER', 'semantic_type_id': '', 'text': 'healthy sister', 'type': 'ACTOR'}]","We observed a 29 y.o. female proband with the episode of venous thrombosis at the age of 18 and family history of thrombosis. The antithrombin level in our patient was low, 44-48% (AT deficiency type I). A new genetic variant c.662G > C (p.W221S) in the SERPINC1 gene was detected in proband and affected father but was absent in healthy sister. We used in silico tools to evaluate the possible impact of p.W221S variant on protein structure and function. In mutated SERPINC1 protein a new N-linked glycosylation site is formed, however, it is unclear if the glycosylation at 219-221 site is possible.
",EN101318,"<|im_start|>user Extract the entities contained in the text. Extract only entities contained in the text.
Return the result in a json format: [{""entity"":""entity_name""}]. <<A new genetic variant c.662G > C (p.W221S) in the SERPINC1 gene was detected in proband and affected father but was absent in healthy sister.>>> <|im_end|><|im_start|>assistant[{""entity"": ""detected""}, {""entity"": ""absent""}, {""entity"": ""affected father""}, {""entity"": ""healthy sister""}] <|im_end|>","<|im_start|>user Extract the entities contained in the text. Extract only entities contained in the text.
Return the result in a json format: [{""entity"":""entity_name""}]. <<<We present a case of a 32-year-old woman with a history of gradual enlargement of the anterior neck.>>> <|im_end|><|im_start|>assistant [{""entity"": ""present""}, {""entity"": ""history""}, {""entity"": ""enlargement""}] <|im_end|>
<|im_start|>user Extract the entities contained in the text. Extract only entities contained in the text.
Return the result in a json format: [{""entity"":""entity_name""}]. <<<Patient information: a 9-month-old boy presented to the emergency room with a 3-day history of refusal to bear weight on the right lower extremity and febrile peaks of up to 38.5°C for 24 hours.>>> <|im_end|><|im_start|>assistant [{""entity"": ""presented""}, {""entity"": ""refusal""}, {""entity"": ""bear""}, {""entity"": ""peaks""}] <|im_end|>
<|im_start|>user Extract the entities contained in the text. Extract only entities contained in the text.
Return the result in a json format: [{""entity"":""entity_name""}]. <<A new genetic variant c.662G > C (p.W221S) in the SERPINC1 gene was detected in proband and affected father but was absent in healthy sister.>>> <|im_end|><|im_start|>assistant","[{""entity"": ""detected""}, {""entity"": ""absent""}, {""entity"": ""affected father""}, {""entity"": ""healthy sister""}] ","[{""entity"": ""variant""}, {""entity"": ""detected""}, {""entity"": ""absent""}, {""entity"": ""proband""},"
We used in silico tools to evaluate the possible impact of p.W221S variant on protein structure and function.,"[{'id': '1709', 'offsets': array([27, 35]), 'role': '', 'semantic_type_id': '', 'text': 'evaluate', 'type': 'EVENT'}
 {'id': '1803', 'offsets': array([0, 2]), 'role': 'H-PROFESSIONAL', 'semantic_type_id': '', 'text': 'We', 'type': 'ACTOR'}]","We observed a 29 y.o. female proband with the episode of venous thrombosis at the age of 18 and family history of thrombosis. The antithrombin level in our patient was low, 44-48% (AT deficiency type I). A new genetic variant c.662G > C (p.W221S) in the SERPINC1 gene was detected in proband and affected father but was absent in healthy sister. We used in silico tools to evaluate the possible impact of p.W221S variant on protein structure and function. In mutated SERPINC1 protein a new N-linked glycosylation site is formed, however, it is unclear if the glycosylation at 219-221 site is possible.
",EN101318,"<|im_start|>user Extract the entities contained in the text. Extract only entities contained in the text.
Return the result in a json format: [{""entity"":""entity_name""}]. <<We used in silico tools to evaluate the possible impact of p.W221S variant on protein structure and function.>>> <|im_end|><|im_start|>assistant[{""entity"": ""evaluate""}, {""entity"": ""We""}] <|im_end|>","<|im_start|>user Extract the entities contained in the text. Extract only entities contained in the text.
Return the result in a json format: [{""entity"":""entity_name""}]. <<<We present a case of a 32-year-old woman with a history of gradual enlargement of the anterior neck.>>> <|im_end|><|im_start|>assistant [{""entity"": ""present""}, {""entity"": ""history""}, {""entity"": ""enlargement""}] <|im_end|>
<|im_start|>user Extract the entities contained in the text. Extract only entities contained in the text.
Return the result in a json format: [{""entity"":""entity_name""}]. <<<Patient information: a 9-month-old boy presented to the emergency room with a 3-day history of refusal to bear weight on the right lower extremity and febrile peaks of up to 38.5°C for 24 hours.>>> <|im_end|><|im_start|>assistant [{""entity"": ""presented""}, {""entity"": ""refusal""}, {""entity"": ""bear""}, {""entity"": ""peaks""}] <|im_end|>
<|im_start|>user Extract the entities contained in the text. Extract only entities contained in the text.
Return the result in a json format: [{""entity"":""entity_name""}]. <<We used in silico tools to evaluate the possible impact of p.W221S variant on protein structure and function.>>> <|im_end|><|im_start|>assistant","[{""entity"": ""evaluate""}, {""entity"": ""We""}] ","[{""entity"": ""tools""}, {""entity"": ""evaluate""}, {""entity"": ""impact""}, {""entity"": ""variant""}, {""entity"":"
"In mutated SERPINC1 protein a new N-linked glycosylation site is formed, however, it is unclear if the glycosylation at 219-221 site is possible.","[{'id': '1724', 'offsets': array([65, 71]), 'role': '', 'semantic_type_id': '', 'text': 'formed', 'type': 'EVENT'}
 {'id': '1739', 'offsets': array([88, 95]), 'role': '', 'semantic_type_id': '', 'text': 'unclear', 'type': 'EVENT'}]","We observed a 29 y.o. female proband with the episode of venous thrombosis at the age of 18 and family history of thrombosis. The antithrombin level in our patient was low, 44-48% (AT deficiency type I). A new genetic variant c.662G > C (p.W221S) in the SERPINC1 gene was detected in proband and affected father but was absent in healthy sister. We used in silico tools to evaluate the possible impact of p.W221S variant on protein structure and function. In mutated SERPINC1 protein a new N-linked glycosylation site is formed, however, it is unclear if the glycosylation at 219-221 site is possible.
",EN101318,"<|im_start|>user Extract the entities contained in the text. Extract only entities contained in the text.
Return the result in a json format: [{""entity"":""entity_name""}]. <<In mutated SERPINC1 protein a new N-linked glycosylation site is formed, however, it is unclear if the glycosylation at 219-221 site is possible.>>> <|im_end|><|im_start|>assistant[{""entity"": ""formed""}, {""entity"": ""unclear""}] <|im_end|>","<|im_start|>user Extract the entities contained in the text. Extract only entities contained in the text.
Return the result in a json format: [{""entity"":""entity_name""}]. <<<We present a case of a 32-year-old woman with a history of gradual enlargement of the anterior neck.>>> <|im_end|><|im_start|>assistant [{""entity"": ""present""}, {""entity"": ""history""}, {""entity"": ""enlargement""}] <|im_end|>
<|im_start|>user Extract the entities contained in the text. Extract only entities contained in the text.
Return the result in a json format: [{""entity"":""entity_name""}]. <<<Patient information: a 9-month-old boy presented to the emergency room with a 3-day history of refusal to bear weight on the right lower extremity and febrile peaks of up to 38.5°C for 24 hours.>>> <|im_end|><|im_start|>assistant [{""entity"": ""presented""}, {""entity"": ""refusal""}, {""entity"": ""bear""}, {""entity"": ""peaks""}] <|im_end|>
<|im_start|>user Extract the entities contained in the text. Extract only entities contained in the text.
Return the result in a json format: [{""entity"":""entity_name""}]. <<In mutated SERPINC1 protein a new N-linked glycosylation site is formed, however, it is unclear if the glycosylation at 219-221 site is possible.>>> <|im_end|><|im_start|>assistant","[{""entity"": ""formed""}, {""entity"": ""unclear""}] ","[{""entity"": ""protein""}, {""entity"": ""formed""}, {""entity"": ""site""}, {""entity"": ""possible""}, {""entity"":"
In May 2014 a 49 year gentleman was admitted for widespread mucocutaneous blistering diagnosed as PV by histology and immunofluorescence.,"[{'id': '2202', 'offsets': array([36, 44]), 'role': '', 'semantic_type_id': '', 'text': 'admitted', 'type': 'EVENT'}
 {'id': '2217', 'offsets': array([74, 84]), 'role': '', 'semantic_type_id': '', 'text': 'blistering', 'type': 'EVENT'}
 {'id': '2232', 'offsets': array([85, 94]), 'role': '', 'semantic_type_id': '', 'text': 'diagnosed', 'type': 'EVENT'}
 {'id': '2247', 'offsets': array([ 98, 100]), 'role': '', 'semantic_type_id': '', 'text': 'PV', 'type': 'EVENT'}
 {'id': '2262', 'offsets': array([104, 113]), 'role': '', 'semantic_type_id': '', 'text': 'histology', 'type': 'EVENT'}
 {'id': '2277', 'offsets': array([118, 136]), 'role': '', 'semantic_type_id': '', 'text': 'immunofluorescence', 'type': 'EVENT'}
 {'id': '2813', 'offsets': array([12, 31]), 'role': 'PATIENT', 'semantic_type_id': '', 'text': 'a 49\xa0year gentleman', 'type': 'ACTOR'}
 {'id': '2841', 'offsets': array([ 3, 11]), 'role': '', 'semantic_type_id': '', 'text': 'May 2014', 'type': 'TIMEX3'}]","In May 2014 a 49 year gentleman was admitted for widespread mucocutaneous blistering diagnosed as PV by histology and immunofluorescence. After 6 weeks of treatment with systemic steroids and azathioprine the patient developed pulmonary emboli and started oral anticoagulation with warfarin. In late September, the patient re-presented with a severe flare of PV and a recurrent deep vein thrombosis despite oral anticoagulation within therapeutic range. Warfarin was changed to subcutaneous low molecular heparin in therapeutic dose while treatment for pemphigus was escalated: first azathioprine was switched to mycophenolate mofetil and the steroids dose increased; then due to poor response, intravenous immunoglobulins were given for three courses and finally he received four infusions of Rituximab that induced sustained remission. In April 2015 the dose of mycophenolate was decreased but anticoagulation was continued until the beginning of July 2015 to ensure that decreasing immune suppression did not allow the emergence of another flare with attendant thrombotic risk.
",EN105023,"<|im_start|>user Extract the entities contained in the text. Extract only entities contained in the text.
Return the result in a json format: [{""entity"":""entity_name""}]. <<In May 2014 a 49 year gentleman was admitted for widespread mucocutaneous blistering diagnosed as PV by histology and immunofluorescence.>>> <|im_end|><|im_start|>assistant[{""entity"": ""admitted""}, {""entity"": ""blistering""}, {""entity"": ""diagnosed""}, {""entity"": ""PV""}, {""entity"": ""histology""}, {""entity"": ""immunofluorescence""}, {""entity"": ""a 49 year gentleman""}, {""entity"": ""May 2014""}] <|im_end|>","<|im_start|>user Extract the entities contained in the text. Extract only entities contained in the text.
Return the result in a json format: [{""entity"":""entity_name""}]. <<<We present a case of a 32-year-old woman with a history of gradual enlargement of the anterior neck.>>> <|im_end|><|im_start|>assistant [{""entity"": ""present""}, {""entity"": ""history""}, {""entity"": ""enlargement""}] <|im_end|>
<|im_start|>user Extract the entities contained in the text. Extract only entities contained in the text.
Return the result in a json format: [{""entity"":""entity_name""}]. <<<Patient information: a 9-month-old boy presented to the emergency room with a 3-day history of refusal to bear weight on the right lower extremity and febrile peaks of up to 38.5°C for 24 hours.>>> <|im_end|><|im_start|>assistant [{""entity"": ""presented""}, {""entity"": ""refusal""}, {""entity"": ""bear""}, {""entity"": ""peaks""}] <|im_end|>
<|im_start|>user Extract the entities contained in the text. Extract only entities contained in the text.
Return the result in a json format: [{""entity"":""entity_name""}]. <<In May 2014 a 49 year gentleman was admitted for widespread mucocutaneous blistering diagnosed as PV by histology and immunofluorescence.>>> <|im_end|><|im_start|>assistant","[{""entity"": ""admitted""}, {""entity"": ""blistering""}, {""entity"": ""diagnosed""}, {""entity"": ""PV""}, {""entity"": ""histology""}, {""entity"": ""immunofluorescence""}, {""entity"": ""a 49 year gentleman""}, {""entity"": ""May 2014""}] ","[{""entity"": ""admitted""}, {""entity"": ""diagnosed""}, {""entity"": ""PV""}, {""entity"": ""blister"
After 6 weeks of treatment with systemic steroids and azathioprine the patient developed pulmonary emboli and started oral anticoagulation with warfarin.,"[{'id': '2292', 'offsets': array([41, 49]), 'role': '', 'semantic_type_id': '', 'text': 'steroids', 'type': 'EVENT'}
 {'id': '2307', 'offsets': array([54, 66]), 'role': '', 'semantic_type_id': '', 'text': 'azathioprine', 'type': 'EVENT'}
 {'id': '2322', 'offsets': array([ 99, 105]), 'role': '', 'semantic_type_id': '', 'text': 'emboli', 'type': 'EVENT'}
 {'id': '2337', 'offsets': array([110, 117]), 'role': '', 'semantic_type_id': '', 'text': 'started', 'type': 'EVENT'}
 {'id': '2352', 'offsets': array([123, 138]), 'role': '', 'semantic_type_id': '', 'text': 'anticoagulation', 'type': 'EVENT'}
 {'id': '2779', 'offsets': array([ 89, 105]), 'role': '', 'semantic_type_id': 'C0034065', 'text': 'pulmonary emboli', 'type': 'CLINENTITY'}
 {'id': '2820', 'offsets': array([67, 78]), 'role': 'PATIENT', 'semantic_type_id': '', 'text': 'the patient', 'type': 'ACTOR'}
 {'id': '2850', 'offsets': array([ 6, 13]), 'role': '', 'semantic_type_id': '', 'text': '6\xa0weeks', 'type': 'TIMEX3'}]","In May 2014 a 49 year gentleman was admitted for widespread mucocutaneous blistering diagnosed as PV by histology and immunofluorescence. After 6 weeks of treatment with systemic steroids and azathioprine the patient developed pulmonary emboli and started oral anticoagulation with warfarin. In late September, the patient re-presented with a severe flare of PV and a recurrent deep vein thrombosis despite oral anticoagulation within therapeutic range. Warfarin was changed to subcutaneous low molecular heparin in therapeutic dose while treatment for pemphigus was escalated: first azathioprine was switched to mycophenolate mofetil and the steroids dose increased; then due to poor response, intravenous immunoglobulins were given for three courses and finally he received four infusions of Rituximab that induced sustained remission. In April 2015 the dose of mycophenolate was decreased but anticoagulation was continued until the beginning of July 2015 to ensure that decreasing immune suppression did not allow the emergence of another flare with attendant thrombotic risk.
",EN105023,"<|im_start|>user Extract the entities contained in the text. Extract only entities contained in the text.
Return the result in a json format: [{""entity"":""entity_name""}]. <<After 6 weeks of treatment with systemic steroids and azathioprine the patient developed pulmonary emboli and started oral anticoagulation with warfarin.>>> <|im_end|><|im_start|>assistant[{""entity"": ""steroids""}, {""entity"": ""azathioprine""}, {""entity"": ""emboli""}, {""entity"": ""started""}, {""entity"": ""anticoagulation""}, {""entity"": ""pulmonary emboli""}, {""entity"": ""the patient""}, {""entity"": ""6 weeks""}] <|im_end|>","<|im_start|>user Extract the entities contained in the text. Extract only entities contained in the text.
Return the result in a json format: [{""entity"":""entity_name""}]. <<<We present a case of a 32-year-old woman with a history of gradual enlargement of the anterior neck.>>> <|im_end|><|im_start|>assistant [{""entity"": ""present""}, {""entity"": ""history""}, {""entity"": ""enlargement""}] <|im_end|>
<|im_start|>user Extract the entities contained in the text. Extract only entities contained in the text.
Return the result in a json format: [{""entity"":""entity_name""}]. <<<Patient information: a 9-month-old boy presented to the emergency room with a 3-day history of refusal to bear weight on the right lower extremity and febrile peaks of up to 38.5°C for 24 hours.>>> <|im_end|><|im_start|>assistant [{""entity"": ""presented""}, {""entity"": ""refusal""}, {""entity"": ""bear""}, {""entity"": ""peaks""}] <|im_end|>
<|im_start|>user Extract the entities contained in the text. Extract only entities contained in the text.
Return the result in a json format: [{""entity"":""entity_name""}]. <<After 6 weeks of treatment with systemic steroids and azathioprine the patient developed pulmonary emboli and started oral anticoagulation with warfarin.>>> <|im_end|><|im_start|>assistant","[{""entity"": ""steroids""}, {""entity"": ""azathioprine""}, {""entity"": ""emboli""}, {""entity"": ""started""}, {""entity"": ""anticoagulation""}, {""entity"": ""pulmonary emboli""}, {""entity"": ""the patient""}, {""entity"": ""6 weeks""}] ","[{""entity"": ""treatment""}, {""entity"": ""developed""}, {""entity"": ""emboli""}, {""entity"": ""started""},"
"In late September, the patient re-presented with a severe flare of PV and a recurrent deep vein thrombosis despite oral anticoagulation within therapeutic range.","[{'id': '2367', 'offsets': array([31, 43]), 'role': '', 'semantic_type_id': '', 'text': 're-presented', 'type': 'EVENT'}
 {'id': '2382', 'offsets': array([58, 63]), 'role': '', 'semantic_type_id': '', 'text': 'flare', 'type': 'EVENT'}
 {'id': '2397', 'offsets': array([ 96, 106]), 'role': '', 'semantic_type_id': '', 'text': 'thrombosis', 'type': 'EVENT'}
 {'id': '2412', 'offsets': array([120, 135]), 'role': '', 'semantic_type_id': '', 'text': 'anticoagulation', 'type': 'EVENT'}
 {'id': '2786', 'offsets': array([67, 69]), 'role': '', 'semantic_type_id': 'C0030809', 'text': 'PV', 'type': 'CLINENTITY'}
 {'id': '2793', 'offsets': array([ 86, 106]), 'role': '', 'semantic_type_id': 'C0149871', 'text': 'deep vein thrombosis', 'type': 'CLINENTITY'}
 {'id': '2807', 'offsets': array([91, 95]), 'role': '', 'semantic_type_id': '', 'text': 'vein', 'type': 'BODYPART'}
 {'id': '2827', 'offsets': array([19, 30]), 'role': 'PATIENT', 'semantic_type_id': '', 'text': 'the patient', 'type': 'ACTOR'}
 {'id': '2859', 'offsets': array([ 3, 17]), 'role': '', 'semantic_type_id': '', 'text': 'late September', 'type': 'TIMEX3'}]","In May 2014 a 49 year gentleman was admitted for widespread mucocutaneous blistering diagnosed as PV by histology and immunofluorescence. After 6 weeks of treatment with systemic steroids and azathioprine the patient developed pulmonary emboli and started oral anticoagulation with warfarin. In late September, the patient re-presented with a severe flare of PV and a recurrent deep vein thrombosis despite oral anticoagulation within therapeutic range. Warfarin was changed to subcutaneous low molecular heparin in therapeutic dose while treatment for pemphigus was escalated: first azathioprine was switched to mycophenolate mofetil and the steroids dose increased; then due to poor response, intravenous immunoglobulins were given for three courses and finally he received four infusions of Rituximab that induced sustained remission. In April 2015 the dose of mycophenolate was decreased but anticoagulation was continued until the beginning of July 2015 to ensure that decreasing immune suppression did not allow the emergence of another flare with attendant thrombotic risk.
",EN105023,"<|im_start|>user Extract the entities contained in the text. Extract only entities contained in the text.
Return the result in a json format: [{""entity"":""entity_name""}]. <<In late September, the patient re-presented with a severe flare of PV and a recurrent deep vein thrombosis despite oral anticoagulation within therapeutic range.>>> <|im_end|><|im_start|>assistant[{""entity"": ""re-presented""}, {""entity"": ""flare""}, {""entity"": ""thrombosis""}, {""entity"": ""anticoagulation""}, {""entity"": ""PV""}, {""entity"": ""deep vein thrombosis""}, {""entity"": ""vein""}, {""entity"": ""the patient""}, {""entity"": ""late September""}] <|im_end|>","<|im_start|>user Extract the entities contained in the text. Extract only entities contained in the text.
Return the result in a json format: [{""entity"":""entity_name""}]. <<<We present a case of a 32-year-old woman with a history of gradual enlargement of the anterior neck.>>> <|im_end|><|im_start|>assistant [{""entity"": ""present""}, {""entity"": ""history""}, {""entity"": ""enlargement""}] <|im_end|>
<|im_start|>user Extract the entities contained in the text. Extract only entities contained in the text.
Return the result in a json format: [{""entity"":""entity_name""}]. <<<Patient information: a 9-month-old boy presented to the emergency room with a 3-day history of refusal to bear weight on the right lower extremity and febrile peaks of up to 38.5°C for 24 hours.>>> <|im_end|><|im_start|>assistant [{""entity"": ""presented""}, {""entity"": ""refusal""}, {""entity"": ""bear""}, {""entity"": ""peaks""}] <|im_end|>
<|im_start|>user Extract the entities contained in the text. Extract only entities contained in the text.
Return the result in a json format: [{""entity"":""entity_name""}]. <<In late September, the patient re-presented with a severe flare of PV and a recurrent deep vein thrombosis despite oral anticoagulation within therapeutic range.>>> <|im_end|><|im_start|>assistant","[{""entity"": ""re-presented""}, {""entity"": ""flare""}, {""entity"": ""thrombosis""}, {""entity"": ""anticoagulation""}, {""entity"": ""PV""}, {""entity"": ""deep vein thrombosis""}, {""entity"": ""vein""}, {""entity"": ""the patient""}, {""entity"": ""late September""}] ","[{""entity"": ""re-presented""}, {""entity"": ""flare""}, {""entity"": ""thrombosis""}, {""entity"": """
"Warfarin was changed to subcutaneous low molecular heparin in therapeutic dose while treatment for pemphigus was escalated: first azathioprine was switched to mycophenolate mofetil and the steroids dose increased; then due to poor response, intravenous immunoglobulins were given for three courses and finally he received four infusions of Rituximab that induced sustained remission.","[{'id': '2427', 'offsets': array([0, 8]), 'role': '', 'semantic_type_id': '', 'text': 'Warfarin', 'type': 'EVENT'}
 {'id': '2442', 'offsets': array([13, 20]), 'role': '', 'semantic_type_id': '', 'text': 'changed', 'type': 'EVENT'}
 {'id': '2457', 'offsets': array([51, 58]), 'role': '', 'semantic_type_id': '', 'text': 'heparin', 'type': 'EVENT'}
 {'id': '2472', 'offsets': array([85, 94]), 'role': '', 'semantic_type_id': '', 'text': 'treatment', 'type': 'EVENT'}
 {'id': '2487', 'offsets': array([113, 122]), 'role': '', 'semantic_type_id': '', 'text': 'escalated', 'type': 'EVENT'}
 {'id': '2502', 'offsets': array([130, 142]), 'role': '', 'semantic_type_id': '', 'text': 'azathioprine', 'type': 'EVENT'}
 {'id': '2517', 'offsets': array([147, 155]), 'role': '', 'semantic_type_id': '', 'text': 'switched', 'type': 'EVENT'}
 {'id': '2532', 'offsets': array([159, 172]), 'role': '', 'semantic_type_id': '', 'text': 'mycophenolate', 'type': 'EVENT'}
 {'id': '2547', 'offsets': array([203, 212]), 'role': '', 'semantic_type_id': '', 'text': 'increased', 'type': 'EVENT'}
 {'id': '2562', 'offsets': array([231, 239]), 'role': '', 'semantic_type_id': '', 'text': 'response', 'type': 'EVENT'}
 {'id': '2577', 'offsets': array([274, 279]), 'role': '', 'semantic_type_id': '', 'text': 'given', 'type': 'EVENT'}
 {'id': '2592', 'offsets': array([290, 297]), 'role': '', 'semantic_type_id': '', 'text': 'courses', 'type': 'EVENT'}
 {'id': '2607', 'offsets': array([313, 321]), 'role': '', 'semantic_type_id': '', 'text': 'received', 'type': 'EVENT'}
 {'id': '2622', 'offsets': array([355, 362]), 'role': '', 'semantic_type_id': '', 'text': 'induced', 'type': 'EVENT'}
 {'id': '2637', 'offsets': array([373, 382]), 'role': '', 'semantic_type_id': '', 'text': 'remission', 'type': 'EVENT'}
 {'id': '2800', 'offsets': array([ 99, 108]), 'role': '', 'semantic_type_id': 'C0030807', 'text': 'pemphigus', 'type': 'CLINENTITY'}
 {'id': '2834', 'offsets': array([310, 312]), 'role': 'PATIENT', 'semantic_type_id': '', 'text': 'he', 'type': 'ACTOR'}]","In May 2014 a 49 year gentleman was admitted for widespread mucocutaneous blistering diagnosed as PV by histology and immunofluorescence. After 6 weeks of treatment with systemic steroids and azathioprine the patient developed pulmonary emboli and started oral anticoagulation with warfarin. In late September, the patient re-presented with a severe flare of PV and a recurrent deep vein thrombosis despite oral anticoagulation within therapeutic range. Warfarin was changed to subcutaneous low molecular heparin in therapeutic dose while treatment for pemphigus was escalated: first azathioprine was switched to mycophenolate mofetil and the steroids dose increased; then due to poor response, intravenous immunoglobulins were given for three courses and finally he received four infusions of Rituximab that induced sustained remission. In April 2015 the dose of mycophenolate was decreased but anticoagulation was continued until the beginning of July 2015 to ensure that decreasing immune suppression did not allow the emergence of another flare with attendant thrombotic risk.
",EN105023,"<|im_start|>user Extract the entities contained in the text. Extract only entities contained in the text.
Return the result in a json format: [{""entity"":""entity_name""}]. <<Warfarin was changed to subcutaneous low molecular heparin in therapeutic dose while treatment for pemphigus was escalated: first azathioprine was switched to mycophenolate mofetil and the steroids dose increased; then due to poor response, intravenous immunoglobulins were given for three courses and finally he received four infusions of Rituximab that induced sustained remission.>>> <|im_end|><|im_start|>assistant[{""entity"": ""Warfarin""}, {""entity"": ""changed""}, {""entity"": ""heparin""}, {""entity"": ""treatment""}, {""entity"": ""escalated""}, {""entity"": ""azathioprine""}, {""entity"": ""switched""}, {""entity"": ""mycophenolate""}, {""entity"": ""increased""}, {""entity"": ""response""}, {""entity"": ""given""}, {""entity"": ""courses""}, {""entity"": ""received""}, {""entity"": ""induced""}, {""entity"": ""remission""}, {""entity"": ""pemphigus""}, {""entity"": ""he""}] <|im_end|>","<|im_start|>user Extract the entities contained in the text. Extract only entities contained in the text.
Return the result in a json format: [{""entity"":""entity_name""}]. <<<We present a case of a 32-year-old woman with a history of gradual enlargement of the anterior neck.>>> <|im_end|><|im_start|>assistant [{""entity"": ""present""}, {""entity"": ""history""}, {""entity"": ""enlargement""}] <|im_end|>
<|im_start|>user Extract the entities contained in the text. Extract only entities contained in the text.
Return the result in a json format: [{""entity"":""entity_name""}]. <<<Patient information: a 9-month-old boy presented to the emergency room with a 3-day history of refusal to bear weight on the right lower extremity and febrile peaks of up to 38.5°C for 24 hours.>>> <|im_end|><|im_start|>assistant [{""entity"": ""presented""}, {""entity"": ""refusal""}, {""entity"": ""bear""}, {""entity"": ""peaks""}] <|im_end|>
<|im_start|>user Extract the entities contained in the text. Extract only entities contained in the text.
Return the result in a json format: [{""entity"":""entity_name""}]. <<Warfarin was changed to subcutaneous low molecular heparin in therapeutic dose while treatment for pemphigus was escalated: first azathioprine was switched to mycophenolate mofetil and the steroids dose increased; then due to poor response, intravenous immunoglobulins were given for three courses and finally he received four infusions of Rituximab that induced sustained remission.>>> <|im_end|><|im_start|>assistant","[{""entity"": ""Warfarin""}, {""entity"": ""changed""}, {""entity"": ""heparin""}, {""entity"": ""treatment""}, {""entity"": ""escalated""}, {""entity"": ""azathioprine""}, {""entity"": ""switched""}, {""entity"": ""mycophenolate""}, {""entity"": ""increased""}, {""entity"": ""response""}, {""entity"": ""given""}, {""entity"": ""courses""}, {""entity"": ""received""}, {""entity"": ""induced""}, {""entity"": ""remission""}, {""entity"": ""pemphigus""}, {""entity"": ""he""}] ","[{""entity"": ""Warfarin""}, {""entity"": ""changed""}, {""entity"": ""heparin""}, {""entity"": ""t"
In April 2015 the dose of mycophenolate was decreased but anticoagulation was continued until the beginning of July 2015 to ensure that decreasing immune suppression did not allow the emergence of another flare with attendant thrombotic risk.,"[{'id': '2652', 'offsets': array([44, 53]), 'role': '', 'semantic_type_id': '', 'text': 'decreased', 'type': 'EVENT'}
 {'id': '2667', 'offsets': array([58, 73]), 'role': '', 'semantic_type_id': '', 'text': 'anticoagulation', 'type': 'EVENT'}
 {'id': '2682', 'offsets': array([78, 87]), 'role': '', 'semantic_type_id': '', 'text': 'continued', 'type': 'EVENT'}
 {'id': '2697', 'offsets': array([124, 130]), 'role': '', 'semantic_type_id': '', 'text': 'ensure', 'type': 'EVENT'}
 {'id': '2712', 'offsets': array([136, 146]), 'role': '', 'semantic_type_id': '', 'text': 'decreasing', 'type': 'EVENT'}
 {'id': '2727', 'offsets': array([154, 165]), 'role': '', 'semantic_type_id': '', 'text': 'suppression', 'type': 'EVENT'}
 {'id': '2742', 'offsets': array([174, 179]), 'role': '', 'semantic_type_id': '', 'text': 'allow', 'type': 'EVENT'}
 {'id': '2757', 'offsets': array([205, 210]), 'role': '', 'semantic_type_id': '', 'text': 'flare', 'type': 'EVENT'}
 {'id': '2868', 'offsets': array([ 3, 13]), 'role': '', 'semantic_type_id': '', 'text': 'April 2015', 'type': 'TIMEX3'}
 {'id': '2877', 'offsets': array([111, 120]), 'role': '', 'semantic_type_id': '', 'text': 'July 2015', 'type': 'TIMEX3'}]","In May 2014 a 49 year gentleman was admitted for widespread mucocutaneous blistering diagnosed as PV by histology and immunofluorescence. After 6 weeks of treatment with systemic steroids and azathioprine the patient developed pulmonary emboli and started oral anticoagulation with warfarin. In late September, the patient re-presented with a severe flare of PV and a recurrent deep vein thrombosis despite oral anticoagulation within therapeutic range. Warfarin was changed to subcutaneous low molecular heparin in therapeutic dose while treatment for pemphigus was escalated: first azathioprine was switched to mycophenolate mofetil and the steroids dose increased; then due to poor response, intravenous immunoglobulins were given for three courses and finally he received four infusions of Rituximab that induced sustained remission. In April 2015 the dose of mycophenolate was decreased but anticoagulation was continued until the beginning of July 2015 to ensure that decreasing immune suppression did not allow the emergence of another flare with attendant thrombotic risk.
",EN105023,"<|im_start|>user Extract the entities contained in the text. Extract only entities contained in the text.
Return the result in a json format: [{""entity"":""entity_name""}]. <<In April 2015 the dose of mycophenolate was decreased but anticoagulation was continued until the beginning of July 2015 to ensure that decreasing immune suppression did not allow the emergence of another flare with attendant thrombotic risk.>>> <|im_end|><|im_start|>assistant[{""entity"": ""decreased""}, {""entity"": ""anticoagulation""}, {""entity"": ""continued""}, {""entity"": ""ensure""}, {""entity"": ""decreasing""}, {""entity"": ""suppression""}, {""entity"": ""allow""}, {""entity"": ""flare""}, {""entity"": ""April 2015""}, {""entity"": ""July 2015""}] <|im_end|>","<|im_start|>user Extract the entities contained in the text. Extract only entities contained in the text.
Return the result in a json format: [{""entity"":""entity_name""}]. <<<We present a case of a 32-year-old woman with a history of gradual enlargement of the anterior neck.>>> <|im_end|><|im_start|>assistant [{""entity"": ""present""}, {""entity"": ""history""}, {""entity"": ""enlargement""}] <|im_end|>
<|im_start|>user Extract the entities contained in the text. Extract only entities contained in the text.
Return the result in a json format: [{""entity"":""entity_name""}]. <<<Patient information: a 9-month-old boy presented to the emergency room with a 3-day history of refusal to bear weight on the right lower extremity and febrile peaks of up to 38.5°C for 24 hours.>>> <|im_end|><|im_start|>assistant [{""entity"": ""presented""}, {""entity"": ""refusal""}, {""entity"": ""bear""}, {""entity"": ""peaks""}] <|im_end|>
<|im_start|>user Extract the entities contained in the text. Extract only entities contained in the text.
Return the result in a json format: [{""entity"":""entity_name""}]. <<In April 2015 the dose of mycophenolate was decreased but anticoagulation was continued until the beginning of July 2015 to ensure that decreasing immune suppression did not allow the emergence of another flare with attendant thrombotic risk.>>> <|im_end|><|im_start|>assistant","[{""entity"": ""decreased""}, {""entity"": ""anticoagulation""}, {""entity"": ""continued""}, {""entity"": ""ensure""}, {""entity"": ""decreasing""}, {""entity"": ""suppression""}, {""entity"": ""allow""}, {""entity"": ""flare""}, {""entity"": ""April 2015""}, {""entity"": ""July 2015""}] ","[{""entity"": ""dose""}, {""entity"": ""continued""}, {""entity"": ""suppression""}, {""entity"": ""flare""}, {"""
"A 43-year-old non-diabetic Indian male reported to our outpatient department with chief complaints of cough with expectoration, chest pain, reduced appetite, fever with chills, and night sweats for two weeks.","[{'id': '8510', 'offsets': array([39, 47]), 'role': '', 'semantic_type_id': '', 'text': 'reported', 'type': 'EVENT'}
 {'id': '8525', 'offsets': array([88, 98]), 'role': '', 'semantic_type_id': '', 'text': 'complaints', 'type': 'EVENT'}
 {'id': '8540', 'offsets': array([102, 107]), 'role': '', 'semantic_type_id': '', 'text': 'cough', 'type': 'EVENT'}
 {'id': '8555', 'offsets': array([134, 138]), 'role': '', 'semantic_type_id': '', 'text': 'pain', 'type': 'EVENT'}
 {'id': '8570', 'offsets': array([148, 156]), 'role': '', 'semantic_type_id': '', 'text': 'appetite', 'type': 'EVENT'}
 {'id': '8585', 'offsets': array([158, 163]), 'role': '', 'semantic_type_id': '', 'text': 'fever', 'type': 'EVENT'}
 {'id': '8600', 'offsets': array([187, 193]), 'role': '', 'semantic_type_id': '', 'text': 'sweats', 'type': 'EVENT'}
 {'id': '10002', 'offsets': array([128, 138]), 'role': '', 'semantic_type_id': 'C0008031', 'text': 'chest pain', 'type': 'CLINENTITY'}
 {'id': '10009', 'offsets': array([140, 156]), 'role': '', 'semantic_type_id': 'C0232462', 'text': 'reduced appetite', 'type': 'CLINENTITY'}
 {'id': '10016', 'offsets': array([158, 175]), 'role': '', 'semantic_type_id': 'C0085594', 'text': 'fever with chills', 'type': 'CLINENTITY'}
 {'id': '10023', 'offsets': array([181, 193]), 'role': '', 'semantic_type_id': 'C0028081', 'text': 'night sweats', 'type': 'CLINENTITY'}
 {'id': '10128', 'offsets': array([128, 133]), 'role': '', 'semantic_type_id': '', 'text': 'chest', 'type': 'BODYPART'}
 {'id': '10206', 'offsets': array([ 0, 38]), 'role': 'PATIENT', 'semantic_type_id': '', 'text': 'A 43-year-old non-diabetic Indian male', 'type': 'ACTOR'}
 {'id': '10383', 'offsets': array([198, 207]), 'role': '', 'semantic_type_id': '', 'text': 'two weeks', 'type': 'TIMEX3'}]","A 43-year-old non-diabetic Indian male reported to our outpatient department with chief complaints of cough with expectoration, chest pain, reduced appetite, fever with chills, and night sweats for two weeks. He also complained of breathlessness on exertion and had two episodes of blood in his sputum. The patient explained that the cough was continuous and was relieved after taking cough syrup. He also mentioned that the episodes of fever were initially intermittent and then daily for the last two weeks and were relieved after taking Paracetamol. The chest pain was localized to the middle of the chest and was aggravated on exertion. He was a businessman by profession with no history of smoking, alcoholism, or any other substance abuse. Also, there was no history of any contact of TB or COVID-19 in the family or close contacts. And there was no history of foreign travel in the recent past. But he had reported having traveled by a domestic airline about twenty days back. There was no history of weight loss or any other major illness in the past.
On examination his vitals were-pulse-108/minute, arterial BP-130/80 mm of Hg, respiratory rate of 30 breaths/minute, Sp02-899% on room air, temperature- 101-degree centigrade. His Sp02 fell by 70% on room air after waking. On auscultation, there was crepitation on the bilateral middle lobes of the lungs. Also, dyspnea on exertion was noted. The rest of the systemic examination was within normal limits.
Considering this as a probable case of TB with COVID-19 he was advised a chest radiograph with sputum microscopy (Ziehl Neelsen (ZN) staining for acid-fast bacilli), Cartridge-based nucleic acid amplification test (CBNAAT) of the sputum and other routine investigations. To check for the COVID-19 he was advised qualitative polymerase chain reaction (PCR) test from the oropharyngeal swab. The results were surprising with Mycobacterium tuberculosis detected on sputum fluorescent microscopy and were also confirmed by the CBNAAT. However, there was no resistance to Rifampicin. The results of the PCR were positive for RNA specific to SARS-CoV-2. Besides, the chest radiograph PA-view was suggestive of bilateral consolidations on the middle lobes of lungs with ill-defined borders. The other investigations revealed a low lymphocyte count (1x 10 9 /L) and increased levels of C-reactive protein (CRP) (57 mg/L), lactate dehydrogenase (LDH) (580 U/L), and erythrocyte sedimentation rate (ESR) (70 mm in the 1 st hour). Also, a sample for liquid culture (MGIT BACTEC) was sent to the Intermediate Reference Laboratory (IRL) which revealed the growth of Mycobacterium tuberculosis. Computed tomography was not performed as the diagnosis was established by other cheaper and faster methods and also the patient was unwilling for the same. All the other routine investigations were within normal limits.
He was referred to the nearest designated COVID-19 management center, where he was managed as per national guidelines. Besides, he was also started on an antitubercular treatment of four drugs as per the National Tuberculosis Elimination Program (NTEP) guidelines. He was advised follow-up post completion of his stay at the designated COVID-19 center, but he has not yet reported back for follow-up. Written informed consent was obtained from the patient for using clinical data and images for publication in this study.
",EN100606,"<|im_start|>user Extract the entities contained in the text. Extract only entities contained in the text.
Return the result in a json format: [{""entity"":""entity_name""}]. <<A 43-year-old non-diabetic Indian male reported to our outpatient department with chief complaints of cough with expectoration, chest pain, reduced appetite, fever with chills, and night sweats for two weeks.>>> <|im_end|><|im_start|>assistant[{""entity"": ""reported""}, {""entity"": ""complaints""}, {""entity"": ""cough""}, {""entity"": ""pain""}, {""entity"": ""appetite""}, {""entity"": ""fever""}, {""entity"": ""sweats""}, {""entity"": ""chest pain""}, {""entity"": ""reduced appetite""}, {""entity"": ""fever with chills""}, {""entity"": ""night sweats""}, {""entity"": ""chest""}, {""entity"": ""A 43-year-old non-diabetic Indian male""}, {""entity"": ""two weeks""}] <|im_end|>","<|im_start|>user Extract the entities contained in the text. Extract only entities contained in the text.
Return the result in a json format: [{""entity"":""entity_name""}]. <<<We present a case of a 32-year-old woman with a history of gradual enlargement of the anterior neck.>>> <|im_end|><|im_start|>assistant [{""entity"": ""present""}, {""entity"": ""history""}, {""entity"": ""enlargement""}] <|im_end|>
<|im_start|>user Extract the entities contained in the text. Extract only entities contained in the text.
Return the result in a json format: [{""entity"":""entity_name""}]. <<<Patient information: a 9-month-old boy presented to the emergency room with a 3-day history of refusal to bear weight on the right lower extremity and febrile peaks of up to 38.5°C for 24 hours.>>> <|im_end|><|im_start|>assistant [{""entity"": ""presented""}, {""entity"": ""refusal""}, {""entity"": ""bear""}, {""entity"": ""peaks""}] <|im_end|>
<|im_start|>user Extract the entities contained in the text. Extract only entities contained in the text.
Return the result in a json format: [{""entity"":""entity_name""}]. <<A 43-year-old non-diabetic Indian male reported to our outpatient department with chief complaints of cough with expectoration, chest pain, reduced appetite, fever with chills, and night sweats for two weeks.>>> <|im_end|><|im_start|>assistant","[{""entity"": ""reported""}, {""entity"": ""complaints""}, {""entity"": ""cough""}, {""entity"": ""pain""}, {""entity"": ""appetite""}, {""entity"": ""fever""}, {""entity"": ""sweats""}, {""entity"": ""chest pain""}, {""entity"": ""reduced appetite""}, {""entity"": ""fever with chills""}, {""entity"": ""night sweats""}, {""entity"": ""chest""}, {""entity"": ""A 43-year-old non-diabetic Indian male""}, {""entity"": ""two weeks""}] ","[{""entity"": ""reported""}, {""entity"": ""complaints""}, {""entity"": ""cough""}, {""entity"": ""expectoration"
He also complained of breathlessness on exertion and had two episodes of blood in his sputum.,"[{'id': '8615', 'offsets': array([ 8, 18]), 'role': '', 'semantic_type_id': '', 'text': 'complained', 'type': 'EVENT'}
 {'id': '8630', 'offsets': array([22, 36]), 'role': '', 'semantic_type_id': '', 'text': 'breathlessness', 'type': 'EVENT'}
 {'id': '8645', 'offsets': array([61, 69]), 'role': '', 'semantic_type_id': '', 'text': 'episodes', 'type': 'EVENT'}
 {'id': '10030', 'offsets': array([22, 36]), 'role': '', 'semantic_type_id': 'C0013404', 'text': 'breathlessness', 'type': 'CLINENTITY'}
 {'id': '10037', 'offsets': array([73, 92]), 'role': '', 'semantic_type_id': 'C0019079', 'text': 'blood in his sputum', 'type': 'CLINENTITY'}
 {'id': '10134', 'offsets': array([73, 78]), 'role': '', 'semantic_type_id': '', 'text': 'blood', 'type': 'BODYPART'}
 {'id': '10140', 'offsets': array([82, 92]), 'role': '', 'semantic_type_id': '', 'text': 'his sputum', 'type': 'BODYPART'}
 {'id': '10213', 'offsets': array([0, 2]), 'role': 'PATIENT', 'semantic_type_id': '', 'text': 'He', 'type': 'ACTOR'}]","A 43-year-old non-diabetic Indian male reported to our outpatient department with chief complaints of cough with expectoration, chest pain, reduced appetite, fever with chills, and night sweats for two weeks. He also complained of breathlessness on exertion and had two episodes of blood in his sputum. The patient explained that the cough was continuous and was relieved after taking cough syrup. He also mentioned that the episodes of fever were initially intermittent and then daily for the last two weeks and were relieved after taking Paracetamol. The chest pain was localized to the middle of the chest and was aggravated on exertion. He was a businessman by profession with no history of smoking, alcoholism, or any other substance abuse. Also, there was no history of any contact of TB or COVID-19 in the family or close contacts. And there was no history of foreign travel in the recent past. But he had reported having traveled by a domestic airline about twenty days back. There was no history of weight loss or any other major illness in the past.
On examination his vitals were-pulse-108/minute, arterial BP-130/80 mm of Hg, respiratory rate of 30 breaths/minute, Sp02-899% on room air, temperature- 101-degree centigrade. His Sp02 fell by 70% on room air after waking. On auscultation, there was crepitation on the bilateral middle lobes of the lungs. Also, dyspnea on exertion was noted. The rest of the systemic examination was within normal limits.
Considering this as a probable case of TB with COVID-19 he was advised a chest radiograph with sputum microscopy (Ziehl Neelsen (ZN) staining for acid-fast bacilli), Cartridge-based nucleic acid amplification test (CBNAAT) of the sputum and other routine investigations. To check for the COVID-19 he was advised qualitative polymerase chain reaction (PCR) test from the oropharyngeal swab. The results were surprising with Mycobacterium tuberculosis detected on sputum fluorescent microscopy and were also confirmed by the CBNAAT. However, there was no resistance to Rifampicin. The results of the PCR were positive for RNA specific to SARS-CoV-2. Besides, the chest radiograph PA-view was suggestive of bilateral consolidations on the middle lobes of lungs with ill-defined borders. The other investigations revealed a low lymphocyte count (1x 10 9 /L) and increased levels of C-reactive protein (CRP) (57 mg/L), lactate dehydrogenase (LDH) (580 U/L), and erythrocyte sedimentation rate (ESR) (70 mm in the 1 st hour). Also, a sample for liquid culture (MGIT BACTEC) was sent to the Intermediate Reference Laboratory (IRL) which revealed the growth of Mycobacterium tuberculosis. Computed tomography was not performed as the diagnosis was established by other cheaper and faster methods and also the patient was unwilling for the same. All the other routine investigations were within normal limits.
He was referred to the nearest designated COVID-19 management center, where he was managed as per national guidelines. Besides, he was also started on an antitubercular treatment of four drugs as per the National Tuberculosis Elimination Program (NTEP) guidelines. He was advised follow-up post completion of his stay at the designated COVID-19 center, but he has not yet reported back for follow-up. Written informed consent was obtained from the patient for using clinical data and images for publication in this study.
",EN100606,"<|im_start|>user Extract the entities contained in the text. Extract only entities contained in the text.
Return the result in a json format: [{""entity"":""entity_name""}]. <<He also complained of breathlessness on exertion and had two episodes of blood in his sputum.>>> <|im_end|><|im_start|>assistant[{""entity"": ""complained""}, {""entity"": ""breathlessness""}, {""entity"": ""episodes""}, {""entity"": ""breathlessness""}, {""entity"": ""blood in his sputum""}, {""entity"": ""blood""}, {""entity"": ""his sputum""}, {""entity"": ""He""}] <|im_end|>","<|im_start|>user Extract the entities contained in the text. Extract only entities contained in the text.
Return the result in a json format: [{""entity"":""entity_name""}]. <<<We present a case of a 32-year-old woman with a history of gradual enlargement of the anterior neck.>>> <|im_end|><|im_start|>assistant [{""entity"": ""present""}, {""entity"": ""history""}, {""entity"": ""enlargement""}] <|im_end|>
<|im_start|>user Extract the entities contained in the text. Extract only entities contained in the text.
Return the result in a json format: [{""entity"":""entity_name""}]. <<<Patient information: a 9-month-old boy presented to the emergency room with a 3-day history of refusal to bear weight on the right lower extremity and febrile peaks of up to 38.5°C for 24 hours.>>> <|im_end|><|im_start|>assistant [{""entity"": ""presented""}, {""entity"": ""refusal""}, {""entity"": ""bear""}, {""entity"": ""peaks""}] <|im_end|>
<|im_start|>user Extract the entities contained in the text. Extract only entities contained in the text.
Return the result in a json format: [{""entity"":""entity_name""}]. <<He also complained of breathlessness on exertion and had two episodes of blood in his sputum.>>> <|im_end|><|im_start|>assistant","[{""entity"": ""complained""}, {""entity"": ""breathlessness""}, {""entity"": ""episodes""}, {""entity"": ""breathlessness""}, {""entity"": ""blood in his sputum""}, {""entity"": ""blood""}, {""entity"": ""his sputum""}, {""entity"": ""He""}] ","[{""entity"": ""complained""}, {""entity"": ""breathlessness""}, {""entity"": ""exertion""}, {""entity"":"
The patient explained that the cough was continuous and was relieved after taking cough syrup.,"[{'id': '8660', 'offsets': array([12, 21]), 'role': '', 'semantic_type_id': '', 'text': 'explained', 'type': 'EVENT'}
 {'id': '8675', 'offsets': array([31, 36]), 'role': '', 'semantic_type_id': '', 'text': 'cough', 'type': 'EVENT'}
 {'id': '8690', 'offsets': array([41, 51]), 'role': '', 'semantic_type_id': '', 'text': 'continuous', 'type': 'EVENT'}
 {'id': '8705', 'offsets': array([60, 68]), 'role': '', 'semantic_type_id': '', 'text': 'relieved', 'type': 'EVENT'}
 {'id': '8720', 'offsets': array([75, 81]), 'role': '', 'semantic_type_id': '', 'text': 'taking', 'type': 'EVENT'}
 {'id': '10044', 'offsets': array([31, 36]), 'role': '', 'semantic_type_id': 'C0010200', 'text': 'cough', 'type': 'CLINENTITY'}
 {'id': '10220', 'offsets': array([ 0, 11]), 'role': 'PATIENT', 'semantic_type_id': '', 'text': 'The patient', 'type': 'ACTOR'}]","A 43-year-old non-diabetic Indian male reported to our outpatient department with chief complaints of cough with expectoration, chest pain, reduced appetite, fever with chills, and night sweats for two weeks. He also complained of breathlessness on exertion and had two episodes of blood in his sputum. The patient explained that the cough was continuous and was relieved after taking cough syrup. He also mentioned that the episodes of fever were initially intermittent and then daily for the last two weeks and were relieved after taking Paracetamol. The chest pain was localized to the middle of the chest and was aggravated on exertion. He was a businessman by profession with no history of smoking, alcoholism, or any other substance abuse. Also, there was no history of any contact of TB or COVID-19 in the family or close contacts. And there was no history of foreign travel in the recent past. But he had reported having traveled by a domestic airline about twenty days back. There was no history of weight loss or any other major illness in the past.
On examination his vitals were-pulse-108/minute, arterial BP-130/80 mm of Hg, respiratory rate of 30 breaths/minute, Sp02-899% on room air, temperature- 101-degree centigrade. His Sp02 fell by 70% on room air after waking. On auscultation, there was crepitation on the bilateral middle lobes of the lungs. Also, dyspnea on exertion was noted. The rest of the systemic examination was within normal limits.
Considering this as a probable case of TB with COVID-19 he was advised a chest radiograph with sputum microscopy (Ziehl Neelsen (ZN) staining for acid-fast bacilli), Cartridge-based nucleic acid amplification test (CBNAAT) of the sputum and other routine investigations. To check for the COVID-19 he was advised qualitative polymerase chain reaction (PCR) test from the oropharyngeal swab. The results were surprising with Mycobacterium tuberculosis detected on sputum fluorescent microscopy and were also confirmed by the CBNAAT. However, there was no resistance to Rifampicin. The results of the PCR were positive for RNA specific to SARS-CoV-2. Besides, the chest radiograph PA-view was suggestive of bilateral consolidations on the middle lobes of lungs with ill-defined borders. The other investigations revealed a low lymphocyte count (1x 10 9 /L) and increased levels of C-reactive protein (CRP) (57 mg/L), lactate dehydrogenase (LDH) (580 U/L), and erythrocyte sedimentation rate (ESR) (70 mm in the 1 st hour). Also, a sample for liquid culture (MGIT BACTEC) was sent to the Intermediate Reference Laboratory (IRL) which revealed the growth of Mycobacterium tuberculosis. Computed tomography was not performed as the diagnosis was established by other cheaper and faster methods and also the patient was unwilling for the same. All the other routine investigations were within normal limits.
He was referred to the nearest designated COVID-19 management center, where he was managed as per national guidelines. Besides, he was also started on an antitubercular treatment of four drugs as per the National Tuberculosis Elimination Program (NTEP) guidelines. He was advised follow-up post completion of his stay at the designated COVID-19 center, but he has not yet reported back for follow-up. Written informed consent was obtained from the patient for using clinical data and images for publication in this study.
",EN100606,"<|im_start|>user Extract the entities contained in the text. Extract only entities contained in the text.
Return the result in a json format: [{""entity"":""entity_name""}]. <<The patient explained that the cough was continuous and was relieved after taking cough syrup.>>> <|im_end|><|im_start|>assistant[{""entity"": ""explained""}, {""entity"": ""cough""}, {""entity"": ""continuous""}, {""entity"": ""relieved""}, {""entity"": ""taking""}, {""entity"": ""cough""}, {""entity"": ""The patient""}] <|im_end|>","<|im_start|>user Extract the entities contained in the text. Extract only entities contained in the text.
Return the result in a json format: [{""entity"":""entity_name""}]. <<<We present a case of a 32-year-old woman with a history of gradual enlargement of the anterior neck.>>> <|im_end|><|im_start|>assistant [{""entity"": ""present""}, {""entity"": ""history""}, {""entity"": ""enlargement""}] <|im_end|>
<|im_start|>user Extract the entities contained in the text. Extract only entities contained in the text.
Return the result in a json format: [{""entity"":""entity_name""}]. <<<Patient information: a 9-month-old boy presented to the emergency room with a 3-day history of refusal to bear weight on the right lower extremity and febrile peaks of up to 38.5°C for 24 hours.>>> <|im_end|><|im_start|>assistant [{""entity"": ""presented""}, {""entity"": ""refusal""}, {""entity"": ""bear""}, {""entity"": ""peaks""}] <|im_end|>
<|im_start|>user Extract the entities contained in the text. Extract only entities contained in the text.
Return the result in a json format: [{""entity"":""entity_name""}]. <<The patient explained that the cough was continuous and was relieved after taking cough syrup.>>> <|im_end|><|im_start|>assistant","[{""entity"": ""explained""}, {""entity"": ""cough""}, {""entity"": ""continuous""}, {""entity"": ""relieved""}, {""entity"": ""taking""}, {""entity"": ""cough""}, {""entity"": ""The patient""}] ","[{""entity"": ""explained""}, {""entity"": ""cough""}, {""entity"": ""recovered""}, {""entity"": ""The patient""}"
He also mentioned that the episodes of fever were initially intermittent and then daily for the last two weeks and were relieved after taking Paracetamol.,"[{'id': '8735', 'offsets': array([ 8, 17]), 'role': '', 'semantic_type_id': '', 'text': 'mentioned', 'type': 'EVENT'}
 {'id': '8750', 'offsets': array([39, 44]), 'role': '', 'semantic_type_id': '', 'text': 'fever', 'type': 'EVENT'}
 {'id': '8765', 'offsets': array([120, 128]), 'role': '', 'semantic_type_id': '', 'text': 'relieved', 'type': 'EVENT'}
 {'id': '8780', 'offsets': array([135, 141]), 'role': '', 'semantic_type_id': '', 'text': 'taking', 'type': 'EVENT'}
 {'id': '10051', 'offsets': array([39, 44]), 'role': '', 'semantic_type_id': 'C0015967', 'text': 'fever', 'type': 'CLINENTITY'}
 {'id': '10227', 'offsets': array([0, 2]), 'role': 'PATIENT', 'semantic_type_id': '', 'text': 'He', 'type': 'ACTOR'}
 {'id': '10392', 'offsets': array([82, 87]), 'role': '', 'semantic_type_id': '', 'text': 'daily', 'type': 'TIMEX3'}
 {'id': '10401', 'offsets': array([ 92, 110]), 'role': '', 'semantic_type_id': '', 'text': 'the last two weeks', 'type': 'TIMEX3'}]","A 43-year-old non-diabetic Indian male reported to our outpatient department with chief complaints of cough with expectoration, chest pain, reduced appetite, fever with chills, and night sweats for two weeks. He also complained of breathlessness on exertion and had two episodes of blood in his sputum. The patient explained that the cough was continuous and was relieved after taking cough syrup. He also mentioned that the episodes of fever were initially intermittent and then daily for the last two weeks and were relieved after taking Paracetamol. The chest pain was localized to the middle of the chest and was aggravated on exertion. He was a businessman by profession with no history of smoking, alcoholism, or any other substance abuse. Also, there was no history of any contact of TB or COVID-19 in the family or close contacts. And there was no history of foreign travel in the recent past. But he had reported having traveled by a domestic airline about twenty days back. There was no history of weight loss or any other major illness in the past.
On examination his vitals were-pulse-108/minute, arterial BP-130/80 mm of Hg, respiratory rate of 30 breaths/minute, Sp02-899% on room air, temperature- 101-degree centigrade. His Sp02 fell by 70% on room air after waking. On auscultation, there was crepitation on the bilateral middle lobes of the lungs. Also, dyspnea on exertion was noted. The rest of the systemic examination was within normal limits.
Considering this as a probable case of TB with COVID-19 he was advised a chest radiograph with sputum microscopy (Ziehl Neelsen (ZN) staining for acid-fast bacilli), Cartridge-based nucleic acid amplification test (CBNAAT) of the sputum and other routine investigations. To check for the COVID-19 he was advised qualitative polymerase chain reaction (PCR) test from the oropharyngeal swab. The results were surprising with Mycobacterium tuberculosis detected on sputum fluorescent microscopy and were also confirmed by the CBNAAT. However, there was no resistance to Rifampicin. The results of the PCR were positive for RNA specific to SARS-CoV-2. Besides, the chest radiograph PA-view was suggestive of bilateral consolidations on the middle lobes of lungs with ill-defined borders. The other investigations revealed a low lymphocyte count (1x 10 9 /L) and increased levels of C-reactive protein (CRP) (57 mg/L), lactate dehydrogenase (LDH) (580 U/L), and erythrocyte sedimentation rate (ESR) (70 mm in the 1 st hour). Also, a sample for liquid culture (MGIT BACTEC) was sent to the Intermediate Reference Laboratory (IRL) which revealed the growth of Mycobacterium tuberculosis. Computed tomography was not performed as the diagnosis was established by other cheaper and faster methods and also the patient was unwilling for the same. All the other routine investigations were within normal limits.
He was referred to the nearest designated COVID-19 management center, where he was managed as per national guidelines. Besides, he was also started on an antitubercular treatment of four drugs as per the National Tuberculosis Elimination Program (NTEP) guidelines. He was advised follow-up post completion of his stay at the designated COVID-19 center, but he has not yet reported back for follow-up. Written informed consent was obtained from the patient for using clinical data and images for publication in this study.
",EN100606,"<|im_start|>user Extract the entities contained in the text. Extract only entities contained in the text.
Return the result in a json format: [{""entity"":""entity_name""}]. <<He also mentioned that the episodes of fever were initially intermittent and then daily for the last two weeks and were relieved after taking Paracetamol.>>> <|im_end|><|im_start|>assistant[{""entity"": ""mentioned""}, {""entity"": ""fever""}, {""entity"": ""relieved""}, {""entity"": ""taking""}, {""entity"": ""fever""}, {""entity"": ""He""}, {""entity"": ""daily""}, {""entity"": ""the last two weeks""}] <|im_end|>","<|im_start|>user Extract the entities contained in the text. Extract only entities contained in the text.
Return the result in a json format: [{""entity"":""entity_name""}]. <<<We present a case of a 32-year-old woman with a history of gradual enlargement of the anterior neck.>>> <|im_end|><|im_start|>assistant [{""entity"": ""present""}, {""entity"": ""history""}, {""entity"": ""enlargement""}] <|im_end|>
<|im_start|>user Extract the entities contained in the text. Extract only entities contained in the text.
Return the result in a json format: [{""entity"":""entity_name""}]. <<<Patient information: a 9-month-old boy presented to the emergency room with a 3-day history of refusal to bear weight on the right lower extremity and febrile peaks of up to 38.5°C for 24 hours.>>> <|im_end|><|im_start|>assistant [{""entity"": ""presented""}, {""entity"": ""refusal""}, {""entity"": ""bear""}, {""entity"": ""peaks""}] <|im_end|>
<|im_start|>user Extract the entities contained in the text. Extract only entities contained in the text.
Return the result in a json format: [{""entity"":""entity_name""}]. <<He also mentioned that the episodes of fever were initially intermittent and then daily for the last two weeks and were relieved after taking Paracetamol.>>> <|im_end|><|im_start|>assistant","[{""entity"": ""mentioned""}, {""entity"": ""fever""}, {""entity"": ""relieved""}, {""entity"": ""taking""}, {""entity"": ""fever""}, {""entity"": ""He""}, {""entity"": ""daily""}, {""entity"": ""the last two weeks""}] ","[{""entity"": ""mentioned""}, {""entity"": ""fever""}, {""entity"": ""intermittent""}, {""entity"": ""daily""},"
The chest pain was localized to the middle of the chest and was aggravated on exertion.,"[{'id': '8795', 'offsets': array([10, 14]), 'role': '', 'semantic_type_id': '', 'text': 'pain', 'type': 'EVENT'}
 {'id': '8810', 'offsets': array([19, 28]), 'role': '', 'semantic_type_id': '', 'text': 'localized', 'type': 'EVENT'}
 {'id': '8825', 'offsets': array([64, 74]), 'role': '', 'semantic_type_id': '', 'text': 'aggravated', 'type': 'EVENT'}
 {'id': '8840', 'offsets': array([78, 86]), 'role': '', 'semantic_type_id': '', 'text': 'exertion', 'type': 'EVENT'}
 {'id': '10058', 'offsets': array([ 4, 14]), 'role': '', 'semantic_type_id': 'C0008031', 'text': 'chest pain', 'type': 'CLINENTITY'}
 {'id': '10146', 'offsets': array([4, 9]), 'role': '', 'semantic_type_id': '', 'text': 'chest', 'type': 'BODYPART'}
 {'id': '10152', 'offsets': array([46, 55]), 'role': '', 'semantic_type_id': '', 'text': 'the chest', 'type': 'BODYPART'}]","A 43-year-old non-diabetic Indian male reported to our outpatient department with chief complaints of cough with expectoration, chest pain, reduced appetite, fever with chills, and night sweats for two weeks. He also complained of breathlessness on exertion and had two episodes of blood in his sputum. The patient explained that the cough was continuous and was relieved after taking cough syrup. He also mentioned that the episodes of fever were initially intermittent and then daily for the last two weeks and were relieved after taking Paracetamol. The chest pain was localized to the middle of the chest and was aggravated on exertion. He was a businessman by profession with no history of smoking, alcoholism, or any other substance abuse. Also, there was no history of any contact of TB or COVID-19 in the family or close contacts. And there was no history of foreign travel in the recent past. But he had reported having traveled by a domestic airline about twenty days back. There was no history of weight loss or any other major illness in the past.
On examination his vitals were-pulse-108/minute, arterial BP-130/80 mm of Hg, respiratory rate of 30 breaths/minute, Sp02-899% on room air, temperature- 101-degree centigrade. His Sp02 fell by 70% on room air after waking. On auscultation, there was crepitation on the bilateral middle lobes of the lungs. Also, dyspnea on exertion was noted. The rest of the systemic examination was within normal limits.
Considering this as a probable case of TB with COVID-19 he was advised a chest radiograph with sputum microscopy (Ziehl Neelsen (ZN) staining for acid-fast bacilli), Cartridge-based nucleic acid amplification test (CBNAAT) of the sputum and other routine investigations. To check for the COVID-19 he was advised qualitative polymerase chain reaction (PCR) test from the oropharyngeal swab. The results were surprising with Mycobacterium tuberculosis detected on sputum fluorescent microscopy and were also confirmed by the CBNAAT. However, there was no resistance to Rifampicin. The results of the PCR were positive for RNA specific to SARS-CoV-2. Besides, the chest radiograph PA-view was suggestive of bilateral consolidations on the middle lobes of lungs with ill-defined borders. The other investigations revealed a low lymphocyte count (1x 10 9 /L) and increased levels of C-reactive protein (CRP) (57 mg/L), lactate dehydrogenase (LDH) (580 U/L), and erythrocyte sedimentation rate (ESR) (70 mm in the 1 st hour). Also, a sample for liquid culture (MGIT BACTEC) was sent to the Intermediate Reference Laboratory (IRL) which revealed the growth of Mycobacterium tuberculosis. Computed tomography was not performed as the diagnosis was established by other cheaper and faster methods and also the patient was unwilling for the same. All the other routine investigations were within normal limits.
He was referred to the nearest designated COVID-19 management center, where he was managed as per national guidelines. Besides, he was also started on an antitubercular treatment of four drugs as per the National Tuberculosis Elimination Program (NTEP) guidelines. He was advised follow-up post completion of his stay at the designated COVID-19 center, but he has not yet reported back for follow-up. Written informed consent was obtained from the patient for using clinical data and images for publication in this study.
",EN100606,"<|im_start|>user Extract the entities contained in the text. Extract only entities contained in the text.
Return the result in a json format: [{""entity"":""entity_name""}]. <<The chest pain was localized to the middle of the chest and was aggravated on exertion.>>> <|im_end|><|im_start|>assistant[{""entity"": ""pain""}, {""entity"": ""localized""}, {""entity"": ""aggravated""}, {""entity"": ""exertion""}, {""entity"": ""chest pain""}, {""entity"": ""chest""}, {""entity"": ""the chest""}] <|im_end|>","<|im_start|>user Extract the entities contained in the text. Extract only entities contained in the text.
Return the result in a json format: [{""entity"":""entity_name""}]. <<<We present a case of a 32-year-old woman with a history of gradual enlargement of the anterior neck.>>> <|im_end|><|im_start|>assistant [{""entity"": ""present""}, {""entity"": ""history""}, {""entity"": ""enlargement""}] <|im_end|>
<|im_start|>user Extract the entities contained in the text. Extract only entities contained in the text.
Return the result in a json format: [{""entity"":""entity_name""}]. <<<Patient information: a 9-month-old boy presented to the emergency room with a 3-day history of refusal to bear weight on the right lower extremity and febrile peaks of up to 38.5°C for 24 hours.>>> <|im_end|><|im_start|>assistant [{""entity"": ""presented""}, {""entity"": ""refusal""}, {""entity"": ""bear""}, {""entity"": ""peaks""}] <|im_end|>
<|im_start|>user Extract the entities contained in the text. Extract only entities contained in the text.
Return the result in a json format: [{""entity"":""entity_name""}]. <<The chest pain was localized to the middle of the chest and was aggravated on exertion.>>> <|im_end|><|im_start|>assistant","[{""entity"": ""pain""}, {""entity"": ""localized""}, {""entity"": ""aggravated""}, {""entity"": ""exertion""}, {""entity"": ""chest pain""}, {""entity"": ""chest""}, {""entity"": ""the chest""}] ","[{""entity"": ""pain""}, {""entity"": ""localized""}, {""entity"": ""aggravated""}, {""entity"": ""chest pain""},"
"He was a businessman by profession with no history of smoking, alcoholism, or any other substance abuse.","[{'id': '8855', 'offsets': array([54, 61]), 'role': '', 'semantic_type_id': '', 'text': 'smoking', 'type': 'EVENT'}
 {'id': '8870', 'offsets': array([63, 73]), 'role': '', 'semantic_type_id': '', 'text': 'alcoholism', 'type': 'EVENT'}
 {'id': '8885', 'offsets': array([ 98, 103]), 'role': '', 'semantic_type_id': '', 'text': 'abuse', 'type': 'EVENT'}
 {'id': '10234', 'offsets': array([0, 2]), 'role': 'PATIENT', 'semantic_type_id': '', 'text': 'He', 'type': 'ACTOR'}]","A 43-year-old non-diabetic Indian male reported to our outpatient department with chief complaints of cough with expectoration, chest pain, reduced appetite, fever with chills, and night sweats for two weeks. He also complained of breathlessness on exertion and had two episodes of blood in his sputum. The patient explained that the cough was continuous and was relieved after taking cough syrup. He also mentioned that the episodes of fever were initially intermittent and then daily for the last two weeks and were relieved after taking Paracetamol. The chest pain was localized to the middle of the chest and was aggravated on exertion. He was a businessman by profession with no history of smoking, alcoholism, or any other substance abuse. Also, there was no history of any contact of TB or COVID-19 in the family or close contacts. And there was no history of foreign travel in the recent past. But he had reported having traveled by a domestic airline about twenty days back. There was no history of weight loss or any other major illness in the past.
On examination his vitals were-pulse-108/minute, arterial BP-130/80 mm of Hg, respiratory rate of 30 breaths/minute, Sp02-899% on room air, temperature- 101-degree centigrade. His Sp02 fell by 70% on room air after waking. On auscultation, there was crepitation on the bilateral middle lobes of the lungs. Also, dyspnea on exertion was noted. The rest of the systemic examination was within normal limits.
Considering this as a probable case of TB with COVID-19 he was advised a chest radiograph with sputum microscopy (Ziehl Neelsen (ZN) staining for acid-fast bacilli), Cartridge-based nucleic acid amplification test (CBNAAT) of the sputum and other routine investigations. To check for the COVID-19 he was advised qualitative polymerase chain reaction (PCR) test from the oropharyngeal swab. The results were surprising with Mycobacterium tuberculosis detected on sputum fluorescent microscopy and were also confirmed by the CBNAAT. However, there was no resistance to Rifampicin. The results of the PCR were positive for RNA specific to SARS-CoV-2. Besides, the chest radiograph PA-view was suggestive of bilateral consolidations on the middle lobes of lungs with ill-defined borders. The other investigations revealed a low lymphocyte count (1x 10 9 /L) and increased levels of C-reactive protein (CRP) (57 mg/L), lactate dehydrogenase (LDH) (580 U/L), and erythrocyte sedimentation rate (ESR) (70 mm in the 1 st hour). Also, a sample for liquid culture (MGIT BACTEC) was sent to the Intermediate Reference Laboratory (IRL) which revealed the growth of Mycobacterium tuberculosis. Computed tomography was not performed as the diagnosis was established by other cheaper and faster methods and also the patient was unwilling for the same. All the other routine investigations were within normal limits.
He was referred to the nearest designated COVID-19 management center, where he was managed as per national guidelines. Besides, he was also started on an antitubercular treatment of four drugs as per the National Tuberculosis Elimination Program (NTEP) guidelines. He was advised follow-up post completion of his stay at the designated COVID-19 center, but he has not yet reported back for follow-up. Written informed consent was obtained from the patient for using clinical data and images for publication in this study.
",EN100606,"<|im_start|>user Extract the entities contained in the text. Extract only entities contained in the text.
Return the result in a json format: [{""entity"":""entity_name""}]. <<He was a businessman by profession with no history of smoking, alcoholism, or any other substance abuse.>>> <|im_end|><|im_start|>assistant[{""entity"": ""smoking""}, {""entity"": ""alcoholism""}, {""entity"": ""abuse""}, {""entity"": ""He""}] <|im_end|>","<|im_start|>user Extract the entities contained in the text. Extract only entities contained in the text.
Return the result in a json format: [{""entity"":""entity_name""}]. <<<We present a case of a 32-year-old woman with a history of gradual enlargement of the anterior neck.>>> <|im_end|><|im_start|>assistant [{""entity"": ""present""}, {""entity"": ""history""}, {""entity"": ""enlargement""}] <|im_end|>
<|im_start|>user Extract the entities contained in the text. Extract only entities contained in the text.
Return the result in a json format: [{""entity"":""entity_name""}]. <<<Patient information: a 9-month-old boy presented to the emergency room with a 3-day history of refusal to bear weight on the right lower extremity and febrile peaks of up to 38.5°C for 24 hours.>>> <|im_end|><|im_start|>assistant [{""entity"": ""presented""}, {""entity"": ""refusal""}, {""entity"": ""bear""}, {""entity"": ""peaks""}] <|im_end|>
<|im_start|>user Extract the entities contained in the text. Extract only entities contained in the text.
Return the result in a json format: [{""entity"":""entity_name""}]. <<He was a businessman by profession with no history of smoking, alcoholism, or any other substance abuse.>>> <|im_end|><|im_start|>assistant","[{""entity"": ""smoking""}, {""entity"": ""alcoholism""}, {""entity"": ""abuse""}, {""entity"": ""He""}] ","[{""entity"": ""smoking""}, {""entity"": ""alcoholism""}, {""entity"": ""abuse""}, {""entity"": ""history"
"Also, there was no history of any contact of TB or COVID-19 in the family or close contacts.","[{'id': '8900', 'offsets': array([34, 41]), 'role': '', 'semantic_type_id': '', 'text': 'contact', 'type': 'EVENT'}
 {'id': '10241', 'offsets': array([63, 73]), 'role': 'OTHER', 'semantic_type_id': '', 'text': 'the family', 'type': 'ACTOR'}]","A 43-year-old non-diabetic Indian male reported to our outpatient department with chief complaints of cough with expectoration, chest pain, reduced appetite, fever with chills, and night sweats for two weeks. He also complained of breathlessness on exertion and had two episodes of blood in his sputum. The patient explained that the cough was continuous and was relieved after taking cough syrup. He also mentioned that the episodes of fever were initially intermittent and then daily for the last two weeks and were relieved after taking Paracetamol. The chest pain was localized to the middle of the chest and was aggravated on exertion. He was a businessman by profession with no history of smoking, alcoholism, or any other substance abuse. Also, there was no history of any contact of TB or COVID-19 in the family or close contacts. And there was no history of foreign travel in the recent past. But he had reported having traveled by a domestic airline about twenty days back. There was no history of weight loss or any other major illness in the past.
On examination his vitals were-pulse-108/minute, arterial BP-130/80 mm of Hg, respiratory rate of 30 breaths/minute, Sp02-899% on room air, temperature- 101-degree centigrade. His Sp02 fell by 70% on room air after waking. On auscultation, there was crepitation on the bilateral middle lobes of the lungs. Also, dyspnea on exertion was noted. The rest of the systemic examination was within normal limits.
Considering this as a probable case of TB with COVID-19 he was advised a chest radiograph with sputum microscopy (Ziehl Neelsen (ZN) staining for acid-fast bacilli), Cartridge-based nucleic acid amplification test (CBNAAT) of the sputum and other routine investigations. To check for the COVID-19 he was advised qualitative polymerase chain reaction (PCR) test from the oropharyngeal swab. The results were surprising with Mycobacterium tuberculosis detected on sputum fluorescent microscopy and were also confirmed by the CBNAAT. However, there was no resistance to Rifampicin. The results of the PCR were positive for RNA specific to SARS-CoV-2. Besides, the chest radiograph PA-view was suggestive of bilateral consolidations on the middle lobes of lungs with ill-defined borders. The other investigations revealed a low lymphocyte count (1x 10 9 /L) and increased levels of C-reactive protein (CRP) (57 mg/L), lactate dehydrogenase (LDH) (580 U/L), and erythrocyte sedimentation rate (ESR) (70 mm in the 1 st hour). Also, a sample for liquid culture (MGIT BACTEC) was sent to the Intermediate Reference Laboratory (IRL) which revealed the growth of Mycobacterium tuberculosis. Computed tomography was not performed as the diagnosis was established by other cheaper and faster methods and also the patient was unwilling for the same. All the other routine investigations were within normal limits.
He was referred to the nearest designated COVID-19 management center, where he was managed as per national guidelines. Besides, he was also started on an antitubercular treatment of four drugs as per the National Tuberculosis Elimination Program (NTEP) guidelines. He was advised follow-up post completion of his stay at the designated COVID-19 center, but he has not yet reported back for follow-up. Written informed consent was obtained from the patient for using clinical data and images for publication in this study.
",EN100606,"<|im_start|>user Extract the entities contained in the text. Extract only entities contained in the text.
Return the result in a json format: [{""entity"":""entity_name""}]. <<Also, there was no history of any contact of TB or COVID-19 in the family or close contacts.>>> <|im_end|><|im_start|>assistant[{""entity"": ""contact""}, {""entity"": ""the family""}] <|im_end|>","<|im_start|>user Extract the entities contained in the text. Extract only entities contained in the text.
Return the result in a json format: [{""entity"":""entity_name""}]. <<<We present a case of a 32-year-old woman with a history of gradual enlargement of the anterior neck.>>> <|im_end|><|im_start|>assistant [{""entity"": ""present""}, {""entity"": ""history""}, {""entity"": ""enlargement""}] <|im_end|>
<|im_start|>user Extract the entities contained in the text. Extract only entities contained in the text.
Return the result in a json format: [{""entity"":""entity_name""}]. <<<Patient information: a 9-month-old boy presented to the emergency room with a 3-day history of refusal to bear weight on the right lower extremity and febrile peaks of up to 38.5°C for 24 hours.>>> <|im_end|><|im_start|>assistant [{""entity"": ""presented""}, {""entity"": ""refusal""}, {""entity"": ""bear""}, {""entity"": ""peaks""}] <|im_end|>
<|im_start|>user Extract the entities contained in the text. Extract only entities contained in the text.
Return the result in a json format: [{""entity"":""entity_name""}]. <<Also, there was no history of any contact of TB or COVID-19 in the family or close contacts.>>> <|im_end|><|im_start|>assistant","[{""entity"": ""contact""}, {""entity"": ""the family""}] ","[{""entity"": ""history""}, {""entity"": ""contact""}, {""entity"": ""TB""}, {""entity"": ""COVID-19""},"
And there was no history of foreign travel in the recent past.,"[{'id': '8915', 'offsets': array([36, 42]), 'role': '', 'semantic_type_id': '', 'text': 'travel', 'type': 'EVENT'}]","A 43-year-old non-diabetic Indian male reported to our outpatient department with chief complaints of cough with expectoration, chest pain, reduced appetite, fever with chills, and night sweats for two weeks. He also complained of breathlessness on exertion and had two episodes of blood in his sputum. The patient explained that the cough was continuous and was relieved after taking cough syrup. He also mentioned that the episodes of fever were initially intermittent and then daily for the last two weeks and were relieved after taking Paracetamol. The chest pain was localized to the middle of the chest and was aggravated on exertion. He was a businessman by profession with no history of smoking, alcoholism, or any other substance abuse. Also, there was no history of any contact of TB or COVID-19 in the family or close contacts. And there was no history of foreign travel in the recent past. But he had reported having traveled by a domestic airline about twenty days back. There was no history of weight loss or any other major illness in the past.
On examination his vitals were-pulse-108/minute, arterial BP-130/80 mm of Hg, respiratory rate of 30 breaths/minute, Sp02-899% on room air, temperature- 101-degree centigrade. His Sp02 fell by 70% on room air after waking. On auscultation, there was crepitation on the bilateral middle lobes of the lungs. Also, dyspnea on exertion was noted. The rest of the systemic examination was within normal limits.
Considering this as a probable case of TB with COVID-19 he was advised a chest radiograph with sputum microscopy (Ziehl Neelsen (ZN) staining for acid-fast bacilli), Cartridge-based nucleic acid amplification test (CBNAAT) of the sputum and other routine investigations. To check for the COVID-19 he was advised qualitative polymerase chain reaction (PCR) test from the oropharyngeal swab. The results were surprising with Mycobacterium tuberculosis detected on sputum fluorescent microscopy and were also confirmed by the CBNAAT. However, there was no resistance to Rifampicin. The results of the PCR were positive for RNA specific to SARS-CoV-2. Besides, the chest radiograph PA-view was suggestive of bilateral consolidations on the middle lobes of lungs with ill-defined borders. The other investigations revealed a low lymphocyte count (1x 10 9 /L) and increased levels of C-reactive protein (CRP) (57 mg/L), lactate dehydrogenase (LDH) (580 U/L), and erythrocyte sedimentation rate (ESR) (70 mm in the 1 st hour). Also, a sample for liquid culture (MGIT BACTEC) was sent to the Intermediate Reference Laboratory (IRL) which revealed the growth of Mycobacterium tuberculosis. Computed tomography was not performed as the diagnosis was established by other cheaper and faster methods and also the patient was unwilling for the same. All the other routine investigations were within normal limits.
He was referred to the nearest designated COVID-19 management center, where he was managed as per national guidelines. Besides, he was also started on an antitubercular treatment of four drugs as per the National Tuberculosis Elimination Program (NTEP) guidelines. He was advised follow-up post completion of his stay at the designated COVID-19 center, but he has not yet reported back for follow-up. Written informed consent was obtained from the patient for using clinical data and images for publication in this study.
",EN100606,"<|im_start|>user Extract the entities contained in the text. Extract only entities contained in the text.
Return the result in a json format: [{""entity"":""entity_name""}]. <<And there was no history of foreign travel in the recent past.>>> <|im_end|><|im_start|>assistant[{""entity"": ""travel""}] <|im_end|>","<|im_start|>user Extract the entities contained in the text. Extract only entities contained in the text.
Return the result in a json format: [{""entity"":""entity_name""}]. <<<We present a case of a 32-year-old woman with a history of gradual enlargement of the anterior neck.>>> <|im_end|><|im_start|>assistant [{""entity"": ""present""}, {""entity"": ""history""}, {""entity"": ""enlargement""}] <|im_end|>
<|im_start|>user Extract the entities contained in the text. Extract only entities contained in the text.
Return the result in a json format: [{""entity"":""entity_name""}]. <<<Patient information: a 9-month-old boy presented to the emergency room with a 3-day history of refusal to bear weight on the right lower extremity and febrile peaks of up to 38.5°C for 24 hours.>>> <|im_end|><|im_start|>assistant [{""entity"": ""presented""}, {""entity"": ""refusal""}, {""entity"": ""bear""}, {""entity"": ""peaks""}] <|im_end|>
<|im_start|>user Extract the entities contained in the text. Extract only entities contained in the text.
Return the result in a json format: [{""entity"":""entity_name""}]. <<And there was no history of foreign travel in the recent past.>>> <|im_end|><|im_start|>assistant","[{""entity"": ""travel""}] ","[{""entity"": ""history""}, {""entity"": ""travel""}, {""entity"": ""the recent past""}] <|im_end|><|im_end|><|im_end|><|im_end|><|im_end|>"
But he had reported having traveled by a domestic airline about twenty days back.,"[{'id': '8930', 'offsets': array([11, 19]), 'role': '', 'semantic_type_id': '', 'text': 'reported', 'type': 'EVENT'}
 {'id': '8945', 'offsets': array([27, 35]), 'role': '', 'semantic_type_id': '', 'text': 'traveled', 'type': 'EVENT'}
 {'id': '10248', 'offsets': array([4, 6]), 'role': 'PATIENT', 'semantic_type_id': '', 'text': 'he', 'type': 'ACTOR'}
 {'id': '10410', 'offsets': array([64, 80]), 'role': '', 'semantic_type_id': '', 'text': 'twenty days back', 'type': 'TIMEX3'}]","A 43-year-old non-diabetic Indian male reported to our outpatient department with chief complaints of cough with expectoration, chest pain, reduced appetite, fever with chills, and night sweats for two weeks. He also complained of breathlessness on exertion and had two episodes of blood in his sputum. The patient explained that the cough was continuous and was relieved after taking cough syrup. He also mentioned that the episodes of fever were initially intermittent and then daily for the last two weeks and were relieved after taking Paracetamol. The chest pain was localized to the middle of the chest and was aggravated on exertion. He was a businessman by profession with no history of smoking, alcoholism, or any other substance abuse. Also, there was no history of any contact of TB or COVID-19 in the family or close contacts. And there was no history of foreign travel in the recent past. But he had reported having traveled by a domestic airline about twenty days back. There was no history of weight loss or any other major illness in the past.
On examination his vitals were-pulse-108/minute, arterial BP-130/80 mm of Hg, respiratory rate of 30 breaths/minute, Sp02-899% on room air, temperature- 101-degree centigrade. His Sp02 fell by 70% on room air after waking. On auscultation, there was crepitation on the bilateral middle lobes of the lungs. Also, dyspnea on exertion was noted. The rest of the systemic examination was within normal limits.
Considering this as a probable case of TB with COVID-19 he was advised a chest radiograph with sputum microscopy (Ziehl Neelsen (ZN) staining for acid-fast bacilli), Cartridge-based nucleic acid amplification test (CBNAAT) of the sputum and other routine investigations. To check for the COVID-19 he was advised qualitative polymerase chain reaction (PCR) test from the oropharyngeal swab. The results were surprising with Mycobacterium tuberculosis detected on sputum fluorescent microscopy and were also confirmed by the CBNAAT. However, there was no resistance to Rifampicin. The results of the PCR were positive for RNA specific to SARS-CoV-2. Besides, the chest radiograph PA-view was suggestive of bilateral consolidations on the middle lobes of lungs with ill-defined borders. The other investigations revealed a low lymphocyte count (1x 10 9 /L) and increased levels of C-reactive protein (CRP) (57 mg/L), lactate dehydrogenase (LDH) (580 U/L), and erythrocyte sedimentation rate (ESR) (70 mm in the 1 st hour). Also, a sample for liquid culture (MGIT BACTEC) was sent to the Intermediate Reference Laboratory (IRL) which revealed the growth of Mycobacterium tuberculosis. Computed tomography was not performed as the diagnosis was established by other cheaper and faster methods and also the patient was unwilling for the same. All the other routine investigations were within normal limits.
He was referred to the nearest designated COVID-19 management center, where he was managed as per national guidelines. Besides, he was also started on an antitubercular treatment of four drugs as per the National Tuberculosis Elimination Program (NTEP) guidelines. He was advised follow-up post completion of his stay at the designated COVID-19 center, but he has not yet reported back for follow-up. Written informed consent was obtained from the patient for using clinical data and images for publication in this study.
",EN100606,"<|im_start|>user Extract the entities contained in the text. Extract only entities contained in the text.
Return the result in a json format: [{""entity"":""entity_name""}]. <<But he had reported having traveled by a domestic airline about twenty days back.>>> <|im_end|><|im_start|>assistant[{""entity"": ""reported""}, {""entity"": ""traveled""}, {""entity"": ""he""}, {""entity"": ""twenty days back""}] <|im_end|>","<|im_start|>user Extract the entities contained in the text. Extract only entities contained in the text.
Return the result in a json format: [{""entity"":""entity_name""}]. <<<We present a case of a 32-year-old woman with a history of gradual enlargement of the anterior neck.>>> <|im_end|><|im_start|>assistant [{""entity"": ""present""}, {""entity"": ""history""}, {""entity"": ""enlargement""}] <|im_end|>
<|im_start|>user Extract the entities contained in the text. Extract only entities contained in the text.
Return the result in a json format: [{""entity"":""entity_name""}]. <<<Patient information: a 9-month-old boy presented to the emergency room with a 3-day history of refusal to bear weight on the right lower extremity and febrile peaks of up to 38.5°C for 24 hours.>>> <|im_end|><|im_start|>assistant [{""entity"": ""presented""}, {""entity"": ""refusal""}, {""entity"": ""bear""}, {""entity"": ""peaks""}] <|im_end|>
<|im_start|>user Extract the entities contained in the text. Extract only entities contained in the text.
Return the result in a json format: [{""entity"":""entity_name""}]. <<But he had reported having traveled by a domestic airline about twenty days back.>>> <|im_end|><|im_start|>assistant","[{""entity"": ""reported""}, {""entity"": ""traveled""}, {""entity"": ""he""}, {""entity"": ""twenty days back""}] ","[{""entity"": ""reported""}, {""entity"": ""traveled""}, {""entity"": ""he""}, {""entity"": ""twenty days""}]"
His Sp02 fell by 70% on room air after waking.,"[{'id': '9095', 'offsets': array([4, 8]), 'role': '', 'semantic_type_id': '', 'text': 'Sp02', 'type': 'EVENT'}
 {'id': '9110', 'offsets': array([ 9, 13]), 'role': '', 'semantic_type_id': '', 'text': 'fell', 'type': 'EVENT'}
 {'id': '9125', 'offsets': array([39, 45]), 'role': '', 'semantic_type_id': '', 'text': 'waking', 'type': 'EVENT'}]","A 43-year-old non-diabetic Indian male reported to our outpatient department with chief complaints of cough with expectoration, chest pain, reduced appetite, fever with chills, and night sweats for two weeks. He also complained of breathlessness on exertion and had two episodes of blood in his sputum. The patient explained that the cough was continuous and was relieved after taking cough syrup. He also mentioned that the episodes of fever were initially intermittent and then daily for the last two weeks and were relieved after taking Paracetamol. The chest pain was localized to the middle of the chest and was aggravated on exertion. He was a businessman by profession with no history of smoking, alcoholism, or any other substance abuse. Also, there was no history of any contact of TB or COVID-19 in the family or close contacts. And there was no history of foreign travel in the recent past. But he had reported having traveled by a domestic airline about twenty days back. There was no history of weight loss or any other major illness in the past.
On examination his vitals were-pulse-108/minute, arterial BP-130/80 mm of Hg, respiratory rate of 30 breaths/minute, Sp02-899% on room air, temperature- 101-degree centigrade. His Sp02 fell by 70% on room air after waking. On auscultation, there was crepitation on the bilateral middle lobes of the lungs. Also, dyspnea on exertion was noted. The rest of the systemic examination was within normal limits.
Considering this as a probable case of TB with COVID-19 he was advised a chest radiograph with sputum microscopy (Ziehl Neelsen (ZN) staining for acid-fast bacilli), Cartridge-based nucleic acid amplification test (CBNAAT) of the sputum and other routine investigations. To check for the COVID-19 he was advised qualitative polymerase chain reaction (PCR) test from the oropharyngeal swab. The results were surprising with Mycobacterium tuberculosis detected on sputum fluorescent microscopy and were also confirmed by the CBNAAT. However, there was no resistance to Rifampicin. The results of the PCR were positive for RNA specific to SARS-CoV-2. Besides, the chest radiograph PA-view was suggestive of bilateral consolidations on the middle lobes of lungs with ill-defined borders. The other investigations revealed a low lymphocyte count (1x 10 9 /L) and increased levels of C-reactive protein (CRP) (57 mg/L), lactate dehydrogenase (LDH) (580 U/L), and erythrocyte sedimentation rate (ESR) (70 mm in the 1 st hour). Also, a sample for liquid culture (MGIT BACTEC) was sent to the Intermediate Reference Laboratory (IRL) which revealed the growth of Mycobacterium tuberculosis. Computed tomography was not performed as the diagnosis was established by other cheaper and faster methods and also the patient was unwilling for the same. All the other routine investigations were within normal limits.
He was referred to the nearest designated COVID-19 management center, where he was managed as per national guidelines. Besides, he was also started on an antitubercular treatment of four drugs as per the National Tuberculosis Elimination Program (NTEP) guidelines. He was advised follow-up post completion of his stay at the designated COVID-19 center, but he has not yet reported back for follow-up. Written informed consent was obtained from the patient for using clinical data and images for publication in this study.
",EN100606,"<|im_start|>user Extract the entities contained in the text. Extract only entities contained in the text.
Return the result in a json format: [{""entity"":""entity_name""}]. <<His Sp02 fell by 70% on room air after waking.>>> <|im_end|><|im_start|>assistant[{""entity"": ""Sp02""}, {""entity"": ""fell""}, {""entity"": ""waking""}] <|im_end|>","<|im_start|>user Extract the entities contained in the text. Extract only entities contained in the text.
Return the result in a json format: [{""entity"":""entity_name""}]. <<<We present a case of a 32-year-old woman with a history of gradual enlargement of the anterior neck.>>> <|im_end|><|im_start|>assistant [{""entity"": ""present""}, {""entity"": ""history""}, {""entity"": ""enlargement""}] <|im_end|>
<|im_start|>user Extract the entities contained in the text. Extract only entities contained in the text.
Return the result in a json format: [{""entity"":""entity_name""}]. <<<Patient information: a 9-month-old boy presented to the emergency room with a 3-day history of refusal to bear weight on the right lower extremity and febrile peaks of up to 38.5°C for 24 hours.>>> <|im_end|><|im_start|>assistant [{""entity"": ""presented""}, {""entity"": ""refusal""}, {""entity"": ""bear""}, {""entity"": ""peaks""}] <|im_end|>
<|im_start|>user Extract the entities contained in the text. Extract only entities contained in the text.
Return the result in a json format: [{""entity"":""entity_name""}]. <<His Sp02 fell by 70% on room air after waking.>>> <|im_end|><|im_start|>assistant","[{""entity"": ""Sp02""}, {""entity"": ""fell""}, {""entity"": ""waking""}] ","[{""entity"": ""fell""}, {""entity"": ""Sp02""}, {""entity"": ""waking""}, {""entity"": ""70"
"On auscultation, there was crepitation on the bilateral middle lobes of the lungs.","[{'id': '9140', 'offsets': array([ 3, 15]), 'role': '', 'semantic_type_id': '', 'text': 'auscultation', 'type': 'EVENT'}
 {'id': '9155', 'offsets': array([27, 38]), 'role': '', 'semantic_type_id': '', 'text': 'crepitation', 'type': 'EVENT'}
 {'id': '10065', 'offsets': array([27, 38]), 'role': '', 'semantic_type_id': 'C0034642', 'text': 'crepitation', 'type': 'CLINENTITY'}
 {'id': '10158', 'offsets': array([42, 81]), 'role': '', 'semantic_type_id': '', 'text': 'the bilateral middle lobes of the lungs', 'type': 'BODYPART'}]","A 43-year-old non-diabetic Indian male reported to our outpatient department with chief complaints of cough with expectoration, chest pain, reduced appetite, fever with chills, and night sweats for two weeks. He also complained of breathlessness on exertion and had two episodes of blood in his sputum. The patient explained that the cough was continuous and was relieved after taking cough syrup. He also mentioned that the episodes of fever were initially intermittent and then daily for the last two weeks and were relieved after taking Paracetamol. The chest pain was localized to the middle of the chest and was aggravated on exertion. He was a businessman by profession with no history of smoking, alcoholism, or any other substance abuse. Also, there was no history of any contact of TB or COVID-19 in the family or close contacts. And there was no history of foreign travel in the recent past. But he had reported having traveled by a domestic airline about twenty days back. There was no history of weight loss or any other major illness in the past.
On examination his vitals were-pulse-108/minute, arterial BP-130/80 mm of Hg, respiratory rate of 30 breaths/minute, Sp02-899% on room air, temperature- 101-degree centigrade. His Sp02 fell by 70% on room air after waking. On auscultation, there was crepitation on the bilateral middle lobes of the lungs. Also, dyspnea on exertion was noted. The rest of the systemic examination was within normal limits.
Considering this as a probable case of TB with COVID-19 he was advised a chest radiograph with sputum microscopy (Ziehl Neelsen (ZN) staining for acid-fast bacilli), Cartridge-based nucleic acid amplification test (CBNAAT) of the sputum and other routine investigations. To check for the COVID-19 he was advised qualitative polymerase chain reaction (PCR) test from the oropharyngeal swab. The results were surprising with Mycobacterium tuberculosis detected on sputum fluorescent microscopy and were also confirmed by the CBNAAT. However, there was no resistance to Rifampicin. The results of the PCR were positive for RNA specific to SARS-CoV-2. Besides, the chest radiograph PA-view was suggestive of bilateral consolidations on the middle lobes of lungs with ill-defined borders. The other investigations revealed a low lymphocyte count (1x 10 9 /L) and increased levels of C-reactive protein (CRP) (57 mg/L), lactate dehydrogenase (LDH) (580 U/L), and erythrocyte sedimentation rate (ESR) (70 mm in the 1 st hour). Also, a sample for liquid culture (MGIT BACTEC) was sent to the Intermediate Reference Laboratory (IRL) which revealed the growth of Mycobacterium tuberculosis. Computed tomography was not performed as the diagnosis was established by other cheaper and faster methods and also the patient was unwilling for the same. All the other routine investigations were within normal limits.
He was referred to the nearest designated COVID-19 management center, where he was managed as per national guidelines. Besides, he was also started on an antitubercular treatment of four drugs as per the National Tuberculosis Elimination Program (NTEP) guidelines. He was advised follow-up post completion of his stay at the designated COVID-19 center, but he has not yet reported back for follow-up. Written informed consent was obtained from the patient for using clinical data and images for publication in this study.
",EN100606,"<|im_start|>user Extract the entities contained in the text. Extract only entities contained in the text.
Return the result in a json format: [{""entity"":""entity_name""}]. <<On auscultation, there was crepitation on the bilateral middle lobes of the lungs.>>> <|im_end|><|im_start|>assistant[{""entity"": ""auscultation""}, {""entity"": ""crepitation""}, {""entity"": ""crepitation""}, {""entity"": ""the bilateral middle lobes of the lungs""}] <|im_end|>","<|im_start|>user Extract the entities contained in the text. Extract only entities contained in the text.
Return the result in a json format: [{""entity"":""entity_name""}]. <<<We present a case of a 32-year-old woman with a history of gradual enlargement of the anterior neck.>>> <|im_end|><|im_start|>assistant [{""entity"": ""present""}, {""entity"": ""history""}, {""entity"": ""enlargement""}] <|im_end|>
<|im_start|>user Extract the entities contained in the text. Extract only entities contained in the text.
Return the result in a json format: [{""entity"":""entity_name""}]. <<<Patient information: a 9-month-old boy presented to the emergency room with a 3-day history of refusal to bear weight on the right lower extremity and febrile peaks of up to 38.5°C for 24 hours.>>> <|im_end|><|im_start|>assistant [{""entity"": ""presented""}, {""entity"": ""refusal""}, {""entity"": ""bear""}, {""entity"": ""peaks""}] <|im_end|>
<|im_start|>user Extract the entities contained in the text. Extract only entities contained in the text.
Return the result in a json format: [{""entity"":""entity_name""}]. <<On auscultation, there was crepitation on the bilateral middle lobes of the lungs.>>> <|im_end|><|im_start|>assistant","[{""entity"": ""auscultation""}, {""entity"": ""crepitation""}, {""entity"": ""crepitation""}, {""entity"": ""the bilateral middle lobes of the lungs""}] ","[{""entity"": ""auscultation""}, {""entity"": ""crepitation""}, {""entity"": ""the bilateral middle lobes of the"
"Also, dyspnea on exertion was noted.","[{'id': '9170', 'offsets': array([ 6, 13]), 'role': '', 'semantic_type_id': '', 'text': 'dyspnea', 'type': 'EVENT'}
 {'id': '9185', 'offsets': array([17, 25]), 'role': '', 'semantic_type_id': '', 'text': 'exertion', 'type': 'EVENT'}
 {'id': '9200', 'offsets': array([30, 35]), 'role': '', 'semantic_type_id': '', 'text': 'noted', 'type': 'EVENT'}
 {'id': '10072', 'offsets': array([ 6, 13]), 'role': '', 'semantic_type_id': 'C0013404', 'text': 'dyspnea', 'type': 'CLINENTITY'}]","A 43-year-old non-diabetic Indian male reported to our outpatient department with chief complaints of cough with expectoration, chest pain, reduced appetite, fever with chills, and night sweats for two weeks. He also complained of breathlessness on exertion and had two episodes of blood in his sputum. The patient explained that the cough was continuous and was relieved after taking cough syrup. He also mentioned that the episodes of fever were initially intermittent and then daily for the last two weeks and were relieved after taking Paracetamol. The chest pain was localized to the middle of the chest and was aggravated on exertion. He was a businessman by profession with no history of smoking, alcoholism, or any other substance abuse. Also, there was no history of any contact of TB or COVID-19 in the family or close contacts. And there was no history of foreign travel in the recent past. But he had reported having traveled by a domestic airline about twenty days back. There was no history of weight loss or any other major illness in the past.
On examination his vitals were-pulse-108/minute, arterial BP-130/80 mm of Hg, respiratory rate of 30 breaths/minute, Sp02-899% on room air, temperature- 101-degree centigrade. His Sp02 fell by 70% on room air after waking. On auscultation, there was crepitation on the bilateral middle lobes of the lungs. Also, dyspnea on exertion was noted. The rest of the systemic examination was within normal limits.
Considering this as a probable case of TB with COVID-19 he was advised a chest radiograph with sputum microscopy (Ziehl Neelsen (ZN) staining for acid-fast bacilli), Cartridge-based nucleic acid amplification test (CBNAAT) of the sputum and other routine investigations. To check for the COVID-19 he was advised qualitative polymerase chain reaction (PCR) test from the oropharyngeal swab. The results were surprising with Mycobacterium tuberculosis detected on sputum fluorescent microscopy and were also confirmed by the CBNAAT. However, there was no resistance to Rifampicin. The results of the PCR were positive for RNA specific to SARS-CoV-2. Besides, the chest radiograph PA-view was suggestive of bilateral consolidations on the middle lobes of lungs with ill-defined borders. The other investigations revealed a low lymphocyte count (1x 10 9 /L) and increased levels of C-reactive protein (CRP) (57 mg/L), lactate dehydrogenase (LDH) (580 U/L), and erythrocyte sedimentation rate (ESR) (70 mm in the 1 st hour). Also, a sample for liquid culture (MGIT BACTEC) was sent to the Intermediate Reference Laboratory (IRL) which revealed the growth of Mycobacterium tuberculosis. Computed tomography was not performed as the diagnosis was established by other cheaper and faster methods and also the patient was unwilling for the same. All the other routine investigations were within normal limits.
He was referred to the nearest designated COVID-19 management center, where he was managed as per national guidelines. Besides, he was also started on an antitubercular treatment of four drugs as per the National Tuberculosis Elimination Program (NTEP) guidelines. He was advised follow-up post completion of his stay at the designated COVID-19 center, but he has not yet reported back for follow-up. Written informed consent was obtained from the patient for using clinical data and images for publication in this study.
",EN100606,"<|im_start|>user Extract the entities contained in the text. Extract only entities contained in the text.
Return the result in a json format: [{""entity"":""entity_name""}]. <<Also, dyspnea on exertion was noted.>>> <|im_end|><|im_start|>assistant[{""entity"": ""dyspnea""}, {""entity"": ""exertion""}, {""entity"": ""noted""}, {""entity"": ""dyspnea""}] <|im_end|>","<|im_start|>user Extract the entities contained in the text. Extract only entities contained in the text.
Return the result in a json format: [{""entity"":""entity_name""}]. <<<We present a case of a 32-year-old woman with a history of gradual enlargement of the anterior neck.>>> <|im_end|><|im_start|>assistant [{""entity"": ""present""}, {""entity"": ""history""}, {""entity"": ""enlargement""}] <|im_end|>
<|im_start|>user Extract the entities contained in the text. Extract only entities contained in the text.
Return the result in a json format: [{""entity"":""entity_name""}]. <<<Patient information: a 9-month-old boy presented to the emergency room with a 3-day history of refusal to bear weight on the right lower extremity and febrile peaks of up to 38.5°C for 24 hours.>>> <|im_end|><|im_start|>assistant [{""entity"": ""presented""}, {""entity"": ""refusal""}, {""entity"": ""bear""}, {""entity"": ""peaks""}] <|im_end|>
<|im_start|>user Extract the entities contained in the text. Extract only entities contained in the text.
Return the result in a json format: [{""entity"":""entity_name""}]. <<Also, dyspnea on exertion was noted.>>> <|im_end|><|im_start|>assistant","[{""entity"": ""dyspnea""}, {""entity"": ""exertion""}, {""entity"": ""noted""}, {""entity"": ""dyspnea""}] ","[{""entity"": ""dyspnea""}, {""entity"": ""noted""}, {""entity"": ""dyspnea""}, {""entity"
The rest of the systemic examination was within normal limits.,"[{'id': '9215', 'offsets': array([25, 36]), 'role': '', 'semantic_type_id': '', 'text': 'examination', 'type': 'EVENT'}
 {'id': '10341', 'offsets': array([48, 61]), 'role': '', 'semantic_type_id': '', 'text': 'normal limits', 'type': 'RML'}]","A 43-year-old non-diabetic Indian male reported to our outpatient department with chief complaints of cough with expectoration, chest pain, reduced appetite, fever with chills, and night sweats for two weeks. He also complained of breathlessness on exertion and had two episodes of blood in his sputum. The patient explained that the cough was continuous and was relieved after taking cough syrup. He also mentioned that the episodes of fever were initially intermittent and then daily for the last two weeks and were relieved after taking Paracetamol. The chest pain was localized to the middle of the chest and was aggravated on exertion. He was a businessman by profession with no history of smoking, alcoholism, or any other substance abuse. Also, there was no history of any contact of TB or COVID-19 in the family or close contacts. And there was no history of foreign travel in the recent past. But he had reported having traveled by a domestic airline about twenty days back. There was no history of weight loss or any other major illness in the past.
On examination his vitals were-pulse-108/minute, arterial BP-130/80 mm of Hg, respiratory rate of 30 breaths/minute, Sp02-899% on room air, temperature- 101-degree centigrade. His Sp02 fell by 70% on room air after waking. On auscultation, there was crepitation on the bilateral middle lobes of the lungs. Also, dyspnea on exertion was noted. The rest of the systemic examination was within normal limits.
Considering this as a probable case of TB with COVID-19 he was advised a chest radiograph with sputum microscopy (Ziehl Neelsen (ZN) staining for acid-fast bacilli), Cartridge-based nucleic acid amplification test (CBNAAT) of the sputum and other routine investigations. To check for the COVID-19 he was advised qualitative polymerase chain reaction (PCR) test from the oropharyngeal swab. The results were surprising with Mycobacterium tuberculosis detected on sputum fluorescent microscopy and were also confirmed by the CBNAAT. However, there was no resistance to Rifampicin. The results of the PCR were positive for RNA specific to SARS-CoV-2. Besides, the chest radiograph PA-view was suggestive of bilateral consolidations on the middle lobes of lungs with ill-defined borders. The other investigations revealed a low lymphocyte count (1x 10 9 /L) and increased levels of C-reactive protein (CRP) (57 mg/L), lactate dehydrogenase (LDH) (580 U/L), and erythrocyte sedimentation rate (ESR) (70 mm in the 1 st hour). Also, a sample for liquid culture (MGIT BACTEC) was sent to the Intermediate Reference Laboratory (IRL) which revealed the growth of Mycobacterium tuberculosis. Computed tomography was not performed as the diagnosis was established by other cheaper and faster methods and also the patient was unwilling for the same. All the other routine investigations were within normal limits.
He was referred to the nearest designated COVID-19 management center, where he was managed as per national guidelines. Besides, he was also started on an antitubercular treatment of four drugs as per the National Tuberculosis Elimination Program (NTEP) guidelines. He was advised follow-up post completion of his stay at the designated COVID-19 center, but he has not yet reported back for follow-up. Written informed consent was obtained from the patient for using clinical data and images for publication in this study.
",EN100606,"<|im_start|>user Extract the entities contained in the text. Extract only entities contained in the text.
Return the result in a json format: [{""entity"":""entity_name""}]. <<The rest of the systemic examination was within normal limits.>>> <|im_end|><|im_start|>assistant[{""entity"": ""examination""}, {""entity"": ""normal limits""}] <|im_end|>","<|im_start|>user Extract the entities contained in the text. Extract only entities contained in the text.
Return the result in a json format: [{""entity"":""entity_name""}]. <<<We present a case of a 32-year-old woman with a history of gradual enlargement of the anterior neck.>>> <|im_end|><|im_start|>assistant [{""entity"": ""present""}, {""entity"": ""history""}, {""entity"": ""enlargement""}] <|im_end|>
<|im_start|>user Extract the entities contained in the text. Extract only entities contained in the text.
Return the result in a json format: [{""entity"":""entity_name""}]. <<<Patient information: a 9-month-old boy presented to the emergency room with a 3-day history of refusal to bear weight on the right lower extremity and febrile peaks of up to 38.5°C for 24 hours.>>> <|im_end|><|im_start|>assistant [{""entity"": ""presented""}, {""entity"": ""refusal""}, {""entity"": ""bear""}, {""entity"": ""peaks""}] <|im_end|>
<|im_start|>user Extract the entities contained in the text. Extract only entities contained in the text.
Return the result in a json format: [{""entity"":""entity_name""}]. <<The rest of the systemic examination was within normal limits.>>> <|im_end|><|im_start|>assistant","[{""entity"": ""examination""}, {""entity"": ""normal limits""}] ","[{""entity"": ""examination""}, {""entity"": ""normal""}] <|im_end|><|im_end|><|im_end|><|im_end|><|im_end|><|im_end|><|im_end|><|im_end|><|im_end|><|im_end|><|im_end|><|im_end|>"
"Considering this as a probable case of TB with COVID-19 he was advised a chest radiograph with sputum microscopy (Ziehl Neelsen (ZN) staining for acid-fast bacilli), Cartridge-based nucleic acid amplification test (CBNAAT) of the sputum and other routine investigations.","[{'id': '9230', 'offsets': array([39, 41]), 'role': '', 'semantic_type_id': '', 'text': 'TB', 'type': 'EVENT'}
 {'id': '9245', 'offsets': array([63, 70]), 'role': '', 'semantic_type_id': '', 'text': 'advised', 'type': 'EVENT'}
 {'id': '9260', 'offsets': array([79, 89]), 'role': '', 'semantic_type_id': '', 'text': 'radiograph', 'type': 'EVENT'}
 {'id': '9275', 'offsets': array([209, 213]), 'role': '', 'semantic_type_id': '', 'text': 'test', 'type': 'EVENT'}
 {'id': '9290', 'offsets': array([215, 221]), 'role': '', 'semantic_type_id': '', 'text': 'CBNAAT', 'type': 'EVENT'}
 {'id': '9305', 'offsets': array([255, 269]), 'role': '', 'semantic_type_id': '', 'text': 'investigations', 'type': 'EVENT'}
 {'id': '10079', 'offsets': array([39, 41]), 'role': '', 'semantic_type_id': 'C0041296', 'text': 'TB', 'type': 'CLINENTITY'}
 {'id': '10086', 'offsets': array([47, 55]), 'role': '', 'semantic_type_id': 'C5203670', 'text': 'COVID-19', 'type': 'CLINENTITY'}
 {'id': '10164', 'offsets': array([56, 58]), 'role': '', 'semantic_type_id': '', 'text': 'he', 'type': 'BODYPART'}
 {'id': '10170', 'offsets': array([73, 78]), 'role': '', 'semantic_type_id': '', 'text': 'chest', 'type': 'BODYPART'}
 {'id': '10176', 'offsets': array([ 95, 101]), 'role': '', 'semantic_type_id': '', 'text': 'sputum', 'type': 'BODYPART'}
 {'id': '10182', 'offsets': array([226, 236]), 'role': '', 'semantic_type_id': '', 'text': 'the sputum', 'type': 'BODYPART'}]","A 43-year-old non-diabetic Indian male reported to our outpatient department with chief complaints of cough with expectoration, chest pain, reduced appetite, fever with chills, and night sweats for two weeks. He also complained of breathlessness on exertion and had two episodes of blood in his sputum. The patient explained that the cough was continuous and was relieved after taking cough syrup. He also mentioned that the episodes of fever were initially intermittent and then daily for the last two weeks and were relieved after taking Paracetamol. The chest pain was localized to the middle of the chest and was aggravated on exertion. He was a businessman by profession with no history of smoking, alcoholism, or any other substance abuse. Also, there was no history of any contact of TB or COVID-19 in the family or close contacts. And there was no history of foreign travel in the recent past. But he had reported having traveled by a domestic airline about twenty days back. There was no history of weight loss or any other major illness in the past.
On examination his vitals were-pulse-108/minute, arterial BP-130/80 mm of Hg, respiratory rate of 30 breaths/minute, Sp02-899% on room air, temperature- 101-degree centigrade. His Sp02 fell by 70% on room air after waking. On auscultation, there was crepitation on the bilateral middle lobes of the lungs. Also, dyspnea on exertion was noted. The rest of the systemic examination was within normal limits.
Considering this as a probable case of TB with COVID-19 he was advised a chest radiograph with sputum microscopy (Ziehl Neelsen (ZN) staining for acid-fast bacilli), Cartridge-based nucleic acid amplification test (CBNAAT) of the sputum and other routine investigations. To check for the COVID-19 he was advised qualitative polymerase chain reaction (PCR) test from the oropharyngeal swab. The results were surprising with Mycobacterium tuberculosis detected on sputum fluorescent microscopy and were also confirmed by the CBNAAT. However, there was no resistance to Rifampicin. The results of the PCR were positive for RNA specific to SARS-CoV-2. Besides, the chest radiograph PA-view was suggestive of bilateral consolidations on the middle lobes of lungs with ill-defined borders. The other investigations revealed a low lymphocyte count (1x 10 9 /L) and increased levels of C-reactive protein (CRP) (57 mg/L), lactate dehydrogenase (LDH) (580 U/L), and erythrocyte sedimentation rate (ESR) (70 mm in the 1 st hour). Also, a sample for liquid culture (MGIT BACTEC) was sent to the Intermediate Reference Laboratory (IRL) which revealed the growth of Mycobacterium tuberculosis. Computed tomography was not performed as the diagnosis was established by other cheaper and faster methods and also the patient was unwilling for the same. All the other routine investigations were within normal limits.
He was referred to the nearest designated COVID-19 management center, where he was managed as per national guidelines. Besides, he was also started on an antitubercular treatment of four drugs as per the National Tuberculosis Elimination Program (NTEP) guidelines. He was advised follow-up post completion of his stay at the designated COVID-19 center, but he has not yet reported back for follow-up. Written informed consent was obtained from the patient for using clinical data and images for publication in this study.
",EN100606,"<|im_start|>user Extract the entities contained in the text. Extract only entities contained in the text.
Return the result in a json format: [{""entity"":""entity_name""}]. <<Considering this as a probable case of TB with COVID-19 he was advised a chest radiograph with sputum microscopy (Ziehl Neelsen (ZN) staining for acid-fast bacilli), Cartridge-based nucleic acid amplification test (CBNAAT) of the sputum and other routine investigations.>>> <|im_end|><|im_start|>assistant[{""entity"": ""TB""}, {""entity"": ""advised""}, {""entity"": ""radiograph""}, {""entity"": ""test""}, {""entity"": ""CBNAAT""}, {""entity"": ""investigations""}, {""entity"": ""TB""}, {""entity"": ""COVID-19""}, {""entity"": ""he""}, {""entity"": ""chest""}, {""entity"": ""sputum""}, {""entity"": ""the sputum""}] <|im_end|>","<|im_start|>user Extract the entities contained in the text. Extract only entities contained in the text.
Return the result in a json format: [{""entity"":""entity_name""}]. <<<We present a case of a 32-year-old woman with a history of gradual enlargement of the anterior neck.>>> <|im_end|><|im_start|>assistant [{""entity"": ""present""}, {""entity"": ""history""}, {""entity"": ""enlargement""}] <|im_end|>
<|im_start|>user Extract the entities contained in the text. Extract only entities contained in the text.
Return the result in a json format: [{""entity"":""entity_name""}]. <<<Patient information: a 9-month-old boy presented to the emergency room with a 3-day history of refusal to bear weight on the right lower extremity and febrile peaks of up to 38.5°C for 24 hours.>>> <|im_end|><|im_start|>assistant [{""entity"": ""presented""}, {""entity"": ""refusal""}, {""entity"": ""bear""}, {""entity"": ""peaks""}] <|im_end|>
<|im_start|>user Extract the entities contained in the text. Extract only entities contained in the text.
Return the result in a json format: [{""entity"":""entity_name""}]. <<Considering this as a probable case of TB with COVID-19 he was advised a chest radiograph with sputum microscopy (Ziehl Neelsen (ZN) staining for acid-fast bacilli), Cartridge-based nucleic acid amplification test (CBNAAT) of the sputum and other routine investigations.>>> <|im_end|><|im_start|>assistant","[{""entity"": ""TB""}, {""entity"": ""advised""}, {""entity"": ""radiograph""}, {""entity"": ""test""}, {""entity"": ""CBNAAT""}, {""entity"": ""investigations""}, {""entity"": ""TB""}, {""entity"": ""COVID-19""}, {""entity"": ""he""}, {""entity"": ""chest""}, {""entity"": ""sputum""}, {""entity"": ""the sputum""}] ","[{""entity"": ""case""}, {""entity"": ""TB""}, {""entity"": ""COVID-19""}, {""entity"": ""advised"
To check for the COVID-19 he was advised qualitative polymerase chain reaction (PCR) test from the oropharyngeal swab.,"[{'id': '9320', 'offsets': array([17, 25]), 'role': '', 'semantic_type_id': '', 'text': 'COVID-19', 'type': 'EVENT'}
 {'id': '9335', 'offsets': array([33, 40]), 'role': '', 'semantic_type_id': '', 'text': 'advised', 'type': 'EVENT'}
 {'id': '9350', 'offsets': array([85, 89]), 'role': '', 'semantic_type_id': '', 'text': 'test', 'type': 'EVENT'}
 {'id': '10093', 'offsets': array([17, 25]), 'role': '', 'semantic_type_id': 'C5203670', 'text': 'COVID-19', 'type': 'CLINENTITY'}
 {'id': '10255', 'offsets': array([26, 28]), 'role': 'PATIENT', 'semantic_type_id': '', 'text': 'he', 'type': 'ACTOR'}]","A 43-year-old non-diabetic Indian male reported to our outpatient department with chief complaints of cough with expectoration, chest pain, reduced appetite, fever with chills, and night sweats for two weeks. He also complained of breathlessness on exertion and had two episodes of blood in his sputum. The patient explained that the cough was continuous and was relieved after taking cough syrup. He also mentioned that the episodes of fever were initially intermittent and then daily for the last two weeks and were relieved after taking Paracetamol. The chest pain was localized to the middle of the chest and was aggravated on exertion. He was a businessman by profession with no history of smoking, alcoholism, or any other substance abuse. Also, there was no history of any contact of TB or COVID-19 in the family or close contacts. And there was no history of foreign travel in the recent past. But he had reported having traveled by a domestic airline about twenty days back. There was no history of weight loss or any other major illness in the past.
On examination his vitals were-pulse-108/minute, arterial BP-130/80 mm of Hg, respiratory rate of 30 breaths/minute, Sp02-899% on room air, temperature- 101-degree centigrade. His Sp02 fell by 70% on room air after waking. On auscultation, there was crepitation on the bilateral middle lobes of the lungs. Also, dyspnea on exertion was noted. The rest of the systemic examination was within normal limits.
Considering this as a probable case of TB with COVID-19 he was advised a chest radiograph with sputum microscopy (Ziehl Neelsen (ZN) staining for acid-fast bacilli), Cartridge-based nucleic acid amplification test (CBNAAT) of the sputum and other routine investigations. To check for the COVID-19 he was advised qualitative polymerase chain reaction (PCR) test from the oropharyngeal swab. The results were surprising with Mycobacterium tuberculosis detected on sputum fluorescent microscopy and were also confirmed by the CBNAAT. However, there was no resistance to Rifampicin. The results of the PCR were positive for RNA specific to SARS-CoV-2. Besides, the chest radiograph PA-view was suggestive of bilateral consolidations on the middle lobes of lungs with ill-defined borders. The other investigations revealed a low lymphocyte count (1x 10 9 /L) and increased levels of C-reactive protein (CRP) (57 mg/L), lactate dehydrogenase (LDH) (580 U/L), and erythrocyte sedimentation rate (ESR) (70 mm in the 1 st hour). Also, a sample for liquid culture (MGIT BACTEC) was sent to the Intermediate Reference Laboratory (IRL) which revealed the growth of Mycobacterium tuberculosis. Computed tomography was not performed as the diagnosis was established by other cheaper and faster methods and also the patient was unwilling for the same. All the other routine investigations were within normal limits.
He was referred to the nearest designated COVID-19 management center, where he was managed as per national guidelines. Besides, he was also started on an antitubercular treatment of four drugs as per the National Tuberculosis Elimination Program (NTEP) guidelines. He was advised follow-up post completion of his stay at the designated COVID-19 center, but he has not yet reported back for follow-up. Written informed consent was obtained from the patient for using clinical data and images for publication in this study.
",EN100606,"<|im_start|>user Extract the entities contained in the text. Extract only entities contained in the text.
Return the result in a json format: [{""entity"":""entity_name""}]. <<To check for the COVID-19 he was advised qualitative polymerase chain reaction (PCR) test from the oropharyngeal swab.>>> <|im_end|><|im_start|>assistant[{""entity"": ""COVID-19""}, {""entity"": ""advised""}, {""entity"": ""test""}, {""entity"": ""COVID-19""}, {""entity"": ""he""}] <|im_end|>","<|im_start|>user Extract the entities contained in the text. Extract only entities contained in the text.
Return the result in a json format: [{""entity"":""entity_name""}]. <<<We present a case of a 32-year-old woman with a history of gradual enlargement of the anterior neck.>>> <|im_end|><|im_start|>assistant [{""entity"": ""present""}, {""entity"": ""history""}, {""entity"": ""enlargement""}] <|im_end|>
<|im_start|>user Extract the entities contained in the text. Extract only entities contained in the text.
Return the result in a json format: [{""entity"":""entity_name""}]. <<<Patient information: a 9-month-old boy presented to the emergency room with a 3-day history of refusal to bear weight on the right lower extremity and febrile peaks of up to 38.5°C for 24 hours.>>> <|im_end|><|im_start|>assistant [{""entity"": ""presented""}, {""entity"": ""refusal""}, {""entity"": ""bear""}, {""entity"": ""peaks""}] <|im_end|>
<|im_start|>user Extract the entities contained in the text. Extract only entities contained in the text.
Return the result in a json format: [{""entity"":""entity_name""}]. <<To check for the COVID-19 he was advised qualitative polymerase chain reaction (PCR) test from the oropharyngeal swab.>>> <|im_end|><|im_start|>assistant","[{""entity"": ""COVID-19""}, {""entity"": ""advised""}, {""entity"": ""test""}, {""entity"": ""COVID-19""}, {""entity"": ""he""}] ","[{""entity"": ""check""}, {""entity"": ""COVID-19""}, {""entity"": ""advised""}, {""entity"": ""test"
The results were surprising with Mycobacterium tuberculosis detected on sputum fluorescent microscopy and were also confirmed by the CBNAAT.,"[{'id': '9365', 'offsets': array([ 4, 11]), 'role': '', 'semantic_type_id': '', 'text': 'results', 'type': 'EVENT'}
 {'id': '9380', 'offsets': array([47, 59]), 'role': '', 'semantic_type_id': '', 'text': 'tuberculosis', 'type': 'EVENT'}
 {'id': '9395', 'offsets': array([60, 68]), 'role': '', 'semantic_type_id': '', 'text': 'detected', 'type': 'EVENT'}
 {'id': '9410', 'offsets': array([ 91, 101]), 'role': '', 'semantic_type_id': '', 'text': 'microscopy', 'type': 'EVENT'}
 {'id': '9425', 'offsets': array([116, 125]), 'role': '', 'semantic_type_id': '', 'text': 'confirmed', 'type': 'EVENT'}
 {'id': '9440', 'offsets': array([133, 139]), 'role': '', 'semantic_type_id': '', 'text': 'CBNAAT', 'type': 'EVENT'}
 {'id': '10100', 'offsets': array([33, 59]), 'role': '', 'semantic_type_id': 'C0041296', 'text': 'Mycobacterium tuberculosis', 'type': 'CLINENTITY'}
 {'id': '10188', 'offsets': array([72, 78]), 'role': '', 'semantic_type_id': '', 'text': 'sputum', 'type': 'BODYPART'}]","A 43-year-old non-diabetic Indian male reported to our outpatient department with chief complaints of cough with expectoration, chest pain, reduced appetite, fever with chills, and night sweats for two weeks. He also complained of breathlessness on exertion and had two episodes of blood in his sputum. The patient explained that the cough was continuous and was relieved after taking cough syrup. He also mentioned that the episodes of fever were initially intermittent and then daily for the last two weeks and were relieved after taking Paracetamol. The chest pain was localized to the middle of the chest and was aggravated on exertion. He was a businessman by profession with no history of smoking, alcoholism, or any other substance abuse. Also, there was no history of any contact of TB or COVID-19 in the family or close contacts. And there was no history of foreign travel in the recent past. But he had reported having traveled by a domestic airline about twenty days back. There was no history of weight loss or any other major illness in the past.
On examination his vitals were-pulse-108/minute, arterial BP-130/80 mm of Hg, respiratory rate of 30 breaths/minute, Sp02-899% on room air, temperature- 101-degree centigrade. His Sp02 fell by 70% on room air after waking. On auscultation, there was crepitation on the bilateral middle lobes of the lungs. Also, dyspnea on exertion was noted. The rest of the systemic examination was within normal limits.
Considering this as a probable case of TB with COVID-19 he was advised a chest radiograph with sputum microscopy (Ziehl Neelsen (ZN) staining for acid-fast bacilli), Cartridge-based nucleic acid amplification test (CBNAAT) of the sputum and other routine investigations. To check for the COVID-19 he was advised qualitative polymerase chain reaction (PCR) test from the oropharyngeal swab. The results were surprising with Mycobacterium tuberculosis detected on sputum fluorescent microscopy and were also confirmed by the CBNAAT. However, there was no resistance to Rifampicin. The results of the PCR were positive for RNA specific to SARS-CoV-2. Besides, the chest radiograph PA-view was suggestive of bilateral consolidations on the middle lobes of lungs with ill-defined borders. The other investigations revealed a low lymphocyte count (1x 10 9 /L) and increased levels of C-reactive protein (CRP) (57 mg/L), lactate dehydrogenase (LDH) (580 U/L), and erythrocyte sedimentation rate (ESR) (70 mm in the 1 st hour). Also, a sample for liquid culture (MGIT BACTEC) was sent to the Intermediate Reference Laboratory (IRL) which revealed the growth of Mycobacterium tuberculosis. Computed tomography was not performed as the diagnosis was established by other cheaper and faster methods and also the patient was unwilling for the same. All the other routine investigations were within normal limits.
He was referred to the nearest designated COVID-19 management center, where he was managed as per national guidelines. Besides, he was also started on an antitubercular treatment of four drugs as per the National Tuberculosis Elimination Program (NTEP) guidelines. He was advised follow-up post completion of his stay at the designated COVID-19 center, but he has not yet reported back for follow-up. Written informed consent was obtained from the patient for using clinical data and images for publication in this study.
",EN100606,"<|im_start|>user Extract the entities contained in the text. Extract only entities contained in the text.
Return the result in a json format: [{""entity"":""entity_name""}]. <<The results were surprising with Mycobacterium tuberculosis detected on sputum fluorescent microscopy and were also confirmed by the CBNAAT.>>> <|im_end|><|im_start|>assistant[{""entity"": ""results""}, {""entity"": ""tuberculosis""}, {""entity"": ""detected""}, {""entity"": ""microscopy""}, {""entity"": ""confirmed""}, {""entity"": ""CBNAAT""}, {""entity"": ""Mycobacterium tuberculosis""}, {""entity"": ""sputum""}] <|im_end|>","<|im_start|>user Extract the entities contained in the text. Extract only entities contained in the text.
Return the result in a json format: [{""entity"":""entity_name""}]. <<<We present a case of a 32-year-old woman with a history of gradual enlargement of the anterior neck.>>> <|im_end|><|im_start|>assistant [{""entity"": ""present""}, {""entity"": ""history""}, {""entity"": ""enlargement""}] <|im_end|>
<|im_start|>user Extract the entities contained in the text. Extract only entities contained in the text.
Return the result in a json format: [{""entity"":""entity_name""}]. <<<Patient information: a 9-month-old boy presented to the emergency room with a 3-day history of refusal to bear weight on the right lower extremity and febrile peaks of up to 38.5°C for 24 hours.>>> <|im_end|><|im_start|>assistant [{""entity"": ""presented""}, {""entity"": ""refusal""}, {""entity"": ""bear""}, {""entity"": ""peaks""}] <|im_end|>
<|im_start|>user Extract the entities contained in the text. Extract only entities contained in the text.
Return the result in a json format: [{""entity"":""entity_name""}]. <<The results were surprising with Mycobacterium tuberculosis detected on sputum fluorescent microscopy and were also confirmed by the CBNAAT.>>> <|im_end|><|im_start|>assistant","[{""entity"": ""results""}, {""entity"": ""tuberculosis""}, {""entity"": ""detected""}, {""entity"": ""microscopy""}, {""entity"": ""confirmed""}, {""entity"": ""CBNAAT""}, {""entity"": ""Mycobacterium tuberculosis""}, {""entity"": ""sputum""}] ","[{""entity"": ""detected""}, {""entity"": ""confirmed""}, {""entity"": ""sputum""}, {""entity"": ""Myc"
"However, there was no resistance to Rifampicin.","[{'id': '9455', 'offsets': array([22, 32]), 'role': '', 'semantic_type_id': '', 'text': 'resistance', 'type': 'EVENT'}]","A 43-year-old non-diabetic Indian male reported to our outpatient department with chief complaints of cough with expectoration, chest pain, reduced appetite, fever with chills, and night sweats for two weeks. He also complained of breathlessness on exertion and had two episodes of blood in his sputum. The patient explained that the cough was continuous and was relieved after taking cough syrup. He also mentioned that the episodes of fever were initially intermittent and then daily for the last two weeks and were relieved after taking Paracetamol. The chest pain was localized to the middle of the chest and was aggravated on exertion. He was a businessman by profession with no history of smoking, alcoholism, or any other substance abuse. Also, there was no history of any contact of TB or COVID-19 in the family or close contacts. And there was no history of foreign travel in the recent past. But he had reported having traveled by a domestic airline about twenty days back. There was no history of weight loss or any other major illness in the past.
On examination his vitals were-pulse-108/minute, arterial BP-130/80 mm of Hg, respiratory rate of 30 breaths/minute, Sp02-899% on room air, temperature- 101-degree centigrade. His Sp02 fell by 70% on room air after waking. On auscultation, there was crepitation on the bilateral middle lobes of the lungs. Also, dyspnea on exertion was noted. The rest of the systemic examination was within normal limits.
Considering this as a probable case of TB with COVID-19 he was advised a chest radiograph with sputum microscopy (Ziehl Neelsen (ZN) staining for acid-fast bacilli), Cartridge-based nucleic acid amplification test (CBNAAT) of the sputum and other routine investigations. To check for the COVID-19 he was advised qualitative polymerase chain reaction (PCR) test from the oropharyngeal swab. The results were surprising with Mycobacterium tuberculosis detected on sputum fluorescent microscopy and were also confirmed by the CBNAAT. However, there was no resistance to Rifampicin. The results of the PCR were positive for RNA specific to SARS-CoV-2. Besides, the chest radiograph PA-view was suggestive of bilateral consolidations on the middle lobes of lungs with ill-defined borders. The other investigations revealed a low lymphocyte count (1x 10 9 /L) and increased levels of C-reactive protein (CRP) (57 mg/L), lactate dehydrogenase (LDH) (580 U/L), and erythrocyte sedimentation rate (ESR) (70 mm in the 1 st hour). Also, a sample for liquid culture (MGIT BACTEC) was sent to the Intermediate Reference Laboratory (IRL) which revealed the growth of Mycobacterium tuberculosis. Computed tomography was not performed as the diagnosis was established by other cheaper and faster methods and also the patient was unwilling for the same. All the other routine investigations were within normal limits.
He was referred to the nearest designated COVID-19 management center, where he was managed as per national guidelines. Besides, he was also started on an antitubercular treatment of four drugs as per the National Tuberculosis Elimination Program (NTEP) guidelines. He was advised follow-up post completion of his stay at the designated COVID-19 center, but he has not yet reported back for follow-up. Written informed consent was obtained from the patient for using clinical data and images for publication in this study.
",EN100606,"<|im_start|>user Extract the entities contained in the text. Extract only entities contained in the text.
Return the result in a json format: [{""entity"":""entity_name""}]. <<However, there was no resistance to Rifampicin.>>> <|im_end|><|im_start|>assistant[{""entity"": ""resistance""}] <|im_end|>","<|im_start|>user Extract the entities contained in the text. Extract only entities contained in the text.
Return the result in a json format: [{""entity"":""entity_name""}]. <<<We present a case of a 32-year-old woman with a history of gradual enlargement of the anterior neck.>>> <|im_end|><|im_start|>assistant [{""entity"": ""present""}, {""entity"": ""history""}, {""entity"": ""enlargement""}] <|im_end|>
<|im_start|>user Extract the entities contained in the text. Extract only entities contained in the text.
Return the result in a json format: [{""entity"":""entity_name""}]. <<<Patient information: a 9-month-old boy presented to the emergency room with a 3-day history of refusal to bear weight on the right lower extremity and febrile peaks of up to 38.5°C for 24 hours.>>> <|im_end|><|im_start|>assistant [{""entity"": ""presented""}, {""entity"": ""refusal""}, {""entity"": ""bear""}, {""entity"": ""peaks""}] <|im_end|>
<|im_start|>user Extract the entities contained in the text. Extract only entities contained in the text.
Return the result in a json format: [{""entity"":""entity_name""}]. <<However, there was no resistance to Rifampicin.>>> <|im_end|><|im_start|>assistant","[{""entity"": ""resistance""}] ","[{""entity"": ""resistance""}, {""entity"": ""Rifampicin""}] <|im_end|><|im_end|><|im_end|><|im_end|><|im_end|><|im_end|><|im_end|><|im_end|>"
"Besides, the chest radiograph PA-view was suggestive of bilateral consolidations on the middle lobes of lungs with ill-defined borders.","[{'id': '9500', 'offsets': array([30, 37]), 'role': '', 'semantic_type_id': '', 'text': 'PA-view', 'type': 'EVENT'}
 {'id': '9515', 'offsets': array([42, 52]), 'role': '', 'semantic_type_id': '', 'text': 'suggestive', 'type': 'EVENT'}
 {'id': '9530', 'offsets': array([66, 80]), 'role': '', 'semantic_type_id': '', 'text': 'consolidations', 'type': 'EVENT'}
 {'id': '10114', 'offsets': array([ 66, 109]), 'role': '', 'semantic_type_id': 'C0521530', 'text': 'consolidations on the middle lobes of lungs', 'type': 'CLINENTITY'}
 {'id': '10194', 'offsets': array([13, 18]), 'role': '', 'semantic_type_id': '', 'text': 'chest', 'type': 'BODYPART'}
 {'id': '10200', 'offsets': array([ 84, 109]), 'role': '', 'semantic_type_id': '', 'text': 'the middle lobes of lungs', 'type': 'BODYPART'}]","A 43-year-old non-diabetic Indian male reported to our outpatient department with chief complaints of cough with expectoration, chest pain, reduced appetite, fever with chills, and night sweats for two weeks. He also complained of breathlessness on exertion and had two episodes of blood in his sputum. The patient explained that the cough was continuous and was relieved after taking cough syrup. He also mentioned that the episodes of fever were initially intermittent and then daily for the last two weeks and were relieved after taking Paracetamol. The chest pain was localized to the middle of the chest and was aggravated on exertion. He was a businessman by profession with no history of smoking, alcoholism, or any other substance abuse. Also, there was no history of any contact of TB or COVID-19 in the family or close contacts. And there was no history of foreign travel in the recent past. But he had reported having traveled by a domestic airline about twenty days back. There was no history of weight loss or any other major illness in the past.
On examination his vitals were-pulse-108/minute, arterial BP-130/80 mm of Hg, respiratory rate of 30 breaths/minute, Sp02-899% on room air, temperature- 101-degree centigrade. His Sp02 fell by 70% on room air after waking. On auscultation, there was crepitation on the bilateral middle lobes of the lungs. Also, dyspnea on exertion was noted. The rest of the systemic examination was within normal limits.
Considering this as a probable case of TB with COVID-19 he was advised a chest radiograph with sputum microscopy (Ziehl Neelsen (ZN) staining for acid-fast bacilli), Cartridge-based nucleic acid amplification test (CBNAAT) of the sputum and other routine investigations. To check for the COVID-19 he was advised qualitative polymerase chain reaction (PCR) test from the oropharyngeal swab. The results were surprising with Mycobacterium tuberculosis detected on sputum fluorescent microscopy and were also confirmed by the CBNAAT. However, there was no resistance to Rifampicin. The results of the PCR were positive for RNA specific to SARS-CoV-2. Besides, the chest radiograph PA-view was suggestive of bilateral consolidations on the middle lobes of lungs with ill-defined borders. The other investigations revealed a low lymphocyte count (1x 10 9 /L) and increased levels of C-reactive protein (CRP) (57 mg/L), lactate dehydrogenase (LDH) (580 U/L), and erythrocyte sedimentation rate (ESR) (70 mm in the 1 st hour). Also, a sample for liquid culture (MGIT BACTEC) was sent to the Intermediate Reference Laboratory (IRL) which revealed the growth of Mycobacterium tuberculosis. Computed tomography was not performed as the diagnosis was established by other cheaper and faster methods and also the patient was unwilling for the same. All the other routine investigations were within normal limits.
He was referred to the nearest designated COVID-19 management center, where he was managed as per national guidelines. Besides, he was also started on an antitubercular treatment of four drugs as per the National Tuberculosis Elimination Program (NTEP) guidelines. He was advised follow-up post completion of his stay at the designated COVID-19 center, but he has not yet reported back for follow-up. Written informed consent was obtained from the patient for using clinical data and images for publication in this study.
",EN100606,"<|im_start|>user Extract the entities contained in the text. Extract only entities contained in the text.
Return the result in a json format: [{""entity"":""entity_name""}]. <<Besides, the chest radiograph PA-view was suggestive of bilateral consolidations on the middle lobes of lungs with ill-defined borders.>>> <|im_end|><|im_start|>assistant[{""entity"": ""PA-view""}, {""entity"": ""suggestive""}, {""entity"": ""consolidations""}, {""entity"": ""consolidations on the middle lobes of lungs""}, {""entity"": ""chest""}, {""entity"": ""the middle lobes of lungs""}] <|im_end|>","<|im_start|>user Extract the entities contained in the text. Extract only entities contained in the text.
Return the result in a json format: [{""entity"":""entity_name""}]. <<<We present a case of a 32-year-old woman with a history of gradual enlargement of the anterior neck.>>> <|im_end|><|im_start|>assistant [{""entity"": ""present""}, {""entity"": ""history""}, {""entity"": ""enlargement""}] <|im_end|>
<|im_start|>user Extract the entities contained in the text. Extract only entities contained in the text.
Return the result in a json format: [{""entity"":""entity_name""}]. <<<Patient information: a 9-month-old boy presented to the emergency room with a 3-day history of refusal to bear weight on the right lower extremity and febrile peaks of up to 38.5°C for 24 hours.>>> <|im_end|><|im_start|>assistant [{""entity"": ""presented""}, {""entity"": ""refusal""}, {""entity"": ""bear""}, {""entity"": ""peaks""}] <|im_end|>
<|im_start|>user Extract the entities contained in the text. Extract only entities contained in the text.
Return the result in a json format: [{""entity"":""entity_name""}]. <<Besides, the chest radiograph PA-view was suggestive of bilateral consolidations on the middle lobes of lungs with ill-defined borders.>>> <|im_end|><|im_start|>assistant","[{""entity"": ""PA-view""}, {""entity"": ""suggestive""}, {""entity"": ""consolidations""}, {""entity"": ""consolidations on the middle lobes of lungs""}, {""entity"": ""chest""}, {""entity"": ""the middle lobes of lungs""}] ","[{""entity"": ""radiograph""}, {""entity"": ""view""}, {""entity"": ""suggestive""}, {""entity"": ""consolidations"
"The other investigations revealed a low lymphocyte count (1x 10 9 /L) and increased levels of C-reactive protein (CRP) (57 mg/L), lactate dehydrogenase (LDH) (580 U/L), and erythrocyte sedimentation rate (ESR) (70 mm in the 1 st hour).","[{'id': '9545', 'offsets': array([10, 24]), 'role': '', 'semantic_type_id': '', 'text': 'investigations', 'type': 'EVENT'}
 {'id': '9560', 'offsets': array([25, 33]), 'role': '', 'semantic_type_id': '', 'text': 'revealed', 'type': 'EVENT'}
 {'id': '9575', 'offsets': array([51, 56]), 'role': '', 'semantic_type_id': '', 'text': 'count', 'type': 'EVENT'}
 {'id': '9590', 'offsets': array([105, 112]), 'role': '', 'semantic_type_id': '', 'text': 'protein', 'type': 'EVENT'}
 {'id': '9605', 'offsets': array([114, 117]), 'role': '', 'semantic_type_id': '', 'text': 'CRP', 'type': 'EVENT'}
 {'id': '9620', 'offsets': array([138, 151]), 'role': '', 'semantic_type_id': '', 'text': 'dehydrogenase', 'type': 'EVENT'}
 {'id': '9635', 'offsets': array([153, 156]), 'role': '', 'semantic_type_id': '', 'text': 'LDH', 'type': 'EVENT'}
 {'id': '9650', 'offsets': array([199, 203]), 'role': '', 'semantic_type_id': '', 'text': 'rate', 'type': 'EVENT'}
 {'id': '9665', 'offsets': array([205, 208]), 'role': '', 'semantic_type_id': '', 'text': 'ESR', 'type': 'EVENT'}
 {'id': '10353', 'offsets': array([58, 68]), 'role': '', 'semantic_type_id': '', 'text': '1x 10 9 /L', 'type': 'RML'}
 {'id': '10359', 'offsets': array([120, 127]), 'role': '', 'semantic_type_id': '', 'text': '57 mg/L', 'type': 'RML'}
 {'id': '10365', 'offsets': array([159, 166]), 'role': '', 'semantic_type_id': '', 'text': '580 U/L', 'type': 'RML'}
 {'id': '10371', 'offsets': array([211, 216]), 'role': '', 'semantic_type_id': '', 'text': '70 mm', 'type': 'RML'}
 {'id': '10419', 'offsets': array([220, 233]), 'role': '', 'semantic_type_id': '', 'text': 'the 1 st hour', 'type': 'TIMEX3'}]","A 43-year-old non-diabetic Indian male reported to our outpatient department with chief complaints of cough with expectoration, chest pain, reduced appetite, fever with chills, and night sweats for two weeks. He also complained of breathlessness on exertion and had two episodes of blood in his sputum. The patient explained that the cough was continuous and was relieved after taking cough syrup. He also mentioned that the episodes of fever were initially intermittent and then daily for the last two weeks and were relieved after taking Paracetamol. The chest pain was localized to the middle of the chest and was aggravated on exertion. He was a businessman by profession with no history of smoking, alcoholism, or any other substance abuse. Also, there was no history of any contact of TB or COVID-19 in the family or close contacts. And there was no history of foreign travel in the recent past. But he had reported having traveled by a domestic airline about twenty days back. There was no history of weight loss or any other major illness in the past.
On examination his vitals were-pulse-108/minute, arterial BP-130/80 mm of Hg, respiratory rate of 30 breaths/minute, Sp02-899% on room air, temperature- 101-degree centigrade. His Sp02 fell by 70% on room air after waking. On auscultation, there was crepitation on the bilateral middle lobes of the lungs. Also, dyspnea on exertion was noted. The rest of the systemic examination was within normal limits.
Considering this as a probable case of TB with COVID-19 he was advised a chest radiograph with sputum microscopy (Ziehl Neelsen (ZN) staining for acid-fast bacilli), Cartridge-based nucleic acid amplification test (CBNAAT) of the sputum and other routine investigations. To check for the COVID-19 he was advised qualitative polymerase chain reaction (PCR) test from the oropharyngeal swab. The results were surprising with Mycobacterium tuberculosis detected on sputum fluorescent microscopy and were also confirmed by the CBNAAT. However, there was no resistance to Rifampicin. The results of the PCR were positive for RNA specific to SARS-CoV-2. Besides, the chest radiograph PA-view was suggestive of bilateral consolidations on the middle lobes of lungs with ill-defined borders. The other investigations revealed a low lymphocyte count (1x 10 9 /L) and increased levels of C-reactive protein (CRP) (57 mg/L), lactate dehydrogenase (LDH) (580 U/L), and erythrocyte sedimentation rate (ESR) (70 mm in the 1 st hour). Also, a sample for liquid culture (MGIT BACTEC) was sent to the Intermediate Reference Laboratory (IRL) which revealed the growth of Mycobacterium tuberculosis. Computed tomography was not performed as the diagnosis was established by other cheaper and faster methods and also the patient was unwilling for the same. All the other routine investigations were within normal limits.
He was referred to the nearest designated COVID-19 management center, where he was managed as per national guidelines. Besides, he was also started on an antitubercular treatment of four drugs as per the National Tuberculosis Elimination Program (NTEP) guidelines. He was advised follow-up post completion of his stay at the designated COVID-19 center, but he has not yet reported back for follow-up. Written informed consent was obtained from the patient for using clinical data and images for publication in this study.
",EN100606,"<|im_start|>user Extract the entities contained in the text. Extract only entities contained in the text.
Return the result in a json format: [{""entity"":""entity_name""}]. <<The other investigations revealed a low lymphocyte count (1x 10 9 /L) and increased levels of C-reactive protein (CRP) (57 mg/L), lactate dehydrogenase (LDH) (580 U/L), and erythrocyte sedimentation rate (ESR) (70 mm in the 1 st hour).>>> <|im_end|><|im_start|>assistant[{""entity"": ""investigations""}, {""entity"": ""revealed""}, {""entity"": ""count""}, {""entity"": ""protein""}, {""entity"": ""CRP""}, {""entity"": ""dehydrogenase""}, {""entity"": ""LDH""}, {""entity"": ""rate""}, {""entity"": ""ESR""}, {""entity"": ""1x 10 9 /L""}, {""entity"": ""57 mg/L""}, {""entity"": ""580 U/L""}, {""entity"": ""70 mm""}, {""entity"": ""the 1 st hour""}] <|im_end|>","<|im_start|>user Extract the entities contained in the text. Extract only entities contained in the text.
Return the result in a json format: [{""entity"":""entity_name""}]. <<<We present a case of a 32-year-old woman with a history of gradual enlargement of the anterior neck.>>> <|im_end|><|im_start|>assistant [{""entity"": ""present""}, {""entity"": ""history""}, {""entity"": ""enlargement""}] <|im_end|>
<|im_start|>user Extract the entities contained in the text. Extract only entities contained in the text.
Return the result in a json format: [{""entity"":""entity_name""}]. <<<Patient information: a 9-month-old boy presented to the emergency room with a 3-day history of refusal to bear weight on the right lower extremity and febrile peaks of up to 38.5°C for 24 hours.>>> <|im_end|><|im_start|>assistant [{""entity"": ""presented""}, {""entity"": ""refusal""}, {""entity"": ""bear""}, {""entity"": ""peaks""}] <|im_end|>
<|im_start|>user Extract the entities contained in the text. Extract only entities contained in the text.
Return the result in a json format: [{""entity"":""entity_name""}]. <<The other investigations revealed a low lymphocyte count (1x 10 9 /L) and increased levels of C-reactive protein (CRP) (57 mg/L), lactate dehydrogenase (LDH) (580 U/L), and erythrocyte sedimentation rate (ESR) (70 mm in the 1 st hour).>>> <|im_end|><|im_start|>assistant","[{""entity"": ""investigations""}, {""entity"": ""revealed""}, {""entity"": ""count""}, {""entity"": ""protein""}, {""entity"": ""CRP""}, {""entity"": ""dehydrogenase""}, {""entity"": ""LDH""}, {""entity"": ""rate""}, {""entity"": ""ESR""}, {""entity"": ""1x 10 9 /L""}, {""entity"": ""57 mg/L""}, {""entity"": ""580 U/L""}, {""entity"": ""70 mm""}, {""entity"": ""the 1 st hour""}] ","[{""entity"": ""investigations""}, {""entity"": ""revealed""}, {""entity"": ""count""}, {""entity"": ""levels""},"
"Also, a sample for liquid culture (MGIT BACTEC) was sent to the Intermediate Reference Laboratory (IRL) which revealed the growth of Mycobacterium tuberculosis.","[{'id': '9680', 'offsets': array([52, 56]), 'role': '', 'semantic_type_id': '', 'text': 'sent', 'type': 'EVENT'}
 {'id': '9695', 'offsets': array([110, 118]), 'role': '', 'semantic_type_id': '', 'text': 'revealed', 'type': 'EVENT'}
 {'id': '9710', 'offsets': array([123, 129]), 'role': '', 'semantic_type_id': '', 'text': 'growth', 'type': 'EVENT'}
 {'id': '10121', 'offsets': array([133, 159]), 'role': '', 'semantic_type_id': 'C0041296', 'text': 'Mycobacterium tuberculosis', 'type': 'CLINENTITY'}]","A 43-year-old non-diabetic Indian male reported to our outpatient department with chief complaints of cough with expectoration, chest pain, reduced appetite, fever with chills, and night sweats for two weeks. He also complained of breathlessness on exertion and had two episodes of blood in his sputum. The patient explained that the cough was continuous and was relieved after taking cough syrup. He also mentioned that the episodes of fever were initially intermittent and then daily for the last two weeks and were relieved after taking Paracetamol. The chest pain was localized to the middle of the chest and was aggravated on exertion. He was a businessman by profession with no history of smoking, alcoholism, or any other substance abuse. Also, there was no history of any contact of TB or COVID-19 in the family or close contacts. And there was no history of foreign travel in the recent past. But he had reported having traveled by a domestic airline about twenty days back. There was no history of weight loss or any other major illness in the past.
On examination his vitals were-pulse-108/minute, arterial BP-130/80 mm of Hg, respiratory rate of 30 breaths/minute, Sp02-899% on room air, temperature- 101-degree centigrade. His Sp02 fell by 70% on room air after waking. On auscultation, there was crepitation on the bilateral middle lobes of the lungs. Also, dyspnea on exertion was noted. The rest of the systemic examination was within normal limits.
Considering this as a probable case of TB with COVID-19 he was advised a chest radiograph with sputum microscopy (Ziehl Neelsen (ZN) staining for acid-fast bacilli), Cartridge-based nucleic acid amplification test (CBNAAT) of the sputum and other routine investigations. To check for the COVID-19 he was advised qualitative polymerase chain reaction (PCR) test from the oropharyngeal swab. The results were surprising with Mycobacterium tuberculosis detected on sputum fluorescent microscopy and were also confirmed by the CBNAAT. However, there was no resistance to Rifampicin. The results of the PCR were positive for RNA specific to SARS-CoV-2. Besides, the chest radiograph PA-view was suggestive of bilateral consolidations on the middle lobes of lungs with ill-defined borders. The other investigations revealed a low lymphocyte count (1x 10 9 /L) and increased levels of C-reactive protein (CRP) (57 mg/L), lactate dehydrogenase (LDH) (580 U/L), and erythrocyte sedimentation rate (ESR) (70 mm in the 1 st hour). Also, a sample for liquid culture (MGIT BACTEC) was sent to the Intermediate Reference Laboratory (IRL) which revealed the growth of Mycobacterium tuberculosis. Computed tomography was not performed as the diagnosis was established by other cheaper and faster methods and also the patient was unwilling for the same. All the other routine investigations were within normal limits.
He was referred to the nearest designated COVID-19 management center, where he was managed as per national guidelines. Besides, he was also started on an antitubercular treatment of four drugs as per the National Tuberculosis Elimination Program (NTEP) guidelines. He was advised follow-up post completion of his stay at the designated COVID-19 center, but he has not yet reported back for follow-up. Written informed consent was obtained from the patient for using clinical data and images for publication in this study.
",EN100606,"<|im_start|>user Extract the entities contained in the text. Extract only entities contained in the text.
Return the result in a json format: [{""entity"":""entity_name""}]. <<Also, a sample for liquid culture (MGIT BACTEC) was sent to the Intermediate Reference Laboratory (IRL) which revealed the growth of Mycobacterium tuberculosis.>>> <|im_end|><|im_start|>assistant[{""entity"": ""sent""}, {""entity"": ""revealed""}, {""entity"": ""growth""}, {""entity"": ""Mycobacterium tuberculosis""}] <|im_end|>","<|im_start|>user Extract the entities contained in the text. Extract only entities contained in the text.
Return the result in a json format: [{""entity"":""entity_name""}]. <<<We present a case of a 32-year-old woman with a history of gradual enlargement of the anterior neck.>>> <|im_end|><|im_start|>assistant [{""entity"": ""present""}, {""entity"": ""history""}, {""entity"": ""enlargement""}] <|im_end|>
<|im_start|>user Extract the entities contained in the text. Extract only entities contained in the text.
Return the result in a json format: [{""entity"":""entity_name""}]. <<<Patient information: a 9-month-old boy presented to the emergency room with a 3-day history of refusal to bear weight on the right lower extremity and febrile peaks of up to 38.5°C for 24 hours.>>> <|im_end|><|im_start|>assistant [{""entity"": ""presented""}, {""entity"": ""refusal""}, {""entity"": ""bear""}, {""entity"": ""peaks""}] <|im_end|>
<|im_start|>user Extract the entities contained in the text. Extract only entities contained in the text.
Return the result in a json format: [{""entity"":""entity_name""}]. <<Also, a sample for liquid culture (MGIT BACTEC) was sent to the Intermediate Reference Laboratory (IRL) which revealed the growth of Mycobacterium tuberculosis.>>> <|im_end|><|im_start|>assistant","[{""entity"": ""sent""}, {""entity"": ""revealed""}, {""entity"": ""growth""}, {""entity"": ""Mycobacterium tuberculosis""}] ","[{""entity"": ""culture""}, {""entity"": ""revealed""}, {""entity"": ""growth""}, {""entity"": ""Myobacterium"
Computed tomography was not performed as the diagnosis was established by other cheaper and faster methods and also the patient was unwilling for the same.,"[{'id': '9725', 'offsets': array([ 9, 19]), 'role': '', 'semantic_type_id': '', 'text': 'tomography', 'type': 'EVENT'}
 {'id': '9740', 'offsets': array([45, 54]), 'role': '', 'semantic_type_id': '', 'text': 'diagnosis', 'type': 'EVENT'}
 {'id': '9755', 'offsets': array([ 99, 106]), 'role': '', 'semantic_type_id': '', 'text': 'methods', 'type': 'EVENT'}
 {'id': '9770', 'offsets': array([132, 141]), 'role': '', 'semantic_type_id': '', 'text': 'unwilling', 'type': 'EVENT'}
 {'id': '10262', 'offsets': array([116, 127]), 'role': 'PATIENT', 'semantic_type_id': '', 'text': 'the patient', 'type': 'ACTOR'}]","A 43-year-old non-diabetic Indian male reported to our outpatient department with chief complaints of cough with expectoration, chest pain, reduced appetite, fever with chills, and night sweats for two weeks. He also complained of breathlessness on exertion and had two episodes of blood in his sputum. The patient explained that the cough was continuous and was relieved after taking cough syrup. He also mentioned that the episodes of fever were initially intermittent and then daily for the last two weeks and were relieved after taking Paracetamol. The chest pain was localized to the middle of the chest and was aggravated on exertion. He was a businessman by profession with no history of smoking, alcoholism, or any other substance abuse. Also, there was no history of any contact of TB or COVID-19 in the family or close contacts. And there was no history of foreign travel in the recent past. But he had reported having traveled by a domestic airline about twenty days back. There was no history of weight loss or any other major illness in the past.
On examination his vitals were-pulse-108/minute, arterial BP-130/80 mm of Hg, respiratory rate of 30 breaths/minute, Sp02-899% on room air, temperature- 101-degree centigrade. His Sp02 fell by 70% on room air after waking. On auscultation, there was crepitation on the bilateral middle lobes of the lungs. Also, dyspnea on exertion was noted. The rest of the systemic examination was within normal limits.
Considering this as a probable case of TB with COVID-19 he was advised a chest radiograph with sputum microscopy (Ziehl Neelsen (ZN) staining for acid-fast bacilli), Cartridge-based nucleic acid amplification test (CBNAAT) of the sputum and other routine investigations. To check for the COVID-19 he was advised qualitative polymerase chain reaction (PCR) test from the oropharyngeal swab. The results were surprising with Mycobacterium tuberculosis detected on sputum fluorescent microscopy and were also confirmed by the CBNAAT. However, there was no resistance to Rifampicin. The results of the PCR were positive for RNA specific to SARS-CoV-2. Besides, the chest radiograph PA-view was suggestive of bilateral consolidations on the middle lobes of lungs with ill-defined borders. The other investigations revealed a low lymphocyte count (1x 10 9 /L) and increased levels of C-reactive protein (CRP) (57 mg/L), lactate dehydrogenase (LDH) (580 U/L), and erythrocyte sedimentation rate (ESR) (70 mm in the 1 st hour). Also, a sample for liquid culture (MGIT BACTEC) was sent to the Intermediate Reference Laboratory (IRL) which revealed the growth of Mycobacterium tuberculosis. Computed tomography was not performed as the diagnosis was established by other cheaper and faster methods and also the patient was unwilling for the same. All the other routine investigations were within normal limits.
He was referred to the nearest designated COVID-19 management center, where he was managed as per national guidelines. Besides, he was also started on an antitubercular treatment of four drugs as per the National Tuberculosis Elimination Program (NTEP) guidelines. He was advised follow-up post completion of his stay at the designated COVID-19 center, but he has not yet reported back for follow-up. Written informed consent was obtained from the patient for using clinical data and images for publication in this study.
",EN100606,"<|im_start|>user Extract the entities contained in the text. Extract only entities contained in the text.
Return the result in a json format: [{""entity"":""entity_name""}]. <<Computed tomography was not performed as the diagnosis was established by other cheaper and faster methods and also the patient was unwilling for the same.>>> <|im_end|><|im_start|>assistant[{""entity"": ""tomography""}, {""entity"": ""diagnosis""}, {""entity"": ""methods""}, {""entity"": ""unwilling""}, {""entity"": ""the patient""}] <|im_end|>","<|im_start|>user Extract the entities contained in the text. Extract only entities contained in the text.
Return the result in a json format: [{""entity"":""entity_name""}]. <<<We present a case of a 32-year-old woman with a history of gradual enlargement of the anterior neck.>>> <|im_end|><|im_start|>assistant [{""entity"": ""present""}, {""entity"": ""history""}, {""entity"": ""enlargement""}] <|im_end|>
<|im_start|>user Extract the entities contained in the text. Extract only entities contained in the text.
Return the result in a json format: [{""entity"":""entity_name""}]. <<<Patient information: a 9-month-old boy presented to the emergency room with a 3-day history of refusal to bear weight on the right lower extremity and febrile peaks of up to 38.5°C for 24 hours.>>> <|im_end|><|im_start|>assistant [{""entity"": ""presented""}, {""entity"": ""refusal""}, {""entity"": ""bear""}, {""entity"": ""peaks""}] <|im_end|>
<|im_start|>user Extract the entities contained in the text. Extract only entities contained in the text.
Return the result in a json format: [{""entity"":""entity_name""}]. <<Computed tomography was not performed as the diagnosis was established by other cheaper and faster methods and also the patient was unwilling for the same.>>> <|im_end|><|im_start|>assistant","[{""entity"": ""tomography""}, {""entity"": ""diagnosis""}, {""entity"": ""methods""}, {""entity"": ""unwilling""}, {""entity"": ""the patient""}] ","[{""entity"": ""tomography""}, {""entity"": ""diagnosis""}, {""entity"": ""methods""}, {""entity"": ""unwilling"
All the other routine investigations were within normal limits.,"[{'id': '9785', 'offsets': array([22, 36]), 'role': '', 'semantic_type_id': '', 'text': 'investigations', 'type': 'EVENT'}
 {'id': '10377', 'offsets': array([49, 62]), 'role': '', 'semantic_type_id': '', 'text': 'normal limits', 'type': 'RML'}]","A 43-year-old non-diabetic Indian male reported to our outpatient department with chief complaints of cough with expectoration, chest pain, reduced appetite, fever with chills, and night sweats for two weeks. He also complained of breathlessness on exertion and had two episodes of blood in his sputum. The patient explained that the cough was continuous and was relieved after taking cough syrup. He also mentioned that the episodes of fever were initially intermittent and then daily for the last two weeks and were relieved after taking Paracetamol. The chest pain was localized to the middle of the chest and was aggravated on exertion. He was a businessman by profession with no history of smoking, alcoholism, or any other substance abuse. Also, there was no history of any contact of TB or COVID-19 in the family or close contacts. And there was no history of foreign travel in the recent past. But he had reported having traveled by a domestic airline about twenty days back. There was no history of weight loss or any other major illness in the past.
On examination his vitals were-pulse-108/minute, arterial BP-130/80 mm of Hg, respiratory rate of 30 breaths/minute, Sp02-899% on room air, temperature- 101-degree centigrade. His Sp02 fell by 70% on room air after waking. On auscultation, there was crepitation on the bilateral middle lobes of the lungs. Also, dyspnea on exertion was noted. The rest of the systemic examination was within normal limits.
Considering this as a probable case of TB with COVID-19 he was advised a chest radiograph with sputum microscopy (Ziehl Neelsen (ZN) staining for acid-fast bacilli), Cartridge-based nucleic acid amplification test (CBNAAT) of the sputum and other routine investigations. To check for the COVID-19 he was advised qualitative polymerase chain reaction (PCR) test from the oropharyngeal swab. The results were surprising with Mycobacterium tuberculosis detected on sputum fluorescent microscopy and were also confirmed by the CBNAAT. However, there was no resistance to Rifampicin. The results of the PCR were positive for RNA specific to SARS-CoV-2. Besides, the chest radiograph PA-view was suggestive of bilateral consolidations on the middle lobes of lungs with ill-defined borders. The other investigations revealed a low lymphocyte count (1x 10 9 /L) and increased levels of C-reactive protein (CRP) (57 mg/L), lactate dehydrogenase (LDH) (580 U/L), and erythrocyte sedimentation rate (ESR) (70 mm in the 1 st hour). Also, a sample for liquid culture (MGIT BACTEC) was sent to the Intermediate Reference Laboratory (IRL) which revealed the growth of Mycobacterium tuberculosis. Computed tomography was not performed as the diagnosis was established by other cheaper and faster methods and also the patient was unwilling for the same. All the other routine investigations were within normal limits.
He was referred to the nearest designated COVID-19 management center, where he was managed as per national guidelines. Besides, he was also started on an antitubercular treatment of four drugs as per the National Tuberculosis Elimination Program (NTEP) guidelines. He was advised follow-up post completion of his stay at the designated COVID-19 center, but he has not yet reported back for follow-up. Written informed consent was obtained from the patient for using clinical data and images for publication in this study.
",EN100606,"<|im_start|>user Extract the entities contained in the text. Extract only entities contained in the text.
Return the result in a json format: [{""entity"":""entity_name""}]. <<All the other routine investigations were within normal limits.>>> <|im_end|><|im_start|>assistant[{""entity"": ""investigations""}, {""entity"": ""normal limits""}] <|im_end|>","<|im_start|>user Extract the entities contained in the text. Extract only entities contained in the text.
Return the result in a json format: [{""entity"":""entity_name""}]. <<<We present a case of a 32-year-old woman with a history of gradual enlargement of the anterior neck.>>> <|im_end|><|im_start|>assistant [{""entity"": ""present""}, {""entity"": ""history""}, {""entity"": ""enlargement""}] <|im_end|>
<|im_start|>user Extract the entities contained in the text. Extract only entities contained in the text.
Return the result in a json format: [{""entity"":""entity_name""}]. <<<Patient information: a 9-month-old boy presented to the emergency room with a 3-day history of refusal to bear weight on the right lower extremity and febrile peaks of up to 38.5°C for 24 hours.>>> <|im_end|><|im_start|>assistant [{""entity"": ""presented""}, {""entity"": ""refusal""}, {""entity"": ""bear""}, {""entity"": ""peaks""}] <|im_end|>
<|im_start|>user Extract the entities contained in the text. Extract only entities contained in the text.
Return the result in a json format: [{""entity"":""entity_name""}]. <<All the other routine investigations were within normal limits.>>> <|im_end|><|im_start|>assistant","[{""entity"": ""investigations""}, {""entity"": ""normal limits""}] ","[{""entity"": ""investigations""}, {""entity"": ""normal""}] <|im_end|><|im_end|><|im_end|><|im_end|><|im_end|><|im_end|><|im_end|><|im_end|><|im_end|><|im_end|><|im_end|>"
"He was referred to the nearest designated COVID-19 management center, where he was managed as per national guidelines.","[{'id': '9800', 'offsets': array([ 7, 15]), 'role': '', 'semantic_type_id': '', 'text': 'referred', 'type': 'EVENT'}
 {'id': '9815', 'offsets': array([83, 90]), 'role': '', 'semantic_type_id': '', 'text': 'managed', 'type': 'EVENT'}
 {'id': '10269', 'offsets': array([0, 2]), 'role': 'PATIENT', 'semantic_type_id': '', 'text': 'He', 'type': 'ACTOR'}
 {'id': '10276', 'offsets': array([76, 78]), 'role': 'PATIENT', 'semantic_type_id': '', 'text': 'he', 'type': 'ACTOR'}]","A 43-year-old non-diabetic Indian male reported to our outpatient department with chief complaints of cough with expectoration, chest pain, reduced appetite, fever with chills, and night sweats for two weeks. He also complained of breathlessness on exertion and had two episodes of blood in his sputum. The patient explained that the cough was continuous and was relieved after taking cough syrup. He also mentioned that the episodes of fever were initially intermittent and then daily for the last two weeks and were relieved after taking Paracetamol. The chest pain was localized to the middle of the chest and was aggravated on exertion. He was a businessman by profession with no history of smoking, alcoholism, or any other substance abuse. Also, there was no history of any contact of TB or COVID-19 in the family or close contacts. And there was no history of foreign travel in the recent past. But he had reported having traveled by a domestic airline about twenty days back. There was no history of weight loss or any other major illness in the past.
On examination his vitals were-pulse-108/minute, arterial BP-130/80 mm of Hg, respiratory rate of 30 breaths/minute, Sp02-899% on room air, temperature- 101-degree centigrade. His Sp02 fell by 70% on room air after waking. On auscultation, there was crepitation on the bilateral middle lobes of the lungs. Also, dyspnea on exertion was noted. The rest of the systemic examination was within normal limits.
Considering this as a probable case of TB with COVID-19 he was advised a chest radiograph with sputum microscopy (Ziehl Neelsen (ZN) staining for acid-fast bacilli), Cartridge-based nucleic acid amplification test (CBNAAT) of the sputum and other routine investigations. To check for the COVID-19 he was advised qualitative polymerase chain reaction (PCR) test from the oropharyngeal swab. The results were surprising with Mycobacterium tuberculosis detected on sputum fluorescent microscopy and were also confirmed by the CBNAAT. However, there was no resistance to Rifampicin. The results of the PCR were positive for RNA specific to SARS-CoV-2. Besides, the chest radiograph PA-view was suggestive of bilateral consolidations on the middle lobes of lungs with ill-defined borders. The other investigations revealed a low lymphocyte count (1x 10 9 /L) and increased levels of C-reactive protein (CRP) (57 mg/L), lactate dehydrogenase (LDH) (580 U/L), and erythrocyte sedimentation rate (ESR) (70 mm in the 1 st hour). Also, a sample for liquid culture (MGIT BACTEC) was sent to the Intermediate Reference Laboratory (IRL) which revealed the growth of Mycobacterium tuberculosis. Computed tomography was not performed as the diagnosis was established by other cheaper and faster methods and also the patient was unwilling for the same. All the other routine investigations were within normal limits.
He was referred to the nearest designated COVID-19 management center, where he was managed as per national guidelines. Besides, he was also started on an antitubercular treatment of four drugs as per the National Tuberculosis Elimination Program (NTEP) guidelines. He was advised follow-up post completion of his stay at the designated COVID-19 center, but he has not yet reported back for follow-up. Written informed consent was obtained from the patient for using clinical data and images for publication in this study.
",EN100606,"<|im_start|>user Extract the entities contained in the text. Extract only entities contained in the text.
Return the result in a json format: [{""entity"":""entity_name""}]. <<He was referred to the nearest designated COVID-19 management center, where he was managed as per national guidelines.>>> <|im_end|><|im_start|>assistant[{""entity"": ""referred""}, {""entity"": ""managed""}, {""entity"": ""He""}, {""entity"": ""he""}] <|im_end|>","<|im_start|>user Extract the entities contained in the text. Extract only entities contained in the text.
Return the result in a json format: [{""entity"":""entity_name""}]. <<<We present a case of a 32-year-old woman with a history of gradual enlargement of the anterior neck.>>> <|im_end|><|im_start|>assistant [{""entity"": ""present""}, {""entity"": ""history""}, {""entity"": ""enlargement""}] <|im_end|>
<|im_start|>user Extract the entities contained in the text. Extract only entities contained in the text.
Return the result in a json format: [{""entity"":""entity_name""}]. <<<Patient information: a 9-month-old boy presented to the emergency room with a 3-day history of refusal to bear weight on the right lower extremity and febrile peaks of up to 38.5°C for 24 hours.>>> <|im_end|><|im_start|>assistant [{""entity"": ""presented""}, {""entity"": ""refusal""}, {""entity"": ""bear""}, {""entity"": ""peaks""}] <|im_end|>
<|im_start|>user Extract the entities contained in the text. Extract only entities contained in the text.
Return the result in a json format: [{""entity"":""entity_name""}]. <<He was referred to the nearest designated COVID-19 management center, where he was managed as per national guidelines.>>> <|im_end|><|im_start|>assistant","[{""entity"": ""referred""}, {""entity"": ""managed""}, {""entity"": ""He""}, {""entity"": ""he""}] ","[{""entity"": ""referred""}, {""entity"": ""managed""}, {""entity"": ""guidelines""}, {""entity"": ""COVID-1"
"Besides, he was also started on an antitubercular treatment of four drugs as per the National Tuberculosis Elimination Program (NTEP) guidelines.","[{'id': '9830', 'offsets': array([21, 28]), 'role': '', 'semantic_type_id': '', 'text': 'started', 'type': 'EVENT'}
 {'id': '9845', 'offsets': array([50, 59]), 'role': '', 'semantic_type_id': '', 'text': 'treatment', 'type': 'EVENT'}
 {'id': '9860', 'offsets': array([107, 118]), 'role': '', 'semantic_type_id': '', 'text': 'Elimination', 'type': 'EVENT'}
 {'id': '10283', 'offsets': array([ 9, 11]), 'role': 'PATIENT', 'semantic_type_id': '', 'text': 'he', 'type': 'ACTOR'}]","A 43-year-old non-diabetic Indian male reported to our outpatient department with chief complaints of cough with expectoration, chest pain, reduced appetite, fever with chills, and night sweats for two weeks. He also complained of breathlessness on exertion and had two episodes of blood in his sputum. The patient explained that the cough was continuous and was relieved after taking cough syrup. He also mentioned that the episodes of fever were initially intermittent and then daily for the last two weeks and were relieved after taking Paracetamol. The chest pain was localized to the middle of the chest and was aggravated on exertion. He was a businessman by profession with no history of smoking, alcoholism, or any other substance abuse. Also, there was no history of any contact of TB or COVID-19 in the family or close contacts. And there was no history of foreign travel in the recent past. But he had reported having traveled by a domestic airline about twenty days back. There was no history of weight loss or any other major illness in the past.
On examination his vitals were-pulse-108/minute, arterial BP-130/80 mm of Hg, respiratory rate of 30 breaths/minute, Sp02-899% on room air, temperature- 101-degree centigrade. His Sp02 fell by 70% on room air after waking. On auscultation, there was crepitation on the bilateral middle lobes of the lungs. Also, dyspnea on exertion was noted. The rest of the systemic examination was within normal limits.
Considering this as a probable case of TB with COVID-19 he was advised a chest radiograph with sputum microscopy (Ziehl Neelsen (ZN) staining for acid-fast bacilli), Cartridge-based nucleic acid amplification test (CBNAAT) of the sputum and other routine investigations. To check for the COVID-19 he was advised qualitative polymerase chain reaction (PCR) test from the oropharyngeal swab. The results were surprising with Mycobacterium tuberculosis detected on sputum fluorescent microscopy and were also confirmed by the CBNAAT. However, there was no resistance to Rifampicin. The results of the PCR were positive for RNA specific to SARS-CoV-2. Besides, the chest radiograph PA-view was suggestive of bilateral consolidations on the middle lobes of lungs with ill-defined borders. The other investigations revealed a low lymphocyte count (1x 10 9 /L) and increased levels of C-reactive protein (CRP) (57 mg/L), lactate dehydrogenase (LDH) (580 U/L), and erythrocyte sedimentation rate (ESR) (70 mm in the 1 st hour). Also, a sample for liquid culture (MGIT BACTEC) was sent to the Intermediate Reference Laboratory (IRL) which revealed the growth of Mycobacterium tuberculosis. Computed tomography was not performed as the diagnosis was established by other cheaper and faster methods and also the patient was unwilling for the same. All the other routine investigations were within normal limits.
He was referred to the nearest designated COVID-19 management center, where he was managed as per national guidelines. Besides, he was also started on an antitubercular treatment of four drugs as per the National Tuberculosis Elimination Program (NTEP) guidelines. He was advised follow-up post completion of his stay at the designated COVID-19 center, but he has not yet reported back for follow-up. Written informed consent was obtained from the patient for using clinical data and images for publication in this study.
",EN100606,"<|im_start|>user Extract the entities contained in the text. Extract only entities contained in the text.
Return the result in a json format: [{""entity"":""entity_name""}]. <<Besides, he was also started on an antitubercular treatment of four drugs as per the National Tuberculosis Elimination Program (NTEP) guidelines.>>> <|im_end|><|im_start|>assistant[{""entity"": ""started""}, {""entity"": ""treatment""}, {""entity"": ""Elimination""}, {""entity"": ""he""}] <|im_end|>","<|im_start|>user Extract the entities contained in the text. Extract only entities contained in the text.
Return the result in a json format: [{""entity"":""entity_name""}]. <<<We present a case of a 32-year-old woman with a history of gradual enlargement of the anterior neck.>>> <|im_end|><|im_start|>assistant [{""entity"": ""present""}, {""entity"": ""history""}, {""entity"": ""enlargement""}] <|im_end|>
<|im_start|>user Extract the entities contained in the text. Extract only entities contained in the text.
Return the result in a json format: [{""entity"":""entity_name""}]. <<<Patient information: a 9-month-old boy presented to the emergency room with a 3-day history of refusal to bear weight on the right lower extremity and febrile peaks of up to 38.5°C for 24 hours.>>> <|im_end|><|im_start|>assistant [{""entity"": ""presented""}, {""entity"": ""refusal""}, {""entity"": ""bear""}, {""entity"": ""peaks""}] <|im_end|>
<|im_start|>user Extract the entities contained in the text. Extract only entities contained in the text.
Return the result in a json format: [{""entity"":""entity_name""}]. <<Besides, he was also started on an antitubercular treatment of four drugs as per the National Tuberculosis Elimination Program (NTEP) guidelines.>>> <|im_end|><|im_start|>assistant","[{""entity"": ""started""}, {""entity"": ""treatment""}, {""entity"": ""Elimination""}, {""entity"": ""he""}] ","[{""entity"": ""started""}, {""entity"": ""treatment""}, {""entity"": ""guidelines""}] <|im_end|><|im_end|><|im_end|><|im_end|><|im_end|>"
"He was advised follow-up post completion of his stay at the designated COVID-19 center, but he has not yet reported back for follow-up.","[{'id': '9875', 'offsets': array([ 7, 14]), 'role': '', 'semantic_type_id': '', 'text': 'advised', 'type': 'EVENT'}
 {'id': '9890', 'offsets': array([15, 24]), 'role': '', 'semantic_type_id': '', 'text': 'follow-up', 'type': 'EVENT'}
 {'id': '9905', 'offsets': array([30, 40]), 'role': '', 'semantic_type_id': '', 'text': 'completion', 'type': 'EVENT'}
 {'id': '9920', 'offsets': array([107, 115]), 'role': '', 'semantic_type_id': '', 'text': 'reported', 'type': 'EVENT'}
 {'id': '9935', 'offsets': array([125, 134]), 'role': '', 'semantic_type_id': '', 'text': 'follow-up', 'type': 'EVENT'}
 {'id': '10290', 'offsets': array([0, 2]), 'role': 'PATIENT', 'semantic_type_id': '', 'text': 'He', 'type': 'ACTOR'}
 {'id': '10297', 'offsets': array([92, 94]), 'role': 'PATIENT', 'semantic_type_id': '', 'text': 'he', 'type': 'ACTOR'}]","A 43-year-old non-diabetic Indian male reported to our outpatient department with chief complaints of cough with expectoration, chest pain, reduced appetite, fever with chills, and night sweats for two weeks. He also complained of breathlessness on exertion and had two episodes of blood in his sputum. The patient explained that the cough was continuous and was relieved after taking cough syrup. He also mentioned that the episodes of fever were initially intermittent and then daily for the last two weeks and were relieved after taking Paracetamol. The chest pain was localized to the middle of the chest and was aggravated on exertion. He was a businessman by profession with no history of smoking, alcoholism, or any other substance abuse. Also, there was no history of any contact of TB or COVID-19 in the family or close contacts. And there was no history of foreign travel in the recent past. But he had reported having traveled by a domestic airline about twenty days back. There was no history of weight loss or any other major illness in the past.
On examination his vitals were-pulse-108/minute, arterial BP-130/80 mm of Hg, respiratory rate of 30 breaths/minute, Sp02-899% on room air, temperature- 101-degree centigrade. His Sp02 fell by 70% on room air after waking. On auscultation, there was crepitation on the bilateral middle lobes of the lungs. Also, dyspnea on exertion was noted. The rest of the systemic examination was within normal limits.
Considering this as a probable case of TB with COVID-19 he was advised a chest radiograph with sputum microscopy (Ziehl Neelsen (ZN) staining for acid-fast bacilli), Cartridge-based nucleic acid amplification test (CBNAAT) of the sputum and other routine investigations. To check for the COVID-19 he was advised qualitative polymerase chain reaction (PCR) test from the oropharyngeal swab. The results were surprising with Mycobacterium tuberculosis detected on sputum fluorescent microscopy and were also confirmed by the CBNAAT. However, there was no resistance to Rifampicin. The results of the PCR were positive for RNA specific to SARS-CoV-2. Besides, the chest radiograph PA-view was suggestive of bilateral consolidations on the middle lobes of lungs with ill-defined borders. The other investigations revealed a low lymphocyte count (1x 10 9 /L) and increased levels of C-reactive protein (CRP) (57 mg/L), lactate dehydrogenase (LDH) (580 U/L), and erythrocyte sedimentation rate (ESR) (70 mm in the 1 st hour). Also, a sample for liquid culture (MGIT BACTEC) was sent to the Intermediate Reference Laboratory (IRL) which revealed the growth of Mycobacterium tuberculosis. Computed tomography was not performed as the diagnosis was established by other cheaper and faster methods and also the patient was unwilling for the same. All the other routine investigations were within normal limits.
He was referred to the nearest designated COVID-19 management center, where he was managed as per national guidelines. Besides, he was also started on an antitubercular treatment of four drugs as per the National Tuberculosis Elimination Program (NTEP) guidelines. He was advised follow-up post completion of his stay at the designated COVID-19 center, but he has not yet reported back for follow-up. Written informed consent was obtained from the patient for using clinical data and images for publication in this study.
",EN100606,"<|im_start|>user Extract the entities contained in the text. Extract only entities contained in the text.
Return the result in a json format: [{""entity"":""entity_name""}]. <<He was advised follow-up post completion of his stay at the designated COVID-19 center, but he has not yet reported back for follow-up.>>> <|im_end|><|im_start|>assistant[{""entity"": ""advised""}, {""entity"": ""follow-up""}, {""entity"": ""completion""}, {""entity"": ""reported""}, {""entity"": ""follow-up""}, {""entity"": ""He""}, {""entity"": ""he""}] <|im_end|>","<|im_start|>user Extract the entities contained in the text. Extract only entities contained in the text.
Return the result in a json format: [{""entity"":""entity_name""}]. <<<We present a case of a 32-year-old woman with a history of gradual enlargement of the anterior neck.>>> <|im_end|><|im_start|>assistant [{""entity"": ""present""}, {""entity"": ""history""}, {""entity"": ""enlargement""}] <|im_end|>
<|im_start|>user Extract the entities contained in the text. Extract only entities contained in the text.
Return the result in a json format: [{""entity"":""entity_name""}]. <<<Patient information: a 9-month-old boy presented to the emergency room with a 3-day history of refusal to bear weight on the right lower extremity and febrile peaks of up to 38.5°C for 24 hours.>>> <|im_end|><|im_start|>assistant [{""entity"": ""presented""}, {""entity"": ""refusal""}, {""entity"": ""bear""}, {""entity"": ""peaks""}] <|im_end|>
<|im_start|>user Extract the entities contained in the text. Extract only entities contained in the text.
Return the result in a json format: [{""entity"":""entity_name""}]. <<He was advised follow-up post completion of his stay at the designated COVID-19 center, but he has not yet reported back for follow-up.>>> <|im_end|><|im_start|>assistant","[{""entity"": ""advised""}, {""entity"": ""follow-up""}, {""entity"": ""completion""}, {""entity"": ""reported""}, {""entity"": ""follow-up""}, {""entity"": ""He""}, {""entity"": ""he""}] ","[{""entity"": ""advised""}, {""entity"": ""follow-up""}, {""entity"": ""reported""}, {""entity"": ""back""}, {"""
Written informed consent was obtained from the patient for using clinical data and images for publication in this study.,"[{'id': '9950', 'offsets': array([29, 37]), 'role': '', 'semantic_type_id': '', 'text': 'obtained', 'type': 'EVENT'}
 {'id': '9965', 'offsets': array([59, 64]), 'role': '', 'semantic_type_id': '', 'text': 'using', 'type': 'EVENT'}
 {'id': '9980', 'offsets': array([ 94, 105]), 'role': '', 'semantic_type_id': '', 'text': 'publication', 'type': 'EVENT'}
 {'id': '10304', 'offsets': array([43, 54]), 'role': 'PATIENT', 'semantic_type_id': '', 'text': 'the patient', 'type': 'ACTOR'}]","A 43-year-old non-diabetic Indian male reported to our outpatient department with chief complaints of cough with expectoration, chest pain, reduced appetite, fever with chills, and night sweats for two weeks. He also complained of breathlessness on exertion and had two episodes of blood in his sputum. The patient explained that the cough was continuous and was relieved after taking cough syrup. He also mentioned that the episodes of fever were initially intermittent and then daily for the last two weeks and were relieved after taking Paracetamol. The chest pain was localized to the middle of the chest and was aggravated on exertion. He was a businessman by profession with no history of smoking, alcoholism, or any other substance abuse. Also, there was no history of any contact of TB or COVID-19 in the family or close contacts. And there was no history of foreign travel in the recent past. But he had reported having traveled by a domestic airline about twenty days back. There was no history of weight loss or any other major illness in the past.
On examination his vitals were-pulse-108/minute, arterial BP-130/80 mm of Hg, respiratory rate of 30 breaths/minute, Sp02-899% on room air, temperature- 101-degree centigrade. His Sp02 fell by 70% on room air after waking. On auscultation, there was crepitation on the bilateral middle lobes of the lungs. Also, dyspnea on exertion was noted. The rest of the systemic examination was within normal limits.
Considering this as a probable case of TB with COVID-19 he was advised a chest radiograph with sputum microscopy (Ziehl Neelsen (ZN) staining for acid-fast bacilli), Cartridge-based nucleic acid amplification test (CBNAAT) of the sputum and other routine investigations. To check for the COVID-19 he was advised qualitative polymerase chain reaction (PCR) test from the oropharyngeal swab. The results were surprising with Mycobacterium tuberculosis detected on sputum fluorescent microscopy and were also confirmed by the CBNAAT. However, there was no resistance to Rifampicin. The results of the PCR were positive for RNA specific to SARS-CoV-2. Besides, the chest radiograph PA-view was suggestive of bilateral consolidations on the middle lobes of lungs with ill-defined borders. The other investigations revealed a low lymphocyte count (1x 10 9 /L) and increased levels of C-reactive protein (CRP) (57 mg/L), lactate dehydrogenase (LDH) (580 U/L), and erythrocyte sedimentation rate (ESR) (70 mm in the 1 st hour). Also, a sample for liquid culture (MGIT BACTEC) was sent to the Intermediate Reference Laboratory (IRL) which revealed the growth of Mycobacterium tuberculosis. Computed tomography was not performed as the diagnosis was established by other cheaper and faster methods and also the patient was unwilling for the same. All the other routine investigations were within normal limits.
He was referred to the nearest designated COVID-19 management center, where he was managed as per national guidelines. Besides, he was also started on an antitubercular treatment of four drugs as per the National Tuberculosis Elimination Program (NTEP) guidelines. He was advised follow-up post completion of his stay at the designated COVID-19 center, but he has not yet reported back for follow-up. Written informed consent was obtained from the patient for using clinical data and images for publication in this study.
",EN100606,"<|im_start|>user Extract the entities contained in the text. Extract only entities contained in the text.
Return the result in a json format: [{""entity"":""entity_name""}]. <<Written informed consent was obtained from the patient for using clinical data and images for publication in this study.>>> <|im_end|><|im_start|>assistant[{""entity"": ""obtained""}, {""entity"": ""using""}, {""entity"": ""publication""}, {""entity"": ""the patient""}] <|im_end|>","<|im_start|>user Extract the entities contained in the text. Extract only entities contained in the text.
Return the result in a json format: [{""entity"":""entity_name""}]. <<<We present a case of a 32-year-old woman with a history of gradual enlargement of the anterior neck.>>> <|im_end|><|im_start|>assistant [{""entity"": ""present""}, {""entity"": ""history""}, {""entity"": ""enlargement""}] <|im_end|>
<|im_start|>user Extract the entities contained in the text. Extract only entities contained in the text.
Return the result in a json format: [{""entity"":""entity_name""}]. <<<Patient information: a 9-month-old boy presented to the emergency room with a 3-day history of refusal to bear weight on the right lower extremity and febrile peaks of up to 38.5°C for 24 hours.>>> <|im_end|><|im_start|>assistant [{""entity"": ""presented""}, {""entity"": ""refusal""}, {""entity"": ""bear""}, {""entity"": ""peaks""}] <|im_end|>
<|im_start|>user Extract the entities contained in the text. Extract only entities contained in the text.
Return the result in a json format: [{""entity"":""entity_name""}]. <<Written informed consent was obtained from the patient for using clinical data and images for publication in this study.>>> <|im_end|><|im_start|>assistant","[{""entity"": ""obtained""}, {""entity"": ""using""}, {""entity"": ""publication""}, {""entity"": ""the patient""}] ","[{""entity"": ""obtained""}, {""entity"": ""consent""}, {""entity"": ""study""}, {""entity"": ""the patient"
We report a case of a male near-term neonate with gestational age of 35 weeks.,"[{'id': '7802', 'offsets': array([3, 9]), 'role': '', 'semantic_type_id': '', 'text': 'report', 'type': 'EVENT'}
 {'id': '9378', 'offsets': array([0, 2]), 'role': 'H-PROFESSIONAL', 'semantic_type_id': '', 'text': 'We', 'type': 'ACTOR'}
 {'id': '9385', 'offsets': array([20, 77]), 'role': 'PATIENT', 'semantic_type_id': '', 'text': 'a male near-term neonate with gestational age of 35 weeks', 'type': 'ACTOR'}]","We report a case of a male near-term neonate with gestational age of 35 weeks. He was the third born child to a 27-year-old mother with no significant past history. He was derived from a third degree consanguineous marriage. He was born by means of normal vaginal delivery with a normal extra-uterine adaptation. Meconium-stained amniotic fluid was noted. His birth weight was 3030g (75 th Percentile). The baby had normal physical examination at birth aside transitory respiratory distress. He had been hospitalized for four days in a private clinic, for the suspicion of materno-foetal infection, where he had antibiotics for 48 hours. He had developed no symptoms during his hospitalization. The output's weight was 2400g which signify the loss of 630g.
Back home, he received exclusive maternal breastfeeding. On his fifth day of life, he presented multiple yellowish-watery stools (ab 12 times) and refuse feeding with apyrexia context. He had clinical signs of severe dehydration without fever or vomiting. He lost 930g relative to the birth's weight. The abdomen appeared neither tender nor distended, and the rest of his physical examination was normal. The laboratory findings revealed hypernatremia of 152mEq/L, hyperkalemia of 7,8mEq/L and severe metabolic acidosis: blood PH: 7,1, HCO3:4mEq/L. The osmotic gap was 45. There was no leukocytosis, and the serum level of C-reactive protein was normal. The infant was treated with intravenous fluids and electrolytes as well as antibiotics after obtaining blood and stool cultures, assuming an infectious etiology. After 26 hours of rehydration therapy, the dehydration resolved, however, a functional acute renal failure complicated by acidosis and hyperkalemia appeared. The chest radiograph showed ""bat wings"" pattern and the cardiothoracic index was 0, 45. The renal ultrasound showed discretely hyperechoic kidneys cortex and the absence of renal malformations.
On the 11 th day of life, he was transferred to the pediatric intensive care unit. He needed mechanical ventilation for three days and exclusive parenteral feeding by central catheter. The evolution was burdened by cholestasis due to the prolonged parenteral feeding and nosocomial infection by staphylococcus epidermidis. Since his admission, he had developed a slimy diarrhea with 3 to 4 stools per day. He presented a profuse diarrhea during each attempt to introduce enteral feeding by hydrolyzed milk formula. He was discharged after 32 days with output's weight 3250g.
The oesophago-gastro-duodenoscopy and duodenal biopsy showed partial villous atrophy associated to the brush border abnormalities. The periodic acid Schiff (PAS) stain revealed abnormalities in the brush border characterized by loss of the linear part of enterocytes with the presence of intra-cytoplasmic PAS + band in the apical pole of enterocytes uneven thickness and sometimes with double contours pattern. In the submucosa, there were numerous Brunner glands. We find the existence of numerous hemorrhagic suffusions. The CD10 immunostain was positive. Thus, a diagnosis hypothesis of MVID was raised. The electron microscopic examination confirmed the diagnosis.
Mutation analysis of peripheral blood samples of the neonate revealed a mutation at the homozygous status of MYO5B gene.
The baby died, after 97 days of life, of septic shock and multiple organ failure.
",EN100376,"<|im_start|>user Extract the entities contained in the text. Extract only entities contained in the text.
Return the result in a json format: [{""entity"":""entity_name""}]. <<We report a case of a male near-term neonate with gestational age of 35 weeks.>>> <|im_end|><|im_start|>assistant[{""entity"": ""report""}, {""entity"": ""We""}, {""entity"": ""a male near-term neonate with gestational age of 35 weeks""}] <|im_end|>","<|im_start|>user Extract the entities contained in the text. Extract only entities contained in the text.
Return the result in a json format: [{""entity"":""entity_name""}]. <<<We present a case of a 32-year-old woman with a history of gradual enlargement of the anterior neck.>>> <|im_end|><|im_start|>assistant [{""entity"": ""present""}, {""entity"": ""history""}, {""entity"": ""enlargement""}] <|im_end|>
<|im_start|>user Extract the entities contained in the text. Extract only entities contained in the text.
Return the result in a json format: [{""entity"":""entity_name""}]. <<<Patient information: a 9-month-old boy presented to the emergency room with a 3-day history of refusal to bear weight on the right lower extremity and febrile peaks of up to 38.5°C for 24 hours.>>> <|im_end|><|im_start|>assistant [{""entity"": ""presented""}, {""entity"": ""refusal""}, {""entity"": ""bear""}, {""entity"": ""peaks""}] <|im_end|>
<|im_start|>user Extract the entities contained in the text. Extract only entities contained in the text.
Return the result in a json format: [{""entity"":""entity_name""}]. <<We report a case of a male near-term neonate with gestational age of 35 weeks.>>> <|im_end|><|im_start|>assistant","[{""entity"": ""report""}, {""entity"": ""We""}, {""entity"": ""a male near-term neonate with gestational age of 35 weeks""}] ","[{""entity"": ""report""}, {""entity"": ""neonate""}, {""entity"": ""age""}, {""entity"": ""gestational age"
He was the third born child to a 27-year-old mother with no significant past history.,"[{'id': '7817', 'offsets': array([22, 27]), 'role': '', 'semantic_type_id': '', 'text': 'child', 'type': 'EVENT'}
 {'id': '7832', 'offsets': array([77, 84]), 'role': '', 'semantic_type_id': '', 'text': 'history', 'type': 'EVENT'}
 {'id': '9392', 'offsets': array([0, 2]), 'role': 'PATIENT', 'semantic_type_id': '', 'text': 'He', 'type': 'ACTOR'}
 {'id': '9399', 'offsets': array([31, 51]), 'role': 'OTHER', 'semantic_type_id': '', 'text': 'a 27-year-old mother', 'type': 'ACTOR'}]","We report a case of a male near-term neonate with gestational age of 35 weeks. He was the third born child to a 27-year-old mother with no significant past history. He was derived from a third degree consanguineous marriage. He was born by means of normal vaginal delivery with a normal extra-uterine adaptation. Meconium-stained amniotic fluid was noted. His birth weight was 3030g (75 th Percentile). The baby had normal physical examination at birth aside transitory respiratory distress. He had been hospitalized for four days in a private clinic, for the suspicion of materno-foetal infection, where he had antibiotics for 48 hours. He had developed no symptoms during his hospitalization. The output's weight was 2400g which signify the loss of 630g.
Back home, he received exclusive maternal breastfeeding. On his fifth day of life, he presented multiple yellowish-watery stools (ab 12 times) and refuse feeding with apyrexia context. He had clinical signs of severe dehydration without fever or vomiting. He lost 930g relative to the birth's weight. The abdomen appeared neither tender nor distended, and the rest of his physical examination was normal. The laboratory findings revealed hypernatremia of 152mEq/L, hyperkalemia of 7,8mEq/L and severe metabolic acidosis: blood PH: 7,1, HCO3:4mEq/L. The osmotic gap was 45. There was no leukocytosis, and the serum level of C-reactive protein was normal. The infant was treated with intravenous fluids and electrolytes as well as antibiotics after obtaining blood and stool cultures, assuming an infectious etiology. After 26 hours of rehydration therapy, the dehydration resolved, however, a functional acute renal failure complicated by acidosis and hyperkalemia appeared. The chest radiograph showed ""bat wings"" pattern and the cardiothoracic index was 0, 45. The renal ultrasound showed discretely hyperechoic kidneys cortex and the absence of renal malformations.
On the 11 th day of life, he was transferred to the pediatric intensive care unit. He needed mechanical ventilation for three days and exclusive parenteral feeding by central catheter. The evolution was burdened by cholestasis due to the prolonged parenteral feeding and nosocomial infection by staphylococcus epidermidis. Since his admission, he had developed a slimy diarrhea with 3 to 4 stools per day. He presented a profuse diarrhea during each attempt to introduce enteral feeding by hydrolyzed milk formula. He was discharged after 32 days with output's weight 3250g.
The oesophago-gastro-duodenoscopy and duodenal biopsy showed partial villous atrophy associated to the brush border abnormalities. The periodic acid Schiff (PAS) stain revealed abnormalities in the brush border characterized by loss of the linear part of enterocytes with the presence of intra-cytoplasmic PAS + band in the apical pole of enterocytes uneven thickness and sometimes with double contours pattern. In the submucosa, there were numerous Brunner glands. We find the existence of numerous hemorrhagic suffusions. The CD10 immunostain was positive. Thus, a diagnosis hypothesis of MVID was raised. The electron microscopic examination confirmed the diagnosis.
Mutation analysis of peripheral blood samples of the neonate revealed a mutation at the homozygous status of MYO5B gene.
The baby died, after 97 days of life, of septic shock and multiple organ failure.
",EN100376,"<|im_start|>user Extract the entities contained in the text. Extract only entities contained in the text.
Return the result in a json format: [{""entity"":""entity_name""}]. <<He was the third born child to a 27-year-old mother with no significant past history.>>> <|im_end|><|im_start|>assistant[{""entity"": ""child""}, {""entity"": ""history""}, {""entity"": ""He""}, {""entity"": ""a 27-year-old mother""}] <|im_end|>","<|im_start|>user Extract the entities contained in the text. Extract only entities contained in the text.
Return the result in a json format: [{""entity"":""entity_name""}]. <<<We present a case of a 32-year-old woman with a history of gradual enlargement of the anterior neck.>>> <|im_end|><|im_start|>assistant [{""entity"": ""present""}, {""entity"": ""history""}, {""entity"": ""enlargement""}] <|im_end|>
<|im_start|>user Extract the entities contained in the text. Extract only entities contained in the text.
Return the result in a json format: [{""entity"":""entity_name""}]. <<<Patient information: a 9-month-old boy presented to the emergency room with a 3-day history of refusal to bear weight on the right lower extremity and febrile peaks of up to 38.5°C for 24 hours.>>> <|im_end|><|im_start|>assistant [{""entity"": ""presented""}, {""entity"": ""refusal""}, {""entity"": ""bear""}, {""entity"": ""peaks""}] <|im_end|>
<|im_start|>user Extract the entities contained in the text. Extract only entities contained in the text.
Return the result in a json format: [{""entity"":""entity_name""}]. <<He was the third born child to a 27-year-old mother with no significant past history.>>> <|im_end|><|im_start|>assistant","[{""entity"": ""child""}, {""entity"": ""history""}, {""entity"": ""He""}, {""entity"": ""a 27-year-old mother""}] ","[{""entity"": ""born""}, {""entity"": ""history""}, {""entity"": ""mother""}, {""entity"": ""He""}, {""entity"":"
He was born by means of normal vaginal delivery with a normal extra-uterine adaptation.,"[{'id': '7879', 'offsets': array([ 7, 11]), 'role': '', 'semantic_type_id': '', 'text': 'born', 'type': 'EVENT'}
 {'id': '7894', 'offsets': array([39, 47]), 'role': '', 'semantic_type_id': '', 'text': 'delivery', 'type': 'EVENT'}
 {'id': '7909', 'offsets': array([76, 86]), 'role': '', 'semantic_type_id': '', 'text': 'adaptation', 'type': 'EVENT'}
 {'id': '9413', 'offsets': array([0, 2]), 'role': 'PATIENT', 'semantic_type_id': '', 'text': 'He', 'type': 'ACTOR'}]","We report a case of a male near-term neonate with gestational age of 35 weeks. He was the third born child to a 27-year-old mother with no significant past history. He was derived from a third degree consanguineous marriage. He was born by means of normal vaginal delivery with a normal extra-uterine adaptation. Meconium-stained amniotic fluid was noted. His birth weight was 3030g (75 th Percentile). The baby had normal physical examination at birth aside transitory respiratory distress. He had been hospitalized for four days in a private clinic, for the suspicion of materno-foetal infection, where he had antibiotics for 48 hours. He had developed no symptoms during his hospitalization. The output's weight was 2400g which signify the loss of 630g.
Back home, he received exclusive maternal breastfeeding. On his fifth day of life, he presented multiple yellowish-watery stools (ab 12 times) and refuse feeding with apyrexia context. He had clinical signs of severe dehydration without fever or vomiting. He lost 930g relative to the birth's weight. The abdomen appeared neither tender nor distended, and the rest of his physical examination was normal. The laboratory findings revealed hypernatremia of 152mEq/L, hyperkalemia of 7,8mEq/L and severe metabolic acidosis: blood PH: 7,1, HCO3:4mEq/L. The osmotic gap was 45. There was no leukocytosis, and the serum level of C-reactive protein was normal. The infant was treated with intravenous fluids and electrolytes as well as antibiotics after obtaining blood and stool cultures, assuming an infectious etiology. After 26 hours of rehydration therapy, the dehydration resolved, however, a functional acute renal failure complicated by acidosis and hyperkalemia appeared. The chest radiograph showed ""bat wings"" pattern and the cardiothoracic index was 0, 45. The renal ultrasound showed discretely hyperechoic kidneys cortex and the absence of renal malformations.
On the 11 th day of life, he was transferred to the pediatric intensive care unit. He needed mechanical ventilation for three days and exclusive parenteral feeding by central catheter. The evolution was burdened by cholestasis due to the prolonged parenteral feeding and nosocomial infection by staphylococcus epidermidis. Since his admission, he had developed a slimy diarrhea with 3 to 4 stools per day. He presented a profuse diarrhea during each attempt to introduce enteral feeding by hydrolyzed milk formula. He was discharged after 32 days with output's weight 3250g.
The oesophago-gastro-duodenoscopy and duodenal biopsy showed partial villous atrophy associated to the brush border abnormalities. The periodic acid Schiff (PAS) stain revealed abnormalities in the brush border characterized by loss of the linear part of enterocytes with the presence of intra-cytoplasmic PAS + band in the apical pole of enterocytes uneven thickness and sometimes with double contours pattern. In the submucosa, there were numerous Brunner glands. We find the existence of numerous hemorrhagic suffusions. The CD10 immunostain was positive. Thus, a diagnosis hypothesis of MVID was raised. The electron microscopic examination confirmed the diagnosis.
Mutation analysis of peripheral blood samples of the neonate revealed a mutation at the homozygous status of MYO5B gene.
The baby died, after 97 days of life, of septic shock and multiple organ failure.
",EN100376,"<|im_start|>user Extract the entities contained in the text. Extract only entities contained in the text.
Return the result in a json format: [{""entity"":""entity_name""}]. <<He was born by means of normal vaginal delivery with a normal extra-uterine adaptation.>>> <|im_end|><|im_start|>assistant[{""entity"": ""born""}, {""entity"": ""delivery""}, {""entity"": ""adaptation""}, {""entity"": ""He""}] <|im_end|>","<|im_start|>user Extract the entities contained in the text. Extract only entities contained in the text.
Return the result in a json format: [{""entity"":""entity_name""}]. <<<We present a case of a 32-year-old woman with a history of gradual enlargement of the anterior neck.>>> <|im_end|><|im_start|>assistant [{""entity"": ""present""}, {""entity"": ""history""}, {""entity"": ""enlargement""}] <|im_end|>
<|im_start|>user Extract the entities contained in the text. Extract only entities contained in the text.
Return the result in a json format: [{""entity"":""entity_name""}]. <<<Patient information: a 9-month-old boy presented to the emergency room with a 3-day history of refusal to bear weight on the right lower extremity and febrile peaks of up to 38.5°C for 24 hours.>>> <|im_end|><|im_start|>assistant [{""entity"": ""presented""}, {""entity"": ""refusal""}, {""entity"": ""bear""}, {""entity"": ""peaks""}] <|im_end|>
<|im_start|>user Extract the entities contained in the text. Extract only entities contained in the text.
Return the result in a json format: [{""entity"":""entity_name""}]. <<He was born by means of normal vaginal delivery with a normal extra-uterine adaptation.>>> <|im_end|><|im_start|>assistant","[{""entity"": ""born""}, {""entity"": ""delivery""}, {""entity"": ""adaptation""}, {""entity"": ""He""}] ","[{""entity"": ""born""}, {""entity"": ""delivery""}, {""entity"": ""adaptation""}, {""entity"": ""He""}, {""entity"
Meconium-stained amniotic fluid was noted.,"[{'id': '7924', 'offsets': array([36, 41]), 'role': '', 'semantic_type_id': '', 'text': 'noted', 'type': 'EVENT'}
 {'id': '9689', 'offsets': array([ 0, 31]), 'role': '', 'semantic_type_id': '', 'text': 'Meconium-stained amniotic fluid', 'type': 'BODYPART'}]","We report a case of a male near-term neonate with gestational age of 35 weeks. He was the third born child to a 27-year-old mother with no significant past history. He was derived from a third degree consanguineous marriage. He was born by means of normal vaginal delivery with a normal extra-uterine adaptation. Meconium-stained amniotic fluid was noted. His birth weight was 3030g (75 th Percentile). The baby had normal physical examination at birth aside transitory respiratory distress. He had been hospitalized for four days in a private clinic, for the suspicion of materno-foetal infection, where he had antibiotics for 48 hours. He had developed no symptoms during his hospitalization. The output's weight was 2400g which signify the loss of 630g.
Back home, he received exclusive maternal breastfeeding. On his fifth day of life, he presented multiple yellowish-watery stools (ab 12 times) and refuse feeding with apyrexia context. He had clinical signs of severe dehydration without fever or vomiting. He lost 930g relative to the birth's weight. The abdomen appeared neither tender nor distended, and the rest of his physical examination was normal. The laboratory findings revealed hypernatremia of 152mEq/L, hyperkalemia of 7,8mEq/L and severe metabolic acidosis: blood PH: 7,1, HCO3:4mEq/L. The osmotic gap was 45. There was no leukocytosis, and the serum level of C-reactive protein was normal. The infant was treated with intravenous fluids and electrolytes as well as antibiotics after obtaining blood and stool cultures, assuming an infectious etiology. After 26 hours of rehydration therapy, the dehydration resolved, however, a functional acute renal failure complicated by acidosis and hyperkalemia appeared. The chest radiograph showed ""bat wings"" pattern and the cardiothoracic index was 0, 45. The renal ultrasound showed discretely hyperechoic kidneys cortex and the absence of renal malformations.
On the 11 th day of life, he was transferred to the pediatric intensive care unit. He needed mechanical ventilation for three days and exclusive parenteral feeding by central catheter. The evolution was burdened by cholestasis due to the prolonged parenteral feeding and nosocomial infection by staphylococcus epidermidis. Since his admission, he had developed a slimy diarrhea with 3 to 4 stools per day. He presented a profuse diarrhea during each attempt to introduce enteral feeding by hydrolyzed milk formula. He was discharged after 32 days with output's weight 3250g.
The oesophago-gastro-duodenoscopy and duodenal biopsy showed partial villous atrophy associated to the brush border abnormalities. The periodic acid Schiff (PAS) stain revealed abnormalities in the brush border characterized by loss of the linear part of enterocytes with the presence of intra-cytoplasmic PAS + band in the apical pole of enterocytes uneven thickness and sometimes with double contours pattern. In the submucosa, there were numerous Brunner glands. We find the existence of numerous hemorrhagic suffusions. The CD10 immunostain was positive. Thus, a diagnosis hypothesis of MVID was raised. The electron microscopic examination confirmed the diagnosis.
Mutation analysis of peripheral blood samples of the neonate revealed a mutation at the homozygous status of MYO5B gene.
The baby died, after 97 days of life, of septic shock and multiple organ failure.
",EN100376,"<|im_start|>user Extract the entities contained in the text. Extract only entities contained in the text.
Return the result in a json format: [{""entity"":""entity_name""}]. <<Meconium-stained amniotic fluid was noted.>>> <|im_end|><|im_start|>assistant[{""entity"": ""noted""}, {""entity"": ""Meconium-stained amniotic fluid""}] <|im_end|>","<|im_start|>user Extract the entities contained in the text. Extract only entities contained in the text.
Return the result in a json format: [{""entity"":""entity_name""}]. <<<We present a case of a 32-year-old woman with a history of gradual enlargement of the anterior neck.>>> <|im_end|><|im_start|>assistant [{""entity"": ""present""}, {""entity"": ""history""}, {""entity"": ""enlargement""}] <|im_end|>
<|im_start|>user Extract the entities contained in the text. Extract only entities contained in the text.
Return the result in a json format: [{""entity"":""entity_name""}]. <<<Patient information: a 9-month-old boy presented to the emergency room with a 3-day history of refusal to bear weight on the right lower extremity and febrile peaks of up to 38.5°C for 24 hours.>>> <|im_end|><|im_start|>assistant [{""entity"": ""presented""}, {""entity"": ""refusal""}, {""entity"": ""bear""}, {""entity"": ""peaks""}] <|im_end|>
<|im_start|>user Extract the entities contained in the text. Extract only entities contained in the text.
Return the result in a json format: [{""entity"":""entity_name""}]. <<Meconium-stained amniotic fluid was noted.>>> <|im_end|><|im_start|>assistant","[{""entity"": ""noted""}, {""entity"": ""Meconium-stained amniotic fluid""}] ","[{""entity"": ""noted""}] <|im_end|><|im_end|><|im_end|><|im_end|><|im_end|><|im_end|><|im_end|><|im_end|><|im_end|><|im_end|><|im_end|><|im_end|><|im_end|><|im_end|><|im_end|><|im_end|><|im_end|><|im_end|>"
His birth weight was 3030g (75 th Percentile).,"[{'id': '7939', 'offsets': array([10, 16]), 'role': '', 'semantic_type_id': '', 'text': 'weight', 'type': 'EVENT'}
 {'id': '9525', 'offsets': array([21, 26]), 'role': '', 'semantic_type_id': '', 'text': '3030g', 'type': 'RML'}]","We report a case of a male near-term neonate with gestational age of 35 weeks. He was the third born child to a 27-year-old mother with no significant past history. He was derived from a third degree consanguineous marriage. He was born by means of normal vaginal delivery with a normal extra-uterine adaptation. Meconium-stained amniotic fluid was noted. His birth weight was 3030g (75 th Percentile). The baby had normal physical examination at birth aside transitory respiratory distress. He had been hospitalized for four days in a private clinic, for the suspicion of materno-foetal infection, where he had antibiotics for 48 hours. He had developed no symptoms during his hospitalization. The output's weight was 2400g which signify the loss of 630g.
Back home, he received exclusive maternal breastfeeding. On his fifth day of life, he presented multiple yellowish-watery stools (ab 12 times) and refuse feeding with apyrexia context. He had clinical signs of severe dehydration without fever or vomiting. He lost 930g relative to the birth's weight. The abdomen appeared neither tender nor distended, and the rest of his physical examination was normal. The laboratory findings revealed hypernatremia of 152mEq/L, hyperkalemia of 7,8mEq/L and severe metabolic acidosis: blood PH: 7,1, HCO3:4mEq/L. The osmotic gap was 45. There was no leukocytosis, and the serum level of C-reactive protein was normal. The infant was treated with intravenous fluids and electrolytes as well as antibiotics after obtaining blood and stool cultures, assuming an infectious etiology. After 26 hours of rehydration therapy, the dehydration resolved, however, a functional acute renal failure complicated by acidosis and hyperkalemia appeared. The chest radiograph showed ""bat wings"" pattern and the cardiothoracic index was 0, 45. The renal ultrasound showed discretely hyperechoic kidneys cortex and the absence of renal malformations.
On the 11 th day of life, he was transferred to the pediatric intensive care unit. He needed mechanical ventilation for three days and exclusive parenteral feeding by central catheter. The evolution was burdened by cholestasis due to the prolonged parenteral feeding and nosocomial infection by staphylococcus epidermidis. Since his admission, he had developed a slimy diarrhea with 3 to 4 stools per day. He presented a profuse diarrhea during each attempt to introduce enteral feeding by hydrolyzed milk formula. He was discharged after 32 days with output's weight 3250g.
The oesophago-gastro-duodenoscopy and duodenal biopsy showed partial villous atrophy associated to the brush border abnormalities. The periodic acid Schiff (PAS) stain revealed abnormalities in the brush border characterized by loss of the linear part of enterocytes with the presence of intra-cytoplasmic PAS + band in the apical pole of enterocytes uneven thickness and sometimes with double contours pattern. In the submucosa, there were numerous Brunner glands. We find the existence of numerous hemorrhagic suffusions. The CD10 immunostain was positive. Thus, a diagnosis hypothesis of MVID was raised. The electron microscopic examination confirmed the diagnosis.
Mutation analysis of peripheral blood samples of the neonate revealed a mutation at the homozygous status of MYO5B gene.
The baby died, after 97 days of life, of septic shock and multiple organ failure.
",EN100376,"<|im_start|>user Extract the entities contained in the text. Extract only entities contained in the text.
Return the result in a json format: [{""entity"":""entity_name""}]. <<His birth weight was 3030g (75 th Percentile).>>> <|im_end|><|im_start|>assistant[{""entity"": ""weight""}, {""entity"": ""3030g""}] <|im_end|>","<|im_start|>user Extract the entities contained in the text. Extract only entities contained in the text.
Return the result in a json format: [{""entity"":""entity_name""}]. <<<We present a case of a 32-year-old woman with a history of gradual enlargement of the anterior neck.>>> <|im_end|><|im_start|>assistant [{""entity"": ""present""}, {""entity"": ""history""}, {""entity"": ""enlargement""}] <|im_end|>
<|im_start|>user Extract the entities contained in the text. Extract only entities contained in the text.
Return the result in a json format: [{""entity"":""entity_name""}]. <<<Patient information: a 9-month-old boy presented to the emergency room with a 3-day history of refusal to bear weight on the right lower extremity and febrile peaks of up to 38.5°C for 24 hours.>>> <|im_end|><|im_start|>assistant [{""entity"": ""presented""}, {""entity"": ""refusal""}, {""entity"": ""bear""}, {""entity"": ""peaks""}] <|im_end|>
<|im_start|>user Extract the entities contained in the text. Extract only entities contained in the text.
Return the result in a json format: [{""entity"":""entity_name""}]. <<His birth weight was 3030g (75 th Percentile).>>> <|im_end|><|im_start|>assistant","[{""entity"": ""weight""}, {""entity"": ""3030g""}] ","[{""entity"": ""weight""}, {""entity"": ""born""}, {""entity"": ""3030g""}, {""entity"": ""7"
"He had been hospitalized for four days in a private clinic, for the suspicion of materno-foetal infection, where he had antibiotics for 48 hours.","[{'id': '7999', 'offsets': array([12, 24]), 'role': '', 'semantic_type_id': '', 'text': 'hospitalized', 'type': 'EVENT'}
 {'id': '8014', 'offsets': array([ 96, 105]), 'role': '', 'semantic_type_id': '', 'text': 'infection', 'type': 'EVENT'}
 {'id': '8029', 'offsets': array([120, 131]), 'role': '', 'semantic_type_id': '', 'text': 'antibiotics', 'type': 'EVENT'}
 {'id': '9427', 'offsets': array([0, 2]), 'role': 'PATIENT', 'semantic_type_id': '', 'text': 'He', 'type': 'ACTOR'}
 {'id': '9434', 'offsets': array([113, 115]), 'role': 'PATIENT', 'semantic_type_id': '', 'text': 'he', 'type': 'ACTOR'}
 {'id': '9597', 'offsets': array([29, 38]), 'role': '', 'semantic_type_id': '', 'text': 'four days', 'type': 'TIMEX3'}
 {'id': '9606', 'offsets': array([136, 144]), 'role': '', 'semantic_type_id': '', 'text': '48 hours', 'type': 'TIMEX3'}]","We report a case of a male near-term neonate with gestational age of 35 weeks. He was the third born child to a 27-year-old mother with no significant past history. He was derived from a third degree consanguineous marriage. He was born by means of normal vaginal delivery with a normal extra-uterine adaptation. Meconium-stained amniotic fluid was noted. His birth weight was 3030g (75 th Percentile). The baby had normal physical examination at birth aside transitory respiratory distress. He had been hospitalized for four days in a private clinic, for the suspicion of materno-foetal infection, where he had antibiotics for 48 hours. He had developed no symptoms during his hospitalization. The output's weight was 2400g which signify the loss of 630g.
Back home, he received exclusive maternal breastfeeding. On his fifth day of life, he presented multiple yellowish-watery stools (ab 12 times) and refuse feeding with apyrexia context. He had clinical signs of severe dehydration without fever or vomiting. He lost 930g relative to the birth's weight. The abdomen appeared neither tender nor distended, and the rest of his physical examination was normal. The laboratory findings revealed hypernatremia of 152mEq/L, hyperkalemia of 7,8mEq/L and severe metabolic acidosis: blood PH: 7,1, HCO3:4mEq/L. The osmotic gap was 45. There was no leukocytosis, and the serum level of C-reactive protein was normal. The infant was treated with intravenous fluids and electrolytes as well as antibiotics after obtaining blood and stool cultures, assuming an infectious etiology. After 26 hours of rehydration therapy, the dehydration resolved, however, a functional acute renal failure complicated by acidosis and hyperkalemia appeared. The chest radiograph showed ""bat wings"" pattern and the cardiothoracic index was 0, 45. The renal ultrasound showed discretely hyperechoic kidneys cortex and the absence of renal malformations.
On the 11 th day of life, he was transferred to the pediatric intensive care unit. He needed mechanical ventilation for three days and exclusive parenteral feeding by central catheter. The evolution was burdened by cholestasis due to the prolonged parenteral feeding and nosocomial infection by staphylococcus epidermidis. Since his admission, he had developed a slimy diarrhea with 3 to 4 stools per day. He presented a profuse diarrhea during each attempt to introduce enteral feeding by hydrolyzed milk formula. He was discharged after 32 days with output's weight 3250g.
The oesophago-gastro-duodenoscopy and duodenal biopsy showed partial villous atrophy associated to the brush border abnormalities. The periodic acid Schiff (PAS) stain revealed abnormalities in the brush border characterized by loss of the linear part of enterocytes with the presence of intra-cytoplasmic PAS + band in the apical pole of enterocytes uneven thickness and sometimes with double contours pattern. In the submucosa, there were numerous Brunner glands. We find the existence of numerous hemorrhagic suffusions. The CD10 immunostain was positive. Thus, a diagnosis hypothesis of MVID was raised. The electron microscopic examination confirmed the diagnosis.
Mutation analysis of peripheral blood samples of the neonate revealed a mutation at the homozygous status of MYO5B gene.
The baby died, after 97 days of life, of septic shock and multiple organ failure.
",EN100376,"<|im_start|>user Extract the entities contained in the text. Extract only entities contained in the text.
Return the result in a json format: [{""entity"":""entity_name""}]. <<He had been hospitalized for four days in a private clinic, for the suspicion of materno-foetal infection, where he had antibiotics for 48 hours.>>> <|im_end|><|im_start|>assistant[{""entity"": ""hospitalized""}, {""entity"": ""infection""}, {""entity"": ""antibiotics""}, {""entity"": ""He""}, {""entity"": ""he""}, {""entity"": ""four days""}, {""entity"": ""48 hours""}] <|im_end|>","<|im_start|>user Extract the entities contained in the text. Extract only entities contained in the text.
Return the result in a json format: [{""entity"":""entity_name""}]. <<<We present a case of a 32-year-old woman with a history of gradual enlargement of the anterior neck.>>> <|im_end|><|im_start|>assistant [{""entity"": ""present""}, {""entity"": ""history""}, {""entity"": ""enlargement""}] <|im_end|>
<|im_start|>user Extract the entities contained in the text. Extract only entities contained in the text.
Return the result in a json format: [{""entity"":""entity_name""}]. <<<Patient information: a 9-month-old boy presented to the emergency room with a 3-day history of refusal to bear weight on the right lower extremity and febrile peaks of up to 38.5°C for 24 hours.>>> <|im_end|><|im_start|>assistant [{""entity"": ""presented""}, {""entity"": ""refusal""}, {""entity"": ""bear""}, {""entity"": ""peaks""}] <|im_end|>
<|im_start|>user Extract the entities contained in the text. Extract only entities contained in the text.
Return the result in a json format: [{""entity"":""entity_name""}]. <<He had been hospitalized for four days in a private clinic, for the suspicion of materno-foetal infection, where he had antibiotics for 48 hours.>>> <|im_end|><|im_start|>assistant","[{""entity"": ""hospitalized""}, {""entity"": ""infection""}, {""entity"": ""antibiotics""}, {""entity"": ""He""}, {""entity"": ""he""}, {""entity"": ""four days""}, {""entity"": ""48 hours""}] ","[{""entity"": ""hospitalized""}, {""entity"": ""suspected""}, {""entity"": ""infection""}, {""entity"": ""antib"
He had developed no symptoms during his hospitalization.,"[{'id': '8044', 'offsets': array([20, 28]), 'role': '', 'semantic_type_id': '', 'text': 'symptoms', 'type': 'EVENT'}
 {'id': '8059', 'offsets': array([40, 55]), 'role': '', 'semantic_type_id': '', 'text': 'hospitalization', 'type': 'EVENT'}
 {'id': '9441', 'offsets': array([0, 2]), 'role': 'PATIENT', 'semantic_type_id': '', 'text': 'He', 'type': 'ACTOR'}]","We report a case of a male near-term neonate with gestational age of 35 weeks. He was the third born child to a 27-year-old mother with no significant past history. He was derived from a third degree consanguineous marriage. He was born by means of normal vaginal delivery with a normal extra-uterine adaptation. Meconium-stained amniotic fluid was noted. His birth weight was 3030g (75 th Percentile). The baby had normal physical examination at birth aside transitory respiratory distress. He had been hospitalized for four days in a private clinic, for the suspicion of materno-foetal infection, where he had antibiotics for 48 hours. He had developed no symptoms during his hospitalization. The output's weight was 2400g which signify the loss of 630g.
Back home, he received exclusive maternal breastfeeding. On his fifth day of life, he presented multiple yellowish-watery stools (ab 12 times) and refuse feeding with apyrexia context. He had clinical signs of severe dehydration without fever or vomiting. He lost 930g relative to the birth's weight. The abdomen appeared neither tender nor distended, and the rest of his physical examination was normal. The laboratory findings revealed hypernatremia of 152mEq/L, hyperkalemia of 7,8mEq/L and severe metabolic acidosis: blood PH: 7,1, HCO3:4mEq/L. The osmotic gap was 45. There was no leukocytosis, and the serum level of C-reactive protein was normal. The infant was treated with intravenous fluids and electrolytes as well as antibiotics after obtaining blood and stool cultures, assuming an infectious etiology. After 26 hours of rehydration therapy, the dehydration resolved, however, a functional acute renal failure complicated by acidosis and hyperkalemia appeared. The chest radiograph showed ""bat wings"" pattern and the cardiothoracic index was 0, 45. The renal ultrasound showed discretely hyperechoic kidneys cortex and the absence of renal malformations.
On the 11 th day of life, he was transferred to the pediatric intensive care unit. He needed mechanical ventilation for three days and exclusive parenteral feeding by central catheter. The evolution was burdened by cholestasis due to the prolonged parenteral feeding and nosocomial infection by staphylococcus epidermidis. Since his admission, he had developed a slimy diarrhea with 3 to 4 stools per day. He presented a profuse diarrhea during each attempt to introduce enteral feeding by hydrolyzed milk formula. He was discharged after 32 days with output's weight 3250g.
The oesophago-gastro-duodenoscopy and duodenal biopsy showed partial villous atrophy associated to the brush border abnormalities. The periodic acid Schiff (PAS) stain revealed abnormalities in the brush border characterized by loss of the linear part of enterocytes with the presence of intra-cytoplasmic PAS + band in the apical pole of enterocytes uneven thickness and sometimes with double contours pattern. In the submucosa, there were numerous Brunner glands. We find the existence of numerous hemorrhagic suffusions. The CD10 immunostain was positive. Thus, a diagnosis hypothesis of MVID was raised. The electron microscopic examination confirmed the diagnosis.
Mutation analysis of peripheral blood samples of the neonate revealed a mutation at the homozygous status of MYO5B gene.
The baby died, after 97 days of life, of septic shock and multiple organ failure.
",EN100376,"<|im_start|>user Extract the entities contained in the text. Extract only entities contained in the text.
Return the result in a json format: [{""entity"":""entity_name""}]. <<He had developed no symptoms during his hospitalization.>>> <|im_end|><|im_start|>assistant[{""entity"": ""symptoms""}, {""entity"": ""hospitalization""}, {""entity"": ""He""}] <|im_end|>","<|im_start|>user Extract the entities contained in the text. Extract only entities contained in the text.
Return the result in a json format: [{""entity"":""entity_name""}]. <<<We present a case of a 32-year-old woman with a history of gradual enlargement of the anterior neck.>>> <|im_end|><|im_start|>assistant [{""entity"": ""present""}, {""entity"": ""history""}, {""entity"": ""enlargement""}] <|im_end|>
<|im_start|>user Extract the entities contained in the text. Extract only entities contained in the text.
Return the result in a json format: [{""entity"":""entity_name""}]. <<<Patient information: a 9-month-old boy presented to the emergency room with a 3-day history of refusal to bear weight on the right lower extremity and febrile peaks of up to 38.5°C for 24 hours.>>> <|im_end|><|im_start|>assistant [{""entity"": ""presented""}, {""entity"": ""refusal""}, {""entity"": ""bear""}, {""entity"": ""peaks""}] <|im_end|>
<|im_start|>user Extract the entities contained in the text. Extract only entities contained in the text.
Return the result in a json format: [{""entity"":""entity_name""}]. <<He had developed no symptoms during his hospitalization.>>> <|im_end|><|im_start|>assistant","[{""entity"": ""symptoms""}, {""entity"": ""hospitalization""}, {""entity"": ""He""}] ","[{""entity"": ""symptoms""}, {""entity"": ""hospitalization""}, {""entity"": ""He""}] <|im_end|><|im_end|><|im_end|><|im_end|><|im_end|>"
The output's weight was 2400g which signify the loss of 630g.,"[{'id': '8074', 'offsets': array([13, 19]), 'role': '', 'semantic_type_id': '', 'text': 'weight', 'type': 'EVENT'}
 {'id': '8089', 'offsets': array([48, 52]), 'role': '', 'semantic_type_id': '', 'text': 'loss', 'type': 'EVENT'}
 {'id': '9531', 'offsets': array([24, 29]), 'role': '', 'semantic_type_id': '', 'text': '2400g', 'type': 'RML'}]","We report a case of a male near-term neonate with gestational age of 35 weeks. He was the third born child to a 27-year-old mother with no significant past history. He was derived from a third degree consanguineous marriage. He was born by means of normal vaginal delivery with a normal extra-uterine adaptation. Meconium-stained amniotic fluid was noted. His birth weight was 3030g (75 th Percentile). The baby had normal physical examination at birth aside transitory respiratory distress. He had been hospitalized for four days in a private clinic, for the suspicion of materno-foetal infection, where he had antibiotics for 48 hours. He had developed no symptoms during his hospitalization. The output's weight was 2400g which signify the loss of 630g.
Back home, he received exclusive maternal breastfeeding. On his fifth day of life, he presented multiple yellowish-watery stools (ab 12 times) and refuse feeding with apyrexia context. He had clinical signs of severe dehydration without fever or vomiting. He lost 930g relative to the birth's weight. The abdomen appeared neither tender nor distended, and the rest of his physical examination was normal. The laboratory findings revealed hypernatremia of 152mEq/L, hyperkalemia of 7,8mEq/L and severe metabolic acidosis: blood PH: 7,1, HCO3:4mEq/L. The osmotic gap was 45. There was no leukocytosis, and the serum level of C-reactive protein was normal. The infant was treated with intravenous fluids and electrolytes as well as antibiotics after obtaining blood and stool cultures, assuming an infectious etiology. After 26 hours of rehydration therapy, the dehydration resolved, however, a functional acute renal failure complicated by acidosis and hyperkalemia appeared. The chest radiograph showed ""bat wings"" pattern and the cardiothoracic index was 0, 45. The renal ultrasound showed discretely hyperechoic kidneys cortex and the absence of renal malformations.
On the 11 th day of life, he was transferred to the pediatric intensive care unit. He needed mechanical ventilation for three days and exclusive parenteral feeding by central catheter. The evolution was burdened by cholestasis due to the prolonged parenteral feeding and nosocomial infection by staphylococcus epidermidis. Since his admission, he had developed a slimy diarrhea with 3 to 4 stools per day. He presented a profuse diarrhea during each attempt to introduce enteral feeding by hydrolyzed milk formula. He was discharged after 32 days with output's weight 3250g.
The oesophago-gastro-duodenoscopy and duodenal biopsy showed partial villous atrophy associated to the brush border abnormalities. The periodic acid Schiff (PAS) stain revealed abnormalities in the brush border characterized by loss of the linear part of enterocytes with the presence of intra-cytoplasmic PAS + band in the apical pole of enterocytes uneven thickness and sometimes with double contours pattern. In the submucosa, there were numerous Brunner glands. We find the existence of numerous hemorrhagic suffusions. The CD10 immunostain was positive. Thus, a diagnosis hypothesis of MVID was raised. The electron microscopic examination confirmed the diagnosis.
Mutation analysis of peripheral blood samples of the neonate revealed a mutation at the homozygous status of MYO5B gene.
The baby died, after 97 days of life, of septic shock and multiple organ failure.
",EN100376,"<|im_start|>user Extract the entities contained in the text. Extract only entities contained in the text.
Return the result in a json format: [{""entity"":""entity_name""}]. <<The output's weight was 2400g which signify the loss of 630g.>>> <|im_end|><|im_start|>assistant[{""entity"": ""weight""}, {""entity"": ""loss""}, {""entity"": ""2400g""}] <|im_end|>","<|im_start|>user Extract the entities contained in the text. Extract only entities contained in the text.
Return the result in a json format: [{""entity"":""entity_name""}]. <<<We present a case of a 32-year-old woman with a history of gradual enlargement of the anterior neck.>>> <|im_end|><|im_start|>assistant [{""entity"": ""present""}, {""entity"": ""history""}, {""entity"": ""enlargement""}] <|im_end|>
<|im_start|>user Extract the entities contained in the text. Extract only entities contained in the text.
Return the result in a json format: [{""entity"":""entity_name""}]. <<<Patient information: a 9-month-old boy presented to the emergency room with a 3-day history of refusal to bear weight on the right lower extremity and febrile peaks of up to 38.5°C for 24 hours.>>> <|im_end|><|im_start|>assistant [{""entity"": ""presented""}, {""entity"": ""refusal""}, {""entity"": ""bear""}, {""entity"": ""peaks""}] <|im_end|>
<|im_start|>user Extract the entities contained in the text. Extract only entities contained in the text.
Return the result in a json format: [{""entity"":""entity_name""}]. <<The output's weight was 2400g which signify the loss of 630g.>>> <|im_end|><|im_start|>assistant","[{""entity"": ""weight""}, {""entity"": ""loss""}, {""entity"": ""2400g""}] ","[{""entity"": ""weight""}, {""entity"": ""signify""}, {""entity"": ""loss""}, {""entity"": ""630g"
"On his fifth day of life, he presented multiple yellowish-watery stools (ab 12 times) and refuse feeding with apyrexia context.","[{'id': '8119', 'offsets': array([65, 71]), 'role': '', 'semantic_type_id': '', 'text': 'stools', 'type': 'EVENT'}
 {'id': '8134', 'offsets': array([90, 96]), 'role': '', 'semantic_type_id': '', 'text': 'refuse', 'type': 'EVENT'}
 {'id': '8149', 'offsets': array([ 97, 104]), 'role': '', 'semantic_type_id': '', 'text': 'feeding', 'type': 'EVENT'}
 {'id': '8164', 'offsets': array([110, 118]), 'role': '', 'semantic_type_id': '', 'text': 'apyrexia', 'type': 'EVENT'}
 {'id': '9615', 'offsets': array([ 3, 24]), 'role': '', 'semantic_type_id': '', 'text': 'his fifth day of life', 'type': 'TIMEX3'}
 {'id': '9624', 'offsets': array([76, 84]), 'role': '', 'semantic_type_id': '', 'text': '12 times', 'type': 'TIMEX3'}]","We report a case of a male near-term neonate with gestational age of 35 weeks. He was the third born child to a 27-year-old mother with no significant past history. He was derived from a third degree consanguineous marriage. He was born by means of normal vaginal delivery with a normal extra-uterine adaptation. Meconium-stained amniotic fluid was noted. His birth weight was 3030g (75 th Percentile). The baby had normal physical examination at birth aside transitory respiratory distress. He had been hospitalized for four days in a private clinic, for the suspicion of materno-foetal infection, where he had antibiotics for 48 hours. He had developed no symptoms during his hospitalization. The output's weight was 2400g which signify the loss of 630g.
Back home, he received exclusive maternal breastfeeding. On his fifth day of life, he presented multiple yellowish-watery stools (ab 12 times) and refuse feeding with apyrexia context. He had clinical signs of severe dehydration without fever or vomiting. He lost 930g relative to the birth's weight. The abdomen appeared neither tender nor distended, and the rest of his physical examination was normal. The laboratory findings revealed hypernatremia of 152mEq/L, hyperkalemia of 7,8mEq/L and severe metabolic acidosis: blood PH: 7,1, HCO3:4mEq/L. The osmotic gap was 45. There was no leukocytosis, and the serum level of C-reactive protein was normal. The infant was treated with intravenous fluids and electrolytes as well as antibiotics after obtaining blood and stool cultures, assuming an infectious etiology. After 26 hours of rehydration therapy, the dehydration resolved, however, a functional acute renal failure complicated by acidosis and hyperkalemia appeared. The chest radiograph showed ""bat wings"" pattern and the cardiothoracic index was 0, 45. The renal ultrasound showed discretely hyperechoic kidneys cortex and the absence of renal malformations.
On the 11 th day of life, he was transferred to the pediatric intensive care unit. He needed mechanical ventilation for three days and exclusive parenteral feeding by central catheter. The evolution was burdened by cholestasis due to the prolonged parenteral feeding and nosocomial infection by staphylococcus epidermidis. Since his admission, he had developed a slimy diarrhea with 3 to 4 stools per day. He presented a profuse diarrhea during each attempt to introduce enteral feeding by hydrolyzed milk formula. He was discharged after 32 days with output's weight 3250g.
The oesophago-gastro-duodenoscopy and duodenal biopsy showed partial villous atrophy associated to the brush border abnormalities. The periodic acid Schiff (PAS) stain revealed abnormalities in the brush border characterized by loss of the linear part of enterocytes with the presence of intra-cytoplasmic PAS + band in the apical pole of enterocytes uneven thickness and sometimes with double contours pattern. In the submucosa, there were numerous Brunner glands. We find the existence of numerous hemorrhagic suffusions. The CD10 immunostain was positive. Thus, a diagnosis hypothesis of MVID was raised. The electron microscopic examination confirmed the diagnosis.
Mutation analysis of peripheral blood samples of the neonate revealed a mutation at the homozygous status of MYO5B gene.
The baby died, after 97 days of life, of septic shock and multiple organ failure.
",EN100376,"<|im_start|>user Extract the entities contained in the text. Extract only entities contained in the text.
Return the result in a json format: [{""entity"":""entity_name""}]. <<On his fifth day of life, he presented multiple yellowish-watery stools (ab 12 times) and refuse feeding with apyrexia context.>>> <|im_end|><|im_start|>assistant[{""entity"": ""stools""}, {""entity"": ""refuse""}, {""entity"": ""feeding""}, {""entity"": ""apyrexia""}, {""entity"": ""his fifth day of life""}, {""entity"": ""12 times""}] <|im_end|>","<|im_start|>user Extract the entities contained in the text. Extract only entities contained in the text.
Return the result in a json format: [{""entity"":""entity_name""}]. <<<We present a case of a 32-year-old woman with a history of gradual enlargement of the anterior neck.>>> <|im_end|><|im_start|>assistant [{""entity"": ""present""}, {""entity"": ""history""}, {""entity"": ""enlargement""}] <|im_end|>
<|im_start|>user Extract the entities contained in the text. Extract only entities contained in the text.
Return the result in a json format: [{""entity"":""entity_name""}]. <<<Patient information: a 9-month-old boy presented to the emergency room with a 3-day history of refusal to bear weight on the right lower extremity and febrile peaks of up to 38.5°C for 24 hours.>>> <|im_end|><|im_start|>assistant [{""entity"": ""presented""}, {""entity"": ""refusal""}, {""entity"": ""bear""}, {""entity"": ""peaks""}] <|im_end|>
<|im_start|>user Extract the entities contained in the text. Extract only entities contained in the text.
Return the result in a json format: [{""entity"":""entity_name""}]. <<On his fifth day of life, he presented multiple yellowish-watery stools (ab 12 times) and refuse feeding with apyrexia context.>>> <|im_end|><|im_start|>assistant","[{""entity"": ""stools""}, {""entity"": ""refuse""}, {""entity"": ""feeding""}, {""entity"": ""apyrexia""}, {""entity"": ""his fifth day of life""}, {""entity"": ""12 times""}] ","[{""entity"": ""stools""}, {""entity"": ""refuse""}, {""entity"": ""apyrexia""}, {""entity"": ""context"
He had clinical signs of severe dehydration without fever or vomiting.,"[{'id': '8179', 'offsets': array([16, 21]), 'role': '', 'semantic_type_id': '', 'text': 'signs', 'type': 'EVENT'}
 {'id': '8194', 'offsets': array([32, 43]), 'role': '', 'semantic_type_id': '', 'text': 'dehydration', 'type': 'EVENT'}
 {'id': '8209', 'offsets': array([52, 57]), 'role': '', 'semantic_type_id': '', 'text': 'fever', 'type': 'EVENT'}
 {'id': '8224', 'offsets': array([61, 69]), 'role': '', 'semantic_type_id': '', 'text': 'vomiting', 'type': 'EVENT'}
 {'id': '9911', 'offsets': array([32, 43]), 'role': '', 'semantic_type_id': 'C0011175', 'text': 'dehydration', 'type': 'CLINENTITY'}
 {'id': '9912', 'offsets': array([52, 57]), 'role': '', 'semantic_type_id': 'C0015967', 'text': 'fever', 'type': 'CLINENTITY'}
 {'id': '9913', 'offsets': array([61, 69]), 'role': '', 'semantic_type_id': 'C0042963', 'text': 'vomiting', 'type': 'CLINENTITY'}
 {'id': '9455', 'offsets': array([0, 2]), 'role': 'PATIENT', 'semantic_type_id': '', 'text': 'He', 'type': 'ACTOR'}]","We report a case of a male near-term neonate with gestational age of 35 weeks. He was the third born child to a 27-year-old mother with no significant past history. He was derived from a third degree consanguineous marriage. He was born by means of normal vaginal delivery with a normal extra-uterine adaptation. Meconium-stained amniotic fluid was noted. His birth weight was 3030g (75 th Percentile). The baby had normal physical examination at birth aside transitory respiratory distress. He had been hospitalized for four days in a private clinic, for the suspicion of materno-foetal infection, where he had antibiotics for 48 hours. He had developed no symptoms during his hospitalization. The output's weight was 2400g which signify the loss of 630g.
Back home, he received exclusive maternal breastfeeding. On his fifth day of life, he presented multiple yellowish-watery stools (ab 12 times) and refuse feeding with apyrexia context. He had clinical signs of severe dehydration without fever or vomiting. He lost 930g relative to the birth's weight. The abdomen appeared neither tender nor distended, and the rest of his physical examination was normal. The laboratory findings revealed hypernatremia of 152mEq/L, hyperkalemia of 7,8mEq/L and severe metabolic acidosis: blood PH: 7,1, HCO3:4mEq/L. The osmotic gap was 45. There was no leukocytosis, and the serum level of C-reactive protein was normal. The infant was treated with intravenous fluids and electrolytes as well as antibiotics after obtaining blood and stool cultures, assuming an infectious etiology. After 26 hours of rehydration therapy, the dehydration resolved, however, a functional acute renal failure complicated by acidosis and hyperkalemia appeared. The chest radiograph showed ""bat wings"" pattern and the cardiothoracic index was 0, 45. The renal ultrasound showed discretely hyperechoic kidneys cortex and the absence of renal malformations.
On the 11 th day of life, he was transferred to the pediatric intensive care unit. He needed mechanical ventilation for three days and exclusive parenteral feeding by central catheter. The evolution was burdened by cholestasis due to the prolonged parenteral feeding and nosocomial infection by staphylococcus epidermidis. Since his admission, he had developed a slimy diarrhea with 3 to 4 stools per day. He presented a profuse diarrhea during each attempt to introduce enteral feeding by hydrolyzed milk formula. He was discharged after 32 days with output's weight 3250g.
The oesophago-gastro-duodenoscopy and duodenal biopsy showed partial villous atrophy associated to the brush border abnormalities. The periodic acid Schiff (PAS) stain revealed abnormalities in the brush border characterized by loss of the linear part of enterocytes with the presence of intra-cytoplasmic PAS + band in the apical pole of enterocytes uneven thickness and sometimes with double contours pattern. In the submucosa, there were numerous Brunner glands. We find the existence of numerous hemorrhagic suffusions. The CD10 immunostain was positive. Thus, a diagnosis hypothesis of MVID was raised. The electron microscopic examination confirmed the diagnosis.
Mutation analysis of peripheral blood samples of the neonate revealed a mutation at the homozygous status of MYO5B gene.
The baby died, after 97 days of life, of septic shock and multiple organ failure.
",EN100376,"<|im_start|>user Extract the entities contained in the text. Extract only entities contained in the text.
Return the result in a json format: [{""entity"":""entity_name""}]. <<He had clinical signs of severe dehydration without fever or vomiting.>>> <|im_end|><|im_start|>assistant[{""entity"": ""signs""}, {""entity"": ""dehydration""}, {""entity"": ""fever""}, {""entity"": ""vomiting""}, {""entity"": ""dehydration""}, {""entity"": ""fever""}, {""entity"": ""vomiting""}, {""entity"": ""He""}] <|im_end|>","<|im_start|>user Extract the entities contained in the text. Extract only entities contained in the text.
Return the result in a json format: [{""entity"":""entity_name""}]. <<<We present a case of a 32-year-old woman with a history of gradual enlargement of the anterior neck.>>> <|im_end|><|im_start|>assistant [{""entity"": ""present""}, {""entity"": ""history""}, {""entity"": ""enlargement""}] <|im_end|>
<|im_start|>user Extract the entities contained in the text. Extract only entities contained in the text.
Return the result in a json format: [{""entity"":""entity_name""}]. <<<Patient information: a 9-month-old boy presented to the emergency room with a 3-day history of refusal to bear weight on the right lower extremity and febrile peaks of up to 38.5°C for 24 hours.>>> <|im_end|><|im_start|>assistant [{""entity"": ""presented""}, {""entity"": ""refusal""}, {""entity"": ""bear""}, {""entity"": ""peaks""}] <|im_end|>
<|im_start|>user Extract the entities contained in the text. Extract only entities contained in the text.
Return the result in a json format: [{""entity"":""entity_name""}]. <<He had clinical signs of severe dehydration without fever or vomiting.>>> <|im_end|><|im_start|>assistant","[{""entity"": ""signs""}, {""entity"": ""dehydration""}, {""entity"": ""fever""}, {""entity"": ""vomiting""}, {""entity"": ""dehydration""}, {""entity"": ""fever""}, {""entity"": ""vomiting""}, {""entity"": ""He""}] ","[{""entity"": ""signs""}, {""entity"": ""dehydration""}, {""entity"": ""fever""}, {""entity"": ""vom"
He lost 930g relative to the birth's weight.,"[{'id': '8239', 'offsets': array([3, 7]), 'role': '', 'semantic_type_id': '', 'text': 'lost', 'type': 'EVENT'}
 {'id': '8254', 'offsets': array([37, 43]), 'role': '', 'semantic_type_id': '', 'text': 'weight', 'type': 'EVENT'}
 {'id': '9462', 'offsets': array([0, 2]), 'role': 'PATIENT', 'semantic_type_id': '', 'text': 'He', 'type': 'ACTOR'}]","We report a case of a male near-term neonate with gestational age of 35 weeks. He was the third born child to a 27-year-old mother with no significant past history. He was derived from a third degree consanguineous marriage. He was born by means of normal vaginal delivery with a normal extra-uterine adaptation. Meconium-stained amniotic fluid was noted. His birth weight was 3030g (75 th Percentile). The baby had normal physical examination at birth aside transitory respiratory distress. He had been hospitalized for four days in a private clinic, for the suspicion of materno-foetal infection, where he had antibiotics for 48 hours. He had developed no symptoms during his hospitalization. The output's weight was 2400g which signify the loss of 630g.
Back home, he received exclusive maternal breastfeeding. On his fifth day of life, he presented multiple yellowish-watery stools (ab 12 times) and refuse feeding with apyrexia context. He had clinical signs of severe dehydration without fever or vomiting. He lost 930g relative to the birth's weight. The abdomen appeared neither tender nor distended, and the rest of his physical examination was normal. The laboratory findings revealed hypernatremia of 152mEq/L, hyperkalemia of 7,8mEq/L and severe metabolic acidosis: blood PH: 7,1, HCO3:4mEq/L. The osmotic gap was 45. There was no leukocytosis, and the serum level of C-reactive protein was normal. The infant was treated with intravenous fluids and electrolytes as well as antibiotics after obtaining blood and stool cultures, assuming an infectious etiology. After 26 hours of rehydration therapy, the dehydration resolved, however, a functional acute renal failure complicated by acidosis and hyperkalemia appeared. The chest radiograph showed ""bat wings"" pattern and the cardiothoracic index was 0, 45. The renal ultrasound showed discretely hyperechoic kidneys cortex and the absence of renal malformations.
On the 11 th day of life, he was transferred to the pediatric intensive care unit. He needed mechanical ventilation for three days and exclusive parenteral feeding by central catheter. The evolution was burdened by cholestasis due to the prolonged parenteral feeding and nosocomial infection by staphylococcus epidermidis. Since his admission, he had developed a slimy diarrhea with 3 to 4 stools per day. He presented a profuse diarrhea during each attempt to introduce enteral feeding by hydrolyzed milk formula. He was discharged after 32 days with output's weight 3250g.
The oesophago-gastro-duodenoscopy and duodenal biopsy showed partial villous atrophy associated to the brush border abnormalities. The periodic acid Schiff (PAS) stain revealed abnormalities in the brush border characterized by loss of the linear part of enterocytes with the presence of intra-cytoplasmic PAS + band in the apical pole of enterocytes uneven thickness and sometimes with double contours pattern. In the submucosa, there were numerous Brunner glands. We find the existence of numerous hemorrhagic suffusions. The CD10 immunostain was positive. Thus, a diagnosis hypothesis of MVID was raised. The electron microscopic examination confirmed the diagnosis.
Mutation analysis of peripheral blood samples of the neonate revealed a mutation at the homozygous status of MYO5B gene.
The baby died, after 97 days of life, of septic shock and multiple organ failure.
",EN100376,"<|im_start|>user Extract the entities contained in the text. Extract only entities contained in the text.
Return the result in a json format: [{""entity"":""entity_name""}]. <<He lost 930g relative to the birth's weight.>>> <|im_end|><|im_start|>assistant[{""entity"": ""lost""}, {""entity"": ""weight""}, {""entity"": ""He""}] <|im_end|>","<|im_start|>user Extract the entities contained in the text. Extract only entities contained in the text.
Return the result in a json format: [{""entity"":""entity_name""}]. <<<We present a case of a 32-year-old woman with a history of gradual enlargement of the anterior neck.>>> <|im_end|><|im_start|>assistant [{""entity"": ""present""}, {""entity"": ""history""}, {""entity"": ""enlargement""}] <|im_end|>
<|im_start|>user Extract the entities contained in the text. Extract only entities contained in the text.
Return the result in a json format: [{""entity"":""entity_name""}]. <<<Patient information: a 9-month-old boy presented to the emergency room with a 3-day history of refusal to bear weight on the right lower extremity and febrile peaks of up to 38.5°C for 24 hours.>>> <|im_end|><|im_start|>assistant [{""entity"": ""presented""}, {""entity"": ""refusal""}, {""entity"": ""bear""}, {""entity"": ""peaks""}] <|im_end|>
<|im_start|>user Extract the entities contained in the text. Extract only entities contained in the text.
Return the result in a json format: [{""entity"":""entity_name""}]. <<He lost 930g relative to the birth's weight.>>> <|im_end|><|im_start|>assistant","[{""entity"": ""lost""}, {""entity"": ""weight""}, {""entity"": ""He""}] ","[{""entity"": ""lost""}, {""entity"": ""weight""}, {""entity"": ""birth""}, {""entity"": ""He""}, {""entity"":"
"The abdomen appeared neither tender nor distended, and the rest of his physical examination was normal.","[{'id': '8269', 'offsets': array([29, 35]), 'role': '', 'semantic_type_id': '', 'text': 'tender', 'type': 'EVENT'}
 {'id': '8284', 'offsets': array([40, 49]), 'role': '', 'semantic_type_id': '', 'text': 'distended', 'type': 'EVENT'}
 {'id': '8299', 'offsets': array([80, 91]), 'role': '', 'semantic_type_id': '', 'text': 'examination', 'type': 'EVENT'}
 {'id': '9695', 'offsets': array([ 0, 11]), 'role': '', 'semantic_type_id': '', 'text': 'The abdomen', 'type': 'BODYPART'}
 {'id': '9537', 'offsets': array([ 96, 102]), 'role': '', 'semantic_type_id': '', 'text': 'normal', 'type': 'RML'}]","We report a case of a male near-term neonate with gestational age of 35 weeks. He was the third born child to a 27-year-old mother with no significant past history. He was derived from a third degree consanguineous marriage. He was born by means of normal vaginal delivery with a normal extra-uterine adaptation. Meconium-stained amniotic fluid was noted. His birth weight was 3030g (75 th Percentile). The baby had normal physical examination at birth aside transitory respiratory distress. He had been hospitalized for four days in a private clinic, for the suspicion of materno-foetal infection, where he had antibiotics for 48 hours. He had developed no symptoms during his hospitalization. The output's weight was 2400g which signify the loss of 630g.
Back home, he received exclusive maternal breastfeeding. On his fifth day of life, he presented multiple yellowish-watery stools (ab 12 times) and refuse feeding with apyrexia context. He had clinical signs of severe dehydration without fever or vomiting. He lost 930g relative to the birth's weight. The abdomen appeared neither tender nor distended, and the rest of his physical examination was normal. The laboratory findings revealed hypernatremia of 152mEq/L, hyperkalemia of 7,8mEq/L and severe metabolic acidosis: blood PH: 7,1, HCO3:4mEq/L. The osmotic gap was 45. There was no leukocytosis, and the serum level of C-reactive protein was normal. The infant was treated with intravenous fluids and electrolytes as well as antibiotics after obtaining blood and stool cultures, assuming an infectious etiology. After 26 hours of rehydration therapy, the dehydration resolved, however, a functional acute renal failure complicated by acidosis and hyperkalemia appeared. The chest radiograph showed ""bat wings"" pattern and the cardiothoracic index was 0, 45. The renal ultrasound showed discretely hyperechoic kidneys cortex and the absence of renal malformations.
On the 11 th day of life, he was transferred to the pediatric intensive care unit. He needed mechanical ventilation for three days and exclusive parenteral feeding by central catheter. The evolution was burdened by cholestasis due to the prolonged parenteral feeding and nosocomial infection by staphylococcus epidermidis. Since his admission, he had developed a slimy diarrhea with 3 to 4 stools per day. He presented a profuse diarrhea during each attempt to introduce enteral feeding by hydrolyzed milk formula. He was discharged after 32 days with output's weight 3250g.
The oesophago-gastro-duodenoscopy and duodenal biopsy showed partial villous atrophy associated to the brush border abnormalities. The periodic acid Schiff (PAS) stain revealed abnormalities in the brush border characterized by loss of the linear part of enterocytes with the presence of intra-cytoplasmic PAS + band in the apical pole of enterocytes uneven thickness and sometimes with double contours pattern. In the submucosa, there were numerous Brunner glands. We find the existence of numerous hemorrhagic suffusions. The CD10 immunostain was positive. Thus, a diagnosis hypothesis of MVID was raised. The electron microscopic examination confirmed the diagnosis.
Mutation analysis of peripheral blood samples of the neonate revealed a mutation at the homozygous status of MYO5B gene.
The baby died, after 97 days of life, of septic shock and multiple organ failure.
",EN100376,"<|im_start|>user Extract the entities contained in the text. Extract only entities contained in the text.
Return the result in a json format: [{""entity"":""entity_name""}]. <<The abdomen appeared neither tender nor distended, and the rest of his physical examination was normal.>>> <|im_end|><|im_start|>assistant[{""entity"": ""tender""}, {""entity"": ""distended""}, {""entity"": ""examination""}, {""entity"": ""The abdomen""}, {""entity"": ""normal""}] <|im_end|>","<|im_start|>user Extract the entities contained in the text. Extract only entities contained in the text.
Return the result in a json format: [{""entity"":""entity_name""}]. <<<We present a case of a 32-year-old woman with a history of gradual enlargement of the anterior neck.>>> <|im_end|><|im_start|>assistant [{""entity"": ""present""}, {""entity"": ""history""}, {""entity"": ""enlargement""}] <|im_end|>
<|im_start|>user Extract the entities contained in the text. Extract only entities contained in the text.
Return the result in a json format: [{""entity"":""entity_name""}]. <<<Patient information: a 9-month-old boy presented to the emergency room with a 3-day history of refusal to bear weight on the right lower extremity and febrile peaks of up to 38.5°C for 24 hours.>>> <|im_end|><|im_start|>assistant [{""entity"": ""presented""}, {""entity"": ""refusal""}, {""entity"": ""bear""}, {""entity"": ""peaks""}] <|im_end|>
<|im_start|>user Extract the entities contained in the text. Extract only entities contained in the text.
Return the result in a json format: [{""entity"":""entity_name""}]. <<The abdomen appeared neither tender nor distended, and the rest of his physical examination was normal.>>> <|im_end|><|im_start|>assistant","[{""entity"": ""tender""}, {""entity"": ""distended""}, {""entity"": ""examination""}, {""entity"": ""The abdomen""}, {""entity"": ""normal""}] ","[{""entity"": ""tender""}, {""entity"": ""distended""}, {""entity"": ""examination""}, {""entity"": ""normal""},"
"The laboratory findings revealed hypernatremia of 152mEq/L, hyperkalemia of 7,8mEq/L and severe metabolic acidosis: blood PH: 7,1, HCO3:4mEq/L.","[{'id': '8314', 'offsets': array([15, 23]), 'role': '', 'semantic_type_id': '', 'text': 'findings', 'type': 'EVENT'}
 {'id': '8329', 'offsets': array([24, 32]), 'role': '', 'semantic_type_id': '', 'text': 'revealed', 'type': 'EVENT'}
 {'id': '8344', 'offsets': array([33, 46]), 'role': '', 'semantic_type_id': '', 'text': 'hypernatremia', 'type': 'EVENT'}
 {'id': '8359', 'offsets': array([60, 72]), 'role': '', 'semantic_type_id': '', 'text': 'hyperkalemia', 'type': 'EVENT'}
 {'id': '8374', 'offsets': array([106, 114]), 'role': '', 'semantic_type_id': '', 'text': 'acidosis', 'type': 'EVENT'}
 {'id': '8389', 'offsets': array([122, 124]), 'role': '', 'semantic_type_id': '', 'text': 'PH', 'type': 'EVENT'}
 {'id': '8404', 'offsets': array([131, 135]), 'role': '', 'semantic_type_id': '', 'text': 'HCO3', 'type': 'EVENT'}
 {'id': '9914', 'offsets': array([33, 46]), 'role': '', 'semantic_type_id': 'C0020488', 'text': 'hypernatremia', 'type': 'CLINENTITY'}
 {'id': '9915', 'offsets': array([60, 72]), 'role': '', 'semantic_type_id': 'C0020461', 'text': 'hyperkalemia', 'type': 'CLINENTITY'}
 {'id': '9916', 'offsets': array([ 89, 114]), 'role': '', 'semantic_type_id': 'C1836805', 'text': 'severe metabolic acidosis', 'type': 'CLINENTITY'}
 {'id': '9701', 'offsets': array([116, 121]), 'role': '', 'semantic_type_id': '', 'text': 'blood', 'type': 'BODYPART'}
 {'id': '9543', 'offsets': array([50, 58]), 'role': '', 'semantic_type_id': '', 'text': '152mEq/L', 'type': 'RML'}
 {'id': '9549', 'offsets': array([76, 84]), 'role': '', 'semantic_type_id': '', 'text': '7,8mEq/L', 'type': 'RML'}
 {'id': '9555', 'offsets': array([126, 129]), 'role': '', 'semantic_type_id': '', 'text': '7,1', 'type': 'RML'}
 {'id': '9561', 'offsets': array([136, 142]), 'role': '', 'semantic_type_id': '', 'text': '4mEq/L', 'type': 'RML'}]","We report a case of a male near-term neonate with gestational age of 35 weeks. He was the third born child to a 27-year-old mother with no significant past history. He was derived from a third degree consanguineous marriage. He was born by means of normal vaginal delivery with a normal extra-uterine adaptation. Meconium-stained amniotic fluid was noted. His birth weight was 3030g (75 th Percentile). The baby had normal physical examination at birth aside transitory respiratory distress. He had been hospitalized for four days in a private clinic, for the suspicion of materno-foetal infection, where he had antibiotics for 48 hours. He had developed no symptoms during his hospitalization. The output's weight was 2400g which signify the loss of 630g.
Back home, he received exclusive maternal breastfeeding. On his fifth day of life, he presented multiple yellowish-watery stools (ab 12 times) and refuse feeding with apyrexia context. He had clinical signs of severe dehydration without fever or vomiting. He lost 930g relative to the birth's weight. The abdomen appeared neither tender nor distended, and the rest of his physical examination was normal. The laboratory findings revealed hypernatremia of 152mEq/L, hyperkalemia of 7,8mEq/L and severe metabolic acidosis: blood PH: 7,1, HCO3:4mEq/L. The osmotic gap was 45. There was no leukocytosis, and the serum level of C-reactive protein was normal. The infant was treated with intravenous fluids and electrolytes as well as antibiotics after obtaining blood and stool cultures, assuming an infectious etiology. After 26 hours of rehydration therapy, the dehydration resolved, however, a functional acute renal failure complicated by acidosis and hyperkalemia appeared. The chest radiograph showed ""bat wings"" pattern and the cardiothoracic index was 0, 45. The renal ultrasound showed discretely hyperechoic kidneys cortex and the absence of renal malformations.
On the 11 th day of life, he was transferred to the pediatric intensive care unit. He needed mechanical ventilation for three days and exclusive parenteral feeding by central catheter. The evolution was burdened by cholestasis due to the prolonged parenteral feeding and nosocomial infection by staphylococcus epidermidis. Since his admission, he had developed a slimy diarrhea with 3 to 4 stools per day. He presented a profuse diarrhea during each attempt to introduce enteral feeding by hydrolyzed milk formula. He was discharged after 32 days with output's weight 3250g.
The oesophago-gastro-duodenoscopy and duodenal biopsy showed partial villous atrophy associated to the brush border abnormalities. The periodic acid Schiff (PAS) stain revealed abnormalities in the brush border characterized by loss of the linear part of enterocytes with the presence of intra-cytoplasmic PAS + band in the apical pole of enterocytes uneven thickness and sometimes with double contours pattern. In the submucosa, there were numerous Brunner glands. We find the existence of numerous hemorrhagic suffusions. The CD10 immunostain was positive. Thus, a diagnosis hypothesis of MVID was raised. The electron microscopic examination confirmed the diagnosis.
Mutation analysis of peripheral blood samples of the neonate revealed a mutation at the homozygous status of MYO5B gene.
The baby died, after 97 days of life, of septic shock and multiple organ failure.
",EN100376,"<|im_start|>user Extract the entities contained in the text. Extract only entities contained in the text.
Return the result in a json format: [{""entity"":""entity_name""}]. <<The laboratory findings revealed hypernatremia of 152mEq/L, hyperkalemia of 7,8mEq/L and severe metabolic acidosis: blood PH: 7,1, HCO3:4mEq/L.>>> <|im_end|><|im_start|>assistant[{""entity"": ""findings""}, {""entity"": ""revealed""}, {""entity"": ""hypernatremia""}, {""entity"": ""hyperkalemia""}, {""entity"": ""acidosis""}, {""entity"": ""PH""}, {""entity"": ""HCO3""}, {""entity"": ""hypernatremia""}, {""entity"": ""hyperkalemia""}, {""entity"": ""severe metabolic acidosis""}, {""entity"": ""blood""}, {""entity"": ""152mEq/L""}, {""entity"": ""7,8mEq/L""}, {""entity"": ""7,1""}, {""entity"": ""4mEq/L""}] <|im_end|>","<|im_start|>user Extract the entities contained in the text. Extract only entities contained in the text.
Return the result in a json format: [{""entity"":""entity_name""}]. <<<We present a case of a 32-year-old woman with a history of gradual enlargement of the anterior neck.>>> <|im_end|><|im_start|>assistant [{""entity"": ""present""}, {""entity"": ""history""}, {""entity"": ""enlargement""}] <|im_end|>
<|im_start|>user Extract the entities contained in the text. Extract only entities contained in the text.
Return the result in a json format: [{""entity"":""entity_name""}]. <<<Patient information: a 9-month-old boy presented to the emergency room with a 3-day history of refusal to bear weight on the right lower extremity and febrile peaks of up to 38.5°C for 24 hours.>>> <|im_end|><|im_start|>assistant [{""entity"": ""presented""}, {""entity"": ""refusal""}, {""entity"": ""bear""}, {""entity"": ""peaks""}] <|im_end|>
<|im_start|>user Extract the entities contained in the text. Extract only entities contained in the text.
Return the result in a json format: [{""entity"":""entity_name""}]. <<The laboratory findings revealed hypernatremia of 152mEq/L, hyperkalemia of 7,8mEq/L and severe metabolic acidosis: blood PH: 7,1, HCO3:4mEq/L.>>> <|im_end|><|im_start|>assistant","[{""entity"": ""findings""}, {""entity"": ""revealed""}, {""entity"": ""hypernatremia""}, {""entity"": ""hyperkalemia""}, {""entity"": ""acidosis""}, {""entity"": ""PH""}, {""entity"": ""HCO3""}, {""entity"": ""hypernatremia""}, {""entity"": ""hyperkalemia""}, {""entity"": ""severe metabolic acidosis""}, {""entity"": ""blood""}, {""entity"": ""152mEq/L""}, {""entity"": ""7,8mEq/L""}, {""entity"": ""7,1""}, {""entity"": ""4mEq/L""}] ","[{""entity"": ""findings""}, {""entity"": ""revealed""}, {""entity"": ""hypernatremia""}, {""entity"": """
The osmotic gap was 45.,"[{'id': '8419', 'offsets': array([12, 15]), 'role': '', 'semantic_type_id': '', 'text': 'gap', 'type': 'EVENT'}
 {'id': '9567', 'offsets': array([20, 22]), 'role': '', 'semantic_type_id': '', 'text': '45', 'type': 'RML'}]","We report a case of a male near-term neonate with gestational age of 35 weeks. He was the third born child to a 27-year-old mother with no significant past history. He was derived from a third degree consanguineous marriage. He was born by means of normal vaginal delivery with a normal extra-uterine adaptation. Meconium-stained amniotic fluid was noted. His birth weight was 3030g (75 th Percentile). The baby had normal physical examination at birth aside transitory respiratory distress. He had been hospitalized for four days in a private clinic, for the suspicion of materno-foetal infection, where he had antibiotics for 48 hours. He had developed no symptoms during his hospitalization. The output's weight was 2400g which signify the loss of 630g.
Back home, he received exclusive maternal breastfeeding. On his fifth day of life, he presented multiple yellowish-watery stools (ab 12 times) and refuse feeding with apyrexia context. He had clinical signs of severe dehydration without fever or vomiting. He lost 930g relative to the birth's weight. The abdomen appeared neither tender nor distended, and the rest of his physical examination was normal. The laboratory findings revealed hypernatremia of 152mEq/L, hyperkalemia of 7,8mEq/L and severe metabolic acidosis: blood PH: 7,1, HCO3:4mEq/L. The osmotic gap was 45. There was no leukocytosis, and the serum level of C-reactive protein was normal. The infant was treated with intravenous fluids and electrolytes as well as antibiotics after obtaining blood and stool cultures, assuming an infectious etiology. After 26 hours of rehydration therapy, the dehydration resolved, however, a functional acute renal failure complicated by acidosis and hyperkalemia appeared. The chest radiograph showed ""bat wings"" pattern and the cardiothoracic index was 0, 45. The renal ultrasound showed discretely hyperechoic kidneys cortex and the absence of renal malformations.
On the 11 th day of life, he was transferred to the pediatric intensive care unit. He needed mechanical ventilation for three days and exclusive parenteral feeding by central catheter. The evolution was burdened by cholestasis due to the prolonged parenteral feeding and nosocomial infection by staphylococcus epidermidis. Since his admission, he had developed a slimy diarrhea with 3 to 4 stools per day. He presented a profuse diarrhea during each attempt to introduce enteral feeding by hydrolyzed milk formula. He was discharged after 32 days with output's weight 3250g.
The oesophago-gastro-duodenoscopy and duodenal biopsy showed partial villous atrophy associated to the brush border abnormalities. The periodic acid Schiff (PAS) stain revealed abnormalities in the brush border characterized by loss of the linear part of enterocytes with the presence of intra-cytoplasmic PAS + band in the apical pole of enterocytes uneven thickness and sometimes with double contours pattern. In the submucosa, there were numerous Brunner glands. We find the existence of numerous hemorrhagic suffusions. The CD10 immunostain was positive. Thus, a diagnosis hypothesis of MVID was raised. The electron microscopic examination confirmed the diagnosis.
Mutation analysis of peripheral blood samples of the neonate revealed a mutation at the homozygous status of MYO5B gene.
The baby died, after 97 days of life, of septic shock and multiple organ failure.
",EN100376,"<|im_start|>user Extract the entities contained in the text. Extract only entities contained in the text.
Return the result in a json format: [{""entity"":""entity_name""}]. <<The osmotic gap was 45.>>> <|im_end|><|im_start|>assistant[{""entity"": ""gap""}, {""entity"": ""45""}] <|im_end|>","<|im_start|>user Extract the entities contained in the text. Extract only entities contained in the text.
Return the result in a json format: [{""entity"":""entity_name""}]. <<<We present a case of a 32-year-old woman with a history of gradual enlargement of the anterior neck.>>> <|im_end|><|im_start|>assistant [{""entity"": ""present""}, {""entity"": ""history""}, {""entity"": ""enlargement""}] <|im_end|>
<|im_start|>user Extract the entities contained in the text. Extract only entities contained in the text.
Return the result in a json format: [{""entity"":""entity_name""}]. <<<Patient information: a 9-month-old boy presented to the emergency room with a 3-day history of refusal to bear weight on the right lower extremity and febrile peaks of up to 38.5°C for 24 hours.>>> <|im_end|><|im_start|>assistant [{""entity"": ""presented""}, {""entity"": ""refusal""}, {""entity"": ""bear""}, {""entity"": ""peaks""}] <|im_end|>
<|im_start|>user Extract the entities contained in the text. Extract only entities contained in the text.
Return the result in a json format: [{""entity"":""entity_name""}]. <<The osmotic gap was 45.>>> <|im_end|><|im_start|>assistant","[{""entity"": ""gap""}, {""entity"": ""45""}] ","[{""entity"": ""gap""}, {""entity"": ""osmotic""}, {""entity"": ""45""}] <|im_end|><|im_end|><|im_end|><|im_end|>"
"There was no leukocytosis, and the serum level of C-reactive protein was normal.","[{'id': '8434', 'offsets': array([13, 25]), 'role': '', 'semantic_type_id': '', 'text': 'leukocytosis', 'type': 'EVENT'}
 {'id': '8449', 'offsets': array([41, 46]), 'role': '', 'semantic_type_id': '', 'text': 'level', 'type': 'EVENT'}
 {'id': '9917', 'offsets': array([13, 25]), 'role': '', 'semantic_type_id': 'C0023518', 'text': 'leukocytosis', 'type': 'CLINENTITY'}
 {'id': '9573', 'offsets': array([73, 79]), 'role': '', 'semantic_type_id': '', 'text': 'normal', 'type': 'RML'}]","We report a case of a male near-term neonate with gestational age of 35 weeks. He was the third born child to a 27-year-old mother with no significant past history. He was derived from a third degree consanguineous marriage. He was born by means of normal vaginal delivery with a normal extra-uterine adaptation. Meconium-stained amniotic fluid was noted. His birth weight was 3030g (75 th Percentile). The baby had normal physical examination at birth aside transitory respiratory distress. He had been hospitalized for four days in a private clinic, for the suspicion of materno-foetal infection, where he had antibiotics for 48 hours. He had developed no symptoms during his hospitalization. The output's weight was 2400g which signify the loss of 630g.
Back home, he received exclusive maternal breastfeeding. On his fifth day of life, he presented multiple yellowish-watery stools (ab 12 times) and refuse feeding with apyrexia context. He had clinical signs of severe dehydration without fever or vomiting. He lost 930g relative to the birth's weight. The abdomen appeared neither tender nor distended, and the rest of his physical examination was normal. The laboratory findings revealed hypernatremia of 152mEq/L, hyperkalemia of 7,8mEq/L and severe metabolic acidosis: blood PH: 7,1, HCO3:4mEq/L. The osmotic gap was 45. There was no leukocytosis, and the serum level of C-reactive protein was normal. The infant was treated with intravenous fluids and electrolytes as well as antibiotics after obtaining blood and stool cultures, assuming an infectious etiology. After 26 hours of rehydration therapy, the dehydration resolved, however, a functional acute renal failure complicated by acidosis and hyperkalemia appeared. The chest radiograph showed ""bat wings"" pattern and the cardiothoracic index was 0, 45. The renal ultrasound showed discretely hyperechoic kidneys cortex and the absence of renal malformations.
On the 11 th day of life, he was transferred to the pediatric intensive care unit. He needed mechanical ventilation for three days and exclusive parenteral feeding by central catheter. The evolution was burdened by cholestasis due to the prolonged parenteral feeding and nosocomial infection by staphylococcus epidermidis. Since his admission, he had developed a slimy diarrhea with 3 to 4 stools per day. He presented a profuse diarrhea during each attempt to introduce enteral feeding by hydrolyzed milk formula. He was discharged after 32 days with output's weight 3250g.
The oesophago-gastro-duodenoscopy and duodenal biopsy showed partial villous atrophy associated to the brush border abnormalities. The periodic acid Schiff (PAS) stain revealed abnormalities in the brush border characterized by loss of the linear part of enterocytes with the presence of intra-cytoplasmic PAS + band in the apical pole of enterocytes uneven thickness and sometimes with double contours pattern. In the submucosa, there were numerous Brunner glands. We find the existence of numerous hemorrhagic suffusions. The CD10 immunostain was positive. Thus, a diagnosis hypothesis of MVID was raised. The electron microscopic examination confirmed the diagnosis.
Mutation analysis of peripheral blood samples of the neonate revealed a mutation at the homozygous status of MYO5B gene.
The baby died, after 97 days of life, of septic shock and multiple organ failure.
",EN100376,"<|im_start|>user Extract the entities contained in the text. Extract only entities contained in the text.
Return the result in a json format: [{""entity"":""entity_name""}]. <<There was no leukocytosis, and the serum level of C-reactive protein was normal.>>> <|im_end|><|im_start|>assistant[{""entity"": ""leukocytosis""}, {""entity"": ""level""}, {""entity"": ""leukocytosis""}, {""entity"": ""normal""}] <|im_end|>","<|im_start|>user Extract the entities contained in the text. Extract only entities contained in the text.
Return the result in a json format: [{""entity"":""entity_name""}]. <<<We present a case of a 32-year-old woman with a history of gradual enlargement of the anterior neck.>>> <|im_end|><|im_start|>assistant [{""entity"": ""present""}, {""entity"": ""history""}, {""entity"": ""enlargement""}] <|im_end|>
<|im_start|>user Extract the entities contained in the text. Extract only entities contained in the text.
Return the result in a json format: [{""entity"":""entity_name""}]. <<<Patient information: a 9-month-old boy presented to the emergency room with a 3-day history of refusal to bear weight on the right lower extremity and febrile peaks of up to 38.5°C for 24 hours.>>> <|im_end|><|im_start|>assistant [{""entity"": ""presented""}, {""entity"": ""refusal""}, {""entity"": ""bear""}, {""entity"": ""peaks""}] <|im_end|>
<|im_start|>user Extract the entities contained in the text. Extract only entities contained in the text.
Return the result in a json format: [{""entity"":""entity_name""}]. <<There was no leukocytosis, and the serum level of C-reactive protein was normal.>>> <|im_end|><|im_start|>assistant","[{""entity"": ""leukocytosis""}, {""entity"": ""level""}, {""entity"": ""leukocytosis""}, {""entity"": ""normal""}] ","[{""entity"": ""leukocytosis""}, {""entity"": ""protein""}, {""entity"": ""C-reactive""}, {""entity"":"
"The infant was treated with intravenous fluids and electrolytes as well as antibiotics after obtaining blood and stool cultures, assuming an infectious etiology.","[{'id': '8464', 'offsets': array([15, 22]), 'role': '', 'semantic_type_id': '', 'text': 'treated', 'type': 'EVENT'}
 {'id': '8479', 'offsets': array([ 93, 102]), 'role': '', 'semantic_type_id': '', 'text': 'obtaining', 'type': 'EVENT'}
 {'id': '8494', 'offsets': array([119, 127]), 'role': '', 'semantic_type_id': '', 'text': 'cultures', 'type': 'EVENT'}
 {'id': '8509', 'offsets': array([152, 160]), 'role': '', 'semantic_type_id': '', 'text': 'etiology', 'type': 'EVENT'}
 {'id': '9707', 'offsets': array([103, 108]), 'role': '', 'semantic_type_id': '', 'text': 'blood', 'type': 'BODYPART'}
 {'id': '9713', 'offsets': array([113, 118]), 'role': '', 'semantic_type_id': '', 'text': 'stool', 'type': 'BODYPART'}
 {'id': '9469', 'offsets': array([ 0, 10]), 'role': 'PATIENT', 'semantic_type_id': '', 'text': 'The infant', 'type': 'ACTOR'}]","We report a case of a male near-term neonate with gestational age of 35 weeks. He was the third born child to a 27-year-old mother with no significant past history. He was derived from a third degree consanguineous marriage. He was born by means of normal vaginal delivery with a normal extra-uterine adaptation. Meconium-stained amniotic fluid was noted. His birth weight was 3030g (75 th Percentile). The baby had normal physical examination at birth aside transitory respiratory distress. He had been hospitalized for four days in a private clinic, for the suspicion of materno-foetal infection, where he had antibiotics for 48 hours. He had developed no symptoms during his hospitalization. The output's weight was 2400g which signify the loss of 630g.
Back home, he received exclusive maternal breastfeeding. On his fifth day of life, he presented multiple yellowish-watery stools (ab 12 times) and refuse feeding with apyrexia context. He had clinical signs of severe dehydration without fever or vomiting. He lost 930g relative to the birth's weight. The abdomen appeared neither tender nor distended, and the rest of his physical examination was normal. The laboratory findings revealed hypernatremia of 152mEq/L, hyperkalemia of 7,8mEq/L and severe metabolic acidosis: blood PH: 7,1, HCO3:4mEq/L. The osmotic gap was 45. There was no leukocytosis, and the serum level of C-reactive protein was normal. The infant was treated with intravenous fluids and electrolytes as well as antibiotics after obtaining blood and stool cultures, assuming an infectious etiology. After 26 hours of rehydration therapy, the dehydration resolved, however, a functional acute renal failure complicated by acidosis and hyperkalemia appeared. The chest radiograph showed ""bat wings"" pattern and the cardiothoracic index was 0, 45. The renal ultrasound showed discretely hyperechoic kidneys cortex and the absence of renal malformations.
On the 11 th day of life, he was transferred to the pediatric intensive care unit. He needed mechanical ventilation for three days and exclusive parenteral feeding by central catheter. The evolution was burdened by cholestasis due to the prolonged parenteral feeding and nosocomial infection by staphylococcus epidermidis. Since his admission, he had developed a slimy diarrhea with 3 to 4 stools per day. He presented a profuse diarrhea during each attempt to introduce enteral feeding by hydrolyzed milk formula. He was discharged after 32 days with output's weight 3250g.
The oesophago-gastro-duodenoscopy and duodenal biopsy showed partial villous atrophy associated to the brush border abnormalities. The periodic acid Schiff (PAS) stain revealed abnormalities in the brush border characterized by loss of the linear part of enterocytes with the presence of intra-cytoplasmic PAS + band in the apical pole of enterocytes uneven thickness and sometimes with double contours pattern. In the submucosa, there were numerous Brunner glands. We find the existence of numerous hemorrhagic suffusions. The CD10 immunostain was positive. Thus, a diagnosis hypothesis of MVID was raised. The electron microscopic examination confirmed the diagnosis.
Mutation analysis of peripheral blood samples of the neonate revealed a mutation at the homozygous status of MYO5B gene.
The baby died, after 97 days of life, of septic shock and multiple organ failure.
",EN100376,"<|im_start|>user Extract the entities contained in the text. Extract only entities contained in the text.
Return the result in a json format: [{""entity"":""entity_name""}]. <<The infant was treated with intravenous fluids and electrolytes as well as antibiotics after obtaining blood and stool cultures, assuming an infectious etiology.>>> <|im_end|><|im_start|>assistant[{""entity"": ""treated""}, {""entity"": ""obtaining""}, {""entity"": ""cultures""}, {""entity"": ""etiology""}, {""entity"": ""blood""}, {""entity"": ""stool""}, {""entity"": ""The infant""}] <|im_end|>","<|im_start|>user Extract the entities contained in the text. Extract only entities contained in the text.
Return the result in a json format: [{""entity"":""entity_name""}]. <<<We present a case of a 32-year-old woman with a history of gradual enlargement of the anterior neck.>>> <|im_end|><|im_start|>assistant [{""entity"": ""present""}, {""entity"": ""history""}, {""entity"": ""enlargement""}] <|im_end|>
<|im_start|>user Extract the entities contained in the text. Extract only entities contained in the text.
Return the result in a json format: [{""entity"":""entity_name""}]. <<<Patient information: a 9-month-old boy presented to the emergency room with a 3-day history of refusal to bear weight on the right lower extremity and febrile peaks of up to 38.5°C for 24 hours.>>> <|im_end|><|im_start|>assistant [{""entity"": ""presented""}, {""entity"": ""refusal""}, {""entity"": ""bear""}, {""entity"": ""peaks""}] <|im_end|>
<|im_start|>user Extract the entities contained in the text. Extract only entities contained in the text.
Return the result in a json format: [{""entity"":""entity_name""}]. <<The infant was treated with intravenous fluids and electrolytes as well as antibiotics after obtaining blood and stool cultures, assuming an infectious etiology.>>> <|im_end|><|im_start|>assistant","[{""entity"": ""treated""}, {""entity"": ""obtaining""}, {""entity"": ""cultures""}, {""entity"": ""etiology""}, {""entity"": ""blood""}, {""entity"": ""stool""}, {""entity"": ""The infant""}] ","[{""entity"": ""treated""}, {""entity"": ""fluids""}, {""entity"": ""electrolytes""}, {""entity"": """
"After 26 hours of rehydration therapy, the dehydration resolved, however, a functional acute renal failure complicated by acidosis and hyperkalemia appeared.","[{'id': '8524', 'offsets': array([30, 37]), 'role': '', 'semantic_type_id': '', 'text': 'therapy', 'type': 'EVENT'}
 {'id': '8539', 'offsets': array([43, 54]), 'role': '', 'semantic_type_id': '', 'text': 'dehydration', 'type': 'EVENT'}
 {'id': '8554', 'offsets': array([55, 63]), 'role': '', 'semantic_type_id': '', 'text': 'resolved', 'type': 'EVENT'}
 {'id': '8569', 'offsets': array([ 99, 106]), 'role': '', 'semantic_type_id': '', 'text': 'failure', 'type': 'EVENT'}
 {'id': '8584', 'offsets': array([122, 130]), 'role': '', 'semantic_type_id': '', 'text': 'acidosis', 'type': 'EVENT'}
 {'id': '8599', 'offsets': array([135, 147]), 'role': '', 'semantic_type_id': '', 'text': 'hyperkalemia', 'type': 'EVENT'}
 {'id': '9918', 'offsets': array([43, 54]), 'role': '', 'semantic_type_id': 'C0011175', 'text': 'dehydration', 'type': 'CLINENTITY'}
 {'id': '9919', 'offsets': array([ 76, 106]), 'role': '', 'semantic_type_id': 'C3854676', 'text': 'functional acute renal failure', 'type': 'CLINENTITY'}
 {'id': '9920', 'offsets': array([122, 130]), 'role': '', 'semantic_type_id': 'C0001122', 'text': 'acidosis', 'type': 'CLINENTITY'}
 {'id': '9921', 'offsets': array([135, 147]), 'role': '', 'semantic_type_id': 'C0020461', 'text': 'hyperkalemia', 'type': 'CLINENTITY'}
 {'id': '9633', 'offsets': array([ 6, 14]), 'role': '', 'semantic_type_id': '', 'text': '26 hours', 'type': 'TIMEX3'}]","We report a case of a male near-term neonate with gestational age of 35 weeks. He was the third born child to a 27-year-old mother with no significant past history. He was derived from a third degree consanguineous marriage. He was born by means of normal vaginal delivery with a normal extra-uterine adaptation. Meconium-stained amniotic fluid was noted. His birth weight was 3030g (75 th Percentile). The baby had normal physical examination at birth aside transitory respiratory distress. He had been hospitalized for four days in a private clinic, for the suspicion of materno-foetal infection, where he had antibiotics for 48 hours. He had developed no symptoms during his hospitalization. The output's weight was 2400g which signify the loss of 630g.
Back home, he received exclusive maternal breastfeeding. On his fifth day of life, he presented multiple yellowish-watery stools (ab 12 times) and refuse feeding with apyrexia context. He had clinical signs of severe dehydration without fever or vomiting. He lost 930g relative to the birth's weight. The abdomen appeared neither tender nor distended, and the rest of his physical examination was normal. The laboratory findings revealed hypernatremia of 152mEq/L, hyperkalemia of 7,8mEq/L and severe metabolic acidosis: blood PH: 7,1, HCO3:4mEq/L. The osmotic gap was 45. There was no leukocytosis, and the serum level of C-reactive protein was normal. The infant was treated with intravenous fluids and electrolytes as well as antibiotics after obtaining blood and stool cultures, assuming an infectious etiology. After 26 hours of rehydration therapy, the dehydration resolved, however, a functional acute renal failure complicated by acidosis and hyperkalemia appeared. The chest radiograph showed ""bat wings"" pattern and the cardiothoracic index was 0, 45. The renal ultrasound showed discretely hyperechoic kidneys cortex and the absence of renal malformations.
On the 11 th day of life, he was transferred to the pediatric intensive care unit. He needed mechanical ventilation for three days and exclusive parenteral feeding by central catheter. The evolution was burdened by cholestasis due to the prolonged parenteral feeding and nosocomial infection by staphylococcus epidermidis. Since his admission, he had developed a slimy diarrhea with 3 to 4 stools per day. He presented a profuse diarrhea during each attempt to introduce enteral feeding by hydrolyzed milk formula. He was discharged after 32 days with output's weight 3250g.
The oesophago-gastro-duodenoscopy and duodenal biopsy showed partial villous atrophy associated to the brush border abnormalities. The periodic acid Schiff (PAS) stain revealed abnormalities in the brush border characterized by loss of the linear part of enterocytes with the presence of intra-cytoplasmic PAS + band in the apical pole of enterocytes uneven thickness and sometimes with double contours pattern. In the submucosa, there were numerous Brunner glands. We find the existence of numerous hemorrhagic suffusions. The CD10 immunostain was positive. Thus, a diagnosis hypothesis of MVID was raised. The electron microscopic examination confirmed the diagnosis.
Mutation analysis of peripheral blood samples of the neonate revealed a mutation at the homozygous status of MYO5B gene.
The baby died, after 97 days of life, of septic shock and multiple organ failure.
",EN100376,"<|im_start|>user Extract the entities contained in the text. Extract only entities contained in the text.
Return the result in a json format: [{""entity"":""entity_name""}]. <<After 26 hours of rehydration therapy, the dehydration resolved, however, a functional acute renal failure complicated by acidosis and hyperkalemia appeared.>>> <|im_end|><|im_start|>assistant[{""entity"": ""therapy""}, {""entity"": ""dehydration""}, {""entity"": ""resolved""}, {""entity"": ""failure""}, {""entity"": ""acidosis""}, {""entity"": ""hyperkalemia""}, {""entity"": ""dehydration""}, {""entity"": ""functional acute renal failure""}, {""entity"": ""acidosis""}, {""entity"": ""hyperkalemia""}, {""entity"": ""26 hours""}] <|im_end|>","<|im_start|>user Extract the entities contained in the text. Extract only entities contained in the text.
Return the result in a json format: [{""entity"":""entity_name""}]. <<<We present a case of a 32-year-old woman with a history of gradual enlargement of the anterior neck.>>> <|im_end|><|im_start|>assistant [{""entity"": ""present""}, {""entity"": ""history""}, {""entity"": ""enlargement""}] <|im_end|>
<|im_start|>user Extract the entities contained in the text. Extract only entities contained in the text.
Return the result in a json format: [{""entity"":""entity_name""}]. <<<Patient information: a 9-month-old boy presented to the emergency room with a 3-day history of refusal to bear weight on the right lower extremity and febrile peaks of up to 38.5°C for 24 hours.>>> <|im_end|><|im_start|>assistant [{""entity"": ""presented""}, {""entity"": ""refusal""}, {""entity"": ""bear""}, {""entity"": ""peaks""}] <|im_end|>
<|im_start|>user Extract the entities contained in the text. Extract only entities contained in the text.
Return the result in a json format: [{""entity"":""entity_name""}]. <<After 26 hours of rehydration therapy, the dehydration resolved, however, a functional acute renal failure complicated by acidosis and hyperkalemia appeared.>>> <|im_end|><|im_start|>assistant","[{""entity"": ""therapy""}, {""entity"": ""dehydration""}, {""entity"": ""resolved""}, {""entity"": ""failure""}, {""entity"": ""acidosis""}, {""entity"": ""hyperkalemia""}, {""entity"": ""dehydration""}, {""entity"": ""functional acute renal failure""}, {""entity"": ""acidosis""}, {""entity"": ""hyperkalemia""}, {""entity"": ""26 hours""}] ","[{""entity"": ""therapy""}, {""entity"": ""resolved""}, {""entity"": ""failure""}, {""entity"": ""complicated""}, {""entity"
"The chest radiograph showed ""bat wings"" pattern and the cardiothoracic index was 0, 45.","[{'id': '8614', 'offsets': array([10, 20]), 'role': '', 'semantic_type_id': '', 'text': 'radiograph', 'type': 'EVENT'}
 {'id': '8629', 'offsets': array([21, 27]), 'role': '', 'semantic_type_id': '', 'text': 'showed', 'type': 'EVENT'}
 {'id': '8644', 'offsets': array([40, 47]), 'role': '', 'semantic_type_id': '', 'text': 'pattern', 'type': 'EVENT'}
 {'id': '8659', 'offsets': array([71, 76]), 'role': '', 'semantic_type_id': '', 'text': 'index', 'type': 'EVENT'}
 {'id': '9719', 'offsets': array([4, 9]), 'role': '', 'semantic_type_id': '', 'text': 'chest', 'type': 'BODYPART'}
 {'id': '9579', 'offsets': array([81, 86]), 'role': '', 'semantic_type_id': '', 'text': '0, 45', 'type': 'RML'}]","We report a case of a male near-term neonate with gestational age of 35 weeks. He was the third born child to a 27-year-old mother with no significant past history. He was derived from a third degree consanguineous marriage. He was born by means of normal vaginal delivery with a normal extra-uterine adaptation. Meconium-stained amniotic fluid was noted. His birth weight was 3030g (75 th Percentile). The baby had normal physical examination at birth aside transitory respiratory distress. He had been hospitalized for four days in a private clinic, for the suspicion of materno-foetal infection, where he had antibiotics for 48 hours. He had developed no symptoms during his hospitalization. The output's weight was 2400g which signify the loss of 630g.
Back home, he received exclusive maternal breastfeeding. On his fifth day of life, he presented multiple yellowish-watery stools (ab 12 times) and refuse feeding with apyrexia context. He had clinical signs of severe dehydration without fever or vomiting. He lost 930g relative to the birth's weight. The abdomen appeared neither tender nor distended, and the rest of his physical examination was normal. The laboratory findings revealed hypernatremia of 152mEq/L, hyperkalemia of 7,8mEq/L and severe metabolic acidosis: blood PH: 7,1, HCO3:4mEq/L. The osmotic gap was 45. There was no leukocytosis, and the serum level of C-reactive protein was normal. The infant was treated with intravenous fluids and electrolytes as well as antibiotics after obtaining blood and stool cultures, assuming an infectious etiology. After 26 hours of rehydration therapy, the dehydration resolved, however, a functional acute renal failure complicated by acidosis and hyperkalemia appeared. The chest radiograph showed ""bat wings"" pattern and the cardiothoracic index was 0, 45. The renal ultrasound showed discretely hyperechoic kidneys cortex and the absence of renal malformations.
On the 11 th day of life, he was transferred to the pediatric intensive care unit. He needed mechanical ventilation for three days and exclusive parenteral feeding by central catheter. The evolution was burdened by cholestasis due to the prolonged parenteral feeding and nosocomial infection by staphylococcus epidermidis. Since his admission, he had developed a slimy diarrhea with 3 to 4 stools per day. He presented a profuse diarrhea during each attempt to introduce enteral feeding by hydrolyzed milk formula. He was discharged after 32 days with output's weight 3250g.
The oesophago-gastro-duodenoscopy and duodenal biopsy showed partial villous atrophy associated to the brush border abnormalities. The periodic acid Schiff (PAS) stain revealed abnormalities in the brush border characterized by loss of the linear part of enterocytes with the presence of intra-cytoplasmic PAS + band in the apical pole of enterocytes uneven thickness and sometimes with double contours pattern. In the submucosa, there were numerous Brunner glands. We find the existence of numerous hemorrhagic suffusions. The CD10 immunostain was positive. Thus, a diagnosis hypothesis of MVID was raised. The electron microscopic examination confirmed the diagnosis.
Mutation analysis of peripheral blood samples of the neonate revealed a mutation at the homozygous status of MYO5B gene.
The baby died, after 97 days of life, of septic shock and multiple organ failure.
",EN100376,"<|im_start|>user Extract the entities contained in the text. Extract only entities contained in the text.
Return the result in a json format: [{""entity"":""entity_name""}]. <<The chest radiograph showed ""bat wings"" pattern and the cardiothoracic index was 0, 45.>>> <|im_end|><|im_start|>assistant[{""entity"": ""radiograph""}, {""entity"": ""showed""}, {""entity"": ""pattern""}, {""entity"": ""index""}, {""entity"": ""chest""}, {""entity"": ""0, 45""}] <|im_end|>","<|im_start|>user Extract the entities contained in the text. Extract only entities contained in the text.
Return the result in a json format: [{""entity"":""entity_name""}]. <<<We present a case of a 32-year-old woman with a history of gradual enlargement of the anterior neck.>>> <|im_end|><|im_start|>assistant [{""entity"": ""present""}, {""entity"": ""history""}, {""entity"": ""enlargement""}] <|im_end|>
<|im_start|>user Extract the entities contained in the text. Extract only entities contained in the text.
Return the result in a json format: [{""entity"":""entity_name""}]. <<<Patient information: a 9-month-old boy presented to the emergency room with a 3-day history of refusal to bear weight on the right lower extremity and febrile peaks of up to 38.5°C for 24 hours.>>> <|im_end|><|im_start|>assistant [{""entity"": ""presented""}, {""entity"": ""refusal""}, {""entity"": ""bear""}, {""entity"": ""peaks""}] <|im_end|>
<|im_start|>user Extract the entities contained in the text. Extract only entities contained in the text.
Return the result in a json format: [{""entity"":""entity_name""}]. <<The chest radiograph showed ""bat wings"" pattern and the cardiothoracic index was 0, 45.>>> <|im_end|><|im_start|>assistant","[{""entity"": ""radiograph""}, {""entity"": ""showed""}, {""entity"": ""pattern""}, {""entity"": ""index""}, {""entity"": ""chest""}, {""entity"": ""0, 45""}] ","[{""entity"": ""radiograph""}, {""entity"": ""showed""}, {""entity"": ""pattern""}, {""entity"": ""index""}, {"""
"On the 11 th day of life, he was transferred to the pediatric intensive care unit.","[{'id': '8719', 'offsets': array([33, 44]), 'role': '', 'semantic_type_id': '', 'text': 'transferred', 'type': 'EVENT'}
 {'id': '9642', 'offsets': array([ 3, 24]), 'role': '', 'semantic_type_id': '', 'text': 'the 11 th day of life', 'type': 'TIMEX3'}]","We report a case of a male near-term neonate with gestational age of 35 weeks. He was the third born child to a 27-year-old mother with no significant past history. He was derived from a third degree consanguineous marriage. He was born by means of normal vaginal delivery with a normal extra-uterine adaptation. Meconium-stained amniotic fluid was noted. His birth weight was 3030g (75 th Percentile). The baby had normal physical examination at birth aside transitory respiratory distress. He had been hospitalized for four days in a private clinic, for the suspicion of materno-foetal infection, where he had antibiotics for 48 hours. He had developed no symptoms during his hospitalization. The output's weight was 2400g which signify the loss of 630g.
Back home, he received exclusive maternal breastfeeding. On his fifth day of life, he presented multiple yellowish-watery stools (ab 12 times) and refuse feeding with apyrexia context. He had clinical signs of severe dehydration without fever or vomiting. He lost 930g relative to the birth's weight. The abdomen appeared neither tender nor distended, and the rest of his physical examination was normal. The laboratory findings revealed hypernatremia of 152mEq/L, hyperkalemia of 7,8mEq/L and severe metabolic acidosis: blood PH: 7,1, HCO3:4mEq/L. The osmotic gap was 45. There was no leukocytosis, and the serum level of C-reactive protein was normal. The infant was treated with intravenous fluids and electrolytes as well as antibiotics after obtaining blood and stool cultures, assuming an infectious etiology. After 26 hours of rehydration therapy, the dehydration resolved, however, a functional acute renal failure complicated by acidosis and hyperkalemia appeared. The chest radiograph showed ""bat wings"" pattern and the cardiothoracic index was 0, 45. The renal ultrasound showed discretely hyperechoic kidneys cortex and the absence of renal malformations.
On the 11 th day of life, he was transferred to the pediatric intensive care unit. He needed mechanical ventilation for three days and exclusive parenteral feeding by central catheter. The evolution was burdened by cholestasis due to the prolonged parenteral feeding and nosocomial infection by staphylococcus epidermidis. Since his admission, he had developed a slimy diarrhea with 3 to 4 stools per day. He presented a profuse diarrhea during each attempt to introduce enteral feeding by hydrolyzed milk formula. He was discharged after 32 days with output's weight 3250g.
The oesophago-gastro-duodenoscopy and duodenal biopsy showed partial villous atrophy associated to the brush border abnormalities. The periodic acid Schiff (PAS) stain revealed abnormalities in the brush border characterized by loss of the linear part of enterocytes with the presence of intra-cytoplasmic PAS + band in the apical pole of enterocytes uneven thickness and sometimes with double contours pattern. In the submucosa, there were numerous Brunner glands. We find the existence of numerous hemorrhagic suffusions. The CD10 immunostain was positive. Thus, a diagnosis hypothesis of MVID was raised. The electron microscopic examination confirmed the diagnosis.
Mutation analysis of peripheral blood samples of the neonate revealed a mutation at the homozygous status of MYO5B gene.
The baby died, after 97 days of life, of septic shock and multiple organ failure.
",EN100376,"<|im_start|>user Extract the entities contained in the text. Extract only entities contained in the text.
Return the result in a json format: [{""entity"":""entity_name""}]. <<On the 11 th day of life, he was transferred to the pediatric intensive care unit.>>> <|im_end|><|im_start|>assistant[{""entity"": ""transferred""}, {""entity"": ""the 11 th day of life""}] <|im_end|>","<|im_start|>user Extract the entities contained in the text. Extract only entities contained in the text.
Return the result in a json format: [{""entity"":""entity_name""}]. <<<We present a case of a 32-year-old woman with a history of gradual enlargement of the anterior neck.>>> <|im_end|><|im_start|>assistant [{""entity"": ""present""}, {""entity"": ""history""}, {""entity"": ""enlargement""}] <|im_end|>
<|im_start|>user Extract the entities contained in the text. Extract only entities contained in the text.
Return the result in a json format: [{""entity"":""entity_name""}]. <<<Patient information: a 9-month-old boy presented to the emergency room with a 3-day history of refusal to bear weight on the right lower extremity and febrile peaks of up to 38.5°C for 24 hours.>>> <|im_end|><|im_start|>assistant [{""entity"": ""presented""}, {""entity"": ""refusal""}, {""entity"": ""bear""}, {""entity"": ""peaks""}] <|im_end|>
<|im_start|>user Extract the entities contained in the text. Extract only entities contained in the text.
Return the result in a json format: [{""entity"":""entity_name""}]. <<On the 11 th day of life, he was transferred to the pediatric intensive care unit.>>> <|im_end|><|im_start|>assistant","[{""entity"": ""transferred""}, {""entity"": ""the 11 th day of life""}] ","[{""entity"": ""transferred""}, {""entity"": ""he""}, {""entity"": ""11 th day of life""}] <|im_end|>"
He needed mechanical ventilation for three days and exclusive parenteral feeding by central catheter.,"[{'id': '8734', 'offsets': array([3, 9]), 'role': '', 'semantic_type_id': '', 'text': 'needed', 'type': 'EVENT'}
 {'id': '8749', 'offsets': array([21, 32]), 'role': '', 'semantic_type_id': '', 'text': 'ventilation', 'type': 'EVENT'}
 {'id': '8764', 'offsets': array([73, 80]), 'role': '', 'semantic_type_id': '', 'text': 'feeding', 'type': 'EVENT'}
 {'id': '9476', 'offsets': array([0, 2]), 'role': 'PATIENT', 'semantic_type_id': '', 'text': 'He', 'type': 'ACTOR'}
 {'id': '9651', 'offsets': array([37, 47]), 'role': '', 'semantic_type_id': '', 'text': 'three days', 'type': 'TIMEX3'}]","We report a case of a male near-term neonate with gestational age of 35 weeks. He was the third born child to a 27-year-old mother with no significant past history. He was derived from a third degree consanguineous marriage. He was born by means of normal vaginal delivery with a normal extra-uterine adaptation. Meconium-stained amniotic fluid was noted. His birth weight was 3030g (75 th Percentile). The baby had normal physical examination at birth aside transitory respiratory distress. He had been hospitalized for four days in a private clinic, for the suspicion of materno-foetal infection, where he had antibiotics for 48 hours. He had developed no symptoms during his hospitalization. The output's weight was 2400g which signify the loss of 630g.
Back home, he received exclusive maternal breastfeeding. On his fifth day of life, he presented multiple yellowish-watery stools (ab 12 times) and refuse feeding with apyrexia context. He had clinical signs of severe dehydration without fever or vomiting. He lost 930g relative to the birth's weight. The abdomen appeared neither tender nor distended, and the rest of his physical examination was normal. The laboratory findings revealed hypernatremia of 152mEq/L, hyperkalemia of 7,8mEq/L and severe metabolic acidosis: blood PH: 7,1, HCO3:4mEq/L. The osmotic gap was 45. There was no leukocytosis, and the serum level of C-reactive protein was normal. The infant was treated with intravenous fluids and electrolytes as well as antibiotics after obtaining blood and stool cultures, assuming an infectious etiology. After 26 hours of rehydration therapy, the dehydration resolved, however, a functional acute renal failure complicated by acidosis and hyperkalemia appeared. The chest radiograph showed ""bat wings"" pattern and the cardiothoracic index was 0, 45. The renal ultrasound showed discretely hyperechoic kidneys cortex and the absence of renal malformations.
On the 11 th day of life, he was transferred to the pediatric intensive care unit. He needed mechanical ventilation for three days and exclusive parenteral feeding by central catheter. The evolution was burdened by cholestasis due to the prolonged parenteral feeding and nosocomial infection by staphylococcus epidermidis. Since his admission, he had developed a slimy diarrhea with 3 to 4 stools per day. He presented a profuse diarrhea during each attempt to introduce enteral feeding by hydrolyzed milk formula. He was discharged after 32 days with output's weight 3250g.
The oesophago-gastro-duodenoscopy and duodenal biopsy showed partial villous atrophy associated to the brush border abnormalities. The periodic acid Schiff (PAS) stain revealed abnormalities in the brush border characterized by loss of the linear part of enterocytes with the presence of intra-cytoplasmic PAS + band in the apical pole of enterocytes uneven thickness and sometimes with double contours pattern. In the submucosa, there were numerous Brunner glands. We find the existence of numerous hemorrhagic suffusions. The CD10 immunostain was positive. Thus, a diagnosis hypothesis of MVID was raised. The electron microscopic examination confirmed the diagnosis.
Mutation analysis of peripheral blood samples of the neonate revealed a mutation at the homozygous status of MYO5B gene.
The baby died, after 97 days of life, of septic shock and multiple organ failure.
",EN100376,"<|im_start|>user Extract the entities contained in the text. Extract only entities contained in the text.
Return the result in a json format: [{""entity"":""entity_name""}]. <<He needed mechanical ventilation for three days and exclusive parenteral feeding by central catheter.>>> <|im_end|><|im_start|>assistant[{""entity"": ""needed""}, {""entity"": ""ventilation""}, {""entity"": ""feeding""}, {""entity"": ""He""}, {""entity"": ""three days""}] <|im_end|>","<|im_start|>user Extract the entities contained in the text. Extract only entities contained in the text.
Return the result in a json format: [{""entity"":""entity_name""}]. <<<We present a case of a 32-year-old woman with a history of gradual enlargement of the anterior neck.>>> <|im_end|><|im_start|>assistant [{""entity"": ""present""}, {""entity"": ""history""}, {""entity"": ""enlargement""}] <|im_end|>
<|im_start|>user Extract the entities contained in the text. Extract only entities contained in the text.
Return the result in a json format: [{""entity"":""entity_name""}]. <<<Patient information: a 9-month-old boy presented to the emergency room with a 3-day history of refusal to bear weight on the right lower extremity and febrile peaks of up to 38.5°C for 24 hours.>>> <|im_end|><|im_start|>assistant [{""entity"": ""presented""}, {""entity"": ""refusal""}, {""entity"": ""bear""}, {""entity"": ""peaks""}] <|im_end|>
<|im_start|>user Extract the entities contained in the text. Extract only entities contained in the text.
Return the result in a json format: [{""entity"":""entity_name""}]. <<He needed mechanical ventilation for three days and exclusive parenteral feeding by central catheter.>>> <|im_end|><|im_start|>assistant","[{""entity"": ""needed""}, {""entity"": ""ventilation""}, {""entity"": ""feeding""}, {""entity"": ""He""}, {""entity"": ""three days""}] ","[{""entity"": ""ventilation""}, {""entity"": ""feeding""}, {""entity"": ""central catheter""}, {""entity"": ""He""},"
The evolution was burdened by cholestasis due to the prolonged parenteral feeding and nosocomial infection by staphylococcus epidermidis.,"[{'id': '8779', 'offsets': array([ 4, 13]), 'role': '', 'semantic_type_id': '', 'text': 'evolution', 'type': 'EVENT'}
 {'id': '8794', 'offsets': array([18, 26]), 'role': '', 'semantic_type_id': '', 'text': 'burdened', 'type': 'EVENT'}
 {'id': '8809', 'offsets': array([30, 41]), 'role': '', 'semantic_type_id': '', 'text': 'cholestasis', 'type': 'EVENT'}
 {'id': '8824', 'offsets': array([74, 81]), 'role': '', 'semantic_type_id': '', 'text': 'feeding', 'type': 'EVENT'}
 {'id': '8839', 'offsets': array([ 97, 106]), 'role': '', 'semantic_type_id': '', 'text': 'infection', 'type': 'EVENT'}]","We report a case of a male near-term neonate with gestational age of 35 weeks. He was the third born child to a 27-year-old mother with no significant past history. He was derived from a third degree consanguineous marriage. He was born by means of normal vaginal delivery with a normal extra-uterine adaptation. Meconium-stained amniotic fluid was noted. His birth weight was 3030g (75 th Percentile). The baby had normal physical examination at birth aside transitory respiratory distress. He had been hospitalized for four days in a private clinic, for the suspicion of materno-foetal infection, where he had antibiotics for 48 hours. He had developed no symptoms during his hospitalization. The output's weight was 2400g which signify the loss of 630g.
Back home, he received exclusive maternal breastfeeding. On his fifth day of life, he presented multiple yellowish-watery stools (ab 12 times) and refuse feeding with apyrexia context. He had clinical signs of severe dehydration without fever or vomiting. He lost 930g relative to the birth's weight. The abdomen appeared neither tender nor distended, and the rest of his physical examination was normal. The laboratory findings revealed hypernatremia of 152mEq/L, hyperkalemia of 7,8mEq/L and severe metabolic acidosis: blood PH: 7,1, HCO3:4mEq/L. The osmotic gap was 45. There was no leukocytosis, and the serum level of C-reactive protein was normal. The infant was treated with intravenous fluids and electrolytes as well as antibiotics after obtaining blood and stool cultures, assuming an infectious etiology. After 26 hours of rehydration therapy, the dehydration resolved, however, a functional acute renal failure complicated by acidosis and hyperkalemia appeared. The chest radiograph showed ""bat wings"" pattern and the cardiothoracic index was 0, 45. The renal ultrasound showed discretely hyperechoic kidneys cortex and the absence of renal malformations.
On the 11 th day of life, he was transferred to the pediatric intensive care unit. He needed mechanical ventilation for three days and exclusive parenteral feeding by central catheter. The evolution was burdened by cholestasis due to the prolonged parenteral feeding and nosocomial infection by staphylococcus epidermidis. Since his admission, he had developed a slimy diarrhea with 3 to 4 stools per day. He presented a profuse diarrhea during each attempt to introduce enteral feeding by hydrolyzed milk formula. He was discharged after 32 days with output's weight 3250g.
The oesophago-gastro-duodenoscopy and duodenal biopsy showed partial villous atrophy associated to the brush border abnormalities. The periodic acid Schiff (PAS) stain revealed abnormalities in the brush border characterized by loss of the linear part of enterocytes with the presence of intra-cytoplasmic PAS + band in the apical pole of enterocytes uneven thickness and sometimes with double contours pattern. In the submucosa, there were numerous Brunner glands. We find the existence of numerous hemorrhagic suffusions. The CD10 immunostain was positive. Thus, a diagnosis hypothesis of MVID was raised. The electron microscopic examination confirmed the diagnosis.
Mutation analysis of peripheral blood samples of the neonate revealed a mutation at the homozygous status of MYO5B gene.
The baby died, after 97 days of life, of septic shock and multiple organ failure.
",EN100376,"<|im_start|>user Extract the entities contained in the text. Extract only entities contained in the text.
Return the result in a json format: [{""entity"":""entity_name""}]. <<The evolution was burdened by cholestasis due to the prolonged parenteral feeding and nosocomial infection by staphylococcus epidermidis.>>> <|im_end|><|im_start|>assistant[{""entity"": ""evolution""}, {""entity"": ""burdened""}, {""entity"": ""cholestasis""}, {""entity"": ""feeding""}, {""entity"": ""infection""}] <|im_end|>","<|im_start|>user Extract the entities contained in the text. Extract only entities contained in the text.
Return the result in a json format: [{""entity"":""entity_name""}]. <<<We present a case of a 32-year-old woman with a history of gradual enlargement of the anterior neck.>>> <|im_end|><|im_start|>assistant [{""entity"": ""present""}, {""entity"": ""history""}, {""entity"": ""enlargement""}] <|im_end|>
<|im_start|>user Extract the entities contained in the text. Extract only entities contained in the text.
Return the result in a json format: [{""entity"":""entity_name""}]. <<<Patient information: a 9-month-old boy presented to the emergency room with a 3-day history of refusal to bear weight on the right lower extremity and febrile peaks of up to 38.5°C for 24 hours.>>> <|im_end|><|im_start|>assistant [{""entity"": ""presented""}, {""entity"": ""refusal""}, {""entity"": ""bear""}, {""entity"": ""peaks""}] <|im_end|>
<|im_start|>user Extract the entities contained in the text. Extract only entities contained in the text.
Return the result in a json format: [{""entity"":""entity_name""}]. <<The evolution was burdened by cholestasis due to the prolonged parenteral feeding and nosocomial infection by staphylococcus epidermidis.>>> <|im_end|><|im_start|>assistant","[{""entity"": ""evolution""}, {""entity"": ""burdened""}, {""entity"": ""cholestasis""}, {""entity"": ""feeding""}, {""entity"": ""infection""}] ","[{""entity"": ""evolution""}, {""entity"": ""cholestasis""}, {""entity"": ""feeding""}, {""entity"": ""infection"
He presented a profuse diarrhea during each attempt to introduce enteral feeding by hydrolyzed milk formula.,"[{'id': '8899', 'offsets': array([23, 31]), 'role': '', 'semantic_type_id': '', 'text': 'diarrhea', 'type': 'EVENT'}
 {'id': '8914', 'offsets': array([44, 51]), 'role': '', 'semantic_type_id': '', 'text': 'attempt', 'type': 'EVENT'}
 {'id': '8929', 'offsets': array([55, 64]), 'role': '', 'semantic_type_id': '', 'text': 'introduce', 'type': 'EVENT'}
 {'id': '8944', 'offsets': array([73, 80]), 'role': '', 'semantic_type_id': '', 'text': 'feeding', 'type': 'EVENT'}
 {'id': '9923', 'offsets': array([23, 31]), 'role': '', 'semantic_type_id': 'C0011991', 'text': 'diarrhea', 'type': 'CLINENTITY'}
 {'id': '9490', 'offsets': array([0, 2]), 'role': 'PATIENT', 'semantic_type_id': '', 'text': 'He', 'type': 'ACTOR'}]","We report a case of a male near-term neonate with gestational age of 35 weeks. He was the third born child to a 27-year-old mother with no significant past history. He was derived from a third degree consanguineous marriage. He was born by means of normal vaginal delivery with a normal extra-uterine adaptation. Meconium-stained amniotic fluid was noted. His birth weight was 3030g (75 th Percentile). The baby had normal physical examination at birth aside transitory respiratory distress. He had been hospitalized for four days in a private clinic, for the suspicion of materno-foetal infection, where he had antibiotics for 48 hours. He had developed no symptoms during his hospitalization. The output's weight was 2400g which signify the loss of 630g.
Back home, he received exclusive maternal breastfeeding. On his fifth day of life, he presented multiple yellowish-watery stools (ab 12 times) and refuse feeding with apyrexia context. He had clinical signs of severe dehydration without fever or vomiting. He lost 930g relative to the birth's weight. The abdomen appeared neither tender nor distended, and the rest of his physical examination was normal. The laboratory findings revealed hypernatremia of 152mEq/L, hyperkalemia of 7,8mEq/L and severe metabolic acidosis: blood PH: 7,1, HCO3:4mEq/L. The osmotic gap was 45. There was no leukocytosis, and the serum level of C-reactive protein was normal. The infant was treated with intravenous fluids and electrolytes as well as antibiotics after obtaining blood and stool cultures, assuming an infectious etiology. After 26 hours of rehydration therapy, the dehydration resolved, however, a functional acute renal failure complicated by acidosis and hyperkalemia appeared. The chest radiograph showed ""bat wings"" pattern and the cardiothoracic index was 0, 45. The renal ultrasound showed discretely hyperechoic kidneys cortex and the absence of renal malformations.
On the 11 th day of life, he was transferred to the pediatric intensive care unit. He needed mechanical ventilation for three days and exclusive parenteral feeding by central catheter. The evolution was burdened by cholestasis due to the prolonged parenteral feeding and nosocomial infection by staphylococcus epidermidis. Since his admission, he had developed a slimy diarrhea with 3 to 4 stools per day. He presented a profuse diarrhea during each attempt to introduce enteral feeding by hydrolyzed milk formula. He was discharged after 32 days with output's weight 3250g.
The oesophago-gastro-duodenoscopy and duodenal biopsy showed partial villous atrophy associated to the brush border abnormalities. The periodic acid Schiff (PAS) stain revealed abnormalities in the brush border characterized by loss of the linear part of enterocytes with the presence of intra-cytoplasmic PAS + band in the apical pole of enterocytes uneven thickness and sometimes with double contours pattern. In the submucosa, there were numerous Brunner glands. We find the existence of numerous hemorrhagic suffusions. The CD10 immunostain was positive. Thus, a diagnosis hypothesis of MVID was raised. The electron microscopic examination confirmed the diagnosis.
Mutation analysis of peripheral blood samples of the neonate revealed a mutation at the homozygous status of MYO5B gene.
The baby died, after 97 days of life, of septic shock and multiple organ failure.
",EN100376,"<|im_start|>user Extract the entities contained in the text. Extract only entities contained in the text.
Return the result in a json format: [{""entity"":""entity_name""}]. <<He presented a profuse diarrhea during each attempt to introduce enteral feeding by hydrolyzed milk formula.>>> <|im_end|><|im_start|>assistant[{""entity"": ""diarrhea""}, {""entity"": ""attempt""}, {""entity"": ""introduce""}, {""entity"": ""feeding""}, {""entity"": ""diarrhea""}, {""entity"": ""He""}] <|im_end|>","<|im_start|>user Extract the entities contained in the text. Extract only entities contained in the text.
Return the result in a json format: [{""entity"":""entity_name""}]. <<<We present a case of a 32-year-old woman with a history of gradual enlargement of the anterior neck.>>> <|im_end|><|im_start|>assistant [{""entity"": ""present""}, {""entity"": ""history""}, {""entity"": ""enlargement""}] <|im_end|>
<|im_start|>user Extract the entities contained in the text. Extract only entities contained in the text.
Return the result in a json format: [{""entity"":""entity_name""}]. <<<Patient information: a 9-month-old boy presented to the emergency room with a 3-day history of refusal to bear weight on the right lower extremity and febrile peaks of up to 38.5°C for 24 hours.>>> <|im_end|><|im_start|>assistant [{""entity"": ""presented""}, {""entity"": ""refusal""}, {""entity"": ""bear""}, {""entity"": ""peaks""}] <|im_end|>
<|im_start|>user Extract the entities contained in the text. Extract only entities contained in the text.
Return the result in a json format: [{""entity"":""entity_name""}]. <<He presented a profuse diarrhea during each attempt to introduce enteral feeding by hydrolyzed milk formula.>>> <|im_end|><|im_start|>assistant","[{""entity"": ""diarrhea""}, {""entity"": ""attempt""}, {""entity"": ""introduce""}, {""entity"": ""feeding""}, {""entity"": ""diarrhea""}, {""entity"": ""He""}] ","[{""entity"": ""diarrhea""}, {""entity"": ""introduce""}, {""entity"": ""feeding""}, {""entity"": ""diarr"
He was discharged after 32 days with output's weight 3250g.,"[{'id': '8959', 'offsets': array([ 7, 17]), 'role': '', 'semantic_type_id': '', 'text': 'discharged', 'type': 'EVENT'}
 {'id': '8974', 'offsets': array([46, 52]), 'role': '', 'semantic_type_id': '', 'text': 'weight', 'type': 'EVENT'}
 {'id': '9497', 'offsets': array([0, 2]), 'role': 'PATIENT', 'semantic_type_id': '', 'text': 'He', 'type': 'ACTOR'}
 {'id': '9585', 'offsets': array([53, 58]), 'role': '', 'semantic_type_id': '', 'text': '3250g', 'type': 'RML'}
 {'id': '9671', 'offsets': array([24, 31]), 'role': '', 'semantic_type_id': '', 'text': '32 days', 'type': 'TIMEX3'}]","We report a case of a male near-term neonate with gestational age of 35 weeks. He was the third born child to a 27-year-old mother with no significant past history. He was derived from a third degree consanguineous marriage. He was born by means of normal vaginal delivery with a normal extra-uterine adaptation. Meconium-stained amniotic fluid was noted. His birth weight was 3030g (75 th Percentile). The baby had normal physical examination at birth aside transitory respiratory distress. He had been hospitalized for four days in a private clinic, for the suspicion of materno-foetal infection, where he had antibiotics for 48 hours. He had developed no symptoms during his hospitalization. The output's weight was 2400g which signify the loss of 630g.
Back home, he received exclusive maternal breastfeeding. On his fifth day of life, he presented multiple yellowish-watery stools (ab 12 times) and refuse feeding with apyrexia context. He had clinical signs of severe dehydration without fever or vomiting. He lost 930g relative to the birth's weight. The abdomen appeared neither tender nor distended, and the rest of his physical examination was normal. The laboratory findings revealed hypernatremia of 152mEq/L, hyperkalemia of 7,8mEq/L and severe metabolic acidosis: blood PH: 7,1, HCO3:4mEq/L. The osmotic gap was 45. There was no leukocytosis, and the serum level of C-reactive protein was normal. The infant was treated with intravenous fluids and electrolytes as well as antibiotics after obtaining blood and stool cultures, assuming an infectious etiology. After 26 hours of rehydration therapy, the dehydration resolved, however, a functional acute renal failure complicated by acidosis and hyperkalemia appeared. The chest radiograph showed ""bat wings"" pattern and the cardiothoracic index was 0, 45. The renal ultrasound showed discretely hyperechoic kidneys cortex and the absence of renal malformations.
On the 11 th day of life, he was transferred to the pediatric intensive care unit. He needed mechanical ventilation for three days and exclusive parenteral feeding by central catheter. The evolution was burdened by cholestasis due to the prolonged parenteral feeding and nosocomial infection by staphylococcus epidermidis. Since his admission, he had developed a slimy diarrhea with 3 to 4 stools per day. He presented a profuse diarrhea during each attempt to introduce enteral feeding by hydrolyzed milk formula. He was discharged after 32 days with output's weight 3250g.
The oesophago-gastro-duodenoscopy and duodenal biopsy showed partial villous atrophy associated to the brush border abnormalities. The periodic acid Schiff (PAS) stain revealed abnormalities in the brush border characterized by loss of the linear part of enterocytes with the presence of intra-cytoplasmic PAS + band in the apical pole of enterocytes uneven thickness and sometimes with double contours pattern. In the submucosa, there were numerous Brunner glands. We find the existence of numerous hemorrhagic suffusions. The CD10 immunostain was positive. Thus, a diagnosis hypothesis of MVID was raised. The electron microscopic examination confirmed the diagnosis.
Mutation analysis of peripheral blood samples of the neonate revealed a mutation at the homozygous status of MYO5B gene.
The baby died, after 97 days of life, of septic shock and multiple organ failure.
",EN100376,"<|im_start|>user Extract the entities contained in the text. Extract only entities contained in the text.
Return the result in a json format: [{""entity"":""entity_name""}]. <<He was discharged after 32 days with output's weight 3250g.>>> <|im_end|><|im_start|>assistant[{""entity"": ""discharged""}, {""entity"": ""weight""}, {""entity"": ""He""}, {""entity"": ""3250g""}, {""entity"": ""32 days""}] <|im_end|>","<|im_start|>user Extract the entities contained in the text. Extract only entities contained in the text.
Return the result in a json format: [{""entity"":""entity_name""}]. <<<We present a case of a 32-year-old woman with a history of gradual enlargement of the anterior neck.>>> <|im_end|><|im_start|>assistant [{""entity"": ""present""}, {""entity"": ""history""}, {""entity"": ""enlargement""}] <|im_end|>
<|im_start|>user Extract the entities contained in the text. Extract only entities contained in the text.
Return the result in a json format: [{""entity"":""entity_name""}]. <<<Patient information: a 9-month-old boy presented to the emergency room with a 3-day history of refusal to bear weight on the right lower extremity and febrile peaks of up to 38.5°C for 24 hours.>>> <|im_end|><|im_start|>assistant [{""entity"": ""presented""}, {""entity"": ""refusal""}, {""entity"": ""bear""}, {""entity"": ""peaks""}] <|im_end|>
<|im_start|>user Extract the entities contained in the text. Extract only entities contained in the text.
Return the result in a json format: [{""entity"":""entity_name""}]. <<He was discharged after 32 days with output's weight 3250g.>>> <|im_end|><|im_start|>assistant","[{""entity"": ""discharged""}, {""entity"": ""weight""}, {""entity"": ""He""}, {""entity"": ""3250g""}, {""entity"": ""32 days""}] ","[{""entity"": ""discharged""}, {""entity"": ""output's""}, {""entity"": ""weight""}, {""entity"": ""325"
The periodic acid Schiff (PAS) stain revealed abnormalities in the brush border characterized by loss of the linear part of enterocytes with the presence of intra-cytoplasmic PAS + band in the apical pole of enterocytes uneven thickness and sometimes with double contours pattern.,"[{'id': '9064', 'offsets': array([31, 36]), 'role': '', 'semantic_type_id': '', 'text': 'stain', 'type': 'EVENT'}
 {'id': '9079', 'offsets': array([37, 45]), 'role': '', 'semantic_type_id': '', 'text': 'revealed', 'type': 'EVENT'}
 {'id': '9094', 'offsets': array([46, 59]), 'role': '', 'semantic_type_id': '', 'text': 'abnormalities', 'type': 'EVENT'}
 {'id': '9109', 'offsets': array([ 97, 101]), 'role': '', 'semantic_type_id': '', 'text': 'loss', 'type': 'EVENT'}
 {'id': '9124', 'offsets': array([175, 178]), 'role': '', 'semantic_type_id': '', 'text': 'PAS', 'type': 'EVENT'}
 {'id': '9141', 'offsets': array([181, 185]), 'role': '', 'semantic_type_id': '', 'text': 'band', 'type': 'EVENT'}
 {'id': '9737', 'offsets': array([63, 79]), 'role': '', 'semantic_type_id': '', 'text': 'the brush border', 'type': 'BODYPART'}
 {'id': '9743', 'offsets': array([124, 135]), 'role': '', 'semantic_type_id': '', 'text': 'enterocytes', 'type': 'BODYPART'}
 {'id': '9749', 'offsets': array([208, 219]), 'role': '', 'semantic_type_id': '', 'text': 'enterocytes', 'type': 'BODYPART'}]","We report a case of a male near-term neonate with gestational age of 35 weeks. He was the third born child to a 27-year-old mother with no significant past history. He was derived from a third degree consanguineous marriage. He was born by means of normal vaginal delivery with a normal extra-uterine adaptation. Meconium-stained amniotic fluid was noted. His birth weight was 3030g (75 th Percentile). The baby had normal physical examination at birth aside transitory respiratory distress. He had been hospitalized for four days in a private clinic, for the suspicion of materno-foetal infection, where he had antibiotics for 48 hours. He had developed no symptoms during his hospitalization. The output's weight was 2400g which signify the loss of 630g.
Back home, he received exclusive maternal breastfeeding. On his fifth day of life, he presented multiple yellowish-watery stools (ab 12 times) and refuse feeding with apyrexia context. He had clinical signs of severe dehydration without fever or vomiting. He lost 930g relative to the birth's weight. The abdomen appeared neither tender nor distended, and the rest of his physical examination was normal. The laboratory findings revealed hypernatremia of 152mEq/L, hyperkalemia of 7,8mEq/L and severe metabolic acidosis: blood PH: 7,1, HCO3:4mEq/L. The osmotic gap was 45. There was no leukocytosis, and the serum level of C-reactive protein was normal. The infant was treated with intravenous fluids and electrolytes as well as antibiotics after obtaining blood and stool cultures, assuming an infectious etiology. After 26 hours of rehydration therapy, the dehydration resolved, however, a functional acute renal failure complicated by acidosis and hyperkalemia appeared. The chest radiograph showed ""bat wings"" pattern and the cardiothoracic index was 0, 45. The renal ultrasound showed discretely hyperechoic kidneys cortex and the absence of renal malformations.
On the 11 th day of life, he was transferred to the pediatric intensive care unit. He needed mechanical ventilation for three days and exclusive parenteral feeding by central catheter. The evolution was burdened by cholestasis due to the prolonged parenteral feeding and nosocomial infection by staphylococcus epidermidis. Since his admission, he had developed a slimy diarrhea with 3 to 4 stools per day. He presented a profuse diarrhea during each attempt to introduce enteral feeding by hydrolyzed milk formula. He was discharged after 32 days with output's weight 3250g.
The oesophago-gastro-duodenoscopy and duodenal biopsy showed partial villous atrophy associated to the brush border abnormalities. The periodic acid Schiff (PAS) stain revealed abnormalities in the brush border characterized by loss of the linear part of enterocytes with the presence of intra-cytoplasmic PAS + band in the apical pole of enterocytes uneven thickness and sometimes with double contours pattern. In the submucosa, there were numerous Brunner glands. We find the existence of numerous hemorrhagic suffusions. The CD10 immunostain was positive. Thus, a diagnosis hypothesis of MVID was raised. The electron microscopic examination confirmed the diagnosis.
Mutation analysis of peripheral blood samples of the neonate revealed a mutation at the homozygous status of MYO5B gene.
The baby died, after 97 days of life, of septic shock and multiple organ failure.
",EN100376,"<|im_start|>user Extract the entities contained in the text. Extract only entities contained in the text.
Return the result in a json format: [{""entity"":""entity_name""}]. <<The periodic acid Schiff (PAS) stain revealed abnormalities in the brush border characterized by loss of the linear part of enterocytes with the presence of intra-cytoplasmic PAS + band in the apical pole of enterocytes uneven thickness and sometimes with double contours pattern.>>> <|im_end|><|im_start|>assistant[{""entity"": ""stain""}, {""entity"": ""revealed""}, {""entity"": ""abnormalities""}, {""entity"": ""loss""}, {""entity"": ""PAS""}, {""entity"": ""band""}, {""entity"": ""the brush border""}, {""entity"": ""enterocytes""}, {""entity"": ""enterocytes""}] <|im_end|>","<|im_start|>user Extract the entities contained in the text. Extract only entities contained in the text.
Return the result in a json format: [{""entity"":""entity_name""}]. <<<We present a case of a 32-year-old woman with a history of gradual enlargement of the anterior neck.>>> <|im_end|><|im_start|>assistant [{""entity"": ""present""}, {""entity"": ""history""}, {""entity"": ""enlargement""}] <|im_end|>
<|im_start|>user Extract the entities contained in the text. Extract only entities contained in the text.
Return the result in a json format: [{""entity"":""entity_name""}]. <<<Patient information: a 9-month-old boy presented to the emergency room with a 3-day history of refusal to bear weight on the right lower extremity and febrile peaks of up to 38.5°C for 24 hours.>>> <|im_end|><|im_start|>assistant [{""entity"": ""presented""}, {""entity"": ""refusal""}, {""entity"": ""bear""}, {""entity"": ""peaks""}] <|im_end|>
<|im_start|>user Extract the entities contained in the text. Extract only entities contained in the text.
Return the result in a json format: [{""entity"":""entity_name""}]. <<The periodic acid Schiff (PAS) stain revealed abnormalities in the brush border characterized by loss of the linear part of enterocytes with the presence of intra-cytoplasmic PAS + band in the apical pole of enterocytes uneven thickness and sometimes with double contours pattern.>>> <|im_end|><|im_start|>assistant","[{""entity"": ""stain""}, {""entity"": ""revealed""}, {""entity"": ""abnormalities""}, {""entity"": ""loss""}, {""entity"": ""PAS""}, {""entity"": ""band""}, {""entity"": ""the brush border""}, {""entity"": ""enterocytes""}, {""entity"": ""enterocytes""}] ","[{""entity"": ""stain""}, {""entity"": ""revealed""}, {""entity"": ""loss""}, {""entity"": ""presence""}, {"""
"In the submucosa, there were numerous Brunner glands.","[{'id': '9755', 'offsets': array([ 3, 16]), 'role': '', 'semantic_type_id': '', 'text': 'the submucosa', 'type': 'BODYPART'}
 {'id': '9761', 'offsets': array([29, 52]), 'role': '', 'semantic_type_id': '', 'text': 'numerous Brunner glands', 'type': 'BODYPART'}]","We report a case of a male near-term neonate with gestational age of 35 weeks. He was the third born child to a 27-year-old mother with no significant past history. He was derived from a third degree consanguineous marriage. He was born by means of normal vaginal delivery with a normal extra-uterine adaptation. Meconium-stained amniotic fluid was noted. His birth weight was 3030g (75 th Percentile). The baby had normal physical examination at birth aside transitory respiratory distress. He had been hospitalized for four days in a private clinic, for the suspicion of materno-foetal infection, where he had antibiotics for 48 hours. He had developed no symptoms during his hospitalization. The output's weight was 2400g which signify the loss of 630g.
Back home, he received exclusive maternal breastfeeding. On his fifth day of life, he presented multiple yellowish-watery stools (ab 12 times) and refuse feeding with apyrexia context. He had clinical signs of severe dehydration without fever or vomiting. He lost 930g relative to the birth's weight. The abdomen appeared neither tender nor distended, and the rest of his physical examination was normal. The laboratory findings revealed hypernatremia of 152mEq/L, hyperkalemia of 7,8mEq/L and severe metabolic acidosis: blood PH: 7,1, HCO3:4mEq/L. The osmotic gap was 45. There was no leukocytosis, and the serum level of C-reactive protein was normal. The infant was treated with intravenous fluids and electrolytes as well as antibiotics after obtaining blood and stool cultures, assuming an infectious etiology. After 26 hours of rehydration therapy, the dehydration resolved, however, a functional acute renal failure complicated by acidosis and hyperkalemia appeared. The chest radiograph showed ""bat wings"" pattern and the cardiothoracic index was 0, 45. The renal ultrasound showed discretely hyperechoic kidneys cortex and the absence of renal malformations.
On the 11 th day of life, he was transferred to the pediatric intensive care unit. He needed mechanical ventilation for three days and exclusive parenteral feeding by central catheter. The evolution was burdened by cholestasis due to the prolonged parenteral feeding and nosocomial infection by staphylococcus epidermidis. Since his admission, he had developed a slimy diarrhea with 3 to 4 stools per day. He presented a profuse diarrhea during each attempt to introduce enteral feeding by hydrolyzed milk formula. He was discharged after 32 days with output's weight 3250g.
The oesophago-gastro-duodenoscopy and duodenal biopsy showed partial villous atrophy associated to the brush border abnormalities. The periodic acid Schiff (PAS) stain revealed abnormalities in the brush border characterized by loss of the linear part of enterocytes with the presence of intra-cytoplasmic PAS + band in the apical pole of enterocytes uneven thickness and sometimes with double contours pattern. In the submucosa, there were numerous Brunner glands. We find the existence of numerous hemorrhagic suffusions. The CD10 immunostain was positive. Thus, a diagnosis hypothesis of MVID was raised. The electron microscopic examination confirmed the diagnosis.
Mutation analysis of peripheral blood samples of the neonate revealed a mutation at the homozygous status of MYO5B gene.
The baby died, after 97 days of life, of septic shock and multiple organ failure.
",EN100376,"<|im_start|>user Extract the entities contained in the text. Extract only entities contained in the text.
Return the result in a json format: [{""entity"":""entity_name""}]. <<In the submucosa, there were numerous Brunner glands.>>> <|im_end|><|im_start|>assistant[{""entity"": ""the submucosa""}, {""entity"": ""numerous Brunner glands""}] <|im_end|>","<|im_start|>user Extract the entities contained in the text. Extract only entities contained in the text.
Return the result in a json format: [{""entity"":""entity_name""}]. <<<We present a case of a 32-year-old woman with a history of gradual enlargement of the anterior neck.>>> <|im_end|><|im_start|>assistant [{""entity"": ""present""}, {""entity"": ""history""}, {""entity"": ""enlargement""}] <|im_end|>
<|im_start|>user Extract the entities contained in the text. Extract only entities contained in the text.
Return the result in a json format: [{""entity"":""entity_name""}]. <<<Patient information: a 9-month-old boy presented to the emergency room with a 3-day history of refusal to bear weight on the right lower extremity and febrile peaks of up to 38.5°C for 24 hours.>>> <|im_end|><|im_start|>assistant [{""entity"": ""presented""}, {""entity"": ""refusal""}, {""entity"": ""bear""}, {""entity"": ""peaks""}] <|im_end|>
<|im_start|>user Extract the entities contained in the text. Extract only entities contained in the text.
Return the result in a json format: [{""entity"":""entity_name""}]. <<In the submucosa, there were numerous Brunner glands.>>> <|im_end|><|im_start|>assistant","[{""entity"": ""the submucosa""}, {""entity"": ""numerous Brunner glands""}] ","[{""entity"": ""In the submucosa""}] <|im_end|><|im_end|><|im_end|><|im_end|><|im_end|><|im_end|><|im_end|><|im_end|><|im_end|><|im_end|><|im_end|><|im_end|><|im_end|><|im_end|>"
The CD10 immunostain was positive.,"[{'id': '9188', 'offsets': array([ 9, 20]), 'role': '', 'semantic_type_id': '', 'text': 'immunostain', 'type': 'EVENT'}
 {'id': '9591', 'offsets': array([25, 33]), 'role': '', 'semantic_type_id': '', 'text': 'positive', 'type': 'RML'}]","We report a case of a male near-term neonate with gestational age of 35 weeks. He was the third born child to a 27-year-old mother with no significant past history. He was derived from a third degree consanguineous marriage. He was born by means of normal vaginal delivery with a normal extra-uterine adaptation. Meconium-stained amniotic fluid was noted. His birth weight was 3030g (75 th Percentile). The baby had normal physical examination at birth aside transitory respiratory distress. He had been hospitalized for four days in a private clinic, for the suspicion of materno-foetal infection, where he had antibiotics for 48 hours. He had developed no symptoms during his hospitalization. The output's weight was 2400g which signify the loss of 630g.
Back home, he received exclusive maternal breastfeeding. On his fifth day of life, he presented multiple yellowish-watery stools (ab 12 times) and refuse feeding with apyrexia context. He had clinical signs of severe dehydration without fever or vomiting. He lost 930g relative to the birth's weight. The abdomen appeared neither tender nor distended, and the rest of his physical examination was normal. The laboratory findings revealed hypernatremia of 152mEq/L, hyperkalemia of 7,8mEq/L and severe metabolic acidosis: blood PH: 7,1, HCO3:4mEq/L. The osmotic gap was 45. There was no leukocytosis, and the serum level of C-reactive protein was normal. The infant was treated with intravenous fluids and electrolytes as well as antibiotics after obtaining blood and stool cultures, assuming an infectious etiology. After 26 hours of rehydration therapy, the dehydration resolved, however, a functional acute renal failure complicated by acidosis and hyperkalemia appeared. The chest radiograph showed ""bat wings"" pattern and the cardiothoracic index was 0, 45. The renal ultrasound showed discretely hyperechoic kidneys cortex and the absence of renal malformations.
On the 11 th day of life, he was transferred to the pediatric intensive care unit. He needed mechanical ventilation for three days and exclusive parenteral feeding by central catheter. The evolution was burdened by cholestasis due to the prolonged parenteral feeding and nosocomial infection by staphylococcus epidermidis. Since his admission, he had developed a slimy diarrhea with 3 to 4 stools per day. He presented a profuse diarrhea during each attempt to introduce enteral feeding by hydrolyzed milk formula. He was discharged after 32 days with output's weight 3250g.
The oesophago-gastro-duodenoscopy and duodenal biopsy showed partial villous atrophy associated to the brush border abnormalities. The periodic acid Schiff (PAS) stain revealed abnormalities in the brush border characterized by loss of the linear part of enterocytes with the presence of intra-cytoplasmic PAS + band in the apical pole of enterocytes uneven thickness and sometimes with double contours pattern. In the submucosa, there were numerous Brunner glands. We find the existence of numerous hemorrhagic suffusions. The CD10 immunostain was positive. Thus, a diagnosis hypothesis of MVID was raised. The electron microscopic examination confirmed the diagnosis.
Mutation analysis of peripheral blood samples of the neonate revealed a mutation at the homozygous status of MYO5B gene.
The baby died, after 97 days of life, of septic shock and multiple organ failure.
",EN100376,"<|im_start|>user Extract the entities contained in the text. Extract only entities contained in the text.
Return the result in a json format: [{""entity"":""entity_name""}]. <<The CD10 immunostain was positive.>>> <|im_end|><|im_start|>assistant[{""entity"": ""immunostain""}, {""entity"": ""positive""}] <|im_end|>","<|im_start|>user Extract the entities contained in the text. Extract only entities contained in the text.
Return the result in a json format: [{""entity"":""entity_name""}]. <<<We present a case of a 32-year-old woman with a history of gradual enlargement of the anterior neck.>>> <|im_end|><|im_start|>assistant [{""entity"": ""present""}, {""entity"": ""history""}, {""entity"": ""enlargement""}] <|im_end|>
<|im_start|>user Extract the entities contained in the text. Extract only entities contained in the text.
Return the result in a json format: [{""entity"":""entity_name""}]. <<<Patient information: a 9-month-old boy presented to the emergency room with a 3-day history of refusal to bear weight on the right lower extremity and febrile peaks of up to 38.5°C for 24 hours.>>> <|im_end|><|im_start|>assistant [{""entity"": ""presented""}, {""entity"": ""refusal""}, {""entity"": ""bear""}, {""entity"": ""peaks""}] <|im_end|>
<|im_start|>user Extract the entities contained in the text. Extract only entities contained in the text.
Return the result in a json format: [{""entity"":""entity_name""}]. <<The CD10 immunostain was positive.>>> <|im_end|><|im_start|>assistant","[{""entity"": ""immunostain""}, {""entity"": ""positive""}] ","[{""entity"": ""immunostain""}, {""entity"": ""positive""}] <|im_end|><|im_end|><|im_end|><|im_end|><|im_end|><|im_end|><|im_end|><|im_end|><|im_end|><|im_end|>"
"Thus, a diagnosis hypothesis of MVID was raised.","[{'id': '9203', 'offsets': array([32, 36]), 'role': '', 'semantic_type_id': '', 'text': 'MVID', 'type': 'EVENT'}
 {'id': '9925', 'offsets': array([32, 36]), 'role': '', 'semantic_type_id': 'C0341306', 'text': 'MVID', 'type': 'CLINENTITY'}]","We report a case of a male near-term neonate with gestational age of 35 weeks. He was the third born child to a 27-year-old mother with no significant past history. He was derived from a third degree consanguineous marriage. He was born by means of normal vaginal delivery with a normal extra-uterine adaptation. Meconium-stained amniotic fluid was noted. His birth weight was 3030g (75 th Percentile). The baby had normal physical examination at birth aside transitory respiratory distress. He had been hospitalized for four days in a private clinic, for the suspicion of materno-foetal infection, where he had antibiotics for 48 hours. He had developed no symptoms during his hospitalization. The output's weight was 2400g which signify the loss of 630g.
Back home, he received exclusive maternal breastfeeding. On his fifth day of life, he presented multiple yellowish-watery stools (ab 12 times) and refuse feeding with apyrexia context. He had clinical signs of severe dehydration without fever or vomiting. He lost 930g relative to the birth's weight. The abdomen appeared neither tender nor distended, and the rest of his physical examination was normal. The laboratory findings revealed hypernatremia of 152mEq/L, hyperkalemia of 7,8mEq/L and severe metabolic acidosis: blood PH: 7,1, HCO3:4mEq/L. The osmotic gap was 45. There was no leukocytosis, and the serum level of C-reactive protein was normal. The infant was treated with intravenous fluids and electrolytes as well as antibiotics after obtaining blood and stool cultures, assuming an infectious etiology. After 26 hours of rehydration therapy, the dehydration resolved, however, a functional acute renal failure complicated by acidosis and hyperkalemia appeared. The chest radiograph showed ""bat wings"" pattern and the cardiothoracic index was 0, 45. The renal ultrasound showed discretely hyperechoic kidneys cortex and the absence of renal malformations.
On the 11 th day of life, he was transferred to the pediatric intensive care unit. He needed mechanical ventilation for three days and exclusive parenteral feeding by central catheter. The evolution was burdened by cholestasis due to the prolonged parenteral feeding and nosocomial infection by staphylococcus epidermidis. Since his admission, he had developed a slimy diarrhea with 3 to 4 stools per day. He presented a profuse diarrhea during each attempt to introduce enteral feeding by hydrolyzed milk formula. He was discharged after 32 days with output's weight 3250g.
The oesophago-gastro-duodenoscopy and duodenal biopsy showed partial villous atrophy associated to the brush border abnormalities. The periodic acid Schiff (PAS) stain revealed abnormalities in the brush border characterized by loss of the linear part of enterocytes with the presence of intra-cytoplasmic PAS + band in the apical pole of enterocytes uneven thickness and sometimes with double contours pattern. In the submucosa, there were numerous Brunner glands. We find the existence of numerous hemorrhagic suffusions. The CD10 immunostain was positive. Thus, a diagnosis hypothesis of MVID was raised. The electron microscopic examination confirmed the diagnosis.
Mutation analysis of peripheral blood samples of the neonate revealed a mutation at the homozygous status of MYO5B gene.
The baby died, after 97 days of life, of septic shock and multiple organ failure.
",EN100376,"<|im_start|>user Extract the entities contained in the text. Extract only entities contained in the text.
Return the result in a json format: [{""entity"":""entity_name""}]. <<Thus, a diagnosis hypothesis of MVID was raised.>>> <|im_end|><|im_start|>assistant[{""entity"": ""MVID""}, {""entity"": ""MVID""}] <|im_end|>","<|im_start|>user Extract the entities contained in the text. Extract only entities contained in the text.
Return the result in a json format: [{""entity"":""entity_name""}]. <<<We present a case of a 32-year-old woman with a history of gradual enlargement of the anterior neck.>>> <|im_end|><|im_start|>assistant [{""entity"": ""present""}, {""entity"": ""history""}, {""entity"": ""enlargement""}] <|im_end|>
<|im_start|>user Extract the entities contained in the text. Extract only entities contained in the text.
Return the result in a json format: [{""entity"":""entity_name""}]. <<<Patient information: a 9-month-old boy presented to the emergency room with a 3-day history of refusal to bear weight on the right lower extremity and febrile peaks of up to 38.5°C for 24 hours.>>> <|im_end|><|im_start|>assistant [{""entity"": ""presented""}, {""entity"": ""refusal""}, {""entity"": ""bear""}, {""entity"": ""peaks""}] <|im_end|>
<|im_start|>user Extract the entities contained in the text. Extract only entities contained in the text.
Return the result in a json format: [{""entity"":""entity_name""}]. <<Thus, a diagnosis hypothesis of MVID was raised.>>> <|im_end|><|im_start|>assistant","[{""entity"": ""MVID""}, {""entity"": ""MVID""}] ","[{""entity"": ""hypothesis""}, {""entity"": ""raised""}, {""entity"": ""MVID""}] <|im_end|><|im_end|><|im_end|><|im_end|>"
The electron microscopic examination confirmed the diagnosis.,"[{'id': '9218', 'offsets': array([25, 36]), 'role': '', 'semantic_type_id': '', 'text': 'examination', 'type': 'EVENT'}
 {'id': '9233', 'offsets': array([37, 46]), 'role': '', 'semantic_type_id': '', 'text': 'confirmed', 'type': 'EVENT'}
 {'id': '9248', 'offsets': array([51, 60]), 'role': '', 'semantic_type_id': '', 'text': 'diagnosis', 'type': 'EVENT'}]","We report a case of a male near-term neonate with gestational age of 35 weeks. He was the third born child to a 27-year-old mother with no significant past history. He was derived from a third degree consanguineous marriage. He was born by means of normal vaginal delivery with a normal extra-uterine adaptation. Meconium-stained amniotic fluid was noted. His birth weight was 3030g (75 th Percentile). The baby had normal physical examination at birth aside transitory respiratory distress. He had been hospitalized for four days in a private clinic, for the suspicion of materno-foetal infection, where he had antibiotics for 48 hours. He had developed no symptoms during his hospitalization. The output's weight was 2400g which signify the loss of 630g.
Back home, he received exclusive maternal breastfeeding. On his fifth day of life, he presented multiple yellowish-watery stools (ab 12 times) and refuse feeding with apyrexia context. He had clinical signs of severe dehydration without fever or vomiting. He lost 930g relative to the birth's weight. The abdomen appeared neither tender nor distended, and the rest of his physical examination was normal. The laboratory findings revealed hypernatremia of 152mEq/L, hyperkalemia of 7,8mEq/L and severe metabolic acidosis: blood PH: 7,1, HCO3:4mEq/L. The osmotic gap was 45. There was no leukocytosis, and the serum level of C-reactive protein was normal. The infant was treated with intravenous fluids and electrolytes as well as antibiotics after obtaining blood and stool cultures, assuming an infectious etiology. After 26 hours of rehydration therapy, the dehydration resolved, however, a functional acute renal failure complicated by acidosis and hyperkalemia appeared. The chest radiograph showed ""bat wings"" pattern and the cardiothoracic index was 0, 45. The renal ultrasound showed discretely hyperechoic kidneys cortex and the absence of renal malformations.
On the 11 th day of life, he was transferred to the pediatric intensive care unit. He needed mechanical ventilation for three days and exclusive parenteral feeding by central catheter. The evolution was burdened by cholestasis due to the prolonged parenteral feeding and nosocomial infection by staphylococcus epidermidis. Since his admission, he had developed a slimy diarrhea with 3 to 4 stools per day. He presented a profuse diarrhea during each attempt to introduce enteral feeding by hydrolyzed milk formula. He was discharged after 32 days with output's weight 3250g.
The oesophago-gastro-duodenoscopy and duodenal biopsy showed partial villous atrophy associated to the brush border abnormalities. The periodic acid Schiff (PAS) stain revealed abnormalities in the brush border characterized by loss of the linear part of enterocytes with the presence of intra-cytoplasmic PAS + band in the apical pole of enterocytes uneven thickness and sometimes with double contours pattern. In the submucosa, there were numerous Brunner glands. We find the existence of numerous hemorrhagic suffusions. The CD10 immunostain was positive. Thus, a diagnosis hypothesis of MVID was raised. The electron microscopic examination confirmed the diagnosis.
Mutation analysis of peripheral blood samples of the neonate revealed a mutation at the homozygous status of MYO5B gene.
The baby died, after 97 days of life, of septic shock and multiple organ failure.
",EN100376,"<|im_start|>user Extract the entities contained in the text. Extract only entities contained in the text.
Return the result in a json format: [{""entity"":""entity_name""}]. <<The electron microscopic examination confirmed the diagnosis.>>> <|im_end|><|im_start|>assistant[{""entity"": ""examination""}, {""entity"": ""confirmed""}, {""entity"": ""diagnosis""}] <|im_end|>","<|im_start|>user Extract the entities contained in the text. Extract only entities contained in the text.
Return the result in a json format: [{""entity"":""entity_name""}]. <<<We present a case of a 32-year-old woman with a history of gradual enlargement of the anterior neck.>>> <|im_end|><|im_start|>assistant [{""entity"": ""present""}, {""entity"": ""history""}, {""entity"": ""enlargement""}] <|im_end|>
<|im_start|>user Extract the entities contained in the text. Extract only entities contained in the text.
Return the result in a json format: [{""entity"":""entity_name""}]. <<<Patient information: a 9-month-old boy presented to the emergency room with a 3-day history of refusal to bear weight on the right lower extremity and febrile peaks of up to 38.5°C for 24 hours.>>> <|im_end|><|im_start|>assistant [{""entity"": ""presented""}, {""entity"": ""refusal""}, {""entity"": ""bear""}, {""entity"": ""peaks""}] <|im_end|>
<|im_start|>user Extract the entities contained in the text. Extract only entities contained in the text.
Return the result in a json format: [{""entity"":""entity_name""}]. <<The electron microscopic examination confirmed the diagnosis.>>> <|im_end|><|im_start|>assistant","[{""entity"": ""examination""}, {""entity"": ""confirmed""}, {""entity"": ""diagnosis""}] ","[{""entity"": ""examination""}, {""entity"": ""confirmed""}, {""entity"": ""diagnosis""}, {""entity"": ""The electron microscopic"
Mutation analysis of peripheral blood samples of the neonate revealed a mutation at the homozygous status of MYO5B gene.,"[{'id': '9263', 'offsets': array([ 9, 17]), 'role': '', 'semantic_type_id': '', 'text': 'analysis', 'type': 'EVENT'}
 {'id': '9278', 'offsets': array([61, 69]), 'role': '', 'semantic_type_id': '', 'text': 'revealed', 'type': 'EVENT'}
 {'id': '9293', 'offsets': array([72, 80]), 'role': '', 'semantic_type_id': '', 'text': 'mutation', 'type': 'EVENT'}
 {'id': '9767', 'offsets': array([21, 37]), 'role': '', 'semantic_type_id': '', 'text': 'peripheral blood', 'type': 'BODYPART'}
 {'id': '9511', 'offsets': array([49, 60]), 'role': 'PATIENT', 'semantic_type_id': '', 'text': 'the neonate', 'type': 'ACTOR'}]","We report a case of a male near-term neonate with gestational age of 35 weeks. He was the third born child to a 27-year-old mother with no significant past history. He was derived from a third degree consanguineous marriage. He was born by means of normal vaginal delivery with a normal extra-uterine adaptation. Meconium-stained amniotic fluid was noted. His birth weight was 3030g (75 th Percentile). The baby had normal physical examination at birth aside transitory respiratory distress. He had been hospitalized for four days in a private clinic, for the suspicion of materno-foetal infection, where he had antibiotics for 48 hours. He had developed no symptoms during his hospitalization. The output's weight was 2400g which signify the loss of 630g.
Back home, he received exclusive maternal breastfeeding. On his fifth day of life, he presented multiple yellowish-watery stools (ab 12 times) and refuse feeding with apyrexia context. He had clinical signs of severe dehydration without fever or vomiting. He lost 930g relative to the birth's weight. The abdomen appeared neither tender nor distended, and the rest of his physical examination was normal. The laboratory findings revealed hypernatremia of 152mEq/L, hyperkalemia of 7,8mEq/L and severe metabolic acidosis: blood PH: 7,1, HCO3:4mEq/L. The osmotic gap was 45. There was no leukocytosis, and the serum level of C-reactive protein was normal. The infant was treated with intravenous fluids and electrolytes as well as antibiotics after obtaining blood and stool cultures, assuming an infectious etiology. After 26 hours of rehydration therapy, the dehydration resolved, however, a functional acute renal failure complicated by acidosis and hyperkalemia appeared. The chest radiograph showed ""bat wings"" pattern and the cardiothoracic index was 0, 45. The renal ultrasound showed discretely hyperechoic kidneys cortex and the absence of renal malformations.
On the 11 th day of life, he was transferred to the pediatric intensive care unit. He needed mechanical ventilation for three days and exclusive parenteral feeding by central catheter. The evolution was burdened by cholestasis due to the prolonged parenteral feeding and nosocomial infection by staphylococcus epidermidis. Since his admission, he had developed a slimy diarrhea with 3 to 4 stools per day. He presented a profuse diarrhea during each attempt to introduce enteral feeding by hydrolyzed milk formula. He was discharged after 32 days with output's weight 3250g.
The oesophago-gastro-duodenoscopy and duodenal biopsy showed partial villous atrophy associated to the brush border abnormalities. The periodic acid Schiff (PAS) stain revealed abnormalities in the brush border characterized by loss of the linear part of enterocytes with the presence of intra-cytoplasmic PAS + band in the apical pole of enterocytes uneven thickness and sometimes with double contours pattern. In the submucosa, there were numerous Brunner glands. We find the existence of numerous hemorrhagic suffusions. The CD10 immunostain was positive. Thus, a diagnosis hypothesis of MVID was raised. The electron microscopic examination confirmed the diagnosis.
Mutation analysis of peripheral blood samples of the neonate revealed a mutation at the homozygous status of MYO5B gene.
The baby died, after 97 days of life, of septic shock and multiple organ failure.
",EN100376,"<|im_start|>user Extract the entities contained in the text. Extract only entities contained in the text.
Return the result in a json format: [{""entity"":""entity_name""}]. <<Mutation analysis of peripheral blood samples of the neonate revealed a mutation at the homozygous status of MYO5B gene.>>> <|im_end|><|im_start|>assistant[{""entity"": ""analysis""}, {""entity"": ""revealed""}, {""entity"": ""mutation""}, {""entity"": ""peripheral blood""}, {""entity"": ""the neonate""}] <|im_end|>","<|im_start|>user Extract the entities contained in the text. Extract only entities contained in the text.
Return the result in a json format: [{""entity"":""entity_name""}]. <<<We present a case of a 32-year-old woman with a history of gradual enlargement of the anterior neck.>>> <|im_end|><|im_start|>assistant [{""entity"": ""present""}, {""entity"": ""history""}, {""entity"": ""enlargement""}] <|im_end|>
<|im_start|>user Extract the entities contained in the text. Extract only entities contained in the text.
Return the result in a json format: [{""entity"":""entity_name""}]. <<<Patient information: a 9-month-old boy presented to the emergency room with a 3-day history of refusal to bear weight on the right lower extremity and febrile peaks of up to 38.5°C for 24 hours.>>> <|im_end|><|im_start|>assistant [{""entity"": ""presented""}, {""entity"": ""refusal""}, {""entity"": ""bear""}, {""entity"": ""peaks""}] <|im_end|>
<|im_start|>user Extract the entities contained in the text. Extract only entities contained in the text.
Return the result in a json format: [{""entity"":""entity_name""}]. <<Mutation analysis of peripheral blood samples of the neonate revealed a mutation at the homozygous status of MYO5B gene.>>> <|im_end|><|im_start|>assistant","[{""entity"": ""analysis""}, {""entity"": ""revealed""}, {""entity"": ""mutation""}, {""entity"": ""peripheral blood""}, {""entity"": ""the neonate""}] ","[{""entity"": ""analysis""}, {""entity"": ""revealed""}, {""entity"": ""mutation""}, {""entity"": ""status""}, {""entity"
"The baby died, after 97 days of life, of septic shock and multiple organ failure.","[{'id': '9308', 'offsets': array([ 9, 13]), 'role': '', 'semantic_type_id': '', 'text': 'died', 'type': 'EVENT'}
 {'id': '9323', 'offsets': array([32, 36]), 'role': '', 'semantic_type_id': '', 'text': 'life', 'type': 'EVENT'}
 {'id': '9340', 'offsets': array([48, 53]), 'role': '', 'semantic_type_id': '', 'text': 'shock', 'type': 'EVENT'}
 {'id': '9359', 'offsets': array([73, 80]), 'role': '', 'semantic_type_id': '', 'text': 'failure', 'type': 'EVENT'}
 {'id': '9773', 'offsets': array([58, 72]), 'role': '', 'semantic_type_id': '', 'text': 'multiple organ', 'type': 'BODYPART'}
 {'id': '9518', 'offsets': array([0, 8]), 'role': 'PATIENT', 'semantic_type_id': '', 'text': 'The baby', 'type': 'ACTOR'}
 {'id': '9680', 'offsets': array([21, 28]), 'role': '', 'semantic_type_id': '', 'text': '97 days', 'type': 'TIMEX3'}]","We report a case of a male near-term neonate with gestational age of 35 weeks. He was the third born child to a 27-year-old mother with no significant past history. He was derived from a third degree consanguineous marriage. He was born by means of normal vaginal delivery with a normal extra-uterine adaptation. Meconium-stained amniotic fluid was noted. His birth weight was 3030g (75 th Percentile). The baby had normal physical examination at birth aside transitory respiratory distress. He had been hospitalized for four days in a private clinic, for the suspicion of materno-foetal infection, where he had antibiotics for 48 hours. He had developed no symptoms during his hospitalization. The output's weight was 2400g which signify the loss of 630g.
Back home, he received exclusive maternal breastfeeding. On his fifth day of life, he presented multiple yellowish-watery stools (ab 12 times) and refuse feeding with apyrexia context. He had clinical signs of severe dehydration without fever or vomiting. He lost 930g relative to the birth's weight. The abdomen appeared neither tender nor distended, and the rest of his physical examination was normal. The laboratory findings revealed hypernatremia of 152mEq/L, hyperkalemia of 7,8mEq/L and severe metabolic acidosis: blood PH: 7,1, HCO3:4mEq/L. The osmotic gap was 45. There was no leukocytosis, and the serum level of C-reactive protein was normal. The infant was treated with intravenous fluids and electrolytes as well as antibiotics after obtaining blood and stool cultures, assuming an infectious etiology. After 26 hours of rehydration therapy, the dehydration resolved, however, a functional acute renal failure complicated by acidosis and hyperkalemia appeared. The chest radiograph showed ""bat wings"" pattern and the cardiothoracic index was 0, 45. The renal ultrasound showed discretely hyperechoic kidneys cortex and the absence of renal malformations.
On the 11 th day of life, he was transferred to the pediatric intensive care unit. He needed mechanical ventilation for three days and exclusive parenteral feeding by central catheter. The evolution was burdened by cholestasis due to the prolonged parenteral feeding and nosocomial infection by staphylococcus epidermidis. Since his admission, he had developed a slimy diarrhea with 3 to 4 stools per day. He presented a profuse diarrhea during each attempt to introduce enteral feeding by hydrolyzed milk formula. He was discharged after 32 days with output's weight 3250g.
The oesophago-gastro-duodenoscopy and duodenal biopsy showed partial villous atrophy associated to the brush border abnormalities. The periodic acid Schiff (PAS) stain revealed abnormalities in the brush border characterized by loss of the linear part of enterocytes with the presence of intra-cytoplasmic PAS + band in the apical pole of enterocytes uneven thickness and sometimes with double contours pattern. In the submucosa, there were numerous Brunner glands. We find the existence of numerous hemorrhagic suffusions. The CD10 immunostain was positive. Thus, a diagnosis hypothesis of MVID was raised. The electron microscopic examination confirmed the diagnosis.
Mutation analysis of peripheral blood samples of the neonate revealed a mutation at the homozygous status of MYO5B gene.
The baby died, after 97 days of life, of septic shock and multiple organ failure.
",EN100376,"<|im_start|>user Extract the entities contained in the text. Extract only entities contained in the text.
Return the result in a json format: [{""entity"":""entity_name""}]. <<The baby died, after 97 days of life, of septic shock and multiple organ failure.>>> <|im_end|><|im_start|>assistant[{""entity"": ""died""}, {""entity"": ""life""}, {""entity"": ""shock""}, {""entity"": ""failure""}, {""entity"": ""multiple organ""}, {""entity"": ""The baby""}, {""entity"": ""97 days""}] <|im_end|>","<|im_start|>user Extract the entities contained in the text. Extract only entities contained in the text.
Return the result in a json format: [{""entity"":""entity_name""}]. <<<We present a case of a 32-year-old woman with a history of gradual enlargement of the anterior neck.>>> <|im_end|><|im_start|>assistant [{""entity"": ""present""}, {""entity"": ""history""}, {""entity"": ""enlargement""}] <|im_end|>
<|im_start|>user Extract the entities contained in the text. Extract only entities contained in the text.
Return the result in a json format: [{""entity"":""entity_name""}]. <<<Patient information: a 9-month-old boy presented to the emergency room with a 3-day history of refusal to bear weight on the right lower extremity and febrile peaks of up to 38.5°C for 24 hours.>>> <|im_end|><|im_start|>assistant [{""entity"": ""presented""}, {""entity"": ""refusal""}, {""entity"": ""bear""}, {""entity"": ""peaks""}] <|im_end|>
<|im_start|>user Extract the entities contained in the text. Extract only entities contained in the text.
Return the result in a json format: [{""entity"":""entity_name""}]. <<The baby died, after 97 days of life, of septic shock and multiple organ failure.>>> <|im_end|><|im_start|>assistant","[{""entity"": ""died""}, {""entity"": ""life""}, {""entity"": ""shock""}, {""entity"": ""failure""}, {""entity"": ""multiple organ""}, {""entity"": ""The baby""}, {""entity"": ""97 days""}] ","[{""entity"": ""died""}, {""entity"": ""shock""}, {""entity"": ""failure""}, {""entity"": ""septic shock"
"On 7th day of illness patient became afebrile, but he developed severe headaches, unconsciousness followed by altered behavior.","[{'id': '2500', 'offsets': array([14, 21]), 'role': '', 'semantic_type_id': '', 'text': 'illness', 'type': 'EVENT'}
 {'id': '2515', 'offsets': array([37, 45]), 'role': '', 'semantic_type_id': '', 'text': 'afebrile', 'type': 'EVENT'}
 {'id': '2530', 'offsets': array([71, 80]), 'role': '', 'semantic_type_id': '', 'text': 'headaches', 'type': 'EVENT'}
 {'id': '2545', 'offsets': array([82, 97]), 'role': '', 'semantic_type_id': '', 'text': 'unconsciousness', 'type': 'EVENT'}
 {'id': '2560', 'offsets': array([118, 126]), 'role': '', 'semantic_type_id': '', 'text': 'behavior', 'type': 'EVENT'}
 {'id': '3172', 'offsets': array([71, 80]), 'role': '', 'semantic_type_id': 'C0018681', 'text': 'headaches', 'type': 'CLINENTITY'}
 {'id': '3179', 'offsets': array([82, 97]), 'role': '', 'semantic_type_id': 'C0041657', 'text': 'unconsciousness', 'type': 'CLINENTITY'}
 {'id': '3186', 'offsets': array([110, 126]), 'role': '', 'semantic_type_id': 'CUILESS', 'text': 'altered behavior', 'type': 'CLINENTITY'}
 {'id': '3325', 'offsets': array([22, 29]), 'role': 'PATIENT', 'semantic_type_id': '', 'text': 'patient', 'type': 'ACTOR'}
 {'id': '3332', 'offsets': array([51, 53]), 'role': 'PATIENT', 'semantic_type_id': '', 'text': 'he', 'type': 'ACTOR'}
 {'id': '3379', 'offsets': array([ 3, 10]), 'role': '', 'semantic_type_id': '', 'text': '7th day', 'type': 'TIMEX3'}]","A 20 years old man presented with fever, myalgias, arthralgias, retro-orbital pain, vomiting and gum bleeding during a large dengue outbreak in Lahore, Pakistan. On 7th day of illness patient became afebrile, but he developed severe headaches, unconsciousness followed by altered behavior. On 9th day of illness patient developed painful neck swelling accompanied by fever, tremors, palpitations, hoarseness of voice and odynophagia. Examination revealed acutely swollen, tender thyroid gland along with features of hyperthyroidism. Laboratory evaluation revealed stable hematocrit, thrombocytopenia and leukopenia. Patient had seroconverted for anti-dengue IgM antibodies on the 10th day of illness. A non-contrast Computed Tomogram (CT) of the brain showed right frontal lobe hematoma. Thyroid profile showed increased free T3 and T4 and low TSH. Technetium thyroid scan showed reduced tracer uptake. He was diagnosed as having subacute thyroiditis and treated with oral prednisolone and propranolol. Follow up CT brain showed resolving hematoma. Patient's recovery was uneventful.
",EN107021,"<|im_start|>user Extract the entities contained in the text. Extract only entities contained in the text.
Return the result in a json format: [{""entity"":""entity_name""}]. <<On 7th day of illness patient became afebrile, but he developed severe headaches, unconsciousness followed by altered behavior.>>> <|im_end|><|im_start|>assistant[{""entity"": ""illness""}, {""entity"": ""afebrile""}, {""entity"": ""headaches""}, {""entity"": ""unconsciousness""}, {""entity"": ""behavior""}, {""entity"": ""headaches""}, {""entity"": ""unconsciousness""}, {""entity"": ""altered behavior""}, {""entity"": ""patient""}, {""entity"": ""he""}, {""entity"": ""7th day""}] <|im_end|>","<|im_start|>user Extract the entities contained in the text. Extract only entities contained in the text.
Return the result in a json format: [{""entity"":""entity_name""}]. <<<We present a case of a 32-year-old woman with a history of gradual enlargement of the anterior neck.>>> <|im_end|><|im_start|>assistant [{""entity"": ""present""}, {""entity"": ""history""}, {""entity"": ""enlargement""}] <|im_end|>
<|im_start|>user Extract the entities contained in the text. Extract only entities contained in the text.
Return the result in a json format: [{""entity"":""entity_name""}]. <<<Patient information: a 9-month-old boy presented to the emergency room with a 3-day history of refusal to bear weight on the right lower extremity and febrile peaks of up to 38.5°C for 24 hours.>>> <|im_end|><|im_start|>assistant [{""entity"": ""presented""}, {""entity"": ""refusal""}, {""entity"": ""bear""}, {""entity"": ""peaks""}] <|im_end|>
<|im_start|>user Extract the entities contained in the text. Extract only entities contained in the text.
Return the result in a json format: [{""entity"":""entity_name""}]. <<On 7th day of illness patient became afebrile, but he developed severe headaches, unconsciousness followed by altered behavior.>>> <|im_end|><|im_start|>assistant","[{""entity"": ""illness""}, {""entity"": ""afebrile""}, {""entity"": ""headaches""}, {""entity"": ""unconsciousness""}, {""entity"": ""behavior""}, {""entity"": ""headaches""}, {""entity"": ""unconsciousness""}, {""entity"": ""altered behavior""}, {""entity"": ""patient""}, {""entity"": ""he""}, {""entity"": ""7th day""}] ","[{""entity"": ""illness""}, {""entity"": ""afebrile""}, {""entity"": ""headaches""}, {""entity"": ""un"
"On 9th day of illness patient developed painful neck swelling accompanied by fever, tremors, palpitations, hoarseness of voice and odynophagia.","[{'id': '2575', 'offsets': array([14, 21]), 'role': '', 'semantic_type_id': '', 'text': 'illness', 'type': 'EVENT'}
 {'id': '2590', 'offsets': array([53, 61]), 'role': '', 'semantic_type_id': '', 'text': 'swelling', 'type': 'EVENT'}
 {'id': '2605', 'offsets': array([77, 82]), 'role': '', 'semantic_type_id': '', 'text': 'fever', 'type': 'EVENT'}
 {'id': '2620', 'offsets': array([84, 91]), 'role': '', 'semantic_type_id': '', 'text': 'tremors', 'type': 'EVENT'}
 {'id': '2635', 'offsets': array([ 93, 105]), 'role': '', 'semantic_type_id': '', 'text': 'palpitations', 'type': 'EVENT'}
 {'id': '2650', 'offsets': array([107, 117]), 'role': '', 'semantic_type_id': '', 'text': 'hoarseness', 'type': 'EVENT'}
 {'id': '2665', 'offsets': array([131, 142]), 'role': '', 'semantic_type_id': '', 'text': 'odynophagia', 'type': 'EVENT'}
 {'id': '3193', 'offsets': array([48, 61]), 'role': '', 'semantic_type_id': 'C0578454', 'text': 'neck swelling', 'type': 'CLINENTITY'}
 {'id': '3200', 'offsets': array([77, 82]), 'role': '', 'semantic_type_id': 'C0015967', 'text': 'fever', 'type': 'CLINENTITY'}
 {'id': '3207', 'offsets': array([ 93, 105]), 'role': '', 'semantic_type_id': 'C0030252', 'text': 'palpitations', 'type': 'CLINENTITY'}
 {'id': '3214', 'offsets': array([107, 126]), 'role': '', 'semantic_type_id': 'C0019825', 'text': 'hoarseness of voice', 'type': 'CLINENTITY'}
 {'id': '3221', 'offsets': array([131, 142]), 'role': '', 'semantic_type_id': 'C0221150', 'text': 'odynophagia', 'type': 'CLINENTITY'}
 {'id': '3276', 'offsets': array([48, 52]), 'role': '', 'semantic_type_id': '', 'text': 'neck', 'type': 'BODYPART'}
 {'id': '3339', 'offsets': array([22, 29]), 'role': 'PATIENT', 'semantic_type_id': '', 'text': 'patient', 'type': 'ACTOR'}
 {'id': '3388', 'offsets': array([ 3, 10]), 'role': '', 'semantic_type_id': '', 'text': '9th day', 'type': 'TIMEX3'}]","A 20 years old man presented with fever, myalgias, arthralgias, retro-orbital pain, vomiting and gum bleeding during a large dengue outbreak in Lahore, Pakistan. On 7th day of illness patient became afebrile, but he developed severe headaches, unconsciousness followed by altered behavior. On 9th day of illness patient developed painful neck swelling accompanied by fever, tremors, palpitations, hoarseness of voice and odynophagia. Examination revealed acutely swollen, tender thyroid gland along with features of hyperthyroidism. Laboratory evaluation revealed stable hematocrit, thrombocytopenia and leukopenia. Patient had seroconverted for anti-dengue IgM antibodies on the 10th day of illness. A non-contrast Computed Tomogram (CT) of the brain showed right frontal lobe hematoma. Thyroid profile showed increased free T3 and T4 and low TSH. Technetium thyroid scan showed reduced tracer uptake. He was diagnosed as having subacute thyroiditis and treated with oral prednisolone and propranolol. Follow up CT brain showed resolving hematoma. Patient's recovery was uneventful.
",EN107021,"<|im_start|>user Extract the entities contained in the text. Extract only entities contained in the text.
Return the result in a json format: [{""entity"":""entity_name""}]. <<On 9th day of illness patient developed painful neck swelling accompanied by fever, tremors, palpitations, hoarseness of voice and odynophagia.>>> <|im_end|><|im_start|>assistant[{""entity"": ""illness""}, {""entity"": ""swelling""}, {""entity"": ""fever""}, {""entity"": ""tremors""}, {""entity"": ""palpitations""}, {""entity"": ""hoarseness""}, {""entity"": ""odynophagia""}, {""entity"": ""neck swelling""}, {""entity"": ""fever""}, {""entity"": ""palpitations""}, {""entity"": ""hoarseness of voice""}, {""entity"": ""odynophagia""}, {""entity"": ""neck""}, {""entity"": ""patient""}, {""entity"": ""9th day""}] <|im_end|>","<|im_start|>user Extract the entities contained in the text. Extract only entities contained in the text.
Return the result in a json format: [{""entity"":""entity_name""}]. <<<We present a case of a 32-year-old woman with a history of gradual enlargement of the anterior neck.>>> <|im_end|><|im_start|>assistant [{""entity"": ""present""}, {""entity"": ""history""}, {""entity"": ""enlargement""}] <|im_end|>
<|im_start|>user Extract the entities contained in the text. Extract only entities contained in the text.
Return the result in a json format: [{""entity"":""entity_name""}]. <<<Patient information: a 9-month-old boy presented to the emergency room with a 3-day history of refusal to bear weight on the right lower extremity and febrile peaks of up to 38.5°C for 24 hours.>>> <|im_end|><|im_start|>assistant [{""entity"": ""presented""}, {""entity"": ""refusal""}, {""entity"": ""bear""}, {""entity"": ""peaks""}] <|im_end|>
<|im_start|>user Extract the entities contained in the text. Extract only entities contained in the text.
Return the result in a json format: [{""entity"":""entity_name""}]. <<On 9th day of illness patient developed painful neck swelling accompanied by fever, tremors, palpitations, hoarseness of voice and odynophagia.>>> <|im_end|><|im_start|>assistant","[{""entity"": ""illness""}, {""entity"": ""swelling""}, {""entity"": ""fever""}, {""entity"": ""tremors""}, {""entity"": ""palpitations""}, {""entity"": ""hoarseness""}, {""entity"": ""odynophagia""}, {""entity"": ""neck swelling""}, {""entity"": ""fever""}, {""entity"": ""palpitations""}, {""entity"": ""hoarseness of voice""}, {""entity"": ""odynophagia""}, {""entity"": ""neck""}, {""entity"": ""patient""}, {""entity"": ""9th day""}] ","[{""entity"": ""illness""}, {""entity"": ""developed""}, {""entity"": ""swelling""}, {""entity"": ""fever"
"Examination revealed acutely swollen, tender thyroid gland along with features of hyperthyroidism.","[{'id': '2680', 'offsets': array([ 0, 11]), 'role': '', 'semantic_type_id': '', 'text': 'Examination', 'type': 'EVENT'}
 {'id': '2695', 'offsets': array([12, 20]), 'role': '', 'semantic_type_id': '', 'text': 'revealed', 'type': 'EVENT'}
 {'id': '2710', 'offsets': array([82, 97]), 'role': '', 'semantic_type_id': '', 'text': 'hyperthyroidism', 'type': 'EVENT'}
 {'id': '3228', 'offsets': array([29, 36]), 'role': '', 'semantic_type_id': 'C0038999', 'text': 'swollen', 'type': 'CLINENTITY'}
 {'id': '3235', 'offsets': array([38, 58]), 'role': '', 'semantic_type_id': 'C0578750', 'text': 'tender thyroid gland', 'type': 'CLINENTITY'}
 {'id': '3242', 'offsets': array([82, 97]), 'role': '', 'semantic_type_id': 'C0020550', 'text': 'hyperthyroidism', 'type': 'CLINENTITY'}
 {'id': '3282', 'offsets': array([21, 58]), 'role': '', 'semantic_type_id': '', 'text': 'acutely swollen, tender thyroid gland', 'type': 'BODYPART'}]","A 20 years old man presented with fever, myalgias, arthralgias, retro-orbital pain, vomiting and gum bleeding during a large dengue outbreak in Lahore, Pakistan. On 7th day of illness patient became afebrile, but he developed severe headaches, unconsciousness followed by altered behavior. On 9th day of illness patient developed painful neck swelling accompanied by fever, tremors, palpitations, hoarseness of voice and odynophagia. Examination revealed acutely swollen, tender thyroid gland along with features of hyperthyroidism. Laboratory evaluation revealed stable hematocrit, thrombocytopenia and leukopenia. Patient had seroconverted for anti-dengue IgM antibodies on the 10th day of illness. A non-contrast Computed Tomogram (CT) of the brain showed right frontal lobe hematoma. Thyroid profile showed increased free T3 and T4 and low TSH. Technetium thyroid scan showed reduced tracer uptake. He was diagnosed as having subacute thyroiditis and treated with oral prednisolone and propranolol. Follow up CT brain showed resolving hematoma. Patient's recovery was uneventful.
",EN107021,"<|im_start|>user Extract the entities contained in the text. Extract only entities contained in the text.
Return the result in a json format: [{""entity"":""entity_name""}]. <<Examination revealed acutely swollen, tender thyroid gland along with features of hyperthyroidism.>>> <|im_end|><|im_start|>assistant[{""entity"": ""Examination""}, {""entity"": ""revealed""}, {""entity"": ""hyperthyroidism""}, {""entity"": ""swollen""}, {""entity"": ""tender thyroid gland""}, {""entity"": ""hyperthyroidism""}, {""entity"": ""acutely swollen, tender thyroid gland""}] <|im_end|>","<|im_start|>user Extract the entities contained in the text. Extract only entities contained in the text.
Return the result in a json format: [{""entity"":""entity_name""}]. <<<We present a case of a 32-year-old woman with a history of gradual enlargement of the anterior neck.>>> <|im_end|><|im_start|>assistant [{""entity"": ""present""}, {""entity"": ""history""}, {""entity"": ""enlargement""}] <|im_end|>
<|im_start|>user Extract the entities contained in the text. Extract only entities contained in the text.
Return the result in a json format: [{""entity"":""entity_name""}]. <<<Patient information: a 9-month-old boy presented to the emergency room with a 3-day history of refusal to bear weight on the right lower extremity and febrile peaks of up to 38.5°C for 24 hours.>>> <|im_end|><|im_start|>assistant [{""entity"": ""presented""}, {""entity"": ""refusal""}, {""entity"": ""bear""}, {""entity"": ""peaks""}] <|im_end|>
<|im_start|>user Extract the entities contained in the text. Extract only entities contained in the text.
Return the result in a json format: [{""entity"":""entity_name""}]. <<Examination revealed acutely swollen, tender thyroid gland along with features of hyperthyroidism.>>> <|im_end|><|im_start|>assistant","[{""entity"": ""Examination""}, {""entity"": ""revealed""}, {""entity"": ""hyperthyroidism""}, {""entity"": ""swollen""}, {""entity"": ""tender thyroid gland""}, {""entity"": ""hyperthyroidism""}, {""entity"": ""acutely swollen, tender thyroid gland""}] ","[{""entity"": ""Examination""}, {""entity"": ""revealed""}, {""entity"": ""swollen""}, {""entity"": ""tender"
"Laboratory evaluation revealed stable hematocrit, thrombocytopenia and leukopenia.","[{'id': '2725', 'offsets': array([11, 21]), 'role': '', 'semantic_type_id': '', 'text': 'evaluation', 'type': 'EVENT'}
 {'id': '2740', 'offsets': array([22, 30]), 'role': '', 'semantic_type_id': '', 'text': 'revealed', 'type': 'EVENT'}
 {'id': '2755', 'offsets': array([38, 48]), 'role': '', 'semantic_type_id': '', 'text': 'hematocrit', 'type': 'EVENT'}
 {'id': '2770', 'offsets': array([50, 66]), 'role': '', 'semantic_type_id': '', 'text': 'thrombocytopenia', 'type': 'EVENT'}
 {'id': '2785', 'offsets': array([71, 81]), 'role': '', 'semantic_type_id': '', 'text': 'leukopenia', 'type': 'EVENT'}]","A 20 years old man presented with fever, myalgias, arthralgias, retro-orbital pain, vomiting and gum bleeding during a large dengue outbreak in Lahore, Pakistan. On 7th day of illness patient became afebrile, but he developed severe headaches, unconsciousness followed by altered behavior. On 9th day of illness patient developed painful neck swelling accompanied by fever, tremors, palpitations, hoarseness of voice and odynophagia. Examination revealed acutely swollen, tender thyroid gland along with features of hyperthyroidism. Laboratory evaluation revealed stable hematocrit, thrombocytopenia and leukopenia. Patient had seroconverted for anti-dengue IgM antibodies on the 10th day of illness. A non-contrast Computed Tomogram (CT) of the brain showed right frontal lobe hematoma. Thyroid profile showed increased free T3 and T4 and low TSH. Technetium thyroid scan showed reduced tracer uptake. He was diagnosed as having subacute thyroiditis and treated with oral prednisolone and propranolol. Follow up CT brain showed resolving hematoma. Patient's recovery was uneventful.
",EN107021,"<|im_start|>user Extract the entities contained in the text. Extract only entities contained in the text.
Return the result in a json format: [{""entity"":""entity_name""}]. <<Laboratory evaluation revealed stable hematocrit, thrombocytopenia and leukopenia.>>> <|im_end|><|im_start|>assistant[{""entity"": ""evaluation""}, {""entity"": ""revealed""}, {""entity"": ""hematocrit""}, {""entity"": ""thrombocytopenia""}, {""entity"": ""leukopenia""}] <|im_end|>","<|im_start|>user Extract the entities contained in the text. Extract only entities contained in the text.
Return the result in a json format: [{""entity"":""entity_name""}]. <<<We present a case of a 32-year-old woman with a history of gradual enlargement of the anterior neck.>>> <|im_end|><|im_start|>assistant [{""entity"": ""present""}, {""entity"": ""history""}, {""entity"": ""enlargement""}] <|im_end|>
<|im_start|>user Extract the entities contained in the text. Extract only entities contained in the text.
Return the result in a json format: [{""entity"":""entity_name""}]. <<<Patient information: a 9-month-old boy presented to the emergency room with a 3-day history of refusal to bear weight on the right lower extremity and febrile peaks of up to 38.5°C for 24 hours.>>> <|im_end|><|im_start|>assistant [{""entity"": ""presented""}, {""entity"": ""refusal""}, {""entity"": ""bear""}, {""entity"": ""peaks""}] <|im_end|>
<|im_start|>user Extract the entities contained in the text. Extract only entities contained in the text.
Return the result in a json format: [{""entity"":""entity_name""}]. <<Laboratory evaluation revealed stable hematocrit, thrombocytopenia and leukopenia.>>> <|im_end|><|im_start|>assistant","[{""entity"": ""evaluation""}, {""entity"": ""revealed""}, {""entity"": ""hematocrit""}, {""entity"": ""thrombocytopenia""}, {""entity"": ""leukopenia""}] ","[{""entity"": ""evaluation""}, {""entity"": ""revealed""}, {""entity"": ""hematocrit""}, {""entity"": ""th"
Patient had seroconverted for anti-dengue IgM antibodies on the 10th day of illness.,"[{'id': '2800', 'offsets': array([12, 25]), 'role': '', 'semantic_type_id': '', 'text': 'seroconverted', 'type': 'EVENT'}
 {'id': '2815', 'offsets': array([76, 83]), 'role': '', 'semantic_type_id': '', 'text': 'illness', 'type': 'EVENT'}
 {'id': '3346', 'offsets': array([0, 7]), 'role': 'PATIENT', 'semantic_type_id': '', 'text': 'Patient', 'type': 'ACTOR'}
 {'id': '3397', 'offsets': array([60, 72]), 'role': '', 'semantic_type_id': '', 'text': 'the 10th day', 'type': 'TIMEX3'}]","A 20 years old man presented with fever, myalgias, arthralgias, retro-orbital pain, vomiting and gum bleeding during a large dengue outbreak in Lahore, Pakistan. On 7th day of illness patient became afebrile, but he developed severe headaches, unconsciousness followed by altered behavior. On 9th day of illness patient developed painful neck swelling accompanied by fever, tremors, palpitations, hoarseness of voice and odynophagia. Examination revealed acutely swollen, tender thyroid gland along with features of hyperthyroidism. Laboratory evaluation revealed stable hematocrit, thrombocytopenia and leukopenia. Patient had seroconverted for anti-dengue IgM antibodies on the 10th day of illness. A non-contrast Computed Tomogram (CT) of the brain showed right frontal lobe hematoma. Thyroid profile showed increased free T3 and T4 and low TSH. Technetium thyroid scan showed reduced tracer uptake. He was diagnosed as having subacute thyroiditis and treated with oral prednisolone and propranolol. Follow up CT brain showed resolving hematoma. Patient's recovery was uneventful.
",EN107021,"<|im_start|>user Extract the entities contained in the text. Extract only entities contained in the text.
Return the result in a json format: [{""entity"":""entity_name""}]. <<Patient had seroconverted for anti-dengue IgM antibodies on the 10th day of illness.>>> <|im_end|><|im_start|>assistant[{""entity"": ""seroconverted""}, {""entity"": ""illness""}, {""entity"": ""Patient""}, {""entity"": ""the 10th day""}] <|im_end|>","<|im_start|>user Extract the entities contained in the text. Extract only entities contained in the text.
Return the result in a json format: [{""entity"":""entity_name""}]. <<<We present a case of a 32-year-old woman with a history of gradual enlargement of the anterior neck.>>> <|im_end|><|im_start|>assistant [{""entity"": ""present""}, {""entity"": ""history""}, {""entity"": ""enlargement""}] <|im_end|>
<|im_start|>user Extract the entities contained in the text. Extract only entities contained in the text.
Return the result in a json format: [{""entity"":""entity_name""}]. <<<Patient information: a 9-month-old boy presented to the emergency room with a 3-day history of refusal to bear weight on the right lower extremity and febrile peaks of up to 38.5°C for 24 hours.>>> <|im_end|><|im_start|>assistant [{""entity"": ""presented""}, {""entity"": ""refusal""}, {""entity"": ""bear""}, {""entity"": ""peaks""}] <|im_end|>
<|im_start|>user Extract the entities contained in the text. Extract only entities contained in the text.
Return the result in a json format: [{""entity"":""entity_name""}]. <<Patient had seroconverted for anti-dengue IgM antibodies on the 10th day of illness.>>> <|im_end|><|im_start|>assistant","[{""entity"": ""seroconverted""}, {""entity"": ""illness""}, {""entity"": ""Patient""}, {""entity"": ""the 10th day""}] ","[{""entity"": ""seroconverted""}, {""entity"": ""antibodies""}, {""entity"": ""illness""}, {""entity"": """
A non-contrast Computed Tomogram (CT) of the brain showed right frontal lobe hematoma.,"[{'id': '2830', 'offsets': array([24, 32]), 'role': '', 'semantic_type_id': '', 'text': 'Tomogram', 'type': 'EVENT'}
 {'id': '2845', 'offsets': array([34, 36]), 'role': '', 'semantic_type_id': '', 'text': 'CT', 'type': 'EVENT'}
 {'id': '2860', 'offsets': array([51, 57]), 'role': '', 'semantic_type_id': '', 'text': 'showed', 'type': 'EVENT'}
 {'id': '2875', 'offsets': array([77, 85]), 'role': '', 'semantic_type_id': '', 'text': 'hematoma', 'type': 'EVENT'}
 {'id': '3288', 'offsets': array([41, 50]), 'role': '', 'semantic_type_id': '', 'text': 'the brain', 'type': 'BODYPART'}
 {'id': '3294', 'offsets': array([58, 76]), 'role': '', 'semantic_type_id': '', 'text': 'right frontal lobe', 'type': 'BODYPART'}]","A 20 years old man presented with fever, myalgias, arthralgias, retro-orbital pain, vomiting and gum bleeding during a large dengue outbreak in Lahore, Pakistan. On 7th day of illness patient became afebrile, but he developed severe headaches, unconsciousness followed by altered behavior. On 9th day of illness patient developed painful neck swelling accompanied by fever, tremors, palpitations, hoarseness of voice and odynophagia. Examination revealed acutely swollen, tender thyroid gland along with features of hyperthyroidism. Laboratory evaluation revealed stable hematocrit, thrombocytopenia and leukopenia. Patient had seroconverted for anti-dengue IgM antibodies on the 10th day of illness. A non-contrast Computed Tomogram (CT) of the brain showed right frontal lobe hematoma. Thyroid profile showed increased free T3 and T4 and low TSH. Technetium thyroid scan showed reduced tracer uptake. He was diagnosed as having subacute thyroiditis and treated with oral prednisolone and propranolol. Follow up CT brain showed resolving hematoma. Patient's recovery was uneventful.
",EN107021,"<|im_start|>user Extract the entities contained in the text. Extract only entities contained in the text.
Return the result in a json format: [{""entity"":""entity_name""}]. <<A non-contrast Computed Tomogram (CT) of the brain showed right frontal lobe hematoma.>>> <|im_end|><|im_start|>assistant[{""entity"": ""Tomogram""}, {""entity"": ""CT""}, {""entity"": ""showed""}, {""entity"": ""hematoma""}, {""entity"": ""the brain""}, {""entity"": ""right frontal lobe""}] <|im_end|>","<|im_start|>user Extract the entities contained in the text. Extract only entities contained in the text.
Return the result in a json format: [{""entity"":""entity_name""}]. <<<We present a case of a 32-year-old woman with a history of gradual enlargement of the anterior neck.>>> <|im_end|><|im_start|>assistant [{""entity"": ""present""}, {""entity"": ""history""}, {""entity"": ""enlargement""}] <|im_end|>
<|im_start|>user Extract the entities contained in the text. Extract only entities contained in the text.
Return the result in a json format: [{""entity"":""entity_name""}]. <<<Patient information: a 9-month-old boy presented to the emergency room with a 3-day history of refusal to bear weight on the right lower extremity and febrile peaks of up to 38.5°C for 24 hours.>>> <|im_end|><|im_start|>assistant [{""entity"": ""presented""}, {""entity"": ""refusal""}, {""entity"": ""bear""}, {""entity"": ""peaks""}] <|im_end|>
<|im_start|>user Extract the entities contained in the text. Extract only entities contained in the text.
Return the result in a json format: [{""entity"":""entity_name""}]. <<A non-contrast Computed Tomogram (CT) of the brain showed right frontal lobe hematoma.>>> <|im_end|><|im_start|>assistant","[{""entity"": ""Tomogram""}, {""entity"": ""CT""}, {""entity"": ""showed""}, {""entity"": ""hematoma""}, {""entity"": ""the brain""}, {""entity"": ""right frontal lobe""}] ","[{""entity"": ""Tomogram""}, {""entity"": ""showed""}, {""entity"": ""hematoma""}, {""entity"": ""the"
Thyroid profile showed increased free T3 and T4 and low TSH.,"[{'id': '2890', 'offsets': array([ 8, 15]), 'role': '', 'semantic_type_id': '', 'text': 'profile', 'type': 'EVENT'}
 {'id': '2905', 'offsets': array([16, 22]), 'role': '', 'semantic_type_id': '', 'text': 'showed', 'type': 'EVENT'}
 {'id': '2920', 'offsets': array([38, 40]), 'role': '', 'semantic_type_id': '', 'text': 'T3', 'type': 'EVENT'}
 {'id': '2935', 'offsets': array([45, 47]), 'role': '', 'semantic_type_id': '', 'text': 'T4', 'type': 'EVENT'}
 {'id': '2950', 'offsets': array([56, 59]), 'role': '', 'semantic_type_id': '', 'text': 'TSH', 'type': 'EVENT'}
 {'id': '3300', 'offsets': array([0, 7]), 'role': '', 'semantic_type_id': '', 'text': 'Thyroid', 'type': 'BODYPART'}
 {'id': '3367', 'offsets': array([23, 32]), 'role': '', 'semantic_type_id': '', 'text': 'increased', 'type': 'RML'}
 {'id': '3373', 'offsets': array([52, 55]), 'role': '', 'semantic_type_id': '', 'text': 'low', 'type': 'RML'}]","A 20 years old man presented with fever, myalgias, arthralgias, retro-orbital pain, vomiting and gum bleeding during a large dengue outbreak in Lahore, Pakistan. On 7th day of illness patient became afebrile, but he developed severe headaches, unconsciousness followed by altered behavior. On 9th day of illness patient developed painful neck swelling accompanied by fever, tremors, palpitations, hoarseness of voice and odynophagia. Examination revealed acutely swollen, tender thyroid gland along with features of hyperthyroidism. Laboratory evaluation revealed stable hematocrit, thrombocytopenia and leukopenia. Patient had seroconverted for anti-dengue IgM antibodies on the 10th day of illness. A non-contrast Computed Tomogram (CT) of the brain showed right frontal lobe hematoma. Thyroid profile showed increased free T3 and T4 and low TSH. Technetium thyroid scan showed reduced tracer uptake. He was diagnosed as having subacute thyroiditis and treated with oral prednisolone and propranolol. Follow up CT brain showed resolving hematoma. Patient's recovery was uneventful.
",EN107021,"<|im_start|>user Extract the entities contained in the text. Extract only entities contained in the text.
Return the result in a json format: [{""entity"":""entity_name""}]. <<Thyroid profile showed increased free T3 and T4 and low TSH.>>> <|im_end|><|im_start|>assistant[{""entity"": ""profile""}, {""entity"": ""showed""}, {""entity"": ""T3""}, {""entity"": ""T4""}, {""entity"": ""TSH""}, {""entity"": ""Thyroid""}, {""entity"": ""increased""}, {""entity"": ""low""}] <|im_end|>","<|im_start|>user Extract the entities contained in the text. Extract only entities contained in the text.
Return the result in a json format: [{""entity"":""entity_name""}]. <<<We present a case of a 32-year-old woman with a history of gradual enlargement of the anterior neck.>>> <|im_end|><|im_start|>assistant [{""entity"": ""present""}, {""entity"": ""history""}, {""entity"": ""enlargement""}] <|im_end|>
<|im_start|>user Extract the entities contained in the text. Extract only entities contained in the text.
Return the result in a json format: [{""entity"":""entity_name""}]. <<<Patient information: a 9-month-old boy presented to the emergency room with a 3-day history of refusal to bear weight on the right lower extremity and febrile peaks of up to 38.5°C for 24 hours.>>> <|im_end|><|im_start|>assistant [{""entity"": ""presented""}, {""entity"": ""refusal""}, {""entity"": ""bear""}, {""entity"": ""peaks""}] <|im_end|>
<|im_start|>user Extract the entities contained in the text. Extract only entities contained in the text.
Return the result in a json format: [{""entity"":""entity_name""}]. <<Thyroid profile showed increased free T3 and T4 and low TSH.>>> <|im_end|><|im_start|>assistant","[{""entity"": ""profile""}, {""entity"": ""showed""}, {""entity"": ""T3""}, {""entity"": ""T4""}, {""entity"": ""TSH""}, {""entity"": ""Thyroid""}, {""entity"": ""increased""}, {""entity"": ""low""}] ","[{""entity"": ""profile""}, {""entity"": ""showed""}, {""entity"": ""increased""}, {""entity"": ""low""}, {"""
A 45 year old Indian female of Nordic origin presented 5 years back with a lump in the right breast and the axilla.,"[{'id': '3695', 'offsets': array([45, 54]), 'role': '', 'semantic_type_id': '', 'text': 'presented', 'type': 'EVENT'}
 {'id': '3710', 'offsets': array([75, 79]), 'role': '', 'semantic_type_id': '', 'text': 'lump', 'type': 'EVENT'}
 {'id': '4475', 'offsets': array([ 75, 114]), 'role': '', 'semantic_type_id': 'C0238729', 'text': 'lump in the right breast and the axilla', 'type': 'CLINENTITY'}
 {'id': '4482', 'offsets': array([75, 99]), 'role': '', 'semantic_type_id': 'C2126187', 'text': 'lump in the right breast', 'type': 'CLINENTITY'}
 {'id': '4580', 'offsets': array([83, 99]), 'role': '', 'semantic_type_id': '', 'text': 'the right breast', 'type': 'BODYPART'}
 {'id': '4586', 'offsets': array([104, 114]), 'role': '', 'semantic_type_id': '', 'text': 'the axilla', 'type': 'BODYPART'}
 {'id': '4670', 'offsets': array([ 0, 44]), 'role': 'PATIENT', 'semantic_type_id': '', 'text': 'A 45 year old Indian female of Nordic origin', 'type': 'ACTOR'}
 {'id': '4734', 'offsets': array([55, 67]), 'role': '', 'semantic_type_id': '', 'text': '5 years back', 'type': 'TIMEX3'}]","A 45 year old Indian female of Nordic origin presented 5 years back with a lump in the right breast and the axilla. She underwent modified radical mastectomy. Histophotomicrograph of the excised breast lesion showed a 2.1 cm duct carcinoma, positive for ER and PR with 1 out of 25 lymph nodes positive for metastasis. She received 6 cycles of chemotherapy with cyclophosphamide, epirubicin, and 5-fluorouracil. This was followed by tamoxifen 20 mg per day for five years. She was doing well on follow up until the completion of fifth year of her disease, when she presented with complaints of mild fever and weakness. Examination revealed generalized lymph node enlargement along with hepatomegaly. Hemogram showed mild anemia, normal platelet count and a leukocyte count of 1.2 x 10(11)/L. Peripheral blood examination revealed medium sized lymphoid cells, constituting almost 75% of total nucleated cell population. Immunophenotying, established a diagnosis of post thymic T-cell prolymphocytic leukemia. Contrast-enhanced computed tomography of the chest and abdomen was done which revealed an anterior mediastinal mass with destruction of sternum along with multiple small nodular shadows in bilateral lung fields suggestive of lung metastasis. Fine needle aspiration cytology of the mass showed atypical ductal cells with nuclear pleomorphism, which were positive for ER, PR and Her2neu protein. This confirmed a co-existent metastatic breast carcinoma. She was started on chemotherapy for T-PLL along with hormonal therapy with aromatase inhibitor. Unfortunately, both her malignancies progressed after an initial stable disease of two months.
",EN108139,"<|im_start|>user Extract the entities contained in the text. Extract only entities contained in the text.
Return the result in a json format: [{""entity"":""entity_name""}]. <<A 45 year old Indian female of Nordic origin presented 5 years back with a lump in the right breast and the axilla.>>> <|im_end|><|im_start|>assistant[{""entity"": ""presented""}, {""entity"": ""lump""}, {""entity"": ""lump in the right breast and the axilla""}, {""entity"": ""lump in the right breast""}, {""entity"": ""the right breast""}, {""entity"": ""the axilla""}, {""entity"": ""A 45 year old Indian female of Nordic origin""}, {""entity"": ""5 years back""}] <|im_end|>","<|im_start|>user Extract the entities contained in the text. Extract only entities contained in the text.
Return the result in a json format: [{""entity"":""entity_name""}]. <<<We present a case of a 32-year-old woman with a history of gradual enlargement of the anterior neck.>>> <|im_end|><|im_start|>assistant [{""entity"": ""present""}, {""entity"": ""history""}, {""entity"": ""enlargement""}] <|im_end|>
<|im_start|>user Extract the entities contained in the text. Extract only entities contained in the text.
Return the result in a json format: [{""entity"":""entity_name""}]. <<<Patient information: a 9-month-old boy presented to the emergency room with a 3-day history of refusal to bear weight on the right lower extremity and febrile peaks of up to 38.5°C for 24 hours.>>> <|im_end|><|im_start|>assistant [{""entity"": ""presented""}, {""entity"": ""refusal""}, {""entity"": ""bear""}, {""entity"": ""peaks""}] <|im_end|>
<|im_start|>user Extract the entities contained in the text. Extract only entities contained in the text.
Return the result in a json format: [{""entity"":""entity_name""}]. <<A 45 year old Indian female of Nordic origin presented 5 years back with a lump in the right breast and the axilla.>>> <|im_end|><|im_start|>assistant","[{""entity"": ""presented""}, {""entity"": ""lump""}, {""entity"": ""lump in the right breast and the axilla""}, {""entity"": ""lump in the right breast""}, {""entity"": ""the right breast""}, {""entity"": ""the axilla""}, {""entity"": ""A 45 year old Indian female of Nordic origin""}, {""entity"": ""5 years back""}] ","[{""entity"": ""presented""}, {""entity"": ""lump""}, {""entity"": ""the right breast""}, {""entity"": ""the"
She underwent modified radical mastectomy.,"[{'id': '3725', 'offsets': array([31, 41]), 'role': '', 'semantic_type_id': '', 'text': 'mastectomy', 'type': 'EVENT'}
 {'id': '4677', 'offsets': array([0, 3]), 'role': 'PATIENT', 'semantic_type_id': '', 'text': 'She', 'type': 'ACTOR'}]","A 45 year old Indian female of Nordic origin presented 5 years back with a lump in the right breast and the axilla. She underwent modified radical mastectomy. Histophotomicrograph of the excised breast lesion showed a 2.1 cm duct carcinoma, positive for ER and PR with 1 out of 25 lymph nodes positive for metastasis. She received 6 cycles of chemotherapy with cyclophosphamide, epirubicin, and 5-fluorouracil. This was followed by tamoxifen 20 mg per day for five years. She was doing well on follow up until the completion of fifth year of her disease, when she presented with complaints of mild fever and weakness. Examination revealed generalized lymph node enlargement along with hepatomegaly. Hemogram showed mild anemia, normal platelet count and a leukocyte count of 1.2 x 10(11)/L. Peripheral blood examination revealed medium sized lymphoid cells, constituting almost 75% of total nucleated cell population. Immunophenotying, established a diagnosis of post thymic T-cell prolymphocytic leukemia. Contrast-enhanced computed tomography of the chest and abdomen was done which revealed an anterior mediastinal mass with destruction of sternum along with multiple small nodular shadows in bilateral lung fields suggestive of lung metastasis. Fine needle aspiration cytology of the mass showed atypical ductal cells with nuclear pleomorphism, which were positive for ER, PR and Her2neu protein. This confirmed a co-existent metastatic breast carcinoma. She was started on chemotherapy for T-PLL along with hormonal therapy with aromatase inhibitor. Unfortunately, both her malignancies progressed after an initial stable disease of two months.
",EN108139,"<|im_start|>user Extract the entities contained in the text. Extract only entities contained in the text.
Return the result in a json format: [{""entity"":""entity_name""}]. <<She underwent modified radical mastectomy.>>> <|im_end|><|im_start|>assistant[{""entity"": ""mastectomy""}, {""entity"": ""She""}] <|im_end|>","<|im_start|>user Extract the entities contained in the text. Extract only entities contained in the text.
Return the result in a json format: [{""entity"":""entity_name""}]. <<<We present a case of a 32-year-old woman with a history of gradual enlargement of the anterior neck.>>> <|im_end|><|im_start|>assistant [{""entity"": ""present""}, {""entity"": ""history""}, {""entity"": ""enlargement""}] <|im_end|>
<|im_start|>user Extract the entities contained in the text. Extract only entities contained in the text.
Return the result in a json format: [{""entity"":""entity_name""}]. <<<Patient information: a 9-month-old boy presented to the emergency room with a 3-day history of refusal to bear weight on the right lower extremity and febrile peaks of up to 38.5°C for 24 hours.>>> <|im_end|><|im_start|>assistant [{""entity"": ""presented""}, {""entity"": ""refusal""}, {""entity"": ""bear""}, {""entity"": ""peaks""}] <|im_end|>
<|im_start|>user Extract the entities contained in the text. Extract only entities contained in the text.
Return the result in a json format: [{""entity"":""entity_name""}]. <<She underwent modified radical mastectomy.>>> <|im_end|><|im_start|>assistant","[{""entity"": ""mastectomy""}, {""entity"": ""She""}] ","[{""entity"": ""She""}] <|im_end|><|im_end|><|im_end|><|im_end|><|im_end|><|im_end|><|im_end|><|im_end|><|im_end|><|im_end|><|im_end|><|im_end|><|im_end|><|im_end|><|im_end|><|im_end|><|im_end|><|im_end|><|im_end|>"
"Histophotomicrograph of the excised breast lesion showed a 2.1 cm duct carcinoma, positive for ER and PR with 1 out of 25 lymph nodes positive for metastasis.","[{'id': '3740', 'offsets': array([ 0, 20]), 'role': '', 'semantic_type_id': '', 'text': 'Histophotomicrograph', 'type': 'EVENT'}
 {'id': '3755', 'offsets': array([50, 56]), 'role': '', 'semantic_type_id': '', 'text': 'showed', 'type': 'EVENT'}
 {'id': '3770', 'offsets': array([71, 80]), 'role': '', 'semantic_type_id': '', 'text': 'carcinoma', 'type': 'EVENT'}
 {'id': '3785', 'offsets': array([95, 97]), 'role': '', 'semantic_type_id': '', 'text': 'ER', 'type': 'EVENT'}
 {'id': '3800', 'offsets': array([102, 104]), 'role': '', 'semantic_type_id': '', 'text': 'PR', 'type': 'EVENT'}
 {'id': '3815', 'offsets': array([147, 157]), 'role': '', 'semantic_type_id': '', 'text': 'metastasis', 'type': 'EVENT'}
 {'id': '4489', 'offsets': array([36, 49]), 'role': '', 'semantic_type_id': 'C0567489', 'text': 'breast lesion', 'type': 'CLINENTITY'}
 {'id': '4496', 'offsets': array([66, 80]), 'role': '', 'semantic_type_id': 'C1176475', 'text': 'duct carcinoma', 'type': 'CLINENTITY'}
 {'id': '4503', 'offsets': array([122, 157]), 'role': '', 'semantic_type_id': 'C0686619', 'text': 'lymph nodes positive for metastasis', 'type': 'CLINENTITY'}
 {'id': '4592', 'offsets': array([36, 42]), 'role': '', 'semantic_type_id': '', 'text': 'breast', 'type': 'BODYPART'}
 {'id': '4598', 'offsets': array([66, 70]), 'role': '', 'semantic_type_id': '', 'text': 'duct', 'type': 'BODYPART'}
 {'id': '4604', 'offsets': array([110, 133]), 'role': '', 'semantic_type_id': '', 'text': '1 out of 25 lymph nodes', 'type': 'BODYPART'}
 {'id': '4698', 'offsets': array([59, 65]), 'role': '', 'semantic_type_id': '', 'text': '2.1 cm', 'type': 'RML'}
 {'id': '4704', 'offsets': array([82, 90]), 'role': '', 'semantic_type_id': '', 'text': 'positive', 'type': 'RML'}
 {'id': '4710', 'offsets': array([134, 142]), 'role': '', 'semantic_type_id': '', 'text': 'positive', 'type': 'RML'}]","A 45 year old Indian female of Nordic origin presented 5 years back with a lump in the right breast and the axilla. She underwent modified radical mastectomy. Histophotomicrograph of the excised breast lesion showed a 2.1 cm duct carcinoma, positive for ER and PR with 1 out of 25 lymph nodes positive for metastasis. She received 6 cycles of chemotherapy with cyclophosphamide, epirubicin, and 5-fluorouracil. This was followed by tamoxifen 20 mg per day for five years. She was doing well on follow up until the completion of fifth year of her disease, when she presented with complaints of mild fever and weakness. Examination revealed generalized lymph node enlargement along with hepatomegaly. Hemogram showed mild anemia, normal platelet count and a leukocyte count of 1.2 x 10(11)/L. Peripheral blood examination revealed medium sized lymphoid cells, constituting almost 75% of total nucleated cell population. Immunophenotying, established a diagnosis of post thymic T-cell prolymphocytic leukemia. Contrast-enhanced computed tomography of the chest and abdomen was done which revealed an anterior mediastinal mass with destruction of sternum along with multiple small nodular shadows in bilateral lung fields suggestive of lung metastasis. Fine needle aspiration cytology of the mass showed atypical ductal cells with nuclear pleomorphism, which were positive for ER, PR and Her2neu protein. This confirmed a co-existent metastatic breast carcinoma. She was started on chemotherapy for T-PLL along with hormonal therapy with aromatase inhibitor. Unfortunately, both her malignancies progressed after an initial stable disease of two months.
",EN108139,"<|im_start|>user Extract the entities contained in the text. Extract only entities contained in the text.
Return the result in a json format: [{""entity"":""entity_name""}]. <<Histophotomicrograph of the excised breast lesion showed a 2.1 cm duct carcinoma, positive for ER and PR with 1 out of 25 lymph nodes positive for metastasis.>>> <|im_end|><|im_start|>assistant[{""entity"": ""Histophotomicrograph""}, {""entity"": ""showed""}, {""entity"": ""carcinoma""}, {""entity"": ""ER""}, {""entity"": ""PR""}, {""entity"": ""metastasis""}, {""entity"": ""breast lesion""}, {""entity"": ""duct carcinoma""}, {""entity"": ""lymph nodes positive for metastasis""}, {""entity"": ""breast""}, {""entity"": ""duct""}, {""entity"": ""1 out of 25 lymph nodes""}, {""entity"": ""2.1 cm""}, {""entity"": ""positive""}, {""entity"": ""positive""}] <|im_end|>","<|im_start|>user Extract the entities contained in the text. Extract only entities contained in the text.
Return the result in a json format: [{""entity"":""entity_name""}]. <<<We present a case of a 32-year-old woman with a history of gradual enlargement of the anterior neck.>>> <|im_end|><|im_start|>assistant [{""entity"": ""present""}, {""entity"": ""history""}, {""entity"": ""enlargement""}] <|im_end|>
<|im_start|>user Extract the entities contained in the text. Extract only entities contained in the text.
Return the result in a json format: [{""entity"":""entity_name""}]. <<<Patient information: a 9-month-old boy presented to the emergency room with a 3-day history of refusal to bear weight on the right lower extremity and febrile peaks of up to 38.5°C for 24 hours.>>> <|im_end|><|im_start|>assistant [{""entity"": ""presented""}, {""entity"": ""refusal""}, {""entity"": ""bear""}, {""entity"": ""peaks""}] <|im_end|>
<|im_start|>user Extract the entities contained in the text. Extract only entities contained in the text.
Return the result in a json format: [{""entity"":""entity_name""}]. <<Histophotomicrograph of the excised breast lesion showed a 2.1 cm duct carcinoma, positive for ER and PR with 1 out of 25 lymph nodes positive for metastasis.>>> <|im_end|><|im_start|>assistant","[{""entity"": ""Histophotomicrograph""}, {""entity"": ""showed""}, {""entity"": ""carcinoma""}, {""entity"": ""ER""}, {""entity"": ""PR""}, {""entity"": ""metastasis""}, {""entity"": ""breast lesion""}, {""entity"": ""duct carcinoma""}, {""entity"": ""lymph nodes positive for metastasis""}, {""entity"": ""breast""}, {""entity"": ""duct""}, {""entity"": ""1 out of 25 lymph nodes""}, {""entity"": ""2.1 cm""}, {""entity"": ""positive""}, {""entity"": ""positive""}] ","[{""entity"": ""lesion""}, {""entity"": ""showed""}, {""entity"": ""carcinoma""}, {""entity"": ""met"
This was followed by tamoxifen 20 mg per day for five years.,"[{'id': '3845', 'offsets': array([ 9, 17]), 'role': '', 'semantic_type_id': '', 'text': 'followed', 'type': 'EVENT'}
 {'id': '3860', 'offsets': array([21, 30]), 'role': '', 'semantic_type_id': '', 'text': 'tamoxifen', 'type': 'EVENT'}
 {'id': '4743', 'offsets': array([37, 44]), 'role': '', 'semantic_type_id': '', 'text': 'per day', 'type': 'TIMEX3'}
 {'id': '4752', 'offsets': array([49, 59]), 'role': '', 'semantic_type_id': '', 'text': 'five years', 'type': 'TIMEX3'}]","A 45 year old Indian female of Nordic origin presented 5 years back with a lump in the right breast and the axilla. She underwent modified radical mastectomy. Histophotomicrograph of the excised breast lesion showed a 2.1 cm duct carcinoma, positive for ER and PR with 1 out of 25 lymph nodes positive for metastasis. She received 6 cycles of chemotherapy with cyclophosphamide, epirubicin, and 5-fluorouracil. This was followed by tamoxifen 20 mg per day for five years. She was doing well on follow up until the completion of fifth year of her disease, when she presented with complaints of mild fever and weakness. Examination revealed generalized lymph node enlargement along with hepatomegaly. Hemogram showed mild anemia, normal platelet count and a leukocyte count of 1.2 x 10(11)/L. Peripheral blood examination revealed medium sized lymphoid cells, constituting almost 75% of total nucleated cell population. Immunophenotying, established a diagnosis of post thymic T-cell prolymphocytic leukemia. Contrast-enhanced computed tomography of the chest and abdomen was done which revealed an anterior mediastinal mass with destruction of sternum along with multiple small nodular shadows in bilateral lung fields suggestive of lung metastasis. Fine needle aspiration cytology of the mass showed atypical ductal cells with nuclear pleomorphism, which were positive for ER, PR and Her2neu protein. This confirmed a co-existent metastatic breast carcinoma. She was started on chemotherapy for T-PLL along with hormonal therapy with aromatase inhibitor. Unfortunately, both her malignancies progressed after an initial stable disease of two months.
",EN108139,"<|im_start|>user Extract the entities contained in the text. Extract only entities contained in the text.
Return the result in a json format: [{""entity"":""entity_name""}]. <<This was followed by tamoxifen 20 mg per day for five years.>>> <|im_end|><|im_start|>assistant[{""entity"": ""followed""}, {""entity"": ""tamoxifen""}, {""entity"": ""per day""}, {""entity"": ""five years""}] <|im_end|>","<|im_start|>user Extract the entities contained in the text. Extract only entities contained in the text.
Return the result in a json format: [{""entity"":""entity_name""}]. <<<We present a case of a 32-year-old woman with a history of gradual enlargement of the anterior neck.>>> <|im_end|><|im_start|>assistant [{""entity"": ""present""}, {""entity"": ""history""}, {""entity"": ""enlargement""}] <|im_end|>
<|im_start|>user Extract the entities contained in the text. Extract only entities contained in the text.
Return the result in a json format: [{""entity"":""entity_name""}]. <<<Patient information: a 9-month-old boy presented to the emergency room with a 3-day history of refusal to bear weight on the right lower extremity and febrile peaks of up to 38.5°C for 24 hours.>>> <|im_end|><|im_start|>assistant [{""entity"": ""presented""}, {""entity"": ""refusal""}, {""entity"": ""bear""}, {""entity"": ""peaks""}] <|im_end|>
<|im_start|>user Extract the entities contained in the text. Extract only entities contained in the text.
Return the result in a json format: [{""entity"":""entity_name""}]. <<This was followed by tamoxifen 20 mg per day for five years.>>> <|im_end|><|im_start|>assistant","[{""entity"": ""followed""}, {""entity"": ""tamoxifen""}, {""entity"": ""per day""}, {""entity"": ""five years""}] ","[{""entity"": ""followed""}, {""entity"": ""tamoxifen""}, {""entity"": ""day""}, {""entity"": ""years""}"
"She was doing well on follow up until the completion of fifth year of her disease, when she presented with complaints of mild fever and weakness.","[{'id': '3875', 'offsets': array([14, 18]), 'role': '', 'semantic_type_id': '', 'text': 'well', 'type': 'EVENT'}
 {'id': '3890', 'offsets': array([22, 28]), 'role': '', 'semantic_type_id': '', 'text': 'follow', 'type': 'EVENT'}
 {'id': '3905', 'offsets': array([74, 81]), 'role': '', 'semantic_type_id': '', 'text': 'disease', 'type': 'EVENT'}
 {'id': '3920', 'offsets': array([ 92, 101]), 'role': '', 'semantic_type_id': '', 'text': 'presented', 'type': 'EVENT'}
 {'id': '3935', 'offsets': array([107, 117]), 'role': '', 'semantic_type_id': '', 'text': 'complaints', 'type': 'EVENT'}
 {'id': '3950', 'offsets': array([126, 131]), 'role': '', 'semantic_type_id': '', 'text': 'fever', 'type': 'EVENT'}
 {'id': '3965', 'offsets': array([136, 144]), 'role': '', 'semantic_type_id': '', 'text': 'weakness', 'type': 'EVENT'}
 {'id': '4510', 'offsets': array([121, 131]), 'role': '', 'semantic_type_id': 'C0239574', 'text': 'mild fever', 'type': 'CLINENTITY'}
 {'id': '4517', 'offsets': array([136, 144]), 'role': '', 'semantic_type_id': 'C3714552', 'text': 'weakness', 'type': 'CLINENTITY'}
 {'id': '4691', 'offsets': array([88, 91]), 'role': 'PATIENT', 'semantic_type_id': '', 'text': 'she', 'type': 'ACTOR'}
 {'id': '4761', 'offsets': array([56, 66]), 'role': '', 'semantic_type_id': '', 'text': 'fifth year', 'type': 'TIMEX3'}]","A 45 year old Indian female of Nordic origin presented 5 years back with a lump in the right breast and the axilla. She underwent modified radical mastectomy. Histophotomicrograph of the excised breast lesion showed a 2.1 cm duct carcinoma, positive for ER and PR with 1 out of 25 lymph nodes positive for metastasis. She received 6 cycles of chemotherapy with cyclophosphamide, epirubicin, and 5-fluorouracil. This was followed by tamoxifen 20 mg per day for five years. She was doing well on follow up until the completion of fifth year of her disease, when she presented with complaints of mild fever and weakness. Examination revealed generalized lymph node enlargement along with hepatomegaly. Hemogram showed mild anemia, normal platelet count and a leukocyte count of 1.2 x 10(11)/L. Peripheral blood examination revealed medium sized lymphoid cells, constituting almost 75% of total nucleated cell population. Immunophenotying, established a diagnosis of post thymic T-cell prolymphocytic leukemia. Contrast-enhanced computed tomography of the chest and abdomen was done which revealed an anterior mediastinal mass with destruction of sternum along with multiple small nodular shadows in bilateral lung fields suggestive of lung metastasis. Fine needle aspiration cytology of the mass showed atypical ductal cells with nuclear pleomorphism, which were positive for ER, PR and Her2neu protein. This confirmed a co-existent metastatic breast carcinoma. She was started on chemotherapy for T-PLL along with hormonal therapy with aromatase inhibitor. Unfortunately, both her malignancies progressed after an initial stable disease of two months.
",EN108139,"<|im_start|>user Extract the entities contained in the text. Extract only entities contained in the text.
Return the result in a json format: [{""entity"":""entity_name""}]. <<She was doing well on follow up until the completion of fifth year of her disease, when she presented with complaints of mild fever and weakness.>>> <|im_end|><|im_start|>assistant[{""entity"": ""well""}, {""entity"": ""follow""}, {""entity"": ""disease""}, {""entity"": ""presented""}, {""entity"": ""complaints""}, {""entity"": ""fever""}, {""entity"": ""weakness""}, {""entity"": ""mild fever""}, {""entity"": ""weakness""}, {""entity"": ""she""}, {""entity"": ""fifth year""}] <|im_end|>","<|im_start|>user Extract the entities contained in the text. Extract only entities contained in the text.
Return the result in a json format: [{""entity"":""entity_name""}]. <<<We present a case of a 32-year-old woman with a history of gradual enlargement of the anterior neck.>>> <|im_end|><|im_start|>assistant [{""entity"": ""present""}, {""entity"": ""history""}, {""entity"": ""enlargement""}] <|im_end|>
<|im_start|>user Extract the entities contained in the text. Extract only entities contained in the text.
Return the result in a json format: [{""entity"":""entity_name""}]. <<<Patient information: a 9-month-old boy presented to the emergency room with a 3-day history of refusal to bear weight on the right lower extremity and febrile peaks of up to 38.5°C for 24 hours.>>> <|im_end|><|im_start|>assistant [{""entity"": ""presented""}, {""entity"": ""refusal""}, {""entity"": ""bear""}, {""entity"": ""peaks""}] <|im_end|>
<|im_start|>user Extract the entities contained in the text. Extract only entities contained in the text.
Return the result in a json format: [{""entity"":""entity_name""}]. <<She was doing well on follow up until the completion of fifth year of her disease, when she presented with complaints of mild fever and weakness.>>> <|im_end|><|im_start|>assistant","[{""entity"": ""well""}, {""entity"": ""follow""}, {""entity"": ""disease""}, {""entity"": ""presented""}, {""entity"": ""complaints""}, {""entity"": ""fever""}, {""entity"": ""weakness""}, {""entity"": ""mild fever""}, {""entity"": ""weakness""}, {""entity"": ""she""}, {""entity"": ""fifth year""}] ","[{""entity"": ""well""}, {""entity"": ""follow""}, {""entity"": ""completion""}, {""entity"": ""presented""}, {""entity"
Examination revealed generalized lymph node enlargement along with hepatomegaly.,"[{'id': '3980', 'offsets': array([ 0, 11]), 'role': '', 'semantic_type_id': '', 'text': 'Examination', 'type': 'EVENT'}
 {'id': '3995', 'offsets': array([12, 20]), 'role': '', 'semantic_type_id': '', 'text': 'revealed', 'type': 'EVENT'}
 {'id': '4010', 'offsets': array([44, 55]), 'role': '', 'semantic_type_id': '', 'text': 'enlargement', 'type': 'EVENT'}
 {'id': '4025', 'offsets': array([67, 79]), 'role': '', 'semantic_type_id': '', 'text': 'hepatomegaly', 'type': 'EVENT'}
 {'id': '4524', 'offsets': array([21, 55]), 'role': '', 'semantic_type_id': 'C0476486', 'text': 'generalized lymph node enlargement', 'type': 'CLINENTITY'}
 {'id': '4531', 'offsets': array([67, 79]), 'role': '', 'semantic_type_id': 'C0019209', 'text': 'hepatomegaly', 'type': 'CLINENTITY'}]","A 45 year old Indian female of Nordic origin presented 5 years back with a lump in the right breast and the axilla. She underwent modified radical mastectomy. Histophotomicrograph of the excised breast lesion showed a 2.1 cm duct carcinoma, positive for ER and PR with 1 out of 25 lymph nodes positive for metastasis. She received 6 cycles of chemotherapy with cyclophosphamide, epirubicin, and 5-fluorouracil. This was followed by tamoxifen 20 mg per day for five years. She was doing well on follow up until the completion of fifth year of her disease, when she presented with complaints of mild fever and weakness. Examination revealed generalized lymph node enlargement along with hepatomegaly. Hemogram showed mild anemia, normal platelet count and a leukocyte count of 1.2 x 10(11)/L. Peripheral blood examination revealed medium sized lymphoid cells, constituting almost 75% of total nucleated cell population. Immunophenotying, established a diagnosis of post thymic T-cell prolymphocytic leukemia. Contrast-enhanced computed tomography of the chest and abdomen was done which revealed an anterior mediastinal mass with destruction of sternum along with multiple small nodular shadows in bilateral lung fields suggestive of lung metastasis. Fine needle aspiration cytology of the mass showed atypical ductal cells with nuclear pleomorphism, which were positive for ER, PR and Her2neu protein. This confirmed a co-existent metastatic breast carcinoma. She was started on chemotherapy for T-PLL along with hormonal therapy with aromatase inhibitor. Unfortunately, both her malignancies progressed after an initial stable disease of two months.
",EN108139,"<|im_start|>user Extract the entities contained in the text. Extract only entities contained in the text.
Return the result in a json format: [{""entity"":""entity_name""}]. <<Examination revealed generalized lymph node enlargement along with hepatomegaly.>>> <|im_end|><|im_start|>assistant[{""entity"": ""Examination""}, {""entity"": ""revealed""}, {""entity"": ""enlargement""}, {""entity"": ""hepatomegaly""}, {""entity"": ""generalized lymph node enlargement""}, {""entity"": ""hepatomegaly""}] <|im_end|>","<|im_start|>user Extract the entities contained in the text. Extract only entities contained in the text.
Return the result in a json format: [{""entity"":""entity_name""}]. <<<We present a case of a 32-year-old woman with a history of gradual enlargement of the anterior neck.>>> <|im_end|><|im_start|>assistant [{""entity"": ""present""}, {""entity"": ""history""}, {""entity"": ""enlargement""}] <|im_end|>
<|im_start|>user Extract the entities contained in the text. Extract only entities contained in the text.
Return the result in a json format: [{""entity"":""entity_name""}]. <<<Patient information: a 9-month-old boy presented to the emergency room with a 3-day history of refusal to bear weight on the right lower extremity and febrile peaks of up to 38.5°C for 24 hours.>>> <|im_end|><|im_start|>assistant [{""entity"": ""presented""}, {""entity"": ""refusal""}, {""entity"": ""bear""}, {""entity"": ""peaks""}] <|im_end|>
<|im_start|>user Extract the entities contained in the text. Extract only entities contained in the text.
Return the result in a json format: [{""entity"":""entity_name""}]. <<Examination revealed generalized lymph node enlargement along with hepatomegaly.>>> <|im_end|><|im_start|>assistant","[{""entity"": ""Examination""}, {""entity"": ""revealed""}, {""entity"": ""enlargement""}, {""entity"": ""hepatomegaly""}, {""entity"": ""generalized lymph node enlargement""}, {""entity"": ""hepatomegaly""}] ","[{""entity"": ""Examination""}, {""entity"": ""revealed""}, {""entity"": ""enlargement""}, {""entity"": ""he"
"Hemogram showed mild anemia, normal platelet count and a leukocyte count of 1.2 x 10(11)/L.","[{'id': '4040', 'offsets': array([0, 8]), 'role': '', 'semantic_type_id': '', 'text': 'Hemogram', 'type': 'EVENT'}
 {'id': '4055', 'offsets': array([ 9, 15]), 'role': '', 'semantic_type_id': '', 'text': 'showed', 'type': 'EVENT'}
 {'id': '4070', 'offsets': array([21, 27]), 'role': '', 'semantic_type_id': '', 'text': 'anemia', 'type': 'EVENT'}
 {'id': '4085', 'offsets': array([45, 50]), 'role': '', 'semantic_type_id': '', 'text': 'count', 'type': 'EVENT'}
 {'id': '4100', 'offsets': array([67, 72]), 'role': '', 'semantic_type_id': '', 'text': 'count', 'type': 'EVENT'}
 {'id': '4538', 'offsets': array([16, 27]), 'role': '', 'semantic_type_id': 'C1858586', 'text': 'mild anemia', 'type': 'CLINENTITY'}
 {'id': '4610', 'offsets': array([36, 44]), 'role': '', 'semantic_type_id': '', 'text': 'platelet', 'type': 'BODYPART'}
 {'id': '4616', 'offsets': array([57, 66]), 'role': '', 'semantic_type_id': '', 'text': 'leukocyte', 'type': 'BODYPART'}
 {'id': '4716', 'offsets': array([29, 35]), 'role': '', 'semantic_type_id': '', 'text': 'normal', 'type': 'RML'}
 {'id': '4722', 'offsets': array([76, 90]), 'role': '', 'semantic_type_id': '', 'text': '1.2 x 10(11)/L', 'type': 'RML'}]","A 45 year old Indian female of Nordic origin presented 5 years back with a lump in the right breast and the axilla. She underwent modified radical mastectomy. Histophotomicrograph of the excised breast lesion showed a 2.1 cm duct carcinoma, positive for ER and PR with 1 out of 25 lymph nodes positive for metastasis. She received 6 cycles of chemotherapy with cyclophosphamide, epirubicin, and 5-fluorouracil. This was followed by tamoxifen 20 mg per day for five years. She was doing well on follow up until the completion of fifth year of her disease, when she presented with complaints of mild fever and weakness. Examination revealed generalized lymph node enlargement along with hepatomegaly. Hemogram showed mild anemia, normal platelet count and a leukocyte count of 1.2 x 10(11)/L. Peripheral blood examination revealed medium sized lymphoid cells, constituting almost 75% of total nucleated cell population. Immunophenotying, established a diagnosis of post thymic T-cell prolymphocytic leukemia. Contrast-enhanced computed tomography of the chest and abdomen was done which revealed an anterior mediastinal mass with destruction of sternum along with multiple small nodular shadows in bilateral lung fields suggestive of lung metastasis. Fine needle aspiration cytology of the mass showed atypical ductal cells with nuclear pleomorphism, which were positive for ER, PR and Her2neu protein. This confirmed a co-existent metastatic breast carcinoma. She was started on chemotherapy for T-PLL along with hormonal therapy with aromatase inhibitor. Unfortunately, both her malignancies progressed after an initial stable disease of two months.
",EN108139,"<|im_start|>user Extract the entities contained in the text. Extract only entities contained in the text.
Return the result in a json format: [{""entity"":""entity_name""}]. <<Hemogram showed mild anemia, normal platelet count and a leukocyte count of 1.2 x 10(11)/L.>>> <|im_end|><|im_start|>assistant[{""entity"": ""Hemogram""}, {""entity"": ""showed""}, {""entity"": ""anemia""}, {""entity"": ""count""}, {""entity"": ""count""}, {""entity"": ""mild anemia""}, {""entity"": ""platelet""}, {""entity"": ""leukocyte""}, {""entity"": ""normal""}, {""entity"": ""1.2 x 10(11)/L""}] <|im_end|>","<|im_start|>user Extract the entities contained in the text. Extract only entities contained in the text.
Return the result in a json format: [{""entity"":""entity_name""}]. <<<We present a case of a 32-year-old woman with a history of gradual enlargement of the anterior neck.>>> <|im_end|><|im_start|>assistant [{""entity"": ""present""}, {""entity"": ""history""}, {""entity"": ""enlargement""}] <|im_end|>
<|im_start|>user Extract the entities contained in the text. Extract only entities contained in the text.
Return the result in a json format: [{""entity"":""entity_name""}]. <<<Patient information: a 9-month-old boy presented to the emergency room with a 3-day history of refusal to bear weight on the right lower extremity and febrile peaks of up to 38.5°C for 24 hours.>>> <|im_end|><|im_start|>assistant [{""entity"": ""presented""}, {""entity"": ""refusal""}, {""entity"": ""bear""}, {""entity"": ""peaks""}] <|im_end|>
<|im_start|>user Extract the entities contained in the text. Extract only entities contained in the text.
Return the result in a json format: [{""entity"":""entity_name""}]. <<Hemogram showed mild anemia, normal platelet count and a leukocyte count of 1.2 x 10(11)/L.>>> <|im_end|><|im_start|>assistant","[{""entity"": ""Hemogram""}, {""entity"": ""showed""}, {""entity"": ""anemia""}, {""entity"": ""count""}, {""entity"": ""count""}, {""entity"": ""mild anemia""}, {""entity"": ""platelet""}, {""entity"": ""leukocyte""}, {""entity"": ""normal""}, {""entity"": ""1.2 x 10(11)/L""}] ","[{""entity"": ""Hemogram""}, {""entity"": ""showed""}, {""entity"": ""anemia""}, {""entity"": ""count"
"Peripheral blood examination revealed medium sized lymphoid cells, constituting almost 75% of total nucleated cell population.","[{'id': '4115', 'offsets': array([17, 28]), 'role': '', 'semantic_type_id': '', 'text': 'examination', 'type': 'EVENT'}
 {'id': '4130', 'offsets': array([29, 37]), 'role': '', 'semantic_type_id': '', 'text': 'revealed', 'type': 'EVENT'}
 {'id': '4145', 'offsets': array([60, 65]), 'role': '', 'semantic_type_id': '', 'text': 'cells', 'type': 'EVENT'}
 {'id': '4622', 'offsets': array([ 0, 16]), 'role': '', 'semantic_type_id': '', 'text': 'Peripheral blood', 'type': 'BODYPART'}
 {'id': '4628', 'offsets': array([110, 114]), 'role': '', 'semantic_type_id': '', 'text': 'cell', 'type': 'BODYPART'}]","A 45 year old Indian female of Nordic origin presented 5 years back with a lump in the right breast and the axilla. She underwent modified radical mastectomy. Histophotomicrograph of the excised breast lesion showed a 2.1 cm duct carcinoma, positive for ER and PR with 1 out of 25 lymph nodes positive for metastasis. She received 6 cycles of chemotherapy with cyclophosphamide, epirubicin, and 5-fluorouracil. This was followed by tamoxifen 20 mg per day for five years. She was doing well on follow up until the completion of fifth year of her disease, when she presented with complaints of mild fever and weakness. Examination revealed generalized lymph node enlargement along with hepatomegaly. Hemogram showed mild anemia, normal platelet count and a leukocyte count of 1.2 x 10(11)/L. Peripheral blood examination revealed medium sized lymphoid cells, constituting almost 75% of total nucleated cell population. Immunophenotying, established a diagnosis of post thymic T-cell prolymphocytic leukemia. Contrast-enhanced computed tomography of the chest and abdomen was done which revealed an anterior mediastinal mass with destruction of sternum along with multiple small nodular shadows in bilateral lung fields suggestive of lung metastasis. Fine needle aspiration cytology of the mass showed atypical ductal cells with nuclear pleomorphism, which were positive for ER, PR and Her2neu protein. This confirmed a co-existent metastatic breast carcinoma. She was started on chemotherapy for T-PLL along with hormonal therapy with aromatase inhibitor. Unfortunately, both her malignancies progressed after an initial stable disease of two months.
",EN108139,"<|im_start|>user Extract the entities contained in the text. Extract only entities contained in the text.
Return the result in a json format: [{""entity"":""entity_name""}]. <<Peripheral blood examination revealed medium sized lymphoid cells, constituting almost 75% of total nucleated cell population.>>> <|im_end|><|im_start|>assistant[{""entity"": ""examination""}, {""entity"": ""revealed""}, {""entity"": ""cells""}, {""entity"": ""Peripheral blood""}, {""entity"": ""cell""}] <|im_end|>","<|im_start|>user Extract the entities contained in the text. Extract only entities contained in the text.
Return the result in a json format: [{""entity"":""entity_name""}]. <<<We present a case of a 32-year-old woman with a history of gradual enlargement of the anterior neck.>>> <|im_end|><|im_start|>assistant [{""entity"": ""present""}, {""entity"": ""history""}, {""entity"": ""enlargement""}] <|im_end|>
<|im_start|>user Extract the entities contained in the text. Extract only entities contained in the text.
Return the result in a json format: [{""entity"":""entity_name""}]. <<<Patient information: a 9-month-old boy presented to the emergency room with a 3-day history of refusal to bear weight on the right lower extremity and febrile peaks of up to 38.5°C for 24 hours.>>> <|im_end|><|im_start|>assistant [{""entity"": ""presented""}, {""entity"": ""refusal""}, {""entity"": ""bear""}, {""entity"": ""peaks""}] <|im_end|>
<|im_start|>user Extract the entities contained in the text. Extract only entities contained in the text.
Return the result in a json format: [{""entity"":""entity_name""}]. <<Peripheral blood examination revealed medium sized lymphoid cells, constituting almost 75% of total nucleated cell population.>>> <|im_end|><|im_start|>assistant","[{""entity"": ""examination""}, {""entity"": ""revealed""}, {""entity"": ""cells""}, {""entity"": ""Peripheral blood""}, {""entity"": ""cell""}] ","[{""entity"": ""examination""}, {""entity"": ""revealed""}, {""entity"": ""cells""}, {""entity"": ""population""}, {"""
"Immunophenotying, established a diagnosis of post thymic T-cell prolymphocytic leukemia.","[{'id': '4160', 'offsets': array([ 0, 16]), 'role': '', 'semantic_type_id': '', 'text': 'Immunophenotying', 'type': 'EVENT'}
 {'id': '4175', 'offsets': array([79, 87]), 'role': '', 'semantic_type_id': '', 'text': 'leukemia', 'type': 'EVENT'}
 {'id': '4545', 'offsets': array([57, 87]), 'role': '', 'semantic_type_id': 'C2363142', 'text': 'T-cell prolymphocytic leukemia', 'type': 'CLINENTITY'}]","A 45 year old Indian female of Nordic origin presented 5 years back with a lump in the right breast and the axilla. She underwent modified radical mastectomy. Histophotomicrograph of the excised breast lesion showed a 2.1 cm duct carcinoma, positive for ER and PR with 1 out of 25 lymph nodes positive for metastasis. She received 6 cycles of chemotherapy with cyclophosphamide, epirubicin, and 5-fluorouracil. This was followed by tamoxifen 20 mg per day for five years. She was doing well on follow up until the completion of fifth year of her disease, when she presented with complaints of mild fever and weakness. Examination revealed generalized lymph node enlargement along with hepatomegaly. Hemogram showed mild anemia, normal platelet count and a leukocyte count of 1.2 x 10(11)/L. Peripheral blood examination revealed medium sized lymphoid cells, constituting almost 75% of total nucleated cell population. Immunophenotying, established a diagnosis of post thymic T-cell prolymphocytic leukemia. Contrast-enhanced computed tomography of the chest and abdomen was done which revealed an anterior mediastinal mass with destruction of sternum along with multiple small nodular shadows in bilateral lung fields suggestive of lung metastasis. Fine needle aspiration cytology of the mass showed atypical ductal cells with nuclear pleomorphism, which were positive for ER, PR and Her2neu protein. This confirmed a co-existent metastatic breast carcinoma. She was started on chemotherapy for T-PLL along with hormonal therapy with aromatase inhibitor. Unfortunately, both her malignancies progressed after an initial stable disease of two months.
",EN108139,"<|im_start|>user Extract the entities contained in the text. Extract only entities contained in the text.
Return the result in a json format: [{""entity"":""entity_name""}]. <<Immunophenotying, established a diagnosis of post thymic T-cell prolymphocytic leukemia.>>> <|im_end|><|im_start|>assistant[{""entity"": ""Immunophenotying""}, {""entity"": ""leukemia""}, {""entity"": ""T-cell prolymphocytic leukemia""}] <|im_end|>","<|im_start|>user Extract the entities contained in the text. Extract only entities contained in the text.
Return the result in a json format: [{""entity"":""entity_name""}]. <<<We present a case of a 32-year-old woman with a history of gradual enlargement of the anterior neck.>>> <|im_end|><|im_start|>assistant [{""entity"": ""present""}, {""entity"": ""history""}, {""entity"": ""enlargement""}] <|im_end|>
<|im_start|>user Extract the entities contained in the text. Extract only entities contained in the text.
Return the result in a json format: [{""entity"":""entity_name""}]. <<<Patient information: a 9-month-old boy presented to the emergency room with a 3-day history of refusal to bear weight on the right lower extremity and febrile peaks of up to 38.5°C for 24 hours.>>> <|im_end|><|im_start|>assistant [{""entity"": ""presented""}, {""entity"": ""refusal""}, {""entity"": ""bear""}, {""entity"": ""peaks""}] <|im_end|>
<|im_start|>user Extract the entities contained in the text. Extract only entities contained in the text.
Return the result in a json format: [{""entity"":""entity_name""}]. <<Immunophenotying, established a diagnosis of post thymic T-cell prolymphocytic leukemia.>>> <|im_end|><|im_start|>assistant","[{""entity"": ""Immunophenotying""}, {""entity"": ""leukemia""}, {""entity"": ""T-cell prolymphocytic leukemia""}] ","[{""entity"": ""established""}, {""entity"": ""leukemia""}, {""entity"": ""post thymic T-cell proly"
Contrast-enhanced computed tomography of the chest and abdomen was done which revealed an anterior mediastinal mass with destruction of sternum along with multiple small nodular shadows in bilateral lung fields suggestive of lung metastasis.,"[{'id': '4190', 'offsets': array([27, 37]), 'role': '', 'semantic_type_id': '', 'text': 'tomography', 'type': 'EVENT'}
 {'id': '4205', 'offsets': array([78, 86]), 'role': '', 'semantic_type_id': '', 'text': 'revealed', 'type': 'EVENT'}
 {'id': '4220', 'offsets': array([111, 115]), 'role': '', 'semantic_type_id': '', 'text': 'mass', 'type': 'EVENT'}
 {'id': '4235', 'offsets': array([121, 132]), 'role': '', 'semantic_type_id': '', 'text': 'destruction', 'type': 'EVENT'}
 {'id': '4250', 'offsets': array([178, 185]), 'role': '', 'semantic_type_id': '', 'text': 'shadows', 'type': 'EVENT'}
 {'id': '4265', 'offsets': array([230, 240]), 'role': '', 'semantic_type_id': '', 'text': 'metastasis', 'type': 'EVENT'}
 {'id': '4552', 'offsets': array([ 90, 115]), 'role': '', 'semantic_type_id': 'C0746454', 'text': 'anterior mediastinal mass', 'type': 'CLINENTITY'}
 {'id': '4559', 'offsets': array([225, 240]), 'role': '', 'semantic_type_id': 'C0153676', 'text': 'lung metastasis', 'type': 'CLINENTITY'}
 {'id': '4634', 'offsets': array([45, 50]), 'role': '', 'semantic_type_id': '', 'text': 'chest', 'type': 'BODYPART'}
 {'id': '4640', 'offsets': array([55, 62]), 'role': '', 'semantic_type_id': '', 'text': 'abdomen', 'type': 'BODYPART'}
 {'id': '4646', 'offsets': array([136, 143]), 'role': '', 'semantic_type_id': '', 'text': 'sternum', 'type': 'BODYPART'}
 {'id': '4652', 'offsets': array([199, 203]), 'role': '', 'semantic_type_id': '', 'text': 'lung', 'type': 'BODYPART'}
 {'id': '4658', 'offsets': array([225, 229]), 'role': '', 'semantic_type_id': '', 'text': 'lung', 'type': 'BODYPART'}]","A 45 year old Indian female of Nordic origin presented 5 years back with a lump in the right breast and the axilla. She underwent modified radical mastectomy. Histophotomicrograph of the excised breast lesion showed a 2.1 cm duct carcinoma, positive for ER and PR with 1 out of 25 lymph nodes positive for metastasis. She received 6 cycles of chemotherapy with cyclophosphamide, epirubicin, and 5-fluorouracil. This was followed by tamoxifen 20 mg per day for five years. She was doing well on follow up until the completion of fifth year of her disease, when she presented with complaints of mild fever and weakness. Examination revealed generalized lymph node enlargement along with hepatomegaly. Hemogram showed mild anemia, normal platelet count and a leukocyte count of 1.2 x 10(11)/L. Peripheral blood examination revealed medium sized lymphoid cells, constituting almost 75% of total nucleated cell population. Immunophenotying, established a diagnosis of post thymic T-cell prolymphocytic leukemia. Contrast-enhanced computed tomography of the chest and abdomen was done which revealed an anterior mediastinal mass with destruction of sternum along with multiple small nodular shadows in bilateral lung fields suggestive of lung metastasis. Fine needle aspiration cytology of the mass showed atypical ductal cells with nuclear pleomorphism, which were positive for ER, PR and Her2neu protein. This confirmed a co-existent metastatic breast carcinoma. She was started on chemotherapy for T-PLL along with hormonal therapy with aromatase inhibitor. Unfortunately, both her malignancies progressed after an initial stable disease of two months.
",EN108139,"<|im_start|>user Extract the entities contained in the text. Extract only entities contained in the text.
Return the result in a json format: [{""entity"":""entity_name""}]. <<Contrast-enhanced computed tomography of the chest and abdomen was done which revealed an anterior mediastinal mass with destruction of sternum along with multiple small nodular shadows in bilateral lung fields suggestive of lung metastasis.>>> <|im_end|><|im_start|>assistant[{""entity"": ""tomography""}, {""entity"": ""revealed""}, {""entity"": ""mass""}, {""entity"": ""destruction""}, {""entity"": ""shadows""}, {""entity"": ""metastasis""}, {""entity"": ""anterior mediastinal mass""}, {""entity"": ""lung metastasis""}, {""entity"": ""chest""}, {""entity"": ""abdomen""}, {""entity"": ""sternum""}, {""entity"": ""lung""}, {""entity"": ""lung""}] <|im_end|>","<|im_start|>user Extract the entities contained in the text. Extract only entities contained in the text.
Return the result in a json format: [{""entity"":""entity_name""}]. <<<We present a case of a 32-year-old woman with a history of gradual enlargement of the anterior neck.>>> <|im_end|><|im_start|>assistant [{""entity"": ""present""}, {""entity"": ""history""}, {""entity"": ""enlargement""}] <|im_end|>
<|im_start|>user Extract the entities contained in the text. Extract only entities contained in the text.
Return the result in a json format: [{""entity"":""entity_name""}]. <<<Patient information: a 9-month-old boy presented to the emergency room with a 3-day history of refusal to bear weight on the right lower extremity and febrile peaks of up to 38.5°C for 24 hours.>>> <|im_end|><|im_start|>assistant [{""entity"": ""presented""}, {""entity"": ""refusal""}, {""entity"": ""bear""}, {""entity"": ""peaks""}] <|im_end|>
<|im_start|>user Extract the entities contained in the text. Extract only entities contained in the text.
Return the result in a json format: [{""entity"":""entity_name""}]. <<Contrast-enhanced computed tomography of the chest and abdomen was done which revealed an anterior mediastinal mass with destruction of sternum along with multiple small nodular shadows in bilateral lung fields suggestive of lung metastasis.>>> <|im_end|><|im_start|>assistant","[{""entity"": ""tomography""}, {""entity"": ""revealed""}, {""entity"": ""mass""}, {""entity"": ""destruction""}, {""entity"": ""shadows""}, {""entity"": ""metastasis""}, {""entity"": ""anterior mediastinal mass""}, {""entity"": ""lung metastasis""}, {""entity"": ""chest""}, {""entity"": ""abdomen""}, {""entity"": ""sternum""}, {""entity"": ""lung""}, {""entity"": ""lung""}] ","[{""entity"": ""tomography""}, {""entity"": ""revealed""}, {""entity"": ""mass""}, {""entity"": ""destruction""},"
"Fine needle aspiration cytology of the mass showed atypical ductal cells with nuclear pleomorphism, which were positive for ER, PR and Her2neu protein.","[{'id': '4280', 'offsets': array([23, 31]), 'role': '', 'semantic_type_id': '', 'text': 'cytology', 'type': 'EVENT'}
 {'id': '4295', 'offsets': array([44, 50]), 'role': '', 'semantic_type_id': '', 'text': 'showed', 'type': 'EVENT'}
 {'id': '4310', 'offsets': array([124, 126]), 'role': '', 'semantic_type_id': '', 'text': 'ER', 'type': 'EVENT'}
 {'id': '4325', 'offsets': array([128, 130]), 'role': '', 'semantic_type_id': '', 'text': 'PR', 'type': 'EVENT'}
 {'id': '4340', 'offsets': array([135, 142]), 'role': '', 'semantic_type_id': '', 'text': 'Her2neu', 'type': 'EVENT'}
 {'id': '4664', 'offsets': array([51, 98]), 'role': '', 'semantic_type_id': '', 'text': 'atypical ductal cells with nuclear pleomorphism', 'type': 'BODYPART'}
 {'id': '4728', 'offsets': array([111, 119]), 'role': '', 'semantic_type_id': '', 'text': 'positive', 'type': 'RML'}]","A 45 year old Indian female of Nordic origin presented 5 years back with a lump in the right breast and the axilla. She underwent modified radical mastectomy. Histophotomicrograph of the excised breast lesion showed a 2.1 cm duct carcinoma, positive for ER and PR with 1 out of 25 lymph nodes positive for metastasis. She received 6 cycles of chemotherapy with cyclophosphamide, epirubicin, and 5-fluorouracil. This was followed by tamoxifen 20 mg per day for five years. She was doing well on follow up until the completion of fifth year of her disease, when she presented with complaints of mild fever and weakness. Examination revealed generalized lymph node enlargement along with hepatomegaly. Hemogram showed mild anemia, normal platelet count and a leukocyte count of 1.2 x 10(11)/L. Peripheral blood examination revealed medium sized lymphoid cells, constituting almost 75% of total nucleated cell population. Immunophenotying, established a diagnosis of post thymic T-cell prolymphocytic leukemia. Contrast-enhanced computed tomography of the chest and abdomen was done which revealed an anterior mediastinal mass with destruction of sternum along with multiple small nodular shadows in bilateral lung fields suggestive of lung metastasis. Fine needle aspiration cytology of the mass showed atypical ductal cells with nuclear pleomorphism, which were positive for ER, PR and Her2neu protein. This confirmed a co-existent metastatic breast carcinoma. She was started on chemotherapy for T-PLL along with hormonal therapy with aromatase inhibitor. Unfortunately, both her malignancies progressed after an initial stable disease of two months.
",EN108139,"<|im_start|>user Extract the entities contained in the text. Extract only entities contained in the text.
Return the result in a json format: [{""entity"":""entity_name""}]. <<Fine needle aspiration cytology of the mass showed atypical ductal cells with nuclear pleomorphism, which were positive for ER, PR and Her2neu protein.>>> <|im_end|><|im_start|>assistant[{""entity"": ""cytology""}, {""entity"": ""showed""}, {""entity"": ""ER""}, {""entity"": ""PR""}, {""entity"": ""Her2neu""}, {""entity"": ""atypical ductal cells with nuclear pleomorphism""}, {""entity"": ""positive""}] <|im_end|>","<|im_start|>user Extract the entities contained in the text. Extract only entities contained in the text.
Return the result in a json format: [{""entity"":""entity_name""}]. <<<We present a case of a 32-year-old woman with a history of gradual enlargement of the anterior neck.>>> <|im_end|><|im_start|>assistant [{""entity"": ""present""}, {""entity"": ""history""}, {""entity"": ""enlargement""}] <|im_end|>
<|im_start|>user Extract the entities contained in the text. Extract only entities contained in the text.
Return the result in a json format: [{""entity"":""entity_name""}]. <<<Patient information: a 9-month-old boy presented to the emergency room with a 3-day history of refusal to bear weight on the right lower extremity and febrile peaks of up to 38.5°C for 24 hours.>>> <|im_end|><|im_start|>assistant [{""entity"": ""presented""}, {""entity"": ""refusal""}, {""entity"": ""bear""}, {""entity"": ""peaks""}] <|im_end|>
<|im_start|>user Extract the entities contained in the text. Extract only entities contained in the text.
Return the result in a json format: [{""entity"":""entity_name""}]. <<Fine needle aspiration cytology of the mass showed atypical ductal cells with nuclear pleomorphism, which were positive for ER, PR and Her2neu protein.>>> <|im_end|><|im_start|>assistant","[{""entity"": ""cytology""}, {""entity"": ""showed""}, {""entity"": ""ER""}, {""entity"": ""PR""}, {""entity"": ""Her2neu""}, {""entity"": ""atypical ductal cells with nuclear pleomorphism""}, {""entity"": ""positive""}] ","[{""entity"": ""cytology""}, {""entity"": ""showed""}, {""entity"": ""cells""}, {""entity"": ""pleom"
This confirmed a co-existent metastatic breast carcinoma.,"[{'id': '4355', 'offsets': array([ 5, 14]), 'role': '', 'semantic_type_id': '', 'text': 'confirmed', 'type': 'EVENT'}
 {'id': '4370', 'offsets': array([47, 56]), 'role': '', 'semantic_type_id': '', 'text': 'carcinoma', 'type': 'EVENT'}
 {'id': '4566', 'offsets': array([29, 56]), 'role': '', 'semantic_type_id': 'C4723838', 'text': 'metastatic breast carcinoma', 'type': 'CLINENTITY'}]","A 45 year old Indian female of Nordic origin presented 5 years back with a lump in the right breast and the axilla. She underwent modified radical mastectomy. Histophotomicrograph of the excised breast lesion showed a 2.1 cm duct carcinoma, positive for ER and PR with 1 out of 25 lymph nodes positive for metastasis. She received 6 cycles of chemotherapy with cyclophosphamide, epirubicin, and 5-fluorouracil. This was followed by tamoxifen 20 mg per day for five years. She was doing well on follow up until the completion of fifth year of her disease, when she presented with complaints of mild fever and weakness. Examination revealed generalized lymph node enlargement along with hepatomegaly. Hemogram showed mild anemia, normal platelet count and a leukocyte count of 1.2 x 10(11)/L. Peripheral blood examination revealed medium sized lymphoid cells, constituting almost 75% of total nucleated cell population. Immunophenotying, established a diagnosis of post thymic T-cell prolymphocytic leukemia. Contrast-enhanced computed tomography of the chest and abdomen was done which revealed an anterior mediastinal mass with destruction of sternum along with multiple small nodular shadows in bilateral lung fields suggestive of lung metastasis. Fine needle aspiration cytology of the mass showed atypical ductal cells with nuclear pleomorphism, which were positive for ER, PR and Her2neu protein. This confirmed a co-existent metastatic breast carcinoma. She was started on chemotherapy for T-PLL along with hormonal therapy with aromatase inhibitor. Unfortunately, both her malignancies progressed after an initial stable disease of two months.
",EN108139,"<|im_start|>user Extract the entities contained in the text. Extract only entities contained in the text.
Return the result in a json format: [{""entity"":""entity_name""}]. <<This confirmed a co-existent metastatic breast carcinoma.>>> <|im_end|><|im_start|>assistant[{""entity"": ""confirmed""}, {""entity"": ""carcinoma""}, {""entity"": ""metastatic breast carcinoma""}] <|im_end|>","<|im_start|>user Extract the entities contained in the text. Extract only entities contained in the text.
Return the result in a json format: [{""entity"":""entity_name""}]. <<<We present a case of a 32-year-old woman with a history of gradual enlargement of the anterior neck.>>> <|im_end|><|im_start|>assistant [{""entity"": ""present""}, {""entity"": ""history""}, {""entity"": ""enlargement""}] <|im_end|>
<|im_start|>user Extract the entities contained in the text. Extract only entities contained in the text.
Return the result in a json format: [{""entity"":""entity_name""}]. <<<Patient information: a 9-month-old boy presented to the emergency room with a 3-day history of refusal to bear weight on the right lower extremity and febrile peaks of up to 38.5°C for 24 hours.>>> <|im_end|><|im_start|>assistant [{""entity"": ""presented""}, {""entity"": ""refusal""}, {""entity"": ""bear""}, {""entity"": ""peaks""}] <|im_end|>
<|im_start|>user Extract the entities contained in the text. Extract only entities contained in the text.
Return the result in a json format: [{""entity"":""entity_name""}]. <<This confirmed a co-existent metastatic breast carcinoma.>>> <|im_end|><|im_start|>assistant","[{""entity"": ""confirmed""}, {""entity"": ""carcinoma""}, {""entity"": ""metastatic breast carcinoma""}] ","[{""entity"": ""confirmed""}, {""entity"": ""carcinoma""}, {""entity"": ""metastatic breast carcinoma""}] <|im_end|>"
She was started on chemotherapy for T-PLL along with hormonal therapy with aromatase inhibitor.,"[{'id': '4385', 'offsets': array([ 8, 15]), 'role': '', 'semantic_type_id': '', 'text': 'started', 'type': 'EVENT'}
 {'id': '4400', 'offsets': array([19, 31]), 'role': '', 'semantic_type_id': '', 'text': 'chemotherapy', 'type': 'EVENT'}
 {'id': '4415', 'offsets': array([62, 69]), 'role': '', 'semantic_type_id': '', 'text': 'therapy', 'type': 'EVENT'}
 {'id': '4573', 'offsets': array([36, 41]), 'role': '', 'semantic_type_id': 'C2363142', 'text': 'T-PLL', 'type': 'CLINENTITY'}]","A 45 year old Indian female of Nordic origin presented 5 years back with a lump in the right breast and the axilla. She underwent modified radical mastectomy. Histophotomicrograph of the excised breast lesion showed a 2.1 cm duct carcinoma, positive for ER and PR with 1 out of 25 lymph nodes positive for metastasis. She received 6 cycles of chemotherapy with cyclophosphamide, epirubicin, and 5-fluorouracil. This was followed by tamoxifen 20 mg per day for five years. She was doing well on follow up until the completion of fifth year of her disease, when she presented with complaints of mild fever and weakness. Examination revealed generalized lymph node enlargement along with hepatomegaly. Hemogram showed mild anemia, normal platelet count and a leukocyte count of 1.2 x 10(11)/L. Peripheral blood examination revealed medium sized lymphoid cells, constituting almost 75% of total nucleated cell population. Immunophenotying, established a diagnosis of post thymic T-cell prolymphocytic leukemia. Contrast-enhanced computed tomography of the chest and abdomen was done which revealed an anterior mediastinal mass with destruction of sternum along with multiple small nodular shadows in bilateral lung fields suggestive of lung metastasis. Fine needle aspiration cytology of the mass showed atypical ductal cells with nuclear pleomorphism, which were positive for ER, PR and Her2neu protein. This confirmed a co-existent metastatic breast carcinoma. She was started on chemotherapy for T-PLL along with hormonal therapy with aromatase inhibitor. Unfortunately, both her malignancies progressed after an initial stable disease of two months.
",EN108139,"<|im_start|>user Extract the entities contained in the text. Extract only entities contained in the text.
Return the result in a json format: [{""entity"":""entity_name""}]. <<She was started on chemotherapy for T-PLL along with hormonal therapy with aromatase inhibitor.>>> <|im_end|><|im_start|>assistant[{""entity"": ""started""}, {""entity"": ""chemotherapy""}, {""entity"": ""therapy""}, {""entity"": ""T-PLL""}] <|im_end|>","<|im_start|>user Extract the entities contained in the text. Extract only entities contained in the text.
Return the result in a json format: [{""entity"":""entity_name""}]. <<<We present a case of a 32-year-old woman with a history of gradual enlargement of the anterior neck.>>> <|im_end|><|im_start|>assistant [{""entity"": ""present""}, {""entity"": ""history""}, {""entity"": ""enlargement""}] <|im_end|>
<|im_start|>user Extract the entities contained in the text. Extract only entities contained in the text.
Return the result in a json format: [{""entity"":""entity_name""}]. <<<Patient information: a 9-month-old boy presented to the emergency room with a 3-day history of refusal to bear weight on the right lower extremity and febrile peaks of up to 38.5°C for 24 hours.>>> <|im_end|><|im_start|>assistant [{""entity"": ""presented""}, {""entity"": ""refusal""}, {""entity"": ""bear""}, {""entity"": ""peaks""}] <|im_end|>
<|im_start|>user Extract the entities contained in the text. Extract only entities contained in the text.
Return the result in a json format: [{""entity"":""entity_name""}]. <<She was started on chemotherapy for T-PLL along with hormonal therapy with aromatase inhibitor.>>> <|im_end|><|im_start|>assistant","[{""entity"": ""started""}, {""entity"": ""chemotherapy""}, {""entity"": ""therapy""}, {""entity"": ""T-PLL""}] ","[{""entity"": ""started""}, {""entity"": ""chemotherapy""}, {""entity"": ""therapy""}, {""entity"": ""T-PLL""},"
"Our patient was an 87-year-old African-American woman who was a nursing home resident, with a history of diabetes mellitus type 2 and subarachnoid hemorrhage leading to aphasia, hemiplegia, seizures and dysphagia requiring percutaneous gastric feeds.","[{'id': '1539', 'offsets': array([ 94, 101]), 'role': '', 'semantic_type_id': '', 'text': 'history', 'type': 'EVENT'}
 {'id': '1554', 'offsets': array([105, 113]), 'role': '', 'semantic_type_id': '', 'text': 'diabetes', 'type': 'EVENT'}
 {'id': '1569', 'offsets': array([147, 157]), 'role': '', 'semantic_type_id': '', 'text': 'hemorrhage', 'type': 'EVENT'}
 {'id': '1584', 'offsets': array([158, 165]), 'role': '', 'semantic_type_id': '', 'text': 'leading', 'type': 'EVENT'}
 {'id': '1599', 'offsets': array([169, 176]), 'role': '', 'semantic_type_id': '', 'text': 'aphasia', 'type': 'EVENT'}
 {'id': '1614', 'offsets': array([178, 188]), 'role': '', 'semantic_type_id': '', 'text': 'hemiplegia', 'type': 'EVENT'}
 {'id': '1629', 'offsets': array([190, 198]), 'role': '', 'semantic_type_id': '', 'text': 'seizures', 'type': 'EVENT'}
 {'id': '1644', 'offsets': array([203, 212]), 'role': '', 'semantic_type_id': '', 'text': 'dysphagia', 'type': 'EVENT'}
 {'id': '1659', 'offsets': array([213, 222]), 'role': '', 'semantic_type_id': '', 'text': 'requiring', 'type': 'EVENT'}
 {'id': '1674', 'offsets': array([244, 249]), 'role': '', 'semantic_type_id': '', 'text': 'feeds', 'type': 'EVENT'}
 {'id': '1974', 'offsets': array([105, 129]), 'role': '', 'semantic_type_id': 'C4014362', 'text': 'diabetes mellitus type 2', 'type': 'CLINENTITY'}
 {'id': '1981', 'offsets': array([134, 157]), 'role': '', 'semantic_type_id': 'C0038525', 'text': 'subarachnoid hemorrhage', 'type': 'CLINENTITY'}
 {'id': '2044', 'offsets': array([ 4, 11]), 'role': 'PATIENT', 'semantic_type_id': '', 'text': 'patient', 'type': 'ACTOR'}
 {'id': '2051', 'offsets': array([19, 53]), 'role': 'PATIENT', 'semantic_type_id': '', 'text': '87-year-old African-American woman', 'type': 'ACTOR'}]","Our patient was an 87-year-old African-American woman who was a nursing home resident, with a history of diabetes mellitus type 2 and subarachnoid hemorrhage leading to aphasia, hemiplegia, seizures and dysphagia requiring percutaneous gastric feeds. While at the nursing home, she had recurrent aspiration pneumonia and large tube-feed residuals consistent with a diagnosis of underlying gastroparesis. Her management included metoclopramide and reduced tube-feeding rates, which improved her symptoms. However, within months the aspiration and increased residuals returned. After trials of different medication therapies without success, she started mirtazapine and her residual volume and aspirations decreased with a dose of 15mg nightly.
",EN106841,"<|im_start|>user Extract the entities contained in the text. Extract only entities contained in the text.
Return the result in a json format: [{""entity"":""entity_name""}]. <<Our patient was an 87-year-old African-American woman who was a nursing home resident, with a history of diabetes mellitus type 2 and subarachnoid hemorrhage leading to aphasia, hemiplegia, seizures and dysphagia requiring percutaneous gastric feeds.>>> <|im_end|><|im_start|>assistant[{""entity"": ""history""}, {""entity"": ""diabetes""}, {""entity"": ""hemorrhage""}, {""entity"": ""leading""}, {""entity"": ""aphasia""}, {""entity"": ""hemiplegia""}, {""entity"": ""seizures""}, {""entity"": ""dysphagia""}, {""entity"": ""requiring""}, {""entity"": ""feeds""}, {""entity"": ""diabetes mellitus type 2""}, {""entity"": ""subarachnoid hemorrhage""}, {""entity"": ""patient""}, {""entity"": ""87-year-old African-American woman""}] <|im_end|>","<|im_start|>user Extract the entities contained in the text. Extract only entities contained in the text.
Return the result in a json format: [{""entity"":""entity_name""}]. <<<We present a case of a 32-year-old woman with a history of gradual enlargement of the anterior neck.>>> <|im_end|><|im_start|>assistant [{""entity"": ""present""}, {""entity"": ""history""}, {""entity"": ""enlargement""}] <|im_end|>
<|im_start|>user Extract the entities contained in the text. Extract only entities contained in the text.
Return the result in a json format: [{""entity"":""entity_name""}]. <<<Patient information: a 9-month-old boy presented to the emergency room with a 3-day history of refusal to bear weight on the right lower extremity and febrile peaks of up to 38.5°C for 24 hours.>>> <|im_end|><|im_start|>assistant [{""entity"": ""presented""}, {""entity"": ""refusal""}, {""entity"": ""bear""}, {""entity"": ""peaks""}] <|im_end|>
<|im_start|>user Extract the entities contained in the text. Extract only entities contained in the text.
Return the result in a json format: [{""entity"":""entity_name""}]. <<Our patient was an 87-year-old African-American woman who was a nursing home resident, with a history of diabetes mellitus type 2 and subarachnoid hemorrhage leading to aphasia, hemiplegia, seizures and dysphagia requiring percutaneous gastric feeds.>>> <|im_end|><|im_start|>assistant","[{""entity"": ""history""}, {""entity"": ""diabetes""}, {""entity"": ""hemorrhage""}, {""entity"": ""leading""}, {""entity"": ""aphasia""}, {""entity"": ""hemiplegia""}, {""entity"": ""seizures""}, {""entity"": ""dysphagia""}, {""entity"": ""requiring""}, {""entity"": ""feeds""}, {""entity"": ""diabetes mellitus type 2""}, {""entity"": ""subarachnoid hemorrhage""}, {""entity"": ""patient""}, {""entity"": ""87-year-old African-American woman""}] ","[{""entity"": ""diabetes""}, {""entity"": ""hemorrhage""}, {""entity"": ""aphasia""}, {""entity"": ""se"
"While at the nursing home, she had recurrent aspiration pneumonia and large tube-feed residuals consistent with a diagnosis of underlying gastroparesis.","[{'id': '1689', 'offsets': array([35, 44]), 'role': '', 'semantic_type_id': '', 'text': 'recurrent', 'type': 'EVENT'}
 {'id': '1704', 'offsets': array([45, 55]), 'role': '', 'semantic_type_id': '', 'text': 'aspiration', 'type': 'EVENT'}
 {'id': '1719', 'offsets': array([86, 95]), 'role': '', 'semantic_type_id': '', 'text': 'residuals', 'type': 'EVENT'}
 {'id': '1734', 'offsets': array([114, 123]), 'role': '', 'semantic_type_id': '', 'text': 'diagnosis', 'type': 'EVENT'}
 {'id': '1749', 'offsets': array([138, 151]), 'role': '', 'semantic_type_id': '', 'text': 'gastroparesis', 'type': 'EVENT'}
 {'id': '2016', 'offsets': array([45, 65]), 'role': '', 'semantic_type_id': 'C0032290', 'text': 'aspiration pneumonia', 'type': 'CLINENTITY'}
 {'id': '2023', 'offsets': array([138, 151]), 'role': '', 'semantic_type_id': 'C0152020', 'text': 'gastroparesis', 'type': 'CLINENTITY'}
 {'id': '2058', 'offsets': array([27, 30]), 'role': 'PATIENT', 'semantic_type_id': '', 'text': 'she', 'type': 'ACTOR'}]","Our patient was an 87-year-old African-American woman who was a nursing home resident, with a history of diabetes mellitus type 2 and subarachnoid hemorrhage leading to aphasia, hemiplegia, seizures and dysphagia requiring percutaneous gastric feeds. While at the nursing home, she had recurrent aspiration pneumonia and large tube-feed residuals consistent with a diagnosis of underlying gastroparesis. Her management included metoclopramide and reduced tube-feeding rates, which improved her symptoms. However, within months the aspiration and increased residuals returned. After trials of different medication therapies without success, she started mirtazapine and her residual volume and aspirations decreased with a dose of 15mg nightly.
",EN106841,"<|im_start|>user Extract the entities contained in the text. Extract only entities contained in the text.
Return the result in a json format: [{""entity"":""entity_name""}]. <<While at the nursing home, she had recurrent aspiration pneumonia and large tube-feed residuals consistent with a diagnosis of underlying gastroparesis.>>> <|im_end|><|im_start|>assistant[{""entity"": ""recurrent""}, {""entity"": ""aspiration""}, {""entity"": ""residuals""}, {""entity"": ""diagnosis""}, {""entity"": ""gastroparesis""}, {""entity"": ""aspiration pneumonia""}, {""entity"": ""gastroparesis""}, {""entity"": ""she""}] <|im_end|>","<|im_start|>user Extract the entities contained in the text. Extract only entities contained in the text.
Return the result in a json format: [{""entity"":""entity_name""}]. <<<We present a case of a 32-year-old woman with a history of gradual enlargement of the anterior neck.>>> <|im_end|><|im_start|>assistant [{""entity"": ""present""}, {""entity"": ""history""}, {""entity"": ""enlargement""}] <|im_end|>
<|im_start|>user Extract the entities contained in the text. Extract only entities contained in the text.
Return the result in a json format: [{""entity"":""entity_name""}]. <<<Patient information: a 9-month-old boy presented to the emergency room with a 3-day history of refusal to bear weight on the right lower extremity and febrile peaks of up to 38.5°C for 24 hours.>>> <|im_end|><|im_start|>assistant [{""entity"": ""presented""}, {""entity"": ""refusal""}, {""entity"": ""bear""}, {""entity"": ""peaks""}] <|im_end|>
<|im_start|>user Extract the entities contained in the text. Extract only entities contained in the text.
Return the result in a json format: [{""entity"":""entity_name""}]. <<While at the nursing home, she had recurrent aspiration pneumonia and large tube-feed residuals consistent with a diagnosis of underlying gastroparesis.>>> <|im_end|><|im_start|>assistant","[{""entity"": ""recurrent""}, {""entity"": ""aspiration""}, {""entity"": ""residuals""}, {""entity"": ""diagnosis""}, {""entity"": ""gastroparesis""}, {""entity"": ""aspiration pneumonia""}, {""entity"": ""gastroparesis""}, {""entity"": ""she""}] ","[{""entity"": ""aspiration pneumonia""}, {""entity"": ""residuals""}, {""entity"": ""gastroparesis""}, {"""
"However, within months the aspiration and increased residuals returned.","[{'id': '1839', 'offsets': array([27, 37]), 'role': '', 'semantic_type_id': '', 'text': 'aspiration', 'type': 'EVENT'}
 {'id': '1854', 'offsets': array([52, 61]), 'role': '', 'semantic_type_id': '', 'text': 'residuals', 'type': 'EVENT'}
 {'id': '1869', 'offsets': array([62, 70]), 'role': '', 'semantic_type_id': '', 'text': 'returned', 'type': 'EVENT'}
 {'id': '2030', 'offsets': array([27, 37]), 'role': '', 'semantic_type_id': 'C1963221', 'text': 'aspiration', 'type': 'CLINENTITY'}
 {'id': '2072', 'offsets': array([16, 22]), 'role': '', 'semantic_type_id': '', 'text': 'months', 'type': 'TIMEX3'}]","Our patient was an 87-year-old African-American woman who was a nursing home resident, with a history of diabetes mellitus type 2 and subarachnoid hemorrhage leading to aphasia, hemiplegia, seizures and dysphagia requiring percutaneous gastric feeds. While at the nursing home, she had recurrent aspiration pneumonia and large tube-feed residuals consistent with a diagnosis of underlying gastroparesis. Her management included metoclopramide and reduced tube-feeding rates, which improved her symptoms. However, within months the aspiration and increased residuals returned. After trials of different medication therapies without success, she started mirtazapine and her residual volume and aspirations decreased with a dose of 15mg nightly.
",EN106841,"<|im_start|>user Extract the entities contained in the text. Extract only entities contained in the text.
Return the result in a json format: [{""entity"":""entity_name""}]. <<However, within months the aspiration and increased residuals returned.>>> <|im_end|><|im_start|>assistant[{""entity"": ""aspiration""}, {""entity"": ""residuals""}, {""entity"": ""returned""}, {""entity"": ""aspiration""}, {""entity"": ""months""}] <|im_end|>","<|im_start|>user Extract the entities contained in the text. Extract only entities contained in the text.
Return the result in a json format: [{""entity"":""entity_name""}]. <<<We present a case of a 32-year-old woman with a history of gradual enlargement of the anterior neck.>>> <|im_end|><|im_start|>assistant [{""entity"": ""present""}, {""entity"": ""history""}, {""entity"": ""enlargement""}] <|im_end|>
<|im_start|>user Extract the entities contained in the text. Extract only entities contained in the text.
Return the result in a json format: [{""entity"":""entity_name""}]. <<<Patient information: a 9-month-old boy presented to the emergency room with a 3-day history of refusal to bear weight on the right lower extremity and febrile peaks of up to 38.5°C for 24 hours.>>> <|im_end|><|im_start|>assistant [{""entity"": ""presented""}, {""entity"": ""refusal""}, {""entity"": ""bear""}, {""entity"": ""peaks""}] <|im_end|>
<|im_start|>user Extract the entities contained in the text. Extract only entities contained in the text.
Return the result in a json format: [{""entity"":""entity_name""}]. <<However, within months the aspiration and increased residuals returned.>>> <|im_end|><|im_start|>assistant","[{""entity"": ""aspiration""}, {""entity"": ""residuals""}, {""entity"": ""returned""}, {""entity"": ""aspiration""}, {""entity"": ""months""}] ","[{""entity"": ""aspiration""}, {""entity"": ""increased residuals""}, {""entity"": ""returned""}, {""entity"": ""months""}"
A 45 year old female with history of sickle cell disease presented with abdominal pain.,"[{'id': '4189', 'offsets': array([49, 56]), 'role': '', 'semantic_type_id': '', 'text': 'disease', 'type': 'EVENT'}
 {'id': '4204', 'offsets': array([57, 66]), 'role': '', 'semantic_type_id': '', 'text': 'presented', 'type': 'EVENT'}
 {'id': '4219', 'offsets': array([82, 86]), 'role': '', 'semantic_type_id': '', 'text': 'pain', 'type': 'EVENT'}
 {'id': '5134', 'offsets': array([37, 56]), 'role': '', 'semantic_type_id': 'C0002895', 'text': 'sickle cell disease', 'type': 'CLINENTITY'}
 {'id': '5141', 'offsets': array([72, 86]), 'role': '', 'semantic_type_id': 'C0000737', 'text': 'abdominal pain', 'type': 'CLINENTITY'}
 {'id': '5304', 'offsets': array([ 0, 20]), 'role': 'PATIENT', 'semantic_type_id': '', 'text': 'A 45 year old female', 'type': 'ACTOR'}]","A 45 year old female with history of sickle cell disease presented with abdominal pain. A CT scan revealed an exophytic renal mass measuring 2.9cm x 2.0cm x 2.1cm located on the antero-lateral aspect of her right kidney and an unremarkable spleen. She was evaluated by urology and a right partial nephrectomy was planned, however on the day of the procedure, the patient's preoperative pregnancy test was positive. The procedure was post postponed until after she delivered and interval ultrasounds were obtained throughout her pregnancy to monitor the renal mass. The lesion increased minimally in size. Two months after caesarian section delivery, patient underwent an unremarkable right laparoscopic partial nephrectomy with individual artery and vein vascular occlusion at the level of the renal hilum. A superficial liver laceration caused by the Veress needle was noted at the beginning of the procedure and effectively managed using bipolar cautery.
The patient's post-operative course was notable for marked thrombocytosis with her platelet count increasing for her baseline of 300,000 to a zenith of 1.3 million. She was started on aspirin therapy and splenomegaly was noted on abdomen ultrasound. Her platelet count normalized to 334,000. On pathology, the renal mass was classified as a papillary renal neoplasm consistent with a translocation carcinoma. There was no splenic tissue in the specimen. It was noted that the complete lack of staining of any keratins or epithelial membrane antigens was not consistent with a usual renal cell carcinoma and hence the diagnosis of a translocation tumor was made.
The patient was lost to follow up presenting 2 years later and a follow-up CT scan noted marked splenic atrophy with several splenules. The patient was completely asymptomatic and at the time received all the post-splenectomy vaccination and her platelet count remained within normal limits.
",EN100385,"<|im_start|>user Extract the entities contained in the text. Extract only entities contained in the text.
Return the result in a json format: [{""entity"":""entity_name""}]. <<A 45 year old female with history of sickle cell disease presented with abdominal pain.>>> <|im_end|><|im_start|>assistant[{""entity"": ""disease""}, {""entity"": ""presented""}, {""entity"": ""pain""}, {""entity"": ""sickle cell disease""}, {""entity"": ""abdominal pain""}, {""entity"": ""A 45 year old female""}] <|im_end|>","<|im_start|>user Extract the entities contained in the text. Extract only entities contained in the text.
Return the result in a json format: [{""entity"":""entity_name""}]. <<<We present a case of a 32-year-old woman with a history of gradual enlargement of the anterior neck.>>> <|im_end|><|im_start|>assistant [{""entity"": ""present""}, {""entity"": ""history""}, {""entity"": ""enlargement""}] <|im_end|>
<|im_start|>user Extract the entities contained in the text. Extract only entities contained in the text.
Return the result in a json format: [{""entity"":""entity_name""}]. <<<Patient information: a 9-month-old boy presented to the emergency room with a 3-day history of refusal to bear weight on the right lower extremity and febrile peaks of up to 38.5°C for 24 hours.>>> <|im_end|><|im_start|>assistant [{""entity"": ""presented""}, {""entity"": ""refusal""}, {""entity"": ""bear""}, {""entity"": ""peaks""}] <|im_end|>
<|im_start|>user Extract the entities contained in the text. Extract only entities contained in the text.
Return the result in a json format: [{""entity"":""entity_name""}]. <<A 45 year old female with history of sickle cell disease presented with abdominal pain.>>> <|im_end|><|im_start|>assistant","[{""entity"": ""disease""}, {""entity"": ""presented""}, {""entity"": ""pain""}, {""entity"": ""sickle cell disease""}, {""entity"": ""abdominal pain""}, {""entity"": ""A 45 year old female""}] ","[{""entity"": ""disease""}, {""entity"": ""presented""}, {""entity"": ""pain""}, {""entity"": ""sickle cell"
A CT scan revealed an exophytic renal mass measuring 2.9cm x 2.0cm x 2.1cm located on the antero-lateral aspect of her right kidney and an unremarkable spleen.,"[{'id': '4234', 'offsets': array([5, 9]), 'role': '', 'semantic_type_id': '', 'text': 'scan', 'type': 'EVENT'}
 {'id': '4249', 'offsets': array([10, 18]), 'role': '', 'semantic_type_id': '', 'text': 'revealed', 'type': 'EVENT'}
 {'id': '4264', 'offsets': array([38, 42]), 'role': '', 'semantic_type_id': '', 'text': 'mass', 'type': 'EVENT'}
 {'id': '4279', 'offsets': array([43, 52]), 'role': '', 'semantic_type_id': '', 'text': 'measuring', 'type': 'EVENT'}
 {'id': '5148', 'offsets': array([32, 42]), 'role': '', 'semantic_type_id': 'C0262613', 'text': 'renal mass', 'type': 'CLINENTITY'}
 {'id': '5232', 'offsets': array([115, 131]), 'role': '', 'semantic_type_id': '', 'text': 'her right kidney', 'type': 'BODYPART'}
 {'id': '5238', 'offsets': array([136, 158]), 'role': '', 'semantic_type_id': '', 'text': 'an unremarkable spleen', 'type': 'BODYPART'}
 {'id': '5367', 'offsets': array([53, 74]), 'role': '', 'semantic_type_id': '', 'text': '2.9cm x 2.0cm x 2.1cm', 'type': 'RML'}]","A 45 year old female with history of sickle cell disease presented with abdominal pain. A CT scan revealed an exophytic renal mass measuring 2.9cm x 2.0cm x 2.1cm located on the antero-lateral aspect of her right kidney and an unremarkable spleen. She was evaluated by urology and a right partial nephrectomy was planned, however on the day of the procedure, the patient's preoperative pregnancy test was positive. The procedure was post postponed until after she delivered and interval ultrasounds were obtained throughout her pregnancy to monitor the renal mass. The lesion increased minimally in size. Two months after caesarian section delivery, patient underwent an unremarkable right laparoscopic partial nephrectomy with individual artery and vein vascular occlusion at the level of the renal hilum. A superficial liver laceration caused by the Veress needle was noted at the beginning of the procedure and effectively managed using bipolar cautery.
The patient's post-operative course was notable for marked thrombocytosis with her platelet count increasing for her baseline of 300,000 to a zenith of 1.3 million. She was started on aspirin therapy and splenomegaly was noted on abdomen ultrasound. Her platelet count normalized to 334,000. On pathology, the renal mass was classified as a papillary renal neoplasm consistent with a translocation carcinoma. There was no splenic tissue in the specimen. It was noted that the complete lack of staining of any keratins or epithelial membrane antigens was not consistent with a usual renal cell carcinoma and hence the diagnosis of a translocation tumor was made.
The patient was lost to follow up presenting 2 years later and a follow-up CT scan noted marked splenic atrophy with several splenules. The patient was completely asymptomatic and at the time received all the post-splenectomy vaccination and her platelet count remained within normal limits.
",EN100385,"<|im_start|>user Extract the entities contained in the text. Extract only entities contained in the text.
Return the result in a json format: [{""entity"":""entity_name""}]. <<A CT scan revealed an exophytic renal mass measuring 2.9cm x 2.0cm x 2.1cm located on the antero-lateral aspect of her right kidney and an unremarkable spleen.>>> <|im_end|><|im_start|>assistant[{""entity"": ""scan""}, {""entity"": ""revealed""}, {""entity"": ""mass""}, {""entity"": ""measuring""}, {""entity"": ""renal mass""}, {""entity"": ""her right kidney""}, {""entity"": ""an unremarkable spleen""}, {""entity"": ""2.9cm x 2.0cm x 2.1cm""}] <|im_end|>","<|im_start|>user Extract the entities contained in the text. Extract only entities contained in the text.
Return the result in a json format: [{""entity"":""entity_name""}]. <<<We present a case of a 32-year-old woman with a history of gradual enlargement of the anterior neck.>>> <|im_end|><|im_start|>assistant [{""entity"": ""present""}, {""entity"": ""history""}, {""entity"": ""enlargement""}] <|im_end|>
<|im_start|>user Extract the entities contained in the text. Extract only entities contained in the text.
Return the result in a json format: [{""entity"":""entity_name""}]. <<<Patient information: a 9-month-old boy presented to the emergency room with a 3-day history of refusal to bear weight on the right lower extremity and febrile peaks of up to 38.5°C for 24 hours.>>> <|im_end|><|im_start|>assistant [{""entity"": ""presented""}, {""entity"": ""refusal""}, {""entity"": ""bear""}, {""entity"": ""peaks""}] <|im_end|>
<|im_start|>user Extract the entities contained in the text. Extract only entities contained in the text.
Return the result in a json format: [{""entity"":""entity_name""}]. <<A CT scan revealed an exophytic renal mass measuring 2.9cm x 2.0cm x 2.1cm located on the antero-lateral aspect of her right kidney and an unremarkable spleen.>>> <|im_end|><|im_start|>assistant","[{""entity"": ""scan""}, {""entity"": ""revealed""}, {""entity"": ""mass""}, {""entity"": ""measuring""}, {""entity"": ""renal mass""}, {""entity"": ""her right kidney""}, {""entity"": ""an unremarkable spleen""}, {""entity"": ""2.9cm x 2.0cm x 2.1cm""}] ","[{""entity"": ""scan""}, {""entity"": ""revealed""}, {""entity"": ""mass""}, {""entity"": ""measuring""}, {"""
"She was evaluated by urology and a right partial nephrectomy was planned, however on the day of the procedure, the patient's preoperative pregnancy test was positive.","[{'id': '4294', 'offsets': array([ 8, 17]), 'role': '', 'semantic_type_id': '', 'text': 'evaluated', 'type': 'EVENT'}
 {'id': '4309', 'offsets': array([49, 60]), 'role': '', 'semantic_type_id': '', 'text': 'nephrectomy', 'type': 'EVENT'}
 {'id': '4324', 'offsets': array([65, 72]), 'role': '', 'semantic_type_id': '', 'text': 'planned', 'type': 'EVENT'}
 {'id': '4339', 'offsets': array([100, 109]), 'role': '', 'semantic_type_id': '', 'text': 'procedure', 'type': 'EVENT'}
 {'id': '4354', 'offsets': array([148, 152]), 'role': '', 'semantic_type_id': '', 'text': 'test', 'type': 'EVENT'}
 {'id': '5311', 'offsets': array([0, 3]), 'role': 'PATIENT', 'semantic_type_id': '', 'text': 'She', 'type': 'ACTOR'}
 {'id': '5318', 'offsets': array([115, 124]), 'role': 'PATIENT', 'semantic_type_id': '', 'text': ""patient's"", 'type': 'ACTOR'}
 {'id': '5373', 'offsets': array([157, 165]), 'role': '', 'semantic_type_id': '', 'text': 'positive', 'type': 'RML'}
 {'id': '5397', 'offsets': array([85, 92]), 'role': '', 'semantic_type_id': '', 'text': 'the day', 'type': 'TIMEX3'}
 {'id': '5406', 'offsets': array([125, 137]), 'role': '', 'semantic_type_id': '', 'text': 'preoperative', 'type': 'TIMEX3'}]","A 45 year old female with history of sickle cell disease presented with abdominal pain. A CT scan revealed an exophytic renal mass measuring 2.9cm x 2.0cm x 2.1cm located on the antero-lateral aspect of her right kidney and an unremarkable spleen. She was evaluated by urology and a right partial nephrectomy was planned, however on the day of the procedure, the patient's preoperative pregnancy test was positive. The procedure was post postponed until after she delivered and interval ultrasounds were obtained throughout her pregnancy to monitor the renal mass. The lesion increased minimally in size. Two months after caesarian section delivery, patient underwent an unremarkable right laparoscopic partial nephrectomy with individual artery and vein vascular occlusion at the level of the renal hilum. A superficial liver laceration caused by the Veress needle was noted at the beginning of the procedure and effectively managed using bipolar cautery.
The patient's post-operative course was notable for marked thrombocytosis with her platelet count increasing for her baseline of 300,000 to a zenith of 1.3 million. She was started on aspirin therapy and splenomegaly was noted on abdomen ultrasound. Her platelet count normalized to 334,000. On pathology, the renal mass was classified as a papillary renal neoplasm consistent with a translocation carcinoma. There was no splenic tissue in the specimen. It was noted that the complete lack of staining of any keratins or epithelial membrane antigens was not consistent with a usual renal cell carcinoma and hence the diagnosis of a translocation tumor was made.
The patient was lost to follow up presenting 2 years later and a follow-up CT scan noted marked splenic atrophy with several splenules. The patient was completely asymptomatic and at the time received all the post-splenectomy vaccination and her platelet count remained within normal limits.
",EN100385,"<|im_start|>user Extract the entities contained in the text. Extract only entities contained in the text.
Return the result in a json format: [{""entity"":""entity_name""}]. <<She was evaluated by urology and a right partial nephrectomy was planned, however on the day of the procedure, the patient's preoperative pregnancy test was positive.>>> <|im_end|><|im_start|>assistant[{""entity"": ""evaluated""}, {""entity"": ""nephrectomy""}, {""entity"": ""planned""}, {""entity"": ""procedure""}, {""entity"": ""test""}, {""entity"": ""She""}, {""entity"": ""patient's""}, {""entity"": ""positive""}, {""entity"": ""the day""}, {""entity"": ""preoperative""}] <|im_end|>","<|im_start|>user Extract the entities contained in the text. Extract only entities contained in the text.
Return the result in a json format: [{""entity"":""entity_name""}]. <<<We present a case of a 32-year-old woman with a history of gradual enlargement of the anterior neck.>>> <|im_end|><|im_start|>assistant [{""entity"": ""present""}, {""entity"": ""history""}, {""entity"": ""enlargement""}] <|im_end|>
<|im_start|>user Extract the entities contained in the text. Extract only entities contained in the text.
Return the result in a json format: [{""entity"":""entity_name""}]. <<<Patient information: a 9-month-old boy presented to the emergency room with a 3-day history of refusal to bear weight on the right lower extremity and febrile peaks of up to 38.5°C for 24 hours.>>> <|im_end|><|im_start|>assistant [{""entity"": ""presented""}, {""entity"": ""refusal""}, {""entity"": ""bear""}, {""entity"": ""peaks""}] <|im_end|>
<|im_start|>user Extract the entities contained in the text. Extract only entities contained in the text.
Return the result in a json format: [{""entity"":""entity_name""}]. <<She was evaluated by urology and a right partial nephrectomy was planned, however on the day of the procedure, the patient's preoperative pregnancy test was positive.>>> <|im_end|><|im_start|>assistant","[{""entity"": ""evaluated""}, {""entity"": ""nephrectomy""}, {""entity"": ""planned""}, {""entity"": ""procedure""}, {""entity"": ""test""}, {""entity"": ""She""}, {""entity"": ""patient's""}, {""entity"": ""positive""}, {""entity"": ""the day""}, {""entity"": ""preoperative""}] ","[{""entity"": ""evaluated""}, {""entity"": ""procedure""}, {""entity"": ""test""}, {""entity"": ""positive""}, {""entity"
The procedure was post postponed until after she delivered and interval ultrasounds were obtained throughout her pregnancy to monitor the renal mass.,"[{'id': '4369', 'offsets': array([ 4, 13]), 'role': '', 'semantic_type_id': '', 'text': 'procedure', 'type': 'EVENT'}
 {'id': '4384', 'offsets': array([23, 32]), 'role': '', 'semantic_type_id': '', 'text': 'postponed', 'type': 'EVENT'}
 {'id': '4399', 'offsets': array([49, 58]), 'role': '', 'semantic_type_id': '', 'text': 'delivered', 'type': 'EVENT'}
 {'id': '4414', 'offsets': array([72, 83]), 'role': '', 'semantic_type_id': '', 'text': 'ultrasounds', 'type': 'EVENT'}
 {'id': '4429', 'offsets': array([113, 122]), 'role': '', 'semantic_type_id': '', 'text': 'pregnancy', 'type': 'EVENT'}
 {'id': '4444', 'offsets': array([126, 133]), 'role': '', 'semantic_type_id': '', 'text': 'monitor', 'type': 'EVENT'}
 {'id': '4459', 'offsets': array([144, 148]), 'role': '', 'semantic_type_id': '', 'text': 'mass', 'type': 'EVENT'}
 {'id': '5325', 'offsets': array([45, 48]), 'role': 'PATIENT', 'semantic_type_id': '', 'text': 'she', 'type': 'ACTOR'}]","A 45 year old female with history of sickle cell disease presented with abdominal pain. A CT scan revealed an exophytic renal mass measuring 2.9cm x 2.0cm x 2.1cm located on the antero-lateral aspect of her right kidney and an unremarkable spleen. She was evaluated by urology and a right partial nephrectomy was planned, however on the day of the procedure, the patient's preoperative pregnancy test was positive. The procedure was post postponed until after she delivered and interval ultrasounds were obtained throughout her pregnancy to monitor the renal mass. The lesion increased minimally in size. Two months after caesarian section delivery, patient underwent an unremarkable right laparoscopic partial nephrectomy with individual artery and vein vascular occlusion at the level of the renal hilum. A superficial liver laceration caused by the Veress needle was noted at the beginning of the procedure and effectively managed using bipolar cautery.
The patient's post-operative course was notable for marked thrombocytosis with her platelet count increasing for her baseline of 300,000 to a zenith of 1.3 million. She was started on aspirin therapy and splenomegaly was noted on abdomen ultrasound. Her platelet count normalized to 334,000. On pathology, the renal mass was classified as a papillary renal neoplasm consistent with a translocation carcinoma. There was no splenic tissue in the specimen. It was noted that the complete lack of staining of any keratins or epithelial membrane antigens was not consistent with a usual renal cell carcinoma and hence the diagnosis of a translocation tumor was made.
The patient was lost to follow up presenting 2 years later and a follow-up CT scan noted marked splenic atrophy with several splenules. The patient was completely asymptomatic and at the time received all the post-splenectomy vaccination and her platelet count remained within normal limits.
",EN100385,"<|im_start|>user Extract the entities contained in the text. Extract only entities contained in the text.
Return the result in a json format: [{""entity"":""entity_name""}]. <<The procedure was post postponed until after she delivered and interval ultrasounds were obtained throughout her pregnancy to monitor the renal mass.>>> <|im_end|><|im_start|>assistant[{""entity"": ""procedure""}, {""entity"": ""postponed""}, {""entity"": ""delivered""}, {""entity"": ""ultrasounds""}, {""entity"": ""pregnancy""}, {""entity"": ""monitor""}, {""entity"": ""mass""}, {""entity"": ""she""}] <|im_end|>","<|im_start|>user Extract the entities contained in the text. Extract only entities contained in the text.
Return the result in a json format: [{""entity"":""entity_name""}]. <<<We present a case of a 32-year-old woman with a history of gradual enlargement of the anterior neck.>>> <|im_end|><|im_start|>assistant [{""entity"": ""present""}, {""entity"": ""history""}, {""entity"": ""enlargement""}] <|im_end|>
<|im_start|>user Extract the entities contained in the text. Extract only entities contained in the text.
Return the result in a json format: [{""entity"":""entity_name""}]. <<<Patient information: a 9-month-old boy presented to the emergency room with a 3-day history of refusal to bear weight on the right lower extremity and febrile peaks of up to 38.5°C for 24 hours.>>> <|im_end|><|im_start|>assistant [{""entity"": ""presented""}, {""entity"": ""refusal""}, {""entity"": ""bear""}, {""entity"": ""peaks""}] <|im_end|>
<|im_start|>user Extract the entities contained in the text. Extract only entities contained in the text.
Return the result in a json format: [{""entity"":""entity_name""}]. <<The procedure was post postponed until after she delivered and interval ultrasounds were obtained throughout her pregnancy to monitor the renal mass.>>> <|im_end|><|im_start|>assistant","[{""entity"": ""procedure""}, {""entity"": ""postponed""}, {""entity"": ""delivered""}, {""entity"": ""ultrasounds""}, {""entity"": ""pregnancy""}, {""entity"": ""monitor""}, {""entity"": ""mass""}, {""entity"": ""she""}] ","[{""entity"": ""postponed""}, {""entity"": ""ultrasounds""}, {""entity"": ""monitor""}, {""entity"": ""she"
The lesion increased minimally in size.,"[{'id': '4474', 'offsets': array([ 4, 10]), 'role': '', 'semantic_type_id': '', 'text': 'lesion', 'type': 'EVENT'}
 {'id': '4489', 'offsets': array([11, 20]), 'role': '', 'semantic_type_id': '', 'text': 'increased', 'type': 'EVENT'}
 {'id': '5155', 'offsets': array([ 4, 10]), 'role': '', 'semantic_type_id': 'C0221198', 'text': 'lesion', 'type': 'CLINENTITY'}]","A 45 year old female with history of sickle cell disease presented with abdominal pain. A CT scan revealed an exophytic renal mass measuring 2.9cm x 2.0cm x 2.1cm located on the antero-lateral aspect of her right kidney and an unremarkable spleen. She was evaluated by urology and a right partial nephrectomy was planned, however on the day of the procedure, the patient's preoperative pregnancy test was positive. The procedure was post postponed until after she delivered and interval ultrasounds were obtained throughout her pregnancy to monitor the renal mass. The lesion increased minimally in size. Two months after caesarian section delivery, patient underwent an unremarkable right laparoscopic partial nephrectomy with individual artery and vein vascular occlusion at the level of the renal hilum. A superficial liver laceration caused by the Veress needle was noted at the beginning of the procedure and effectively managed using bipolar cautery.
The patient's post-operative course was notable for marked thrombocytosis with her platelet count increasing for her baseline of 300,000 to a zenith of 1.3 million. She was started on aspirin therapy and splenomegaly was noted on abdomen ultrasound. Her platelet count normalized to 334,000. On pathology, the renal mass was classified as a papillary renal neoplasm consistent with a translocation carcinoma. There was no splenic tissue in the specimen. It was noted that the complete lack of staining of any keratins or epithelial membrane antigens was not consistent with a usual renal cell carcinoma and hence the diagnosis of a translocation tumor was made.
The patient was lost to follow up presenting 2 years later and a follow-up CT scan noted marked splenic atrophy with several splenules. The patient was completely asymptomatic and at the time received all the post-splenectomy vaccination and her platelet count remained within normal limits.
",EN100385,"<|im_start|>user Extract the entities contained in the text. Extract only entities contained in the text.
Return the result in a json format: [{""entity"":""entity_name""}]. <<The lesion increased minimally in size.>>> <|im_end|><|im_start|>assistant[{""entity"": ""lesion""}, {""entity"": ""increased""}, {""entity"": ""lesion""}] <|im_end|>","<|im_start|>user Extract the entities contained in the text. Extract only entities contained in the text.
Return the result in a json format: [{""entity"":""entity_name""}]. <<<We present a case of a 32-year-old woman with a history of gradual enlargement of the anterior neck.>>> <|im_end|><|im_start|>assistant [{""entity"": ""present""}, {""entity"": ""history""}, {""entity"": ""enlargement""}] <|im_end|>
<|im_start|>user Extract the entities contained in the text. Extract only entities contained in the text.
Return the result in a json format: [{""entity"":""entity_name""}]. <<<Patient information: a 9-month-old boy presented to the emergency room with a 3-day history of refusal to bear weight on the right lower extremity and febrile peaks of up to 38.5°C for 24 hours.>>> <|im_end|><|im_start|>assistant [{""entity"": ""presented""}, {""entity"": ""refusal""}, {""entity"": ""bear""}, {""entity"": ""peaks""}] <|im_end|>
<|im_start|>user Extract the entities contained in the text. Extract only entities contained in the text.
Return the result in a json format: [{""entity"":""entity_name""}]. <<The lesion increased minimally in size.>>> <|im_end|><|im_start|>assistant","[{""entity"": ""lesion""}, {""entity"": ""increased""}, {""entity"": ""lesion""}] ","[{""entity"": ""lesion""}, {""entity"": ""increased""}, {""entity"": ""size""}] <|im_end|><|im_end|><|im_end|><|im_end|><|im_end|>"
"Two months after caesarian section delivery, patient underwent an unremarkable right laparoscopic partial nephrectomy with individual artery and vein vascular occlusion at the level of the renal hilum.","[{'id': '4504', 'offsets': array([35, 43]), 'role': '', 'semantic_type_id': '', 'text': 'delivery', 'type': 'EVENT'}
 {'id': '4519', 'offsets': array([106, 117]), 'role': '', 'semantic_type_id': '', 'text': 'nephrectomy', 'type': 'EVENT'}
 {'id': '5162', 'offsets': array([134, 168]), 'role': '', 'semantic_type_id': 'C0264995', 'text': 'artery and vein vascular occlusion', 'type': 'CLINENTITY'}
 {'id': '5169', 'offsets': array([150, 168]), 'role': '', 'semantic_type_id': 'C1096458', 'text': 'vascular occlusion', 'type': 'CLINENTITY'}
 {'id': '5244', 'offsets': array([134, 140]), 'role': '', 'semantic_type_id': '', 'text': 'artery', 'type': 'BODYPART'}
 {'id': '5250', 'offsets': array([145, 149]), 'role': '', 'semantic_type_id': '', 'text': 'vein', 'type': 'BODYPART'}
 {'id': '5256', 'offsets': array([185, 200]), 'role': '', 'semantic_type_id': '', 'text': 'the renal hilum', 'type': 'BODYPART'}
 {'id': '5332', 'offsets': array([45, 52]), 'role': 'PATIENT', 'semantic_type_id': '', 'text': 'patient', 'type': 'ACTOR'}
 {'id': '5415', 'offsets': array([ 0, 10]), 'role': '', 'semantic_type_id': '', 'text': 'Two months', 'type': 'TIMEX3'}]","A 45 year old female with history of sickle cell disease presented with abdominal pain. A CT scan revealed an exophytic renal mass measuring 2.9cm x 2.0cm x 2.1cm located on the antero-lateral aspect of her right kidney and an unremarkable spleen. She was evaluated by urology and a right partial nephrectomy was planned, however on the day of the procedure, the patient's preoperative pregnancy test was positive. The procedure was post postponed until after she delivered and interval ultrasounds were obtained throughout her pregnancy to monitor the renal mass. The lesion increased minimally in size. Two months after caesarian section delivery, patient underwent an unremarkable right laparoscopic partial nephrectomy with individual artery and vein vascular occlusion at the level of the renal hilum. A superficial liver laceration caused by the Veress needle was noted at the beginning of the procedure and effectively managed using bipolar cautery.
The patient's post-operative course was notable for marked thrombocytosis with her platelet count increasing for her baseline of 300,000 to a zenith of 1.3 million. She was started on aspirin therapy and splenomegaly was noted on abdomen ultrasound. Her platelet count normalized to 334,000. On pathology, the renal mass was classified as a papillary renal neoplasm consistent with a translocation carcinoma. There was no splenic tissue in the specimen. It was noted that the complete lack of staining of any keratins or epithelial membrane antigens was not consistent with a usual renal cell carcinoma and hence the diagnosis of a translocation tumor was made.
The patient was lost to follow up presenting 2 years later and a follow-up CT scan noted marked splenic atrophy with several splenules. The patient was completely asymptomatic and at the time received all the post-splenectomy vaccination and her platelet count remained within normal limits.
",EN100385,"<|im_start|>user Extract the entities contained in the text. Extract only entities contained in the text.
Return the result in a json format: [{""entity"":""entity_name""}]. <<Two months after caesarian section delivery, patient underwent an unremarkable right laparoscopic partial nephrectomy with individual artery and vein vascular occlusion at the level of the renal hilum.>>> <|im_end|><|im_start|>assistant[{""entity"": ""delivery""}, {""entity"": ""nephrectomy""}, {""entity"": ""artery and vein vascular occlusion""}, {""entity"": ""vascular occlusion""}, {""entity"": ""artery""}, {""entity"": ""vein""}, {""entity"": ""the renal hilum""}, {""entity"": ""patient""}, {""entity"": ""Two months""}] <|im_end|>","<|im_start|>user Extract the entities contained in the text. Extract only entities contained in the text.
Return the result in a json format: [{""entity"":""entity_name""}]. <<<We present a case of a 32-year-old woman with a history of gradual enlargement of the anterior neck.>>> <|im_end|><|im_start|>assistant [{""entity"": ""present""}, {""entity"": ""history""}, {""entity"": ""enlargement""}] <|im_end|>
<|im_start|>user Extract the entities contained in the text. Extract only entities contained in the text.
Return the result in a json format: [{""entity"":""entity_name""}]. <<<Patient information: a 9-month-old boy presented to the emergency room with a 3-day history of refusal to bear weight on the right lower extremity and febrile peaks of up to 38.5°C for 24 hours.>>> <|im_end|><|im_start|>assistant [{""entity"": ""presented""}, {""entity"": ""refusal""}, {""entity"": ""bear""}, {""entity"": ""peaks""}] <|im_end|>
<|im_start|>user Extract the entities contained in the text. Extract only entities contained in the text.
Return the result in a json format: [{""entity"":""entity_name""}]. <<Two months after caesarian section delivery, patient underwent an unremarkable right laparoscopic partial nephrectomy with individual artery and vein vascular occlusion at the level of the renal hilum.>>> <|im_end|><|im_start|>assistant","[{""entity"": ""delivery""}, {""entity"": ""nephrectomy""}, {""entity"": ""artery and vein vascular occlusion""}, {""entity"": ""vascular occlusion""}, {""entity"": ""artery""}, {""entity"": ""vein""}, {""entity"": ""the renal hilum""}, {""entity"": ""patient""}, {""entity"": ""Two months""}] ","[{""entity"": ""section""}, {""entity"": ""delivery""}, {""entity"": ""laparoscopic partial nephrectomy""}, {""entity"":"
A superficial liver laceration caused by the Veress needle was noted at the beginning of the procedure and effectively managed using bipolar cautery.,"[{'id': '4534', 'offsets': array([20, 30]), 'role': '', 'semantic_type_id': '', 'text': 'laceration', 'type': 'EVENT'}
 {'id': '4549', 'offsets': array([31, 37]), 'role': '', 'semantic_type_id': '', 'text': 'caused', 'type': 'EVENT'}
 {'id': '4564', 'offsets': array([63, 68]), 'role': '', 'semantic_type_id': '', 'text': 'noted', 'type': 'EVENT'}
 {'id': '4579', 'offsets': array([76, 85]), 'role': '', 'semantic_type_id': '', 'text': 'beginning', 'type': 'EVENT'}
 {'id': '4594', 'offsets': array([ 93, 102]), 'role': '', 'semantic_type_id': '', 'text': 'procedure', 'type': 'EVENT'}
 {'id': '4609', 'offsets': array([119, 126]), 'role': '', 'semantic_type_id': '', 'text': 'managed', 'type': 'EVENT'}
 {'id': '4624', 'offsets': array([141, 148]), 'role': '', 'semantic_type_id': '', 'text': 'cautery', 'type': 'EVENT'}
 {'id': '5176', 'offsets': array([14, 30]), 'role': '', 'semantic_type_id': 'C0347633', 'text': 'liver laceration', 'type': 'CLINENTITY'}
 {'id': '5262', 'offsets': array([14, 19]), 'role': '', 'semantic_type_id': '', 'text': 'liver', 'type': 'BODYPART'}]","A 45 year old female with history of sickle cell disease presented with abdominal pain. A CT scan revealed an exophytic renal mass measuring 2.9cm x 2.0cm x 2.1cm located on the antero-lateral aspect of her right kidney and an unremarkable spleen. She was evaluated by urology and a right partial nephrectomy was planned, however on the day of the procedure, the patient's preoperative pregnancy test was positive. The procedure was post postponed until after she delivered and interval ultrasounds were obtained throughout her pregnancy to monitor the renal mass. The lesion increased minimally in size. Two months after caesarian section delivery, patient underwent an unremarkable right laparoscopic partial nephrectomy with individual artery and vein vascular occlusion at the level of the renal hilum. A superficial liver laceration caused by the Veress needle was noted at the beginning of the procedure and effectively managed using bipolar cautery.
The patient's post-operative course was notable for marked thrombocytosis with her platelet count increasing for her baseline of 300,000 to a zenith of 1.3 million. She was started on aspirin therapy and splenomegaly was noted on abdomen ultrasound. Her platelet count normalized to 334,000. On pathology, the renal mass was classified as a papillary renal neoplasm consistent with a translocation carcinoma. There was no splenic tissue in the specimen. It was noted that the complete lack of staining of any keratins or epithelial membrane antigens was not consistent with a usual renal cell carcinoma and hence the diagnosis of a translocation tumor was made.
The patient was lost to follow up presenting 2 years later and a follow-up CT scan noted marked splenic atrophy with several splenules. The patient was completely asymptomatic and at the time received all the post-splenectomy vaccination and her platelet count remained within normal limits.
",EN100385,"<|im_start|>user Extract the entities contained in the text. Extract only entities contained in the text.
Return the result in a json format: [{""entity"":""entity_name""}]. <<A superficial liver laceration caused by the Veress needle was noted at the beginning of the procedure and effectively managed using bipolar cautery.>>> <|im_end|><|im_start|>assistant[{""entity"": ""laceration""}, {""entity"": ""caused""}, {""entity"": ""noted""}, {""entity"": ""beginning""}, {""entity"": ""procedure""}, {""entity"": ""managed""}, {""entity"": ""cautery""}, {""entity"": ""liver laceration""}, {""entity"": ""liver""}] <|im_end|>","<|im_start|>user Extract the entities contained in the text. Extract only entities contained in the text.
Return the result in a json format: [{""entity"":""entity_name""}]. <<<We present a case of a 32-year-old woman with a history of gradual enlargement of the anterior neck.>>> <|im_end|><|im_start|>assistant [{""entity"": ""present""}, {""entity"": ""history""}, {""entity"": ""enlargement""}] <|im_end|>
<|im_start|>user Extract the entities contained in the text. Extract only entities contained in the text.
Return the result in a json format: [{""entity"":""entity_name""}]. <<<Patient information: a 9-month-old boy presented to the emergency room with a 3-day history of refusal to bear weight on the right lower extremity and febrile peaks of up to 38.5°C for 24 hours.>>> <|im_end|><|im_start|>assistant [{""entity"": ""presented""}, {""entity"": ""refusal""}, {""entity"": ""bear""}, {""entity"": ""peaks""}] <|im_end|>
<|im_start|>user Extract the entities contained in the text. Extract only entities contained in the text.
Return the result in a json format: [{""entity"":""entity_name""}]. <<A superficial liver laceration caused by the Veress needle was noted at the beginning of the procedure and effectively managed using bipolar cautery.>>> <|im_end|><|im_start|>assistant","[{""entity"": ""laceration""}, {""entity"": ""caused""}, {""entity"": ""noted""}, {""entity"": ""beginning""}, {""entity"": ""procedure""}, {""entity"": ""managed""}, {""entity"": ""cautery""}, {""entity"": ""liver laceration""}, {""entity"": ""liver""}] ","[{""entity"": ""laceration""}, {""entity"": ""noted""}, {""entity"": ""procedure""}, {""entity"": ""managed""},"
"The patient's post-operative course was notable for marked thrombocytosis with her platelet count increasing for her baseline of 300,000 to a zenith of 1.3 million.","[{'id': '4639', 'offsets': array([29, 35]), 'role': '', 'semantic_type_id': '', 'text': 'course', 'type': 'EVENT'}
 {'id': '4654', 'offsets': array([40, 47]), 'role': '', 'semantic_type_id': '', 'text': 'notable', 'type': 'EVENT'}
 {'id': '4669', 'offsets': array([59, 73]), 'role': '', 'semantic_type_id': '', 'text': 'thrombocytosis', 'type': 'EVENT'}
 {'id': '4684', 'offsets': array([92, 97]), 'role': '', 'semantic_type_id': '', 'text': 'count', 'type': 'EVENT'}
 {'id': '4699', 'offsets': array([ 98, 108]), 'role': '', 'semantic_type_id': '', 'text': 'increasing', 'type': 'EVENT'}
 {'id': '5183', 'offsets': array([59, 73]), 'role': '', 'semantic_type_id': 'C0836924', 'text': 'thrombocytosis', 'type': 'CLINENTITY'}
 {'id': '5268', 'offsets': array([83, 91]), 'role': '', 'semantic_type_id': '', 'text': 'platelet', 'type': 'BODYPART'}
 {'id': '5339', 'offsets': array([ 4, 13]), 'role': 'PATIENT', 'semantic_type_id': '', 'text': ""patient's"", 'type': 'ACTOR'}
 {'id': '5379', 'offsets': array([129, 136]), 'role': '', 'semantic_type_id': '', 'text': '300,000', 'type': 'RML'}
 {'id': '5385', 'offsets': array([152, 163]), 'role': '', 'semantic_type_id': '', 'text': '1.3 million', 'type': 'RML'}
 {'id': '5424', 'offsets': array([14, 28]), 'role': '', 'semantic_type_id': '', 'text': 'post-operative', 'type': 'TIMEX3'}]","A 45 year old female with history of sickle cell disease presented with abdominal pain. A CT scan revealed an exophytic renal mass measuring 2.9cm x 2.0cm x 2.1cm located on the antero-lateral aspect of her right kidney and an unremarkable spleen. She was evaluated by urology and a right partial nephrectomy was planned, however on the day of the procedure, the patient's preoperative pregnancy test was positive. The procedure was post postponed until after she delivered and interval ultrasounds were obtained throughout her pregnancy to monitor the renal mass. The lesion increased minimally in size. Two months after caesarian section delivery, patient underwent an unremarkable right laparoscopic partial nephrectomy with individual artery and vein vascular occlusion at the level of the renal hilum. A superficial liver laceration caused by the Veress needle was noted at the beginning of the procedure and effectively managed using bipolar cautery.
The patient's post-operative course was notable for marked thrombocytosis with her platelet count increasing for her baseline of 300,000 to a zenith of 1.3 million. She was started on aspirin therapy and splenomegaly was noted on abdomen ultrasound. Her platelet count normalized to 334,000. On pathology, the renal mass was classified as a papillary renal neoplasm consistent with a translocation carcinoma. There was no splenic tissue in the specimen. It was noted that the complete lack of staining of any keratins or epithelial membrane antigens was not consistent with a usual renal cell carcinoma and hence the diagnosis of a translocation tumor was made.
The patient was lost to follow up presenting 2 years later and a follow-up CT scan noted marked splenic atrophy with several splenules. The patient was completely asymptomatic and at the time received all the post-splenectomy vaccination and her platelet count remained within normal limits.
",EN100385,"<|im_start|>user Extract the entities contained in the text. Extract only entities contained in the text.
Return the result in a json format: [{""entity"":""entity_name""}]. <<The patient's post-operative course was notable for marked thrombocytosis with her platelet count increasing for her baseline of 300,000 to a zenith of 1.3 million.>>> <|im_end|><|im_start|>assistant[{""entity"": ""course""}, {""entity"": ""notable""}, {""entity"": ""thrombocytosis""}, {""entity"": ""count""}, {""entity"": ""increasing""}, {""entity"": ""thrombocytosis""}, {""entity"": ""platelet""}, {""entity"": ""patient's""}, {""entity"": ""300,000""}, {""entity"": ""1.3 million""}, {""entity"": ""post-operative""}] <|im_end|>","<|im_start|>user Extract the entities contained in the text. Extract only entities contained in the text.
Return the result in a json format: [{""entity"":""entity_name""}]. <<<We present a case of a 32-year-old woman with a history of gradual enlargement of the anterior neck.>>> <|im_end|><|im_start|>assistant [{""entity"": ""present""}, {""entity"": ""history""}, {""entity"": ""enlargement""}] <|im_end|>
<|im_start|>user Extract the entities contained in the text. Extract only entities contained in the text.
Return the result in a json format: [{""entity"":""entity_name""}]. <<<Patient information: a 9-month-old boy presented to the emergency room with a 3-day history of refusal to bear weight on the right lower extremity and febrile peaks of up to 38.5°C for 24 hours.>>> <|im_end|><|im_start|>assistant [{""entity"": ""presented""}, {""entity"": ""refusal""}, {""entity"": ""bear""}, {""entity"": ""peaks""}] <|im_end|>
<|im_start|>user Extract the entities contained in the text. Extract only entities contained in the text.
Return the result in a json format: [{""entity"":""entity_name""}]. <<The patient's post-operative course was notable for marked thrombocytosis with her platelet count increasing for her baseline of 300,000 to a zenith of 1.3 million.>>> <|im_end|><|im_start|>assistant","[{""entity"": ""course""}, {""entity"": ""notable""}, {""entity"": ""thrombocytosis""}, {""entity"": ""count""}, {""entity"": ""increasing""}, {""entity"": ""thrombocytosis""}, {""entity"": ""platelet""}, {""entity"": ""patient's""}, {""entity"": ""300,000""}, {""entity"": ""1.3 million""}, {""entity"": ""post-operative""}] ","[{""entity"": ""course""}, {""entity"": ""thrombocytosis""}, {""entity"": ""count""}, {""entity"": """
She was started on aspirin therapy and splenomegaly was noted on abdomen ultrasound.,"[{'id': '4714', 'offsets': array([ 8, 15]), 'role': '', 'semantic_type_id': '', 'text': 'started', 'type': 'EVENT'}
 {'id': '4729', 'offsets': array([27, 34]), 'role': '', 'semantic_type_id': '', 'text': 'therapy', 'type': 'EVENT'}
 {'id': '4744', 'offsets': array([39, 51]), 'role': '', 'semantic_type_id': '', 'text': 'splenomegaly', 'type': 'EVENT'}
 {'id': '4759', 'offsets': array([56, 61]), 'role': '', 'semantic_type_id': '', 'text': 'noted', 'type': 'EVENT'}
 {'id': '4774', 'offsets': array([73, 83]), 'role': '', 'semantic_type_id': '', 'text': 'ultrasound', 'type': 'EVENT'}
 {'id': '5190', 'offsets': array([39, 51]), 'role': '', 'semantic_type_id': 'C0038002', 'text': 'splenomegaly', 'type': 'CLINENTITY'}
 {'id': '5274', 'offsets': array([65, 72]), 'role': '', 'semantic_type_id': '', 'text': 'abdomen', 'type': 'BODYPART'}
 {'id': '5346', 'offsets': array([0, 3]), 'role': 'PATIENT', 'semantic_type_id': '', 'text': 'She', 'type': 'ACTOR'}]","A 45 year old female with history of sickle cell disease presented with abdominal pain. A CT scan revealed an exophytic renal mass measuring 2.9cm x 2.0cm x 2.1cm located on the antero-lateral aspect of her right kidney and an unremarkable spleen. She was evaluated by urology and a right partial nephrectomy was planned, however on the day of the procedure, the patient's preoperative pregnancy test was positive. The procedure was post postponed until after she delivered and interval ultrasounds were obtained throughout her pregnancy to monitor the renal mass. The lesion increased minimally in size. Two months after caesarian section delivery, patient underwent an unremarkable right laparoscopic partial nephrectomy with individual artery and vein vascular occlusion at the level of the renal hilum. A superficial liver laceration caused by the Veress needle was noted at the beginning of the procedure and effectively managed using bipolar cautery.
The patient's post-operative course was notable for marked thrombocytosis with her platelet count increasing for her baseline of 300,000 to a zenith of 1.3 million. She was started on aspirin therapy and splenomegaly was noted on abdomen ultrasound. Her platelet count normalized to 334,000. On pathology, the renal mass was classified as a papillary renal neoplasm consistent with a translocation carcinoma. There was no splenic tissue in the specimen. It was noted that the complete lack of staining of any keratins or epithelial membrane antigens was not consistent with a usual renal cell carcinoma and hence the diagnosis of a translocation tumor was made.
The patient was lost to follow up presenting 2 years later and a follow-up CT scan noted marked splenic atrophy with several splenules. The patient was completely asymptomatic and at the time received all the post-splenectomy vaccination and her platelet count remained within normal limits.
",EN100385,"<|im_start|>user Extract the entities contained in the text. Extract only entities contained in the text.
Return the result in a json format: [{""entity"":""entity_name""}]. <<She was started on aspirin therapy and splenomegaly was noted on abdomen ultrasound.>>> <|im_end|><|im_start|>assistant[{""entity"": ""started""}, {""entity"": ""therapy""}, {""entity"": ""splenomegaly""}, {""entity"": ""noted""}, {""entity"": ""ultrasound""}, {""entity"": ""splenomegaly""}, {""entity"": ""abdomen""}, {""entity"": ""She""}] <|im_end|>","<|im_start|>user Extract the entities contained in the text. Extract only entities contained in the text.
Return the result in a json format: [{""entity"":""entity_name""}]. <<<We present a case of a 32-year-old woman with a history of gradual enlargement of the anterior neck.>>> <|im_end|><|im_start|>assistant [{""entity"": ""present""}, {""entity"": ""history""}, {""entity"": ""enlargement""}] <|im_end|>
<|im_start|>user Extract the entities contained in the text. Extract only entities contained in the text.
Return the result in a json format: [{""entity"":""entity_name""}]. <<<Patient information: a 9-month-old boy presented to the emergency room with a 3-day history of refusal to bear weight on the right lower extremity and febrile peaks of up to 38.5°C for 24 hours.>>> <|im_end|><|im_start|>assistant [{""entity"": ""presented""}, {""entity"": ""refusal""}, {""entity"": ""bear""}, {""entity"": ""peaks""}] <|im_end|>
<|im_start|>user Extract the entities contained in the text. Extract only entities contained in the text.
Return the result in a json format: [{""entity"":""entity_name""}]. <<She was started on aspirin therapy and splenomegaly was noted on abdomen ultrasound.>>> <|im_end|><|im_start|>assistant","[{""entity"": ""started""}, {""entity"": ""therapy""}, {""entity"": ""splenomegaly""}, {""entity"": ""noted""}, {""entity"": ""ultrasound""}, {""entity"": ""splenomegaly""}, {""entity"": ""abdomen""}, {""entity"": ""She""}] ","[{""entity"": ""started""}, {""entity"": ""therapy""}, {""entity"": ""noted""}, {""entity"": ""ultrasound""}, {"""
"Her platelet count normalized to 334,000.","[{'id': '4789', 'offsets': array([13, 18]), 'role': '', 'semantic_type_id': '', 'text': 'count', 'type': 'EVENT'}
 {'id': '4804', 'offsets': array([19, 29]), 'role': '', 'semantic_type_id': '', 'text': 'normalized', 'type': 'EVENT'}
 {'id': '5280', 'offsets': array([ 4, 12]), 'role': '', 'semantic_type_id': '', 'text': 'platelet', 'type': 'BODYPART'}
 {'id': '5391', 'offsets': array([33, 40]), 'role': '', 'semantic_type_id': '', 'text': '334,000', 'type': 'RML'}]","A 45 year old female with history of sickle cell disease presented with abdominal pain. A CT scan revealed an exophytic renal mass measuring 2.9cm x 2.0cm x 2.1cm located on the antero-lateral aspect of her right kidney and an unremarkable spleen. She was evaluated by urology and a right partial nephrectomy was planned, however on the day of the procedure, the patient's preoperative pregnancy test was positive. The procedure was post postponed until after she delivered and interval ultrasounds were obtained throughout her pregnancy to monitor the renal mass. The lesion increased minimally in size. Two months after caesarian section delivery, patient underwent an unremarkable right laparoscopic partial nephrectomy with individual artery and vein vascular occlusion at the level of the renal hilum. A superficial liver laceration caused by the Veress needle was noted at the beginning of the procedure and effectively managed using bipolar cautery.
The patient's post-operative course was notable for marked thrombocytosis with her platelet count increasing for her baseline of 300,000 to a zenith of 1.3 million. She was started on aspirin therapy and splenomegaly was noted on abdomen ultrasound. Her platelet count normalized to 334,000. On pathology, the renal mass was classified as a papillary renal neoplasm consistent with a translocation carcinoma. There was no splenic tissue in the specimen. It was noted that the complete lack of staining of any keratins or epithelial membrane antigens was not consistent with a usual renal cell carcinoma and hence the diagnosis of a translocation tumor was made.
The patient was lost to follow up presenting 2 years later and a follow-up CT scan noted marked splenic atrophy with several splenules. The patient was completely asymptomatic and at the time received all the post-splenectomy vaccination and her platelet count remained within normal limits.
",EN100385,"<|im_start|>user Extract the entities contained in the text. Extract only entities contained in the text.
Return the result in a json format: [{""entity"":""entity_name""}]. <<Her platelet count normalized to 334,000.>>> <|im_end|><|im_start|>assistant[{""entity"": ""count""}, {""entity"": ""normalized""}, {""entity"": ""platelet""}, {""entity"": ""334,000""}] <|im_end|>","<|im_start|>user Extract the entities contained in the text. Extract only entities contained in the text.
Return the result in a json format: [{""entity"":""entity_name""}]. <<<We present a case of a 32-year-old woman with a history of gradual enlargement of the anterior neck.>>> <|im_end|><|im_start|>assistant [{""entity"": ""present""}, {""entity"": ""history""}, {""entity"": ""enlargement""}] <|im_end|>
<|im_start|>user Extract the entities contained in the text. Extract only entities contained in the text.
Return the result in a json format: [{""entity"":""entity_name""}]. <<<Patient information: a 9-month-old boy presented to the emergency room with a 3-day history of refusal to bear weight on the right lower extremity and febrile peaks of up to 38.5°C for 24 hours.>>> <|im_end|><|im_start|>assistant [{""entity"": ""presented""}, {""entity"": ""refusal""}, {""entity"": ""bear""}, {""entity"": ""peaks""}] <|im_end|>
<|im_start|>user Extract the entities contained in the text. Extract only entities contained in the text.
Return the result in a json format: [{""entity"":""entity_name""}]. <<Her platelet count normalized to 334,000.>>> <|im_end|><|im_start|>assistant","[{""entity"": ""count""}, {""entity"": ""normalized""}, {""entity"": ""platelet""}, {""entity"": ""334,000""}] ","[{""entity"": ""count""}, {""entity"": ""normalized""}, {""entity"": ""platelet""}, {""entity"": ""334,"
"On pathology, the renal mass was classified as a papillary renal neoplasm consistent with a translocation carcinoma.","[{'id': '4819', 'offsets': array([ 3, 12]), 'role': '', 'semantic_type_id': '', 'text': 'pathology', 'type': 'EVENT'}
 {'id': '4834', 'offsets': array([24, 28]), 'role': '', 'semantic_type_id': '', 'text': 'mass', 'type': 'EVENT'}
 {'id': '4849', 'offsets': array([33, 43]), 'role': '', 'semantic_type_id': '', 'text': 'classified', 'type': 'EVENT'}
 {'id': '4864', 'offsets': array([65, 73]), 'role': '', 'semantic_type_id': '', 'text': 'neoplasm', 'type': 'EVENT'}
 {'id': '4879', 'offsets': array([106, 115]), 'role': '', 'semantic_type_id': '', 'text': 'carcinoma', 'type': 'EVENT'}
 {'id': '5197', 'offsets': array([49, 73]), 'role': '', 'semantic_type_id': 'C1518879', 'text': 'papillary renal neoplasm', 'type': 'CLINENTITY'}
 {'id': '5204', 'offsets': array([106, 115]), 'role': '', 'semantic_type_id': 'C0007097', 'text': 'carcinoma', 'type': 'CLINENTITY'}]","A 45 year old female with history of sickle cell disease presented with abdominal pain. A CT scan revealed an exophytic renal mass measuring 2.9cm x 2.0cm x 2.1cm located on the antero-lateral aspect of her right kidney and an unremarkable spleen. She was evaluated by urology and a right partial nephrectomy was planned, however on the day of the procedure, the patient's preoperative pregnancy test was positive. The procedure was post postponed until after she delivered and interval ultrasounds were obtained throughout her pregnancy to monitor the renal mass. The lesion increased minimally in size. Two months after caesarian section delivery, patient underwent an unremarkable right laparoscopic partial nephrectomy with individual artery and vein vascular occlusion at the level of the renal hilum. A superficial liver laceration caused by the Veress needle was noted at the beginning of the procedure and effectively managed using bipolar cautery.
The patient's post-operative course was notable for marked thrombocytosis with her platelet count increasing for her baseline of 300,000 to a zenith of 1.3 million. She was started on aspirin therapy and splenomegaly was noted on abdomen ultrasound. Her platelet count normalized to 334,000. On pathology, the renal mass was classified as a papillary renal neoplasm consistent with a translocation carcinoma. There was no splenic tissue in the specimen. It was noted that the complete lack of staining of any keratins or epithelial membrane antigens was not consistent with a usual renal cell carcinoma and hence the diagnosis of a translocation tumor was made.
The patient was lost to follow up presenting 2 years later and a follow-up CT scan noted marked splenic atrophy with several splenules. The patient was completely asymptomatic and at the time received all the post-splenectomy vaccination and her platelet count remained within normal limits.
",EN100385,"<|im_start|>user Extract the entities contained in the text. Extract only entities contained in the text.
Return the result in a json format: [{""entity"":""entity_name""}]. <<On pathology, the renal mass was classified as a papillary renal neoplasm consistent with a translocation carcinoma.>>> <|im_end|><|im_start|>assistant[{""entity"": ""pathology""}, {""entity"": ""mass""}, {""entity"": ""classified""}, {""entity"": ""neoplasm""}, {""entity"": ""carcinoma""}, {""entity"": ""papillary renal neoplasm""}, {""entity"": ""carcinoma""}] <|im_end|>","<|im_start|>user Extract the entities contained in the text. Extract only entities contained in the text.
Return the result in a json format: [{""entity"":""entity_name""}]. <<<We present a case of a 32-year-old woman with a history of gradual enlargement of the anterior neck.>>> <|im_end|><|im_start|>assistant [{""entity"": ""present""}, {""entity"": ""history""}, {""entity"": ""enlargement""}] <|im_end|>
<|im_start|>user Extract the entities contained in the text. Extract only entities contained in the text.
Return the result in a json format: [{""entity"":""entity_name""}]. <<<Patient information: a 9-month-old boy presented to the emergency room with a 3-day history of refusal to bear weight on the right lower extremity and febrile peaks of up to 38.5°C for 24 hours.>>> <|im_end|><|im_start|>assistant [{""entity"": ""presented""}, {""entity"": ""refusal""}, {""entity"": ""bear""}, {""entity"": ""peaks""}] <|im_end|>
<|im_start|>user Extract the entities contained in the text. Extract only entities contained in the text.
Return the result in a json format: [{""entity"":""entity_name""}]. <<On pathology, the renal mass was classified as a papillary renal neoplasm consistent with a translocation carcinoma.>>> <|im_end|><|im_start|>assistant","[{""entity"": ""pathology""}, {""entity"": ""mass""}, {""entity"": ""classified""}, {""entity"": ""neoplasm""}, {""entity"": ""carcinoma""}, {""entity"": ""papillary renal neoplasm""}, {""entity"": ""carcinoma""}] ","[{""entity"": ""pathology""}, {""entity"": ""neoplasm""}, {""entity"": ""carcinoma""}, {""entity"": """
There was no splenic tissue in the specimen.,"[{'id': '5286', 'offsets': array([13, 27]), 'role': '', 'semantic_type_id': '', 'text': 'splenic tissue', 'type': 'BODYPART'}]","A 45 year old female with history of sickle cell disease presented with abdominal pain. A CT scan revealed an exophytic renal mass measuring 2.9cm x 2.0cm x 2.1cm located on the antero-lateral aspect of her right kidney and an unremarkable spleen. She was evaluated by urology and a right partial nephrectomy was planned, however on the day of the procedure, the patient's preoperative pregnancy test was positive. The procedure was post postponed until after she delivered and interval ultrasounds were obtained throughout her pregnancy to monitor the renal mass. The lesion increased minimally in size. Two months after caesarian section delivery, patient underwent an unremarkable right laparoscopic partial nephrectomy with individual artery and vein vascular occlusion at the level of the renal hilum. A superficial liver laceration caused by the Veress needle was noted at the beginning of the procedure and effectively managed using bipolar cautery.
The patient's post-operative course was notable for marked thrombocytosis with her platelet count increasing for her baseline of 300,000 to a zenith of 1.3 million. She was started on aspirin therapy and splenomegaly was noted on abdomen ultrasound. Her platelet count normalized to 334,000. On pathology, the renal mass was classified as a papillary renal neoplasm consistent with a translocation carcinoma. There was no splenic tissue in the specimen. It was noted that the complete lack of staining of any keratins or epithelial membrane antigens was not consistent with a usual renal cell carcinoma and hence the diagnosis of a translocation tumor was made.
The patient was lost to follow up presenting 2 years later and a follow-up CT scan noted marked splenic atrophy with several splenules. The patient was completely asymptomatic and at the time received all the post-splenectomy vaccination and her platelet count remained within normal limits.
",EN100385,"<|im_start|>user Extract the entities contained in the text. Extract only entities contained in the text.
Return the result in a json format: [{""entity"":""entity_name""}]. <<There was no splenic tissue in the specimen.>>> <|im_end|><|im_start|>assistant[{""entity"": ""splenic tissue""}] <|im_end|>","<|im_start|>user Extract the entities contained in the text. Extract only entities contained in the text.
Return the result in a json format: [{""entity"":""entity_name""}]. <<<We present a case of a 32-year-old woman with a history of gradual enlargement of the anterior neck.>>> <|im_end|><|im_start|>assistant [{""entity"": ""present""}, {""entity"": ""history""}, {""entity"": ""enlargement""}] <|im_end|>
<|im_start|>user Extract the entities contained in the text. Extract only entities contained in the text.
Return the result in a json format: [{""entity"":""entity_name""}]. <<<Patient information: a 9-month-old boy presented to the emergency room with a 3-day history of refusal to bear weight on the right lower extremity and febrile peaks of up to 38.5°C for 24 hours.>>> <|im_end|><|im_start|>assistant [{""entity"": ""presented""}, {""entity"": ""refusal""}, {""entity"": ""bear""}, {""entity"": ""peaks""}] <|im_end|>
<|im_start|>user Extract the entities contained in the text. Extract only entities contained in the text.
Return the result in a json format: [{""entity"":""entity_name""}]. <<There was no splenic tissue in the specimen.>>> <|im_end|><|im_start|>assistant","[{""entity"": ""splenic tissue""}] ","[{""entity"": ""tissue""}, {""entity"": ""the specimen""}] <|im_end|><|im_end|><|im_end|><|im_end|><|im_end|><|im_end|><|im_end|><|im_end|><|im_end|><|im_end|><|im_end|>"
It was noted that the complete lack of staining of any keratins or epithelial membrane antigens was not consistent with a usual renal cell carcinoma and hence the diagnosis of a translocation tumor was made.,"[{'id': '4894', 'offsets': array([ 7, 12]), 'role': '', 'semantic_type_id': '', 'text': 'noted', 'type': 'EVENT'}
 {'id': '4909', 'offsets': array([39, 47]), 'role': '', 'semantic_type_id': '', 'text': 'staining', 'type': 'EVENT'}
 {'id': '4924', 'offsets': array([104, 114]), 'role': '', 'semantic_type_id': '', 'text': 'consistent', 'type': 'EVENT'}
 {'id': '4939', 'offsets': array([139, 148]), 'role': '', 'semantic_type_id': '', 'text': 'carcinoma', 'type': 'EVENT'}
 {'id': '4954', 'offsets': array([192, 197]), 'role': '', 'semantic_type_id': '', 'text': 'tumor', 'type': 'EVENT'}
 {'id': '5211', 'offsets': array([128, 148]), 'role': '', 'semantic_type_id': 'C0007134', 'text': 'renal cell carcinoma', 'type': 'CLINENTITY'}
 {'id': '5218', 'offsets': array([192, 197]), 'role': '', 'semantic_type_id': 'C0027651', 'text': 'tumor', 'type': 'CLINENTITY'}
 {'id': '5292', 'offsets': array([67, 86]), 'role': '', 'semantic_type_id': '', 'text': 'epithelial membrane', 'type': 'BODYPART'}]","A 45 year old female with history of sickle cell disease presented with abdominal pain. A CT scan revealed an exophytic renal mass measuring 2.9cm x 2.0cm x 2.1cm located on the antero-lateral aspect of her right kidney and an unremarkable spleen. She was evaluated by urology and a right partial nephrectomy was planned, however on the day of the procedure, the patient's preoperative pregnancy test was positive. The procedure was post postponed until after she delivered and interval ultrasounds were obtained throughout her pregnancy to monitor the renal mass. The lesion increased minimally in size. Two months after caesarian section delivery, patient underwent an unremarkable right laparoscopic partial nephrectomy with individual artery and vein vascular occlusion at the level of the renal hilum. A superficial liver laceration caused by the Veress needle was noted at the beginning of the procedure and effectively managed using bipolar cautery.
The patient's post-operative course was notable for marked thrombocytosis with her platelet count increasing for her baseline of 300,000 to a zenith of 1.3 million. She was started on aspirin therapy and splenomegaly was noted on abdomen ultrasound. Her platelet count normalized to 334,000. On pathology, the renal mass was classified as a papillary renal neoplasm consistent with a translocation carcinoma. There was no splenic tissue in the specimen. It was noted that the complete lack of staining of any keratins or epithelial membrane antigens was not consistent with a usual renal cell carcinoma and hence the diagnosis of a translocation tumor was made.
The patient was lost to follow up presenting 2 years later and a follow-up CT scan noted marked splenic atrophy with several splenules. The patient was completely asymptomatic and at the time received all the post-splenectomy vaccination and her platelet count remained within normal limits.
",EN100385,"<|im_start|>user Extract the entities contained in the text. Extract only entities contained in the text.
Return the result in a json format: [{""entity"":""entity_name""}]. <<It was noted that the complete lack of staining of any keratins or epithelial membrane antigens was not consistent with a usual renal cell carcinoma and hence the diagnosis of a translocation tumor was made.>>> <|im_end|><|im_start|>assistant[{""entity"": ""noted""}, {""entity"": ""staining""}, {""entity"": ""consistent""}, {""entity"": ""carcinoma""}, {""entity"": ""tumor""}, {""entity"": ""renal cell carcinoma""}, {""entity"": ""tumor""}, {""entity"": ""epithelial membrane""}] <|im_end|>","<|im_start|>user Extract the entities contained in the text. Extract only entities contained in the text.
Return the result in a json format: [{""entity"":""entity_name""}]. <<<We present a case of a 32-year-old woman with a history of gradual enlargement of the anterior neck.>>> <|im_end|><|im_start|>assistant [{""entity"": ""present""}, {""entity"": ""history""}, {""entity"": ""enlargement""}] <|im_end|>
<|im_start|>user Extract the entities contained in the text. Extract only entities contained in the text.
Return the result in a json format: [{""entity"":""entity_name""}]. <<<Patient information: a 9-month-old boy presented to the emergency room with a 3-day history of refusal to bear weight on the right lower extremity and febrile peaks of up to 38.5°C for 24 hours.>>> <|im_end|><|im_start|>assistant [{""entity"": ""presented""}, {""entity"": ""refusal""}, {""entity"": ""bear""}, {""entity"": ""peaks""}] <|im_end|>
<|im_start|>user Extract the entities contained in the text. Extract only entities contained in the text.
Return the result in a json format: [{""entity"":""entity_name""}]. <<It was noted that the complete lack of staining of any keratins or epithelial membrane antigens was not consistent with a usual renal cell carcinoma and hence the diagnosis of a translocation tumor was made.>>> <|im_end|><|im_start|>assistant","[{""entity"": ""noted""}, {""entity"": ""staining""}, {""entity"": ""consistent""}, {""entity"": ""carcinoma""}, {""entity"": ""tumor""}, {""entity"": ""renal cell carcinoma""}, {""entity"": ""tumor""}, {""entity"": ""epithelial membrane""}] ","[{""entity"": ""noted""}, {""entity"": ""consistent""}, {""entity"": ""carcinoma""}, {""entity"": ""tumor"
The patient was lost to follow up presenting 2 years later and a follow-up CT scan noted marked splenic atrophy with several splenules.,"[{'id': '4969', 'offsets': array([16, 20]), 'role': '', 'semantic_type_id': '', 'text': 'lost', 'type': 'EVENT'}
 {'id': '4984', 'offsets': array([24, 30]), 'role': '', 'semantic_type_id': '', 'text': 'follow', 'type': 'EVENT'}
 {'id': '4999', 'offsets': array([34, 44]), 'role': '', 'semantic_type_id': '', 'text': 'presenting', 'type': 'EVENT'}
 {'id': '5014', 'offsets': array([78, 82]), 'role': '', 'semantic_type_id': '', 'text': 'scan', 'type': 'EVENT'}
 {'id': '5029', 'offsets': array([83, 88]), 'role': '', 'semantic_type_id': '', 'text': 'noted', 'type': 'EVENT'}
 {'id': '5044', 'offsets': array([104, 111]), 'role': '', 'semantic_type_id': '', 'text': 'atrophy', 'type': 'EVENT'}
 {'id': '5225', 'offsets': array([ 96, 111]), 'role': '', 'semantic_type_id': 'C0340987', 'text': 'splenic atrophy', 'type': 'CLINENTITY'}
 {'id': '5353', 'offsets': array([ 0, 11]), 'role': 'PATIENT', 'semantic_type_id': '', 'text': 'The patient', 'type': 'ACTOR'}
 {'id': '5433', 'offsets': array([45, 58]), 'role': '', 'semantic_type_id': '', 'text': '2 years later', 'type': 'TIMEX3'}]","A 45 year old female with history of sickle cell disease presented with abdominal pain. A CT scan revealed an exophytic renal mass measuring 2.9cm x 2.0cm x 2.1cm located on the antero-lateral aspect of her right kidney and an unremarkable spleen. She was evaluated by urology and a right partial nephrectomy was planned, however on the day of the procedure, the patient's preoperative pregnancy test was positive. The procedure was post postponed until after she delivered and interval ultrasounds were obtained throughout her pregnancy to monitor the renal mass. The lesion increased minimally in size. Two months after caesarian section delivery, patient underwent an unremarkable right laparoscopic partial nephrectomy with individual artery and vein vascular occlusion at the level of the renal hilum. A superficial liver laceration caused by the Veress needle was noted at the beginning of the procedure and effectively managed using bipolar cautery.
The patient's post-operative course was notable for marked thrombocytosis with her platelet count increasing for her baseline of 300,000 to a zenith of 1.3 million. She was started on aspirin therapy and splenomegaly was noted on abdomen ultrasound. Her platelet count normalized to 334,000. On pathology, the renal mass was classified as a papillary renal neoplasm consistent with a translocation carcinoma. There was no splenic tissue in the specimen. It was noted that the complete lack of staining of any keratins or epithelial membrane antigens was not consistent with a usual renal cell carcinoma and hence the diagnosis of a translocation tumor was made.
The patient was lost to follow up presenting 2 years later and a follow-up CT scan noted marked splenic atrophy with several splenules. The patient was completely asymptomatic and at the time received all the post-splenectomy vaccination and her platelet count remained within normal limits.
",EN100385,"<|im_start|>user Extract the entities contained in the text. Extract only entities contained in the text.
Return the result in a json format: [{""entity"":""entity_name""}]. <<The patient was lost to follow up presenting 2 years later and a follow-up CT scan noted marked splenic atrophy with several splenules.>>> <|im_end|><|im_start|>assistant[{""entity"": ""lost""}, {""entity"": ""follow""}, {""entity"": ""presenting""}, {""entity"": ""scan""}, {""entity"": ""noted""}, {""entity"": ""atrophy""}, {""entity"": ""splenic atrophy""}, {""entity"": ""The patient""}, {""entity"": ""2 years later""}] <|im_end|>","<|im_start|>user Extract the entities contained in the text. Extract only entities contained in the text.
Return the result in a json format: [{""entity"":""entity_name""}]. <<<We present a case of a 32-year-old woman with a history of gradual enlargement of the anterior neck.>>> <|im_end|><|im_start|>assistant [{""entity"": ""present""}, {""entity"": ""history""}, {""entity"": ""enlargement""}] <|im_end|>
<|im_start|>user Extract the entities contained in the text. Extract only entities contained in the text.
Return the result in a json format: [{""entity"":""entity_name""}]. <<<Patient information: a 9-month-old boy presented to the emergency room with a 3-day history of refusal to bear weight on the right lower extremity and febrile peaks of up to 38.5°C for 24 hours.>>> <|im_end|><|im_start|>assistant [{""entity"": ""presented""}, {""entity"": ""refusal""}, {""entity"": ""bear""}, {""entity"": ""peaks""}] <|im_end|>
<|im_start|>user Extract the entities contained in the text. Extract only entities contained in the text.
Return the result in a json format: [{""entity"":""entity_name""}]. <<The patient was lost to follow up presenting 2 years later and a follow-up CT scan noted marked splenic atrophy with several splenules.>>> <|im_end|><|im_start|>assistant","[{""entity"": ""lost""}, {""entity"": ""follow""}, {""entity"": ""presenting""}, {""entity"": ""scan""}, {""entity"": ""noted""}, {""entity"": ""atrophy""}, {""entity"": ""splenic atrophy""}, {""entity"": ""The patient""}, {""entity"": ""2 years later""}] ","[{""entity"": ""lost""}, {""entity"": ""follow""}, {""entity"": ""scan""}, {""entity"": ""noted""}, {""entity"
The patient was completely asymptomatic and at the time received all the post-splenectomy vaccination and her platelet count remained within normal limits.,"[{'id': '5059', 'offsets': array([27, 39]), 'role': '', 'semantic_type_id': '', 'text': 'asymptomatic', 'type': 'EVENT'}
 {'id': '5074', 'offsets': array([56, 64]), 'role': '', 'semantic_type_id': '', 'text': 'received', 'type': 'EVENT'}
 {'id': '5089', 'offsets': array([ 90, 101]), 'role': '', 'semantic_type_id': '', 'text': 'vaccination', 'type': 'EVENT'}
 {'id': '5104', 'offsets': array([119, 124]), 'role': '', 'semantic_type_id': '', 'text': 'count', 'type': 'EVENT'}
 {'id': '5119', 'offsets': array([148, 154]), 'role': '', 'semantic_type_id': '', 'text': 'limits', 'type': 'EVENT'}
 {'id': '5298', 'offsets': array([110, 118]), 'role': '', 'semantic_type_id': '', 'text': 'platelet', 'type': 'BODYPART'}
 {'id': '5360', 'offsets': array([ 0, 11]), 'role': 'PATIENT', 'semantic_type_id': '', 'text': 'The patient', 'type': 'ACTOR'}
 {'id': '5442', 'offsets': array([73, 89]), 'role': '', 'semantic_type_id': '', 'text': 'post-splenectomy', 'type': 'TIMEX3'}]","A 45 year old female with history of sickle cell disease presented with abdominal pain. A CT scan revealed an exophytic renal mass measuring 2.9cm x 2.0cm x 2.1cm located on the antero-lateral aspect of her right kidney and an unremarkable spleen. She was evaluated by urology and a right partial nephrectomy was planned, however on the day of the procedure, the patient's preoperative pregnancy test was positive. The procedure was post postponed until after she delivered and interval ultrasounds were obtained throughout her pregnancy to monitor the renal mass. The lesion increased minimally in size. Two months after caesarian section delivery, patient underwent an unremarkable right laparoscopic partial nephrectomy with individual artery and vein vascular occlusion at the level of the renal hilum. A superficial liver laceration caused by the Veress needle was noted at the beginning of the procedure and effectively managed using bipolar cautery.
The patient's post-operative course was notable for marked thrombocytosis with her platelet count increasing for her baseline of 300,000 to a zenith of 1.3 million. She was started on aspirin therapy and splenomegaly was noted on abdomen ultrasound. Her platelet count normalized to 334,000. On pathology, the renal mass was classified as a papillary renal neoplasm consistent with a translocation carcinoma. There was no splenic tissue in the specimen. It was noted that the complete lack of staining of any keratins or epithelial membrane antigens was not consistent with a usual renal cell carcinoma and hence the diagnosis of a translocation tumor was made.
The patient was lost to follow up presenting 2 years later and a follow-up CT scan noted marked splenic atrophy with several splenules. The patient was completely asymptomatic and at the time received all the post-splenectomy vaccination and her platelet count remained within normal limits.
",EN100385,"<|im_start|>user Extract the entities contained in the text. Extract only entities contained in the text.
Return the result in a json format: [{""entity"":""entity_name""}]. <<The patient was completely asymptomatic and at the time received all the post-splenectomy vaccination and her platelet count remained within normal limits.>>> <|im_end|><|im_start|>assistant[{""entity"": ""asymptomatic""}, {""entity"": ""received""}, {""entity"": ""vaccination""}, {""entity"": ""count""}, {""entity"": ""limits""}, {""entity"": ""platelet""}, {""entity"": ""The patient""}, {""entity"": ""post-splenectomy""}] <|im_end|>","<|im_start|>user Extract the entities contained in the text. Extract only entities contained in the text.
Return the result in a json format: [{""entity"":""entity_name""}]. <<<We present a case of a 32-year-old woman with a history of gradual enlargement of the anterior neck.>>> <|im_end|><|im_start|>assistant [{""entity"": ""present""}, {""entity"": ""history""}, {""entity"": ""enlargement""}] <|im_end|>
<|im_start|>user Extract the entities contained in the text. Extract only entities contained in the text.
Return the result in a json format: [{""entity"":""entity_name""}]. <<<Patient information: a 9-month-old boy presented to the emergency room with a 3-day history of refusal to bear weight on the right lower extremity and febrile peaks of up to 38.5°C for 24 hours.>>> <|im_end|><|im_start|>assistant [{""entity"": ""presented""}, {""entity"": ""refusal""}, {""entity"": ""bear""}, {""entity"": ""peaks""}] <|im_end|>
<|im_start|>user Extract the entities contained in the text. Extract only entities contained in the text.
Return the result in a json format: [{""entity"":""entity_name""}]. <<The patient was completely asymptomatic and at the time received all the post-splenectomy vaccination and her platelet count remained within normal limits.>>> <|im_end|><|im_start|>assistant","[{""entity"": ""asymptomatic""}, {""entity"": ""received""}, {""entity"": ""vaccination""}, {""entity"": ""count""}, {""entity"": ""limits""}, {""entity"": ""platelet""}, {""entity"": ""The patient""}, {""entity"": ""post-splenectomy""}] ","[{""entity"": ""asymptomatic""}, {""entity"": ""vaccination""}, {""entity"": ""count""}, {""entity"": """
A 65 year-old woman with hypertension and Parkinson's disease presented with sudden onset severe chest pain.,"[{'id': '1510', 'offsets': array([25, 37]), 'role': '', 'semantic_type_id': '', 'text': 'hypertension', 'type': 'EVENT'}
 {'id': '1525', 'offsets': array([54, 61]), 'role': '', 'semantic_type_id': '', 'text': 'disease', 'type': 'EVENT'}
 {'id': '1540', 'offsets': array([62, 71]), 'role': '', 'semantic_type_id': '', 'text': 'presented', 'type': 'EVENT'}
 {'id': '1555', 'offsets': array([103, 107]), 'role': '', 'semantic_type_id': '', 'text': 'pain', 'type': 'EVENT'}
 {'id': '1802', 'offsets': array([42, 61]), 'role': '', 'semantic_type_id': 'C0030567', 'text': ""Parkinson's disease"", 'type': 'CLINENTITY'}
 {'id': '1809', 'offsets': array([ 97, 107]), 'role': '', 'semantic_type_id': 'C0008031', 'text': 'chest pain', 'type': 'CLINENTITY'}
 {'id': '1869', 'offsets': array([ 0, 19]), 'role': 'PATIENT', 'semantic_type_id': '', 'text': 'A 65 year-old woman', 'type': 'ACTOR'}]","A 65 year-old woman with hypertension and Parkinson's disease presented with sudden onset severe chest pain. Electrocardiogram showed ischemic ST-segment elevation in inferior and lateral leads. Urgent cardiac catheterization revealed focal dissections in four small caliber coronary arteries in right and left coronary systems including right posterior decending, posterolateral, obtuse marginal and septal arteries. Angiography demonstrated no significant atherosclerotic coronary artery disease. The patient was medically managed with Eptifibatide, Aspirin, Clopidogrel and beta blocker since dissected vessels were not technically suitable for percutaneous coronary intervention. Antiparkinson medications were held as a potential cause of dissection. She responded well to medical management.
",EN108055,"<|im_start|>user Extract the entities contained in the text. Extract only entities contained in the text.
Return the result in a json format: [{""entity"":""entity_name""}]. <<A 65 year-old woman with hypertension and Parkinson's disease presented with sudden onset severe chest pain.>>> <|im_end|><|im_start|>assistant[{""entity"": ""hypertension""}, {""entity"": ""disease""}, {""entity"": ""presented""}, {""entity"": ""pain""}, {""entity"": ""Parkinson's disease""}, {""entity"": ""chest pain""}, {""entity"": ""A 65 year-old woman""}] <|im_end|>","<|im_start|>user Extract the entities contained in the text. Extract only entities contained in the text.
Return the result in a json format: [{""entity"":""entity_name""}]. <<<We present a case of a 32-year-old woman with a history of gradual enlargement of the anterior neck.>>> <|im_end|><|im_start|>assistant [{""entity"": ""present""}, {""entity"": ""history""}, {""entity"": ""enlargement""}] <|im_end|>
<|im_start|>user Extract the entities contained in the text. Extract only entities contained in the text.
Return the result in a json format: [{""entity"":""entity_name""}]. <<<Patient information: a 9-month-old boy presented to the emergency room with a 3-day history of refusal to bear weight on the right lower extremity and febrile peaks of up to 38.5°C for 24 hours.>>> <|im_end|><|im_start|>assistant [{""entity"": ""presented""}, {""entity"": ""refusal""}, {""entity"": ""bear""}, {""entity"": ""peaks""}] <|im_end|>
<|im_start|>user Extract the entities contained in the text. Extract only entities contained in the text.
Return the result in a json format: [{""entity"":""entity_name""}]. <<A 65 year-old woman with hypertension and Parkinson's disease presented with sudden onset severe chest pain.>>> <|im_end|><|im_start|>assistant","[{""entity"": ""hypertension""}, {""entity"": ""disease""}, {""entity"": ""presented""}, {""entity"": ""pain""}, {""entity"": ""Parkinson's disease""}, {""entity"": ""chest pain""}, {""entity"": ""A 65 year-old woman""}] ","[{""entity"": ""hypertension""}, {""entity"": ""Parkinson's disease""}, {""entity"": ""presented""}, {""entity"":"
Electrocardiogram showed ischemic ST-segment elevation in inferior and lateral leads.,"[{'id': '1570', 'offsets': array([ 0, 17]), 'role': '', 'semantic_type_id': '', 'text': 'Electrocardiogram', 'type': 'EVENT'}
 {'id': '1585', 'offsets': array([18, 24]), 'role': '', 'semantic_type_id': '', 'text': 'showed', 'type': 'EVENT'}
 {'id': '1600', 'offsets': array([45, 54]), 'role': '', 'semantic_type_id': '', 'text': 'elevation', 'type': 'EVENT'}
 {'id': '1816', 'offsets': array([34, 54]), 'role': '', 'semantic_type_id': 'C0520886', 'text': 'ST-segment elevation', 'type': 'CLINENTITY'}
 {'id': '1851', 'offsets': array([58, 84]), 'role': '', 'semantic_type_id': '', 'text': 'inferior and lateral leads', 'type': 'BODYPART'}]","A 65 year-old woman with hypertension and Parkinson's disease presented with sudden onset severe chest pain. Electrocardiogram showed ischemic ST-segment elevation in inferior and lateral leads. Urgent cardiac catheterization revealed focal dissections in four small caliber coronary arteries in right and left coronary systems including right posterior decending, posterolateral, obtuse marginal and septal arteries. Angiography demonstrated no significant atherosclerotic coronary artery disease. The patient was medically managed with Eptifibatide, Aspirin, Clopidogrel and beta blocker since dissected vessels were not technically suitable for percutaneous coronary intervention. Antiparkinson medications were held as a potential cause of dissection. She responded well to medical management.
",EN108055,"<|im_start|>user Extract the entities contained in the text. Extract only entities contained in the text.
Return the result in a json format: [{""entity"":""entity_name""}]. <<Electrocardiogram showed ischemic ST-segment elevation in inferior and lateral leads.>>> <|im_end|><|im_start|>assistant[{""entity"": ""Electrocardiogram""}, {""entity"": ""showed""}, {""entity"": ""elevation""}, {""entity"": ""ST-segment elevation""}, {""entity"": ""inferior and lateral leads""}] <|im_end|>","<|im_start|>user Extract the entities contained in the text. Extract only entities contained in the text.
Return the result in a json format: [{""entity"":""entity_name""}]. <<<We present a case of a 32-year-old woman with a history of gradual enlargement of the anterior neck.>>> <|im_end|><|im_start|>assistant [{""entity"": ""present""}, {""entity"": ""history""}, {""entity"": ""enlargement""}] <|im_end|>
<|im_start|>user Extract the entities contained in the text. Extract only entities contained in the text.
Return the result in a json format: [{""entity"":""entity_name""}]. <<<Patient information: a 9-month-old boy presented to the emergency room with a 3-day history of refusal to bear weight on the right lower extremity and febrile peaks of up to 38.5°C for 24 hours.>>> <|im_end|><|im_start|>assistant [{""entity"": ""presented""}, {""entity"": ""refusal""}, {""entity"": ""bear""}, {""entity"": ""peaks""}] <|im_end|>
<|im_start|>user Extract the entities contained in the text. Extract only entities contained in the text.
Return the result in a json format: [{""entity"":""entity_name""}]. <<Electrocardiogram showed ischemic ST-segment elevation in inferior and lateral leads.>>> <|im_end|><|im_start|>assistant","[{""entity"": ""Electrocardiogram""}, {""entity"": ""showed""}, {""entity"": ""elevation""}, {""entity"": ""ST-segment elevation""}, {""entity"": ""inferior and lateral leads""}] ","[{""entity"": ""Electrocardiogram""}, {""entity"": ""showed""}, {""entity"": ""ischemic ST-segment"
"Urgent cardiac catheterization revealed focal dissections in four small caliber coronary arteries in right and left coronary systems including right posterior decending, posterolateral, obtuse marginal and septal arteries.","[{'id': '1615', 'offsets': array([15, 30]), 'role': '', 'semantic_type_id': '', 'text': 'catheterization', 'type': 'EVENT'}
 {'id': '1630', 'offsets': array([31, 39]), 'role': '', 'semantic_type_id': '', 'text': 'revealed', 'type': 'EVENT'}
 {'id': '1645', 'offsets': array([46, 57]), 'role': '', 'semantic_type_id': '', 'text': 'dissections', 'type': 'EVENT'}
 {'id': '1823', 'offsets': array([40, 57]), 'role': '', 'semantic_type_id': '', 'text': 'focal dissections', 'type': 'CLINENTITY'}
 {'id': '1857', 'offsets': array([ 61, 132]), 'role': '', 'semantic_type_id': '', 'text': 'four small caliber coronary arteries in right and left coronary systems', 'type': 'BODYPART'}
 {'id': '1863', 'offsets': array([143, 221]), 'role': '', 'semantic_type_id': '', 'text': 'right posterior decending, posterolateral, obtuse marginal and septal arteries', 'type': 'BODYPART'}]","A 65 year-old woman with hypertension and Parkinson's disease presented with sudden onset severe chest pain. Electrocardiogram showed ischemic ST-segment elevation in inferior and lateral leads. Urgent cardiac catheterization revealed focal dissections in four small caliber coronary arteries in right and left coronary systems including right posterior decending, posterolateral, obtuse marginal and septal arteries. Angiography demonstrated no significant atherosclerotic coronary artery disease. The patient was medically managed with Eptifibatide, Aspirin, Clopidogrel and beta blocker since dissected vessels were not technically suitable for percutaneous coronary intervention. Antiparkinson medications were held as a potential cause of dissection. She responded well to medical management.
",EN108055,"<|im_start|>user Extract the entities contained in the text. Extract only entities contained in the text.
Return the result in a json format: [{""entity"":""entity_name""}]. <<Urgent cardiac catheterization revealed focal dissections in four small caliber coronary arteries in right and left coronary systems including right posterior decending, posterolateral, obtuse marginal and septal arteries.>>> <|im_end|><|im_start|>assistant[{""entity"": ""catheterization""}, {""entity"": ""revealed""}, {""entity"": ""dissections""}, {""entity"": ""focal dissections""}, {""entity"": ""four small caliber coronary arteries in right and left coronary systems""}, {""entity"": ""right posterior decending, posterolateral, obtuse marginal and septal arteries""}] <|im_end|>","<|im_start|>user Extract the entities contained in the text. Extract only entities contained in the text.
Return the result in a json format: [{""entity"":""entity_name""}]. <<<We present a case of a 32-year-old woman with a history of gradual enlargement of the anterior neck.>>> <|im_end|><|im_start|>assistant [{""entity"": ""present""}, {""entity"": ""history""}, {""entity"": ""enlargement""}] <|im_end|>
<|im_start|>user Extract the entities contained in the text. Extract only entities contained in the text.
Return the result in a json format: [{""entity"":""entity_name""}]. <<<Patient information: a 9-month-old boy presented to the emergency room with a 3-day history of refusal to bear weight on the right lower extremity and febrile peaks of up to 38.5°C for 24 hours.>>> <|im_end|><|im_start|>assistant [{""entity"": ""presented""}, {""entity"": ""refusal""}, {""entity"": ""bear""}, {""entity"": ""peaks""}] <|im_end|>
<|im_start|>user Extract the entities contained in the text. Extract only entities contained in the text.
Return the result in a json format: [{""entity"":""entity_name""}]. <<Urgent cardiac catheterization revealed focal dissections in four small caliber coronary arteries in right and left coronary systems including right posterior decending, posterolateral, obtuse marginal and septal arteries.>>> <|im_end|><|im_start|>assistant","[{""entity"": ""catheterization""}, {""entity"": ""revealed""}, {""entity"": ""dissections""}, {""entity"": ""focal dissections""}, {""entity"": ""four small caliber coronary arteries in right and left coronary systems""}, {""entity"": ""right posterior decending, posterolateral, obtuse marginal and septal arteries""}] ","[{""entity"": ""catheterization""}, {""entity"": ""revealed""}, {""entity"": ""dissections""}, {""entity"": """
"The patient was medically managed with Eptifibatide, Aspirin, Clopidogrel and beta blocker since dissected vessels were not technically suitable for percutaneous coronary intervention.","[{'id': '1705', 'offsets': array([26, 33]), 'role': '', 'semantic_type_id': '', 'text': 'managed', 'type': 'EVENT'}
 {'id': '1837', 'offsets': array([ 97, 114]), 'role': '', 'semantic_type_id': '', 'text': 'dissected vessels', 'type': 'CLINENTITY'}
 {'id': '1876', 'offsets': array([ 0, 11]), 'role': 'PATIENT', 'semantic_type_id': '', 'text': 'The patient', 'type': 'ACTOR'}]","A 65 year-old woman with hypertension and Parkinson's disease presented with sudden onset severe chest pain. Electrocardiogram showed ischemic ST-segment elevation in inferior and lateral leads. Urgent cardiac catheterization revealed focal dissections in four small caliber coronary arteries in right and left coronary systems including right posterior decending, posterolateral, obtuse marginal and septal arteries. Angiography demonstrated no significant atherosclerotic coronary artery disease. The patient was medically managed with Eptifibatide, Aspirin, Clopidogrel and beta blocker since dissected vessels were not technically suitable for percutaneous coronary intervention. Antiparkinson medications were held as a potential cause of dissection. She responded well to medical management.
",EN108055,"<|im_start|>user Extract the entities contained in the text. Extract only entities contained in the text.
Return the result in a json format: [{""entity"":""entity_name""}]. <<The patient was medically managed with Eptifibatide, Aspirin, Clopidogrel and beta blocker since dissected vessels were not technically suitable for percutaneous coronary intervention.>>> <|im_end|><|im_start|>assistant[{""entity"": ""managed""}, {""entity"": ""dissected vessels""}, {""entity"": ""The patient""}] <|im_end|>","<|im_start|>user Extract the entities contained in the text. Extract only entities contained in the text.
Return the result in a json format: [{""entity"":""entity_name""}]. <<<We present a case of a 32-year-old woman with a history of gradual enlargement of the anterior neck.>>> <|im_end|><|im_start|>assistant [{""entity"": ""present""}, {""entity"": ""history""}, {""entity"": ""enlargement""}] <|im_end|>
<|im_start|>user Extract the entities contained in the text. Extract only entities contained in the text.
Return the result in a json format: [{""entity"":""entity_name""}]. <<<Patient information: a 9-month-old boy presented to the emergency room with a 3-day history of refusal to bear weight on the right lower extremity and febrile peaks of up to 38.5°C for 24 hours.>>> <|im_end|><|im_start|>assistant [{""entity"": ""presented""}, {""entity"": ""refusal""}, {""entity"": ""bear""}, {""entity"": ""peaks""}] <|im_end|>
<|im_start|>user Extract the entities contained in the text. Extract only entities contained in the text.
Return the result in a json format: [{""entity"":""entity_name""}]. <<The patient was medically managed with Eptifibatide, Aspirin, Clopidogrel and beta blocker since dissected vessels were not technically suitable for percutaneous coronary intervention.>>> <|im_end|><|im_start|>assistant","[{""entity"": ""managed""}, {""entity"": ""dissected vessels""}, {""entity"": ""The patient""}] ","[{""entity"": ""managed""}, {""entity"": ""Eptifibatide""}, {""entity"": ""Aspirin""}, {""entity"
Antiparkinson medications were held as a potential cause of dissection.,"[{'id': '1720', 'offsets': array([14, 25]), 'role': '', 'semantic_type_id': '', 'text': 'medications', 'type': 'EVENT'}
 {'id': '1735', 'offsets': array([31, 35]), 'role': '', 'semantic_type_id': '', 'text': 'held', 'type': 'EVENT'}
 {'id': '1750', 'offsets': array([60, 70]), 'role': '', 'semantic_type_id': '', 'text': 'dissection', 'type': 'EVENT'}
 {'id': '1844', 'offsets': array([60, 70]), 'role': '', 'semantic_type_id': '', 'text': 'dissection', 'type': 'CLINENTITY'}]","A 65 year-old woman with hypertension and Parkinson's disease presented with sudden onset severe chest pain. Electrocardiogram showed ischemic ST-segment elevation in inferior and lateral leads. Urgent cardiac catheterization revealed focal dissections in four small caliber coronary arteries in right and left coronary systems including right posterior decending, posterolateral, obtuse marginal and septal arteries. Angiography demonstrated no significant atherosclerotic coronary artery disease. The patient was medically managed with Eptifibatide, Aspirin, Clopidogrel and beta blocker since dissected vessels were not technically suitable for percutaneous coronary intervention. Antiparkinson medications were held as a potential cause of dissection. She responded well to medical management.
",EN108055,"<|im_start|>user Extract the entities contained in the text. Extract only entities contained in the text.
Return the result in a json format: [{""entity"":""entity_name""}]. <<Antiparkinson medications were held as a potential cause of dissection.>>> <|im_end|><|im_start|>assistant[{""entity"": ""medications""}, {""entity"": ""held""}, {""entity"": ""dissection""}, {""entity"": ""dissection""}] <|im_end|>","<|im_start|>user Extract the entities contained in the text. Extract only entities contained in the text.
Return the result in a json format: [{""entity"":""entity_name""}]. <<<We present a case of a 32-year-old woman with a history of gradual enlargement of the anterior neck.>>> <|im_end|><|im_start|>assistant [{""entity"": ""present""}, {""entity"": ""history""}, {""entity"": ""enlargement""}] <|im_end|>
<|im_start|>user Extract the entities contained in the text. Extract only entities contained in the text.
Return the result in a json format: [{""entity"":""entity_name""}]. <<<Patient information: a 9-month-old boy presented to the emergency room with a 3-day history of refusal to bear weight on the right lower extremity and febrile peaks of up to 38.5°C for 24 hours.>>> <|im_end|><|im_start|>assistant [{""entity"": ""presented""}, {""entity"": ""refusal""}, {""entity"": ""bear""}, {""entity"": ""peaks""}] <|im_end|>
<|im_start|>user Extract the entities contained in the text. Extract only entities contained in the text.
Return the result in a json format: [{""entity"":""entity_name""}]. <<Antiparkinson medications were held as a potential cause of dissection.>>> <|im_end|><|im_start|>assistant","[{""entity"": ""medications""}, {""entity"": ""held""}, {""entity"": ""dissection""}, {""entity"": ""dissection""}] ","[{""entity"": ""held""}, {""entity"": ""dissection""}, {""entity"": ""Antiparkinson medications""}] <|im_end|><|im_end|>"
A 20-year-old right-handed female factory worker with no medical history is consulting in the emergency ward with an open trauma of the left hand resulting from an occupational accident.,"[{'id': '3238', 'offsets': array([65, 72]), 'role': '', 'semantic_type_id': '', 'text': 'history', 'type': 'EVENT'}
 {'id': '3253', 'offsets': array([76, 86]), 'role': '', 'semantic_type_id': '', 'text': 'consulting', 'type': 'EVENT'}
 {'id': '3268', 'offsets': array([122, 128]), 'role': '', 'semantic_type_id': '', 'text': 'trauma', 'type': 'EVENT'}
 {'id': '3745', 'offsets': array([136, 145]), 'role': '', 'semantic_type_id': '', 'text': 'left hand', 'type': 'BODYPART'}
 {'id': '3805', 'offsets': array([ 0, 33]), 'role': 'PATIENT', 'semantic_type_id': '', 'text': 'A 20-year-old right-handed female', 'type': 'ACTOR'}]","A 20-year-old right-handed female factory worker with no medical history is consulting in the emergency ward with an open trauma of the left hand resulting from an occupational accident. Her hand was crushed under a heavy object. Physical examination found an important swelling and obvious distortion at the dorsum of the hand associated with wounds of the ulnar and radial edges of the left hand. The neurovascular examination was normal; in particular no sensitive deficit in the median nerve area was noted. Plain radiographs with front and lateral views showed a dislocation of the three lesser fingers associated with fractures of the hamatum and the second metacarpal. The three lesser metacarpals and the distal fragment of the hamatum were medially displaced. The patient was immediately brought to the operating theatre. The treatment consisted of a reduction and stabilisation using a multiple carpo-metacarpal and cross inter-metacarpal pinning. The wound was cleaned up trimmed and sutured. The had and the wrist were immobilized with a splint for six weeks. The patient had an intense and regular rehabilitation program. At one year follow-up, the outcome is good: the patient is painless with good bone consolidation in right position, strictly normal range of motion (metacarpophalangeal 90°, proximal interphalagienne 100° and distal interphalageal 90°) and a 80% grip strength compared to the right side.
",EN100345,"<|im_start|>user Extract the entities contained in the text. Extract only entities contained in the text.
Return the result in a json format: [{""entity"":""entity_name""}]. <<A 20-year-old right-handed female factory worker with no medical history is consulting in the emergency ward with an open trauma of the left hand resulting from an occupational accident.>>> <|im_end|><|im_start|>assistant[{""entity"": ""history""}, {""entity"": ""consulting""}, {""entity"": ""trauma""}, {""entity"": ""left hand""}, {""entity"": ""A 20-year-old right-handed female""}] <|im_end|>","<|im_start|>user Extract the entities contained in the text. Extract only entities contained in the text.
Return the result in a json format: [{""entity"":""entity_name""}]. <<<We present a case of a 32-year-old woman with a history of gradual enlargement of the anterior neck.>>> <|im_end|><|im_start|>assistant [{""entity"": ""present""}, {""entity"": ""history""}, {""entity"": ""enlargement""}] <|im_end|>
<|im_start|>user Extract the entities contained in the text. Extract only entities contained in the text.
Return the result in a json format: [{""entity"":""entity_name""}]. <<<Patient information: a 9-month-old boy presented to the emergency room with a 3-day history of refusal to bear weight on the right lower extremity and febrile peaks of up to 38.5°C for 24 hours.>>> <|im_end|><|im_start|>assistant [{""entity"": ""presented""}, {""entity"": ""refusal""}, {""entity"": ""bear""}, {""entity"": ""peaks""}] <|im_end|>
<|im_start|>user Extract the entities contained in the text. Extract only entities contained in the text.
Return the result in a json format: [{""entity"":""entity_name""}]. <<A 20-year-old right-handed female factory worker with no medical history is consulting in the emergency ward with an open trauma of the left hand resulting from an occupational accident.>>> <|im_end|><|im_start|>assistant","[{""entity"": ""history""}, {""entity"": ""consulting""}, {""entity"": ""trauma""}, {""entity"": ""left hand""}, {""entity"": ""A 20-year-old right-handed female""}] ","[{""entity"": ""history""}, {""entity"": ""consulting""}, {""entity"": ""trauma""}, {""entity"": ""resulting""},"
Her hand was crushed under a heavy object.,"[{'id': '3283', 'offsets': array([13, 20]), 'role': '', 'semantic_type_id': '', 'text': 'crushed', 'type': 'EVENT'}
 {'id': '3751', 'offsets': array([4, 8]), 'role': '', 'semantic_type_id': '', 'text': 'hand', 'type': 'BODYPART'}]","A 20-year-old right-handed female factory worker with no medical history is consulting in the emergency ward with an open trauma of the left hand resulting from an occupational accident. Her hand was crushed under a heavy object. Physical examination found an important swelling and obvious distortion at the dorsum of the hand associated with wounds of the ulnar and radial edges of the left hand. The neurovascular examination was normal; in particular no sensitive deficit in the median nerve area was noted. Plain radiographs with front and lateral views showed a dislocation of the three lesser fingers associated with fractures of the hamatum and the second metacarpal. The three lesser metacarpals and the distal fragment of the hamatum were medially displaced. The patient was immediately brought to the operating theatre. The treatment consisted of a reduction and stabilisation using a multiple carpo-metacarpal and cross inter-metacarpal pinning. The wound was cleaned up trimmed and sutured. The had and the wrist were immobilized with a splint for six weeks. The patient had an intense and regular rehabilitation program. At one year follow-up, the outcome is good: the patient is painless with good bone consolidation in right position, strictly normal range of motion (metacarpophalangeal 90°, proximal interphalagienne 100° and distal interphalageal 90°) and a 80% grip strength compared to the right side.
",EN100345,"<|im_start|>user Extract the entities contained in the text. Extract only entities contained in the text.
Return the result in a json format: [{""entity"":""entity_name""}]. <<Her hand was crushed under a heavy object.>>> <|im_end|><|im_start|>assistant[{""entity"": ""crushed""}, {""entity"": ""hand""}] <|im_end|>","<|im_start|>user Extract the entities contained in the text. Extract only entities contained in the text.
Return the result in a json format: [{""entity"":""entity_name""}]. <<<We present a case of a 32-year-old woman with a history of gradual enlargement of the anterior neck.>>> <|im_end|><|im_start|>assistant [{""entity"": ""present""}, {""entity"": ""history""}, {""entity"": ""enlargement""}] <|im_end|>
<|im_start|>user Extract the entities contained in the text. Extract only entities contained in the text.
Return the result in a json format: [{""entity"":""entity_name""}]. <<<Patient information: a 9-month-old boy presented to the emergency room with a 3-day history of refusal to bear weight on the right lower extremity and febrile peaks of up to 38.5°C for 24 hours.>>> <|im_end|><|im_start|>assistant [{""entity"": ""presented""}, {""entity"": ""refusal""}, {""entity"": ""bear""}, {""entity"": ""peaks""}] <|im_end|>
<|im_start|>user Extract the entities contained in the text. Extract only entities contained in the text.
Return the result in a json format: [{""entity"":""entity_name""}]. <<Her hand was crushed under a heavy object.>>> <|im_end|><|im_start|>assistant","[{""entity"": ""crushed""}, {""entity"": ""hand""}] ","[{""entity"": ""crushed""}, {""entity"": ""hand""}] <|im_end|><|im_end|><|im_end|><|im_end|><|im_end|><|im_end|><|im_end|><|im_end|><|im_end|><|im_end|><|im_end|><|im_end|>"
Physical examination found an important swelling and obvious distortion at the dorsum of the hand associated with wounds of the ulnar and radial edges of the left hand.,"[{'id': '3298', 'offsets': array([ 9, 20]), 'role': '', 'semantic_type_id': '', 'text': 'examination', 'type': 'EVENT'}
 {'id': '3313', 'offsets': array([21, 26]), 'role': '', 'semantic_type_id': '', 'text': 'found', 'type': 'EVENT'}
 {'id': '3328', 'offsets': array([40, 48]), 'role': '', 'semantic_type_id': '', 'text': 'swelling', 'type': 'EVENT'}
 {'id': '3343', 'offsets': array([61, 71]), 'role': '', 'semantic_type_id': '', 'text': 'distortion', 'type': 'EVENT'}
 {'id': '3703', 'offsets': array([40, 48]), 'role': '', 'semantic_type_id': 'C0038999', 'text': 'swelling', 'type': 'CLINENTITY'}
 {'id': '3710', 'offsets': array([61, 97]), 'role': '', 'semantic_type_id': '', 'text': 'distortion at the dorsum of the hand', 'type': 'CLINENTITY'}
 {'id': '3717', 'offsets': array([114, 167]), 'role': '', 'semantic_type_id': '', 'text': 'wounds of the ulnar and radial edges of the left hand', 'type': 'CLINENTITY'}
 {'id': '3757', 'offsets': array([79, 97]), 'role': '', 'semantic_type_id': '', 'text': 'dorsum of the hand', 'type': 'BODYPART'}
 {'id': '3763', 'offsets': array([128, 167]), 'role': '', 'semantic_type_id': '', 'text': 'ulnar and radial edges of the left hand', 'type': 'BODYPART'}]","A 20-year-old right-handed female factory worker with no medical history is consulting in the emergency ward with an open trauma of the left hand resulting from an occupational accident. Her hand was crushed under a heavy object. Physical examination found an important swelling and obvious distortion at the dorsum of the hand associated with wounds of the ulnar and radial edges of the left hand. The neurovascular examination was normal; in particular no sensitive deficit in the median nerve area was noted. Plain radiographs with front and lateral views showed a dislocation of the three lesser fingers associated with fractures of the hamatum and the second metacarpal. The three lesser metacarpals and the distal fragment of the hamatum were medially displaced. The patient was immediately brought to the operating theatre. The treatment consisted of a reduction and stabilisation using a multiple carpo-metacarpal and cross inter-metacarpal pinning. The wound was cleaned up trimmed and sutured. The had and the wrist were immobilized with a splint for six weeks. The patient had an intense and regular rehabilitation program. At one year follow-up, the outcome is good: the patient is painless with good bone consolidation in right position, strictly normal range of motion (metacarpophalangeal 90°, proximal interphalagienne 100° and distal interphalageal 90°) and a 80% grip strength compared to the right side.
",EN100345,"<|im_start|>user Extract the entities contained in the text. Extract only entities contained in the text.
Return the result in a json format: [{""entity"":""entity_name""}]. <<Physical examination found an important swelling and obvious distortion at the dorsum of the hand associated with wounds of the ulnar and radial edges of the left hand.>>> <|im_end|><|im_start|>assistant[{""entity"": ""examination""}, {""entity"": ""found""}, {""entity"": ""swelling""}, {""entity"": ""distortion""}, {""entity"": ""swelling""}, {""entity"": ""distortion at the dorsum of the hand""}, {""entity"": ""wounds of the ulnar and radial edges of the left hand""}, {""entity"": ""dorsum of the hand""}, {""entity"": ""ulnar and radial edges of the left hand""}] <|im_end|>","<|im_start|>user Extract the entities contained in the text. Extract only entities contained in the text.
Return the result in a json format: [{""entity"":""entity_name""}]. <<<We present a case of a 32-year-old woman with a history of gradual enlargement of the anterior neck.>>> <|im_end|><|im_start|>assistant [{""entity"": ""present""}, {""entity"": ""history""}, {""entity"": ""enlargement""}] <|im_end|>
<|im_start|>user Extract the entities contained in the text. Extract only entities contained in the text.
Return the result in a json format: [{""entity"":""entity_name""}]. <<<Patient information: a 9-month-old boy presented to the emergency room with a 3-day history of refusal to bear weight on the right lower extremity and febrile peaks of up to 38.5°C for 24 hours.>>> <|im_end|><|im_start|>assistant [{""entity"": ""presented""}, {""entity"": ""refusal""}, {""entity"": ""bear""}, {""entity"": ""peaks""}] <|im_end|>
<|im_start|>user Extract the entities contained in the text. Extract only entities contained in the text.
Return the result in a json format: [{""entity"":""entity_name""}]. <<Physical examination found an important swelling and obvious distortion at the dorsum of the hand associated with wounds of the ulnar and radial edges of the left hand.>>> <|im_end|><|im_start|>assistant","[{""entity"": ""examination""}, {""entity"": ""found""}, {""entity"": ""swelling""}, {""entity"": ""distortion""}, {""entity"": ""swelling""}, {""entity"": ""distortion at the dorsum of the hand""}, {""entity"": ""wounds of the ulnar and radial edges of the left hand""}, {""entity"": ""dorsum of the hand""}, {""entity"": ""ulnar and radial edges of the left hand""}] ","[{""entity"": ""examination""}, {""entity"": ""found""}, {""entity"": ""swelling""}, {""entity"": ""distortion""},"
The neurovascular examination was normal; in particular no sensitive deficit in the median nerve area was noted.,"[{'id': '3358', 'offsets': array([18, 29]), 'role': '', 'semantic_type_id': '', 'text': 'examination', 'type': 'EVENT'}
 {'id': '3373', 'offsets': array([106, 111]), 'role': '', 'semantic_type_id': '', 'text': 'noted', 'type': 'EVENT'}]","A 20-year-old right-handed female factory worker with no medical history is consulting in the emergency ward with an open trauma of the left hand resulting from an occupational accident. Her hand was crushed under a heavy object. Physical examination found an important swelling and obvious distortion at the dorsum of the hand associated with wounds of the ulnar and radial edges of the left hand. The neurovascular examination was normal; in particular no sensitive deficit in the median nerve area was noted. Plain radiographs with front and lateral views showed a dislocation of the three lesser fingers associated with fractures of the hamatum and the second metacarpal. The three lesser metacarpals and the distal fragment of the hamatum were medially displaced. The patient was immediately brought to the operating theatre. The treatment consisted of a reduction and stabilisation using a multiple carpo-metacarpal and cross inter-metacarpal pinning. The wound was cleaned up trimmed and sutured. The had and the wrist were immobilized with a splint for six weeks. The patient had an intense and regular rehabilitation program. At one year follow-up, the outcome is good: the patient is painless with good bone consolidation in right position, strictly normal range of motion (metacarpophalangeal 90°, proximal interphalagienne 100° and distal interphalageal 90°) and a 80% grip strength compared to the right side.
",EN100345,"<|im_start|>user Extract the entities contained in the text. Extract only entities contained in the text.
Return the result in a json format: [{""entity"":""entity_name""}]. <<The neurovascular examination was normal; in particular no sensitive deficit in the median nerve area was noted.>>> <|im_end|><|im_start|>assistant[{""entity"": ""examination""}, {""entity"": ""noted""}] <|im_end|>","<|im_start|>user Extract the entities contained in the text. Extract only entities contained in the text.
Return the result in a json format: [{""entity"":""entity_name""}]. <<<We present a case of a 32-year-old woman with a history of gradual enlargement of the anterior neck.>>> <|im_end|><|im_start|>assistant [{""entity"": ""present""}, {""entity"": ""history""}, {""entity"": ""enlargement""}] <|im_end|>
<|im_start|>user Extract the entities contained in the text. Extract only entities contained in the text.
Return the result in a json format: [{""entity"":""entity_name""}]. <<<Patient information: a 9-month-old boy presented to the emergency room with a 3-day history of refusal to bear weight on the right lower extremity and febrile peaks of up to 38.5°C for 24 hours.>>> <|im_end|><|im_start|>assistant [{""entity"": ""presented""}, {""entity"": ""refusal""}, {""entity"": ""bear""}, {""entity"": ""peaks""}] <|im_end|>
<|im_start|>user Extract the entities contained in the text. Extract only entities contained in the text.
Return the result in a json format: [{""entity"":""entity_name""}]. <<The neurovascular examination was normal; in particular no sensitive deficit in the median nerve area was noted.>>> <|im_end|><|im_start|>assistant","[{""entity"": ""examination""}, {""entity"": ""noted""}] ","[{""entity"": ""examination""}, {""entity"": ""normal""}, {""entity"": ""deficit""}, {""entity"": ""noted""},"
Plain radiographs with front and lateral views showed a dislocation of the three lesser fingers associated with fractures of the hamatum and the second metacarpal.,"[{'id': '3388', 'offsets': array([ 6, 17]), 'role': '', 'semantic_type_id': '', 'text': 'radiographs', 'type': 'EVENT'}
 {'id': '3403', 'offsets': array([47, 53]), 'role': '', 'semantic_type_id': '', 'text': 'showed', 'type': 'EVENT'}
 {'id': '3418', 'offsets': array([112, 121]), 'role': '', 'semantic_type_id': '', 'text': 'fractures', 'type': 'EVENT'}
 {'id': '3724', 'offsets': array([56, 95]), 'role': '', 'semantic_type_id': 'C0159956', 'text': 'dislocation of the three lesser fingers', 'type': 'CLINENTITY'}
 {'id': '3731', 'offsets': array([112, 162]), 'role': '', 'semantic_type_id': 'C3511278', 'text': 'fractures of the hamatum and the second metacarpal', 'type': 'CLINENTITY'}
 {'id': '3738', 'offsets': array([112, 136]), 'role': '', 'semantic_type_id': 'C0559425', 'text': 'fractures of the hamatum', 'type': 'CLINENTITY'}
 {'id': '3769', 'offsets': array([75, 95]), 'role': '', 'semantic_type_id': '', 'text': 'three lesser fingers', 'type': 'BODYPART'}
 {'id': '3775', 'offsets': array([129, 136]), 'role': '', 'semantic_type_id': '', 'text': 'hamatum', 'type': 'BODYPART'}
 {'id': '3781', 'offsets': array([145, 162]), 'role': '', 'semantic_type_id': '', 'text': 'second metacarpal', 'type': 'BODYPART'}]","A 20-year-old right-handed female factory worker with no medical history is consulting in the emergency ward with an open trauma of the left hand resulting from an occupational accident. Her hand was crushed under a heavy object. Physical examination found an important swelling and obvious distortion at the dorsum of the hand associated with wounds of the ulnar and radial edges of the left hand. The neurovascular examination was normal; in particular no sensitive deficit in the median nerve area was noted. Plain radiographs with front and lateral views showed a dislocation of the three lesser fingers associated with fractures of the hamatum and the second metacarpal. The three lesser metacarpals and the distal fragment of the hamatum were medially displaced. The patient was immediately brought to the operating theatre. The treatment consisted of a reduction and stabilisation using a multiple carpo-metacarpal and cross inter-metacarpal pinning. The wound was cleaned up trimmed and sutured. The had and the wrist were immobilized with a splint for six weeks. The patient had an intense and regular rehabilitation program. At one year follow-up, the outcome is good: the patient is painless with good bone consolidation in right position, strictly normal range of motion (metacarpophalangeal 90°, proximal interphalagienne 100° and distal interphalageal 90°) and a 80% grip strength compared to the right side.
",EN100345,"<|im_start|>user Extract the entities contained in the text. Extract only entities contained in the text.
Return the result in a json format: [{""entity"":""entity_name""}]. <<Plain radiographs with front and lateral views showed a dislocation of the three lesser fingers associated with fractures of the hamatum and the second metacarpal.>>> <|im_end|><|im_start|>assistant[{""entity"": ""radiographs""}, {""entity"": ""showed""}, {""entity"": ""fractures""}, {""entity"": ""dislocation of the three lesser fingers""}, {""entity"": ""fractures of the hamatum and the second metacarpal""}, {""entity"": ""fractures of the hamatum""}, {""entity"": ""three lesser fingers""}, {""entity"": ""hamatum""}, {""entity"": ""second metacarpal""}] <|im_end|>","<|im_start|>user Extract the entities contained in the text. Extract only entities contained in the text.
Return the result in a json format: [{""entity"":""entity_name""}]. <<<We present a case of a 32-year-old woman with a history of gradual enlargement of the anterior neck.>>> <|im_end|><|im_start|>assistant [{""entity"": ""present""}, {""entity"": ""history""}, {""entity"": ""enlargement""}] <|im_end|>
<|im_start|>user Extract the entities contained in the text. Extract only entities contained in the text.
Return the result in a json format: [{""entity"":""entity_name""}]. <<<Patient information: a 9-month-old boy presented to the emergency room with a 3-day history of refusal to bear weight on the right lower extremity and febrile peaks of up to 38.5°C for 24 hours.>>> <|im_end|><|im_start|>assistant [{""entity"": ""presented""}, {""entity"": ""refusal""}, {""entity"": ""bear""}, {""entity"": ""peaks""}] <|im_end|>
<|im_start|>user Extract the entities contained in the text. Extract only entities contained in the text.
Return the result in a json format: [{""entity"":""entity_name""}]. <<Plain radiographs with front and lateral views showed a dislocation of the three lesser fingers associated with fractures of the hamatum and the second metacarpal.>>> <|im_end|><|im_start|>assistant","[{""entity"": ""radiographs""}, {""entity"": ""showed""}, {""entity"": ""fractures""}, {""entity"": ""dislocation of the three lesser fingers""}, {""entity"": ""fractures of the hamatum and the second metacarpal""}, {""entity"": ""fractures of the hamatum""}, {""entity"": ""three lesser fingers""}, {""entity"": ""hamatum""}, {""entity"": ""second metacarpal""}] ","[{""entity"": ""radiographs""}, {""entity"": ""showed""}, {""entity"": ""dislocation""}, {""entity"": ""fract"
The patient was immediately brought to the operating theatre.,"[{'id': '3448', 'offsets': array([53, 60]), 'role': '', 'semantic_type_id': '', 'text': 'theatre', 'type': 'EVENT'}
 {'id': '3812', 'offsets': array([ 4, 11]), 'role': 'PATIENT', 'semantic_type_id': '', 'text': 'patient', 'type': 'ACTOR'}]","A 20-year-old right-handed female factory worker with no medical history is consulting in the emergency ward with an open trauma of the left hand resulting from an occupational accident. Her hand was crushed under a heavy object. Physical examination found an important swelling and obvious distortion at the dorsum of the hand associated with wounds of the ulnar and radial edges of the left hand. The neurovascular examination was normal; in particular no sensitive deficit in the median nerve area was noted. Plain radiographs with front and lateral views showed a dislocation of the three lesser fingers associated with fractures of the hamatum and the second metacarpal. The three lesser metacarpals and the distal fragment of the hamatum were medially displaced. The patient was immediately brought to the operating theatre. The treatment consisted of a reduction and stabilisation using a multiple carpo-metacarpal and cross inter-metacarpal pinning. The wound was cleaned up trimmed and sutured. The had and the wrist were immobilized with a splint for six weeks. The patient had an intense and regular rehabilitation program. At one year follow-up, the outcome is good: the patient is painless with good bone consolidation in right position, strictly normal range of motion (metacarpophalangeal 90°, proximal interphalagienne 100° and distal interphalageal 90°) and a 80% grip strength compared to the right side.
",EN100345,"<|im_start|>user Extract the entities contained in the text. Extract only entities contained in the text.
Return the result in a json format: [{""entity"":""entity_name""}]. <<The patient was immediately brought to the operating theatre.>>> <|im_end|><|im_start|>assistant[{""entity"": ""theatre""}, {""entity"": ""patient""}] <|im_end|>","<|im_start|>user Extract the entities contained in the text. Extract only entities contained in the text.
Return the result in a json format: [{""entity"":""entity_name""}]. <<<We present a case of a 32-year-old woman with a history of gradual enlargement of the anterior neck.>>> <|im_end|><|im_start|>assistant [{""entity"": ""present""}, {""entity"": ""history""}, {""entity"": ""enlargement""}] <|im_end|>
<|im_start|>user Extract the entities contained in the text. Extract only entities contained in the text.
Return the result in a json format: [{""entity"":""entity_name""}]. <<<Patient information: a 9-month-old boy presented to the emergency room with a 3-day history of refusal to bear weight on the right lower extremity and febrile peaks of up to 38.5°C for 24 hours.>>> <|im_end|><|im_start|>assistant [{""entity"": ""presented""}, {""entity"": ""refusal""}, {""entity"": ""bear""}, {""entity"": ""peaks""}] <|im_end|>
<|im_start|>user Extract the entities contained in the text. Extract only entities contained in the text.
Return the result in a json format: [{""entity"":""entity_name""}]. <<The patient was immediately brought to the operating theatre.>>> <|im_end|><|im_start|>assistant","[{""entity"": ""theatre""}, {""entity"": ""patient""}] ","[{""entity"": ""brought""}, {""entity"": ""The patient""}] <|im_end|><|im_end|><|im_end|><|im_end|><|im_end|><|im_end|><|im_end|><|im_end|><|im_end|><|im_end|><|im_end|>"
The treatment consisted of a reduction and stabilisation using a multiple carpo-metacarpal and cross inter-metacarpal pinning.,"[{'id': '3463', 'offsets': array([ 4, 13]), 'role': '', 'semantic_type_id': '', 'text': 'treatment', 'type': 'EVENT'}
 {'id': '3478', 'offsets': array([29, 38]), 'role': '', 'semantic_type_id': '', 'text': 'reduction', 'type': 'EVENT'}
 {'id': '3493', 'offsets': array([43, 56]), 'role': '', 'semantic_type_id': '', 'text': 'stabilisation', 'type': 'EVENT'}]","A 20-year-old right-handed female factory worker with no medical history is consulting in the emergency ward with an open trauma of the left hand resulting from an occupational accident. Her hand was crushed under a heavy object. Physical examination found an important swelling and obvious distortion at the dorsum of the hand associated with wounds of the ulnar and radial edges of the left hand. The neurovascular examination was normal; in particular no sensitive deficit in the median nerve area was noted. Plain radiographs with front and lateral views showed a dislocation of the three lesser fingers associated with fractures of the hamatum and the second metacarpal. The three lesser metacarpals and the distal fragment of the hamatum were medially displaced. The patient was immediately brought to the operating theatre. The treatment consisted of a reduction and stabilisation using a multiple carpo-metacarpal and cross inter-metacarpal pinning. The wound was cleaned up trimmed and sutured. The had and the wrist were immobilized with a splint for six weeks. The patient had an intense and regular rehabilitation program. At one year follow-up, the outcome is good: the patient is painless with good bone consolidation in right position, strictly normal range of motion (metacarpophalangeal 90°, proximal interphalagienne 100° and distal interphalageal 90°) and a 80% grip strength compared to the right side.
",EN100345,"<|im_start|>user Extract the entities contained in the text. Extract only entities contained in the text.
Return the result in a json format: [{""entity"":""entity_name""}]. <<The treatment consisted of a reduction and stabilisation using a multiple carpo-metacarpal and cross inter-metacarpal pinning.>>> <|im_end|><|im_start|>assistant[{""entity"": ""treatment""}, {""entity"": ""reduction""}, {""entity"": ""stabilisation""}] <|im_end|>","<|im_start|>user Extract the entities contained in the text. Extract only entities contained in the text.
Return the result in a json format: [{""entity"":""entity_name""}]. <<<We present a case of a 32-year-old woman with a history of gradual enlargement of the anterior neck.>>> <|im_end|><|im_start|>assistant [{""entity"": ""present""}, {""entity"": ""history""}, {""entity"": ""enlargement""}] <|im_end|>
<|im_start|>user Extract the entities contained in the text. Extract only entities contained in the text.
Return the result in a json format: [{""entity"":""entity_name""}]. <<<Patient information: a 9-month-old boy presented to the emergency room with a 3-day history of refusal to bear weight on the right lower extremity and febrile peaks of up to 38.5°C for 24 hours.>>> <|im_end|><|im_start|>assistant [{""entity"": ""presented""}, {""entity"": ""refusal""}, {""entity"": ""bear""}, {""entity"": ""peaks""}] <|im_end|>
<|im_start|>user Extract the entities contained in the text. Extract only entities contained in the text.
Return the result in a json format: [{""entity"":""entity_name""}]. <<The treatment consisted of a reduction and stabilisation using a multiple carpo-metacarpal and cross inter-metacarpal pinning.>>> <|im_end|><|im_start|>assistant","[{""entity"": ""treatment""}, {""entity"": ""reduction""}, {""entity"": ""stabilisation""}] ","[{""entity"": ""treatment""}, {""entity"": ""consisted""}, {""entity"": ""reduction""}, {""entity"": ""stabil"
The wound was cleaned up trimmed and sutured.,"[{'id': '3508', 'offsets': array([14, 24]), 'role': '', 'semantic_type_id': '', 'text': 'cleaned up', 'type': 'EVENT'}
 {'id': '3523', 'offsets': array([25, 32]), 'role': '', 'semantic_type_id': '', 'text': 'trimmed', 'type': 'EVENT'}
 {'id': '3538', 'offsets': array([37, 44]), 'role': '', 'semantic_type_id': '', 'text': 'sutured', 'type': 'EVENT'}]","A 20-year-old right-handed female factory worker with no medical history is consulting in the emergency ward with an open trauma of the left hand resulting from an occupational accident. Her hand was crushed under a heavy object. Physical examination found an important swelling and obvious distortion at the dorsum of the hand associated with wounds of the ulnar and radial edges of the left hand. The neurovascular examination was normal; in particular no sensitive deficit in the median nerve area was noted. Plain radiographs with front and lateral views showed a dislocation of the three lesser fingers associated with fractures of the hamatum and the second metacarpal. The three lesser metacarpals and the distal fragment of the hamatum were medially displaced. The patient was immediately brought to the operating theatre. The treatment consisted of a reduction and stabilisation using a multiple carpo-metacarpal and cross inter-metacarpal pinning. The wound was cleaned up trimmed and sutured. The had and the wrist were immobilized with a splint for six weeks. The patient had an intense and regular rehabilitation program. At one year follow-up, the outcome is good: the patient is painless with good bone consolidation in right position, strictly normal range of motion (metacarpophalangeal 90°, proximal interphalagienne 100° and distal interphalageal 90°) and a 80% grip strength compared to the right side.
",EN100345,"<|im_start|>user Extract the entities contained in the text. Extract only entities contained in the text.
Return the result in a json format: [{""entity"":""entity_name""}]. <<The wound was cleaned up trimmed and sutured.>>> <|im_end|><|im_start|>assistant[{""entity"": ""cleaned up""}, {""entity"": ""trimmed""}, {""entity"": ""sutured""}] <|im_end|>","<|im_start|>user Extract the entities contained in the text. Extract only entities contained in the text.
Return the result in a json format: [{""entity"":""entity_name""}]. <<<We present a case of a 32-year-old woman with a history of gradual enlargement of the anterior neck.>>> <|im_end|><|im_start|>assistant [{""entity"": ""present""}, {""entity"": ""history""}, {""entity"": ""enlargement""}] <|im_end|>
<|im_start|>user Extract the entities contained in the text. Extract only entities contained in the text.
Return the result in a json format: [{""entity"":""entity_name""}]. <<<Patient information: a 9-month-old boy presented to the emergency room with a 3-day history of refusal to bear weight on the right lower extremity and febrile peaks of up to 38.5°C for 24 hours.>>> <|im_end|><|im_start|>assistant [{""entity"": ""presented""}, {""entity"": ""refusal""}, {""entity"": ""bear""}, {""entity"": ""peaks""}] <|im_end|>
<|im_start|>user Extract the entities contained in the text. Extract only entities contained in the text.
Return the result in a json format: [{""entity"":""entity_name""}]. <<The wound was cleaned up trimmed and sutured.>>> <|im_end|><|im_start|>assistant","[{""entity"": ""cleaned up""}, {""entity"": ""trimmed""}, {""entity"": ""sutured""}] ","[{""entity"": ""wound""}, {""entity"": ""cleaned""}, {""entity"": ""trimmed""}, {""entity"": ""sutured"
The had and the wrist were immobilized with a splint for six weeks.,"[{'id': '3553', 'offsets': array([27, 38]), 'role': '', 'semantic_type_id': '', 'text': 'immobilized', 'type': 'EVENT'}
 {'id': '3793', 'offsets': array([4, 7]), 'role': '', 'semantic_type_id': '', 'text': 'had', 'type': 'BODYPART'}
 {'id': '3799', 'offsets': array([16, 21]), 'role': '', 'semantic_type_id': '', 'text': 'wrist', 'type': 'BODYPART'}
 {'id': '3857', 'offsets': array([57, 66]), 'role': '', 'semantic_type_id': '', 'text': 'six weeks', 'type': 'TIMEX3'}]","A 20-year-old right-handed female factory worker with no medical history is consulting in the emergency ward with an open trauma of the left hand resulting from an occupational accident. Her hand was crushed under a heavy object. Physical examination found an important swelling and obvious distortion at the dorsum of the hand associated with wounds of the ulnar and radial edges of the left hand. The neurovascular examination was normal; in particular no sensitive deficit in the median nerve area was noted. Plain radiographs with front and lateral views showed a dislocation of the three lesser fingers associated with fractures of the hamatum and the second metacarpal. The three lesser metacarpals and the distal fragment of the hamatum were medially displaced. The patient was immediately brought to the operating theatre. The treatment consisted of a reduction and stabilisation using a multiple carpo-metacarpal and cross inter-metacarpal pinning. The wound was cleaned up trimmed and sutured. The had and the wrist were immobilized with a splint for six weeks. The patient had an intense and regular rehabilitation program. At one year follow-up, the outcome is good: the patient is painless with good bone consolidation in right position, strictly normal range of motion (metacarpophalangeal 90°, proximal interphalagienne 100° and distal interphalageal 90°) and a 80% grip strength compared to the right side.
",EN100345,"<|im_start|>user Extract the entities contained in the text. Extract only entities contained in the text.
Return the result in a json format: [{""entity"":""entity_name""}]. <<The had and the wrist were immobilized with a splint for six weeks.>>> <|im_end|><|im_start|>assistant[{""entity"": ""immobilized""}, {""entity"": ""had""}, {""entity"": ""wrist""}, {""entity"": ""six weeks""}] <|im_end|>","<|im_start|>user Extract the entities contained in the text. Extract only entities contained in the text.
Return the result in a json format: [{""entity"":""entity_name""}]. <<<We present a case of a 32-year-old woman with a history of gradual enlargement of the anterior neck.>>> <|im_end|><|im_start|>assistant [{""entity"": ""present""}, {""entity"": ""history""}, {""entity"": ""enlargement""}] <|im_end|>
<|im_start|>user Extract the entities contained in the text. Extract only entities contained in the text.
Return the result in a json format: [{""entity"":""entity_name""}]. <<<Patient information: a 9-month-old boy presented to the emergency room with a 3-day history of refusal to bear weight on the right lower extremity and febrile peaks of up to 38.5°C for 24 hours.>>> <|im_end|><|im_start|>assistant [{""entity"": ""presented""}, {""entity"": ""refusal""}, {""entity"": ""bear""}, {""entity"": ""peaks""}] <|im_end|>
<|im_start|>user Extract the entities contained in the text. Extract only entities contained in the text.
Return the result in a json format: [{""entity"":""entity_name""}]. <<The had and the wrist were immobilized with a splint for six weeks.>>> <|im_end|><|im_start|>assistant","[{""entity"": ""immobilized""}, {""entity"": ""had""}, {""entity"": ""wrist""}, {""entity"": ""six weeks""}] ","[{""entity"": ""immobilized""}, {""entity"": ""The had""}, {""entity"": ""the wrist""}, {""entity"": ""six"
The patient had an intense and regular rehabilitation program.,"[{'id': '3568', 'offsets': array([31, 38]), 'role': '', 'semantic_type_id': '', 'text': 'regular', 'type': 'EVENT'}
 {'id': '3583', 'offsets': array([39, 53]), 'role': '', 'semantic_type_id': '', 'text': 'rehabilitation', 'type': 'EVENT'}
 {'id': '3819', 'offsets': array([ 4, 11]), 'role': 'PATIENT', 'semantic_type_id': '', 'text': 'patient', 'type': 'ACTOR'}]","A 20-year-old right-handed female factory worker with no medical history is consulting in the emergency ward with an open trauma of the left hand resulting from an occupational accident. Her hand was crushed under a heavy object. Physical examination found an important swelling and obvious distortion at the dorsum of the hand associated with wounds of the ulnar and radial edges of the left hand. The neurovascular examination was normal; in particular no sensitive deficit in the median nerve area was noted. Plain radiographs with front and lateral views showed a dislocation of the three lesser fingers associated with fractures of the hamatum and the second metacarpal. The three lesser metacarpals and the distal fragment of the hamatum were medially displaced. The patient was immediately brought to the operating theatre. The treatment consisted of a reduction and stabilisation using a multiple carpo-metacarpal and cross inter-metacarpal pinning. The wound was cleaned up trimmed and sutured. The had and the wrist were immobilized with a splint for six weeks. The patient had an intense and regular rehabilitation program. At one year follow-up, the outcome is good: the patient is painless with good bone consolidation in right position, strictly normal range of motion (metacarpophalangeal 90°, proximal interphalagienne 100° and distal interphalageal 90°) and a 80% grip strength compared to the right side.
",EN100345,"<|im_start|>user Extract the entities contained in the text. Extract only entities contained in the text.
Return the result in a json format: [{""entity"":""entity_name""}]. <<The patient had an intense and regular rehabilitation program.>>> <|im_end|><|im_start|>assistant[{""entity"": ""regular""}, {""entity"": ""rehabilitation""}, {""entity"": ""patient""}] <|im_end|>","<|im_start|>user Extract the entities contained in the text. Extract only entities contained in the text.
Return the result in a json format: [{""entity"":""entity_name""}]. <<<We present a case of a 32-year-old woman with a history of gradual enlargement of the anterior neck.>>> <|im_end|><|im_start|>assistant [{""entity"": ""present""}, {""entity"": ""history""}, {""entity"": ""enlargement""}] <|im_end|>
<|im_start|>user Extract the entities contained in the text. Extract only entities contained in the text.
Return the result in a json format: [{""entity"":""entity_name""}]. <<<Patient information: a 9-month-old boy presented to the emergency room with a 3-day history of refusal to bear weight on the right lower extremity and febrile peaks of up to 38.5°C for 24 hours.>>> <|im_end|><|im_start|>assistant [{""entity"": ""presented""}, {""entity"": ""refusal""}, {""entity"": ""bear""}, {""entity"": ""peaks""}] <|im_end|>
<|im_start|>user Extract the entities contained in the text. Extract only entities contained in the text.
Return the result in a json format: [{""entity"":""entity_name""}]. <<The patient had an intense and regular rehabilitation program.>>> <|im_end|><|im_start|>assistant","[{""entity"": ""regular""}, {""entity"": ""rehabilitation""}, {""entity"": ""patient""}] ","[{""entity"": ""rehabilitation""}, {""entity"": ""The patient""}] <|im_end|><|im_end|><|im_end|><|im_end|><|im_end|><|im_end|><|im_end|><|im_end|><|im_end|><|im_end|>"
"At one year follow-up, the outcome is good: the patient is painless with good bone consolidation in right position, strictly normal range of motion (metacarpophalangeal 90°, proximal interphalagienne 100° and distal interphalageal 90°) and a 80% grip strength compared to the right side.","[{'id': '3598', 'offsets': array([59, 67]), 'role': '', 'semantic_type_id': '', 'text': 'painless', 'type': 'EVENT'}
 {'id': '3613', 'offsets': array([83, 96]), 'role': '', 'semantic_type_id': '', 'text': 'consolidation', 'type': 'EVENT'}
 {'id': '3628', 'offsets': array([141, 147]), 'role': '', 'semantic_type_id': '', 'text': 'motion', 'type': 'EVENT'}
 {'id': '3643', 'offsets': array([149, 168]), 'role': '', 'semantic_type_id': '', 'text': 'metacarpophalangeal', 'type': 'EVENT'}
 {'id': '3658', 'offsets': array([183, 199]), 'role': '', 'semantic_type_id': '', 'text': 'interphalagienne', 'type': 'EVENT'}
 {'id': '3673', 'offsets': array([216, 230]), 'role': '', 'semantic_type_id': '', 'text': 'interphalageal', 'type': 'EVENT'}
 {'id': '3688', 'offsets': array([251, 259]), 'role': '', 'semantic_type_id': '', 'text': 'strength', 'type': 'EVENT'}
 {'id': '3826', 'offsets': array([48, 55]), 'role': 'PATIENT', 'semantic_type_id': '', 'text': 'patient', 'type': 'ACTOR'}
 {'id': '3833', 'offsets': array([169, 172]), 'role': '', 'semantic_type_id': '', 'text': '90°', 'type': 'RML'}
 {'id': '3839', 'offsets': array([200, 204]), 'role': '', 'semantic_type_id': '', 'text': '100°', 'type': 'RML'}
 {'id': '3845', 'offsets': array([231, 234]), 'role': '', 'semantic_type_id': '', 'text': '90°', 'type': 'RML'}
 {'id': '3851', 'offsets': array([242, 245]), 'role': '', 'semantic_type_id': '', 'text': '80%', 'type': 'RML'}
 {'id': '3866', 'offsets': array([ 3, 21]), 'role': '', 'semantic_type_id': '', 'text': 'one year follow-up', 'type': 'TIMEX3'}]","A 20-year-old right-handed female factory worker with no medical history is consulting in the emergency ward with an open trauma of the left hand resulting from an occupational accident. Her hand was crushed under a heavy object. Physical examination found an important swelling and obvious distortion at the dorsum of the hand associated with wounds of the ulnar and radial edges of the left hand. The neurovascular examination was normal; in particular no sensitive deficit in the median nerve area was noted. Plain radiographs with front and lateral views showed a dislocation of the three lesser fingers associated with fractures of the hamatum and the second metacarpal. The three lesser metacarpals and the distal fragment of the hamatum were medially displaced. The patient was immediately brought to the operating theatre. The treatment consisted of a reduction and stabilisation using a multiple carpo-metacarpal and cross inter-metacarpal pinning. The wound was cleaned up trimmed and sutured. The had and the wrist were immobilized with a splint for six weeks. The patient had an intense and regular rehabilitation program. At one year follow-up, the outcome is good: the patient is painless with good bone consolidation in right position, strictly normal range of motion (metacarpophalangeal 90°, proximal interphalagienne 100° and distal interphalageal 90°) and a 80% grip strength compared to the right side.
",EN100345,"<|im_start|>user Extract the entities contained in the text. Extract only entities contained in the text.
Return the result in a json format: [{""entity"":""entity_name""}]. <<At one year follow-up, the outcome is good: the patient is painless with good bone consolidation in right position, strictly normal range of motion (metacarpophalangeal 90°, proximal interphalagienne 100° and distal interphalageal 90°) and a 80% grip strength compared to the right side.>>> <|im_end|><|im_start|>assistant[{""entity"": ""painless""}, {""entity"": ""consolidation""}, {""entity"": ""motion""}, {""entity"": ""metacarpophalangeal""}, {""entity"": ""interphalagienne""}, {""entity"": ""interphalageal""}, {""entity"": ""strength""}, {""entity"": ""patient""}, {""entity"": ""90°""}, {""entity"": ""100°""}, {""entity"": ""90°""}, {""entity"": ""80%""}, {""entity"": ""one year follow-up""}] <|im_end|>","<|im_start|>user Extract the entities contained in the text. Extract only entities contained in the text.
Return the result in a json format: [{""entity"":""entity_name""}]. <<<We present a case of a 32-year-old woman with a history of gradual enlargement of the anterior neck.>>> <|im_end|><|im_start|>assistant [{""entity"": ""present""}, {""entity"": ""history""}, {""entity"": ""enlargement""}] <|im_end|>
<|im_start|>user Extract the entities contained in the text. Extract only entities contained in the text.
Return the result in a json format: [{""entity"":""entity_name""}]. <<<Patient information: a 9-month-old boy presented to the emergency room with a 3-day history of refusal to bear weight on the right lower extremity and febrile peaks of up to 38.5°C for 24 hours.>>> <|im_end|><|im_start|>assistant [{""entity"": ""presented""}, {""entity"": ""refusal""}, {""entity"": ""bear""}, {""entity"": ""peaks""}] <|im_end|>
<|im_start|>user Extract the entities contained in the text. Extract only entities contained in the text.
Return the result in a json format: [{""entity"":""entity_name""}]. <<At one year follow-up, the outcome is good: the patient is painless with good bone consolidation in right position, strictly normal range of motion (metacarpophalangeal 90°, proximal interphalagienne 100° and distal interphalageal 90°) and a 80% grip strength compared to the right side.>>> <|im_end|><|im_start|>assistant","[{""entity"": ""painless""}, {""entity"": ""consolidation""}, {""entity"": ""motion""}, {""entity"": ""metacarpophalangeal""}, {""entity"": ""interphalagienne""}, {""entity"": ""interphalageal""}, {""entity"": ""strength""}, {""entity"": ""patient""}, {""entity"": ""90°""}, {""entity"": ""100°""}, {""entity"": ""90°""}, {""entity"": ""80%""}, {""entity"": ""one year follow-up""}] ","[{""entity"": ""follow-up""}, {""entity"": ""painless""}, {""entity"": ""consolidation""}, {""entity"": ""position"
"On physical examination, the patient was awake, alert, oriented, and her blood pressure, temperature and heart rate were within normal limits.","[{'id': '4854', 'offsets': array([12, 23]), 'role': '', 'semantic_type_id': '', 'text': 'examination', 'type': 'EVENT'}
 {'id': '4869', 'offsets': array([41, 46]), 'role': '', 'semantic_type_id': '', 'text': 'awake', 'type': 'EVENT'}
 {'id': '4884', 'offsets': array([48, 53]), 'role': '', 'semantic_type_id': '', 'text': 'alert', 'type': 'EVENT'}
 {'id': '4899', 'offsets': array([55, 63]), 'role': '', 'semantic_type_id': '', 'text': 'oriented', 'type': 'EVENT'}
 {'id': '4914', 'offsets': array([79, 87]), 'role': '', 'semantic_type_id': '', 'text': 'pressure', 'type': 'EVENT'}
 {'id': '4929', 'offsets': array([ 89, 100]), 'role': '', 'semantic_type_id': '', 'text': 'temperature', 'type': 'EVENT'}
 {'id': '4944', 'offsets': array([111, 115]), 'role': '', 'semantic_type_id': '', 'text': 'rate', 'type': 'EVENT'}
 {'id': '6079', 'offsets': array([73, 78]), 'role': '', 'semantic_type_id': '', 'text': 'blood', 'type': 'BODYPART'}
 {'id': '6085', 'offsets': array([105, 110]), 'role': '', 'semantic_type_id': '', 'text': 'heart', 'type': 'BODYPART'}
 {'id': '6146', 'offsets': array([25, 36]), 'role': 'PATIENT', 'semantic_type_id': '', 'text': 'the patient', 'type': 'ACTOR'}
 {'id': '6237', 'offsets': array([128, 141]), 'role': '', 'semantic_type_id': '', 'text': 'normal limits', 'type': 'RML'}]","A 28-year-old female patient presented to outpatient dental clinics for full mouth rehabilitation. On physical examination, the patient was awake, alert, oriented, and her blood pressure, temperature and heart rate were within normal limits. Upon taking medical history the patient revealed that was diagnosed with thymoma MG and on medication including pyridostigmine bromide 60 mg, azathioprine 50 mg and prednisone 20 mg.
Intraoral examination showed fair oral hygiene multiple fixed prosthodontic restorations and multiple carious teeth, multiple remaining roots and lipomatous tongue atrophy.
The patient was referred to her neurologist to provide a detailed history about her medical condition and to coordinate with him regarding the steroid dose take to avoid any complication during patient management. A consultation letter had been received from her neurologist explaining the patient medical condition which starts with difficulty in breathing, chewing and swallowing, there was no external ocular weakness, motor weakness, sphincter dysfunction, sensory deficits, muscle wasting and no signs of diplopia, dizziness, double vision, ptosis or any difficulty in maintaining balance. Patient underwent chest CT scan with contrast which show evidence of thymoma benign tumor of the thymus that has been the possible causes of MG. Diagnosis was confirmed with measuring serum level of acetylcholine receptor antibodies, later treatment plan had been formulated including drugs to control the condition and then thymectomy to avoid sever complication to the patient.
Before proceeding to the dental management of the case; CBC and blood chemistry had been requested form the patient. Creatinine level was below normal (42.23 umol/l), with normal levels of albumin, urea, uric acid, AST, ALT, cholesterol, triglycerides and bilirubin. Patient had elevated WBC “12.52 x 10 9 /L” and Platelet “453 x 10 9 /L” with reduction in RBC “4.4 x 10 9 /L” and Eosinophil count “0.07”. Consultation with patient neurologist regarding the steroid dose to reduce the susceptibility of developing adrenal crisis.
",EN100437,"<|im_start|>user Extract the entities contained in the text. Extract only entities contained in the text.
Return the result in a json format: [{""entity"":""entity_name""}]. <<On physical examination, the patient was awake, alert, oriented, and her blood pressure, temperature and heart rate were within normal limits.>>> <|im_end|><|im_start|>assistant[{""entity"": ""examination""}, {""entity"": ""awake""}, {""entity"": ""alert""}, {""entity"": ""oriented""}, {""entity"": ""pressure""}, {""entity"": ""temperature""}, {""entity"": ""rate""}, {""entity"": ""blood""}, {""entity"": ""heart""}, {""entity"": ""the patient""}, {""entity"": ""normal limits""}] <|im_end|>","<|im_start|>user Extract the entities contained in the text. Extract only entities contained in the text.
Return the result in a json format: [{""entity"":""entity_name""}]. <<<We present a case of a 32-year-old woman with a history of gradual enlargement of the anterior neck.>>> <|im_end|><|im_start|>assistant [{""entity"": ""present""}, {""entity"": ""history""}, {""entity"": ""enlargement""}] <|im_end|>
<|im_start|>user Extract the entities contained in the text. Extract only entities contained in the text.
Return the result in a json format: [{""entity"":""entity_name""}]. <<<Patient information: a 9-month-old boy presented to the emergency room with a 3-day history of refusal to bear weight on the right lower extremity and febrile peaks of up to 38.5°C for 24 hours.>>> <|im_end|><|im_start|>assistant [{""entity"": ""presented""}, {""entity"": ""refusal""}, {""entity"": ""bear""}, {""entity"": ""peaks""}] <|im_end|>
<|im_start|>user Extract the entities contained in the text. Extract only entities contained in the text.
Return the result in a json format: [{""entity"":""entity_name""}]. <<On physical examination, the patient was awake, alert, oriented, and her blood pressure, temperature and heart rate were within normal limits.>>> <|im_end|><|im_start|>assistant","[{""entity"": ""examination""}, {""entity"": ""awake""}, {""entity"": ""alert""}, {""entity"": ""oriented""}, {""entity"": ""pressure""}, {""entity"": ""temperature""}, {""entity"": ""rate""}, {""entity"": ""blood""}, {""entity"": ""heart""}, {""entity"": ""the patient""}, {""entity"": ""normal limits""}] ","[{""entity"": ""examination""}, {""entity"": ""awake""}, {""entity"": ""alert""}, {""entity"": ""oriented""}, {"""
"Upon taking medical history the patient revealed that was diagnosed with thymoma MG and on medication including pyridostigmine bromide 60 mg, azathioprine 50 mg and prednisone 20 mg.","[{'id': '4959', 'offsets': array([20, 27]), 'role': '', 'semantic_type_id': '', 'text': 'history', 'type': 'EVENT'}
 {'id': '4974', 'offsets': array([40, 48]), 'role': '', 'semantic_type_id': '', 'text': 'revealed', 'type': 'EVENT'}
 {'id': '4989', 'offsets': array([58, 67]), 'role': '', 'semantic_type_id': '', 'text': 'diagnosed', 'type': 'EVENT'}
 {'id': '5004', 'offsets': array([81, 83]), 'role': '', 'semantic_type_id': '', 'text': 'MG', 'type': 'EVENT'}
 {'id': '5019', 'offsets': array([ 91, 101]), 'role': '', 'semantic_type_id': '', 'text': 'medication', 'type': 'EVENT'}
 {'id': '5034', 'offsets': array([112, 126]), 'role': '', 'semantic_type_id': '', 'text': 'pyridostigmine', 'type': 'EVENT'}
 {'id': '5049', 'offsets': array([142, 154]), 'role': '', 'semantic_type_id': '', 'text': 'azathioprine', 'type': 'EVENT'}
 {'id': '5064', 'offsets': array([165, 175]), 'role': '', 'semantic_type_id': '', 'text': 'prednisone', 'type': 'EVENT'}
 {'id': '6024', 'offsets': array([73, 83]), 'role': '', 'semantic_type_id': 'C0393945', 'text': 'thymoma MG', 'type': 'CLINENTITY'}
 {'id': '6153', 'offsets': array([28, 39]), 'role': 'PATIENT', 'semantic_type_id': '', 'text': 'the patient', 'type': 'ACTOR'}]","A 28-year-old female patient presented to outpatient dental clinics for full mouth rehabilitation. On physical examination, the patient was awake, alert, oriented, and her blood pressure, temperature and heart rate were within normal limits. Upon taking medical history the patient revealed that was diagnosed with thymoma MG and on medication including pyridostigmine bromide 60 mg, azathioprine 50 mg and prednisone 20 mg.
Intraoral examination showed fair oral hygiene multiple fixed prosthodontic restorations and multiple carious teeth, multiple remaining roots and lipomatous tongue atrophy.
The patient was referred to her neurologist to provide a detailed history about her medical condition and to coordinate with him regarding the steroid dose take to avoid any complication during patient management. A consultation letter had been received from her neurologist explaining the patient medical condition which starts with difficulty in breathing, chewing and swallowing, there was no external ocular weakness, motor weakness, sphincter dysfunction, sensory deficits, muscle wasting and no signs of diplopia, dizziness, double vision, ptosis or any difficulty in maintaining balance. Patient underwent chest CT scan with contrast which show evidence of thymoma benign tumor of the thymus that has been the possible causes of MG. Diagnosis was confirmed with measuring serum level of acetylcholine receptor antibodies, later treatment plan had been formulated including drugs to control the condition and then thymectomy to avoid sever complication to the patient.
Before proceeding to the dental management of the case; CBC and blood chemistry had been requested form the patient. Creatinine level was below normal (42.23 umol/l), with normal levels of albumin, urea, uric acid, AST, ALT, cholesterol, triglycerides and bilirubin. Patient had elevated WBC “12.52 x 10 9 /L” and Platelet “453 x 10 9 /L” with reduction in RBC “4.4 x 10 9 /L” and Eosinophil count “0.07”. Consultation with patient neurologist regarding the steroid dose to reduce the susceptibility of developing adrenal crisis.
",EN100437,"<|im_start|>user Extract the entities contained in the text. Extract only entities contained in the text.
Return the result in a json format: [{""entity"":""entity_name""}]. <<Upon taking medical history the patient revealed that was diagnosed with thymoma MG and on medication including pyridostigmine bromide 60 mg, azathioprine 50 mg and prednisone 20 mg.>>> <|im_end|><|im_start|>assistant[{""entity"": ""history""}, {""entity"": ""revealed""}, {""entity"": ""diagnosed""}, {""entity"": ""MG""}, {""entity"": ""medication""}, {""entity"": ""pyridostigmine""}, {""entity"": ""azathioprine""}, {""entity"": ""prednisone""}, {""entity"": ""thymoma MG""}, {""entity"": ""the patient""}] <|im_end|>","<|im_start|>user Extract the entities contained in the text. Extract only entities contained in the text.
Return the result in a json format: [{""entity"":""entity_name""}]. <<<We present a case of a 32-year-old woman with a history of gradual enlargement of the anterior neck.>>> <|im_end|><|im_start|>assistant [{""entity"": ""present""}, {""entity"": ""history""}, {""entity"": ""enlargement""}] <|im_end|>
<|im_start|>user Extract the entities contained in the text. Extract only entities contained in the text.
Return the result in a json format: [{""entity"":""entity_name""}]. <<<Patient information: a 9-month-old boy presented to the emergency room with a 3-day history of refusal to bear weight on the right lower extremity and febrile peaks of up to 38.5°C for 24 hours.>>> <|im_end|><|im_start|>assistant [{""entity"": ""presented""}, {""entity"": ""refusal""}, {""entity"": ""bear""}, {""entity"": ""peaks""}] <|im_end|>
<|im_start|>user Extract the entities contained in the text. Extract only entities contained in the text.
Return the result in a json format: [{""entity"":""entity_name""}]. <<Upon taking medical history the patient revealed that was diagnosed with thymoma MG and on medication including pyridostigmine bromide 60 mg, azathioprine 50 mg and prednisone 20 mg.>>> <|im_end|><|im_start|>assistant","[{""entity"": ""history""}, {""entity"": ""revealed""}, {""entity"": ""diagnosed""}, {""entity"": ""MG""}, {""entity"": ""medication""}, {""entity"": ""pyridostigmine""}, {""entity"": ""azathioprine""}, {""entity"": ""prednisone""}, {""entity"": ""thymoma MG""}, {""entity"": ""the patient""}] ","[{""entity"": ""history""}, {""entity"": ""revealed""}, {""entity"": ""diagnosed""}, {""entity"": ""thym"
"Intraoral examination showed fair oral hygiene multiple fixed prosthodontic restorations and multiple carious teeth, multiple remaining roots and lipomatous tongue atrophy.","[{'id': '5079', 'offsets': array([10, 21]), 'role': '', 'semantic_type_id': '', 'text': 'examination', 'type': 'EVENT'}
 {'id': '5094', 'offsets': array([22, 28]), 'role': '', 'semantic_type_id': '', 'text': 'showed', 'type': 'EVENT'}
 {'id': '5109', 'offsets': array([39, 46]), 'role': '', 'semantic_type_id': '', 'text': 'hygiene', 'type': 'EVENT'}
 {'id': '5124', 'offsets': array([76, 88]), 'role': '', 'semantic_type_id': '', 'text': 'restorations', 'type': 'EVENT'}
 {'id': '5139', 'offsets': array([164, 171]), 'role': '', 'semantic_type_id': '', 'text': 'atrophy', 'type': 'EVENT'}
 {'id': '6031', 'offsets': array([102, 115]), 'role': '', 'semantic_type_id': 'C0011334', 'text': 'carious teeth', 'type': 'CLINENTITY'}
 {'id': '6038', 'offsets': array([157, 171]), 'role': '', 'semantic_type_id': 'C0241423', 'text': 'tongue atrophy', 'type': 'CLINENTITY'}
 {'id': '6091', 'offsets': array([ 93, 115]), 'role': '', 'semantic_type_id': '', 'text': 'multiple carious teeth', 'type': 'BODYPART'}
 {'id': '6097', 'offsets': array([117, 141]), 'role': '', 'semantic_type_id': '', 'text': 'multiple remaining roots', 'type': 'BODYPART'}
 {'id': '6103', 'offsets': array([157, 163]), 'role': '', 'semantic_type_id': '', 'text': 'tongue', 'type': 'BODYPART'}]","A 28-year-old female patient presented to outpatient dental clinics for full mouth rehabilitation. On physical examination, the patient was awake, alert, oriented, and her blood pressure, temperature and heart rate were within normal limits. Upon taking medical history the patient revealed that was diagnosed with thymoma MG and on medication including pyridostigmine bromide 60 mg, azathioprine 50 mg and prednisone 20 mg.
Intraoral examination showed fair oral hygiene multiple fixed prosthodontic restorations and multiple carious teeth, multiple remaining roots and lipomatous tongue atrophy.
The patient was referred to her neurologist to provide a detailed history about her medical condition and to coordinate with him regarding the steroid dose take to avoid any complication during patient management. A consultation letter had been received from her neurologist explaining the patient medical condition which starts with difficulty in breathing, chewing and swallowing, there was no external ocular weakness, motor weakness, sphincter dysfunction, sensory deficits, muscle wasting and no signs of diplopia, dizziness, double vision, ptosis or any difficulty in maintaining balance. Patient underwent chest CT scan with contrast which show evidence of thymoma benign tumor of the thymus that has been the possible causes of MG. Diagnosis was confirmed with measuring serum level of acetylcholine receptor antibodies, later treatment plan had been formulated including drugs to control the condition and then thymectomy to avoid sever complication to the patient.
Before proceeding to the dental management of the case; CBC and blood chemistry had been requested form the patient. Creatinine level was below normal (42.23 umol/l), with normal levels of albumin, urea, uric acid, AST, ALT, cholesterol, triglycerides and bilirubin. Patient had elevated WBC “12.52 x 10 9 /L” and Platelet “453 x 10 9 /L” with reduction in RBC “4.4 x 10 9 /L” and Eosinophil count “0.07”. Consultation with patient neurologist regarding the steroid dose to reduce the susceptibility of developing adrenal crisis.
",EN100437,"<|im_start|>user Extract the entities contained in the text. Extract only entities contained in the text.
Return the result in a json format: [{""entity"":""entity_name""}]. <<Intraoral examination showed fair oral hygiene multiple fixed prosthodontic restorations and multiple carious teeth, multiple remaining roots and lipomatous tongue atrophy.>>> <|im_end|><|im_start|>assistant[{""entity"": ""examination""}, {""entity"": ""showed""}, {""entity"": ""hygiene""}, {""entity"": ""restorations""}, {""entity"": ""atrophy""}, {""entity"": ""carious teeth""}, {""entity"": ""tongue atrophy""}, {""entity"": ""multiple carious teeth""}, {""entity"": ""multiple remaining roots""}, {""entity"": ""tongue""}] <|im_end|>","<|im_start|>user Extract the entities contained in the text. Extract only entities contained in the text.
Return the result in a json format: [{""entity"":""entity_name""}]. <<<We present a case of a 32-year-old woman with a history of gradual enlargement of the anterior neck.>>> <|im_end|><|im_start|>assistant [{""entity"": ""present""}, {""entity"": ""history""}, {""entity"": ""enlargement""}] <|im_end|>
<|im_start|>user Extract the entities contained in the text. Extract only entities contained in the text.
Return the result in a json format: [{""entity"":""entity_name""}]. <<<Patient information: a 9-month-old boy presented to the emergency room with a 3-day history of refusal to bear weight on the right lower extremity and febrile peaks of up to 38.5°C for 24 hours.>>> <|im_end|><|im_start|>assistant [{""entity"": ""presented""}, {""entity"": ""refusal""}, {""entity"": ""bear""}, {""entity"": ""peaks""}] <|im_end|>
<|im_start|>user Extract the entities contained in the text. Extract only entities contained in the text.
Return the result in a json format: [{""entity"":""entity_name""}]. <<Intraoral examination showed fair oral hygiene multiple fixed prosthodontic restorations and multiple carious teeth, multiple remaining roots and lipomatous tongue atrophy.>>> <|im_end|><|im_start|>assistant","[{""entity"": ""examination""}, {""entity"": ""showed""}, {""entity"": ""hygiene""}, {""entity"": ""restorations""}, {""entity"": ""atrophy""}, {""entity"": ""carious teeth""}, {""entity"": ""tongue atrophy""}, {""entity"": ""multiple carious teeth""}, {""entity"": ""multiple remaining roots""}, {""entity"": ""tongue""}] ","[{""entity"": ""examination""}, {""entity"": ""showed""}, {""entity"": ""hygiene""}, {""entity"": ""restor"
The patient was referred to her neurologist to provide a detailed history about her medical condition and to coordinate with him regarding the steroid dose take to avoid any complication during patient management.,"[{'id': '5154', 'offsets': array([16, 24]), 'role': '', 'semantic_type_id': '', 'text': 'referred', 'type': 'EVENT'}
 {'id': '5169', 'offsets': array([47, 54]), 'role': '', 'semantic_type_id': '', 'text': 'provide', 'type': 'EVENT'}
 {'id': '5184', 'offsets': array([66, 73]), 'role': '', 'semantic_type_id': '', 'text': 'history', 'type': 'EVENT'}
 {'id': '5199', 'offsets': array([109, 119]), 'role': '', 'semantic_type_id': '', 'text': 'coordinate', 'type': 'EVENT'}
 {'id': '5214', 'offsets': array([156, 160]), 'role': '', 'semantic_type_id': '', 'text': 'take', 'type': 'EVENT'}
 {'id': '5229', 'offsets': array([164, 169]), 'role': '', 'semantic_type_id': '', 'text': 'avoid', 'type': 'EVENT'}
 {'id': '5244', 'offsets': array([174, 186]), 'role': '', 'semantic_type_id': '', 'text': 'complication', 'type': 'EVENT'}
 {'id': '5259', 'offsets': array([202, 212]), 'role': '', 'semantic_type_id': '', 'text': 'management', 'type': 'EVENT'}
 {'id': '6160', 'offsets': array([ 0, 11]), 'role': 'PATIENT', 'semantic_type_id': '', 'text': 'The patient', 'type': 'ACTOR'}
 {'id': '6167', 'offsets': array([28, 43]), 'role': 'H-PROFESSIONAL', 'semantic_type_id': '', 'text': 'her neurologist', 'type': 'ACTOR'}
 {'id': '6174', 'offsets': array([125, 128]), 'role': 'H-PROFESSIONAL', 'semantic_type_id': '', 'text': 'him', 'type': 'ACTOR'}
 {'id': '6181', 'offsets': array([194, 201]), 'role': 'PATIENT', 'semantic_type_id': '', 'text': 'patient', 'type': 'ACTOR'}]","A 28-year-old female patient presented to outpatient dental clinics for full mouth rehabilitation. On physical examination, the patient was awake, alert, oriented, and her blood pressure, temperature and heart rate were within normal limits. Upon taking medical history the patient revealed that was diagnosed with thymoma MG and on medication including pyridostigmine bromide 60 mg, azathioprine 50 mg and prednisone 20 mg.
Intraoral examination showed fair oral hygiene multiple fixed prosthodontic restorations and multiple carious teeth, multiple remaining roots and lipomatous tongue atrophy.
The patient was referred to her neurologist to provide a detailed history about her medical condition and to coordinate with him regarding the steroid dose take to avoid any complication during patient management. A consultation letter had been received from her neurologist explaining the patient medical condition which starts with difficulty in breathing, chewing and swallowing, there was no external ocular weakness, motor weakness, sphincter dysfunction, sensory deficits, muscle wasting and no signs of diplopia, dizziness, double vision, ptosis or any difficulty in maintaining balance. Patient underwent chest CT scan with contrast which show evidence of thymoma benign tumor of the thymus that has been the possible causes of MG. Diagnosis was confirmed with measuring serum level of acetylcholine receptor antibodies, later treatment plan had been formulated including drugs to control the condition and then thymectomy to avoid sever complication to the patient.
Before proceeding to the dental management of the case; CBC and blood chemistry had been requested form the patient. Creatinine level was below normal (42.23 umol/l), with normal levels of albumin, urea, uric acid, AST, ALT, cholesterol, triglycerides and bilirubin. Patient had elevated WBC “12.52 x 10 9 /L” and Platelet “453 x 10 9 /L” with reduction in RBC “4.4 x 10 9 /L” and Eosinophil count “0.07”. Consultation with patient neurologist regarding the steroid dose to reduce the susceptibility of developing adrenal crisis.
",EN100437,"<|im_start|>user Extract the entities contained in the text. Extract only entities contained in the text.
Return the result in a json format: [{""entity"":""entity_name""}]. <<The patient was referred to her neurologist to provide a detailed history about her medical condition and to coordinate with him regarding the steroid dose take to avoid any complication during patient management.>>> <|im_end|><|im_start|>assistant[{""entity"": ""referred""}, {""entity"": ""provide""}, {""entity"": ""history""}, {""entity"": ""coordinate""}, {""entity"": ""take""}, {""entity"": ""avoid""}, {""entity"": ""complication""}, {""entity"": ""management""}, {""entity"": ""The patient""}, {""entity"": ""her neurologist""}, {""entity"": ""him""}, {""entity"": ""patient""}] <|im_end|>","<|im_start|>user Extract the entities contained in the text. Extract only entities contained in the text.
Return the result in a json format: [{""entity"":""entity_name""}]. <<<We present a case of a 32-year-old woman with a history of gradual enlargement of the anterior neck.>>> <|im_end|><|im_start|>assistant [{""entity"": ""present""}, {""entity"": ""history""}, {""entity"": ""enlargement""}] <|im_end|>
<|im_start|>user Extract the entities contained in the text. Extract only entities contained in the text.
Return the result in a json format: [{""entity"":""entity_name""}]. <<<Patient information: a 9-month-old boy presented to the emergency room with a 3-day history of refusal to bear weight on the right lower extremity and febrile peaks of up to 38.5°C for 24 hours.>>> <|im_end|><|im_start|>assistant [{""entity"": ""presented""}, {""entity"": ""refusal""}, {""entity"": ""bear""}, {""entity"": ""peaks""}] <|im_end|>
<|im_start|>user Extract the entities contained in the text. Extract only entities contained in the text.
Return the result in a json format: [{""entity"":""entity_name""}]. <<The patient was referred to her neurologist to provide a detailed history about her medical condition and to coordinate with him regarding the steroid dose take to avoid any complication during patient management.>>> <|im_end|><|im_start|>assistant","[{""entity"": ""referred""}, {""entity"": ""provide""}, {""entity"": ""history""}, {""entity"": ""coordinate""}, {""entity"": ""take""}, {""entity"": ""avoid""}, {""entity"": ""complication""}, {""entity"": ""management""}, {""entity"": ""The patient""}, {""entity"": ""her neurologist""}, {""entity"": ""him""}, {""entity"": ""patient""}] ","[{""entity"": ""referred""}, {""entity"": ""history""}, {""entity"": ""condition""}, {""entity"": ""dose""}, {"""
"A consultation letter had been received from her neurologist explaining the patient medical condition which starts with difficulty in breathing, chewing and swallowing, there was no external ocular weakness, motor weakness, sphincter dysfunction, sensory deficits, muscle wasting and no signs of diplopia, dizziness, double vision, ptosis or any difficulty in maintaining balance.","[{'id': '5274', 'offsets': array([31, 39]), 'role': '', 'semantic_type_id': '', 'text': 'received', 'type': 'EVENT'}
 {'id': '5289', 'offsets': array([61, 71]), 'role': '', 'semantic_type_id': '', 'text': 'explaining', 'type': 'EVENT'}
 {'id': '5304', 'offsets': array([ 92, 101]), 'role': '', 'semantic_type_id': '', 'text': 'condition', 'type': 'EVENT'}
 {'id': '5319', 'offsets': array([120, 130]), 'role': '', 'semantic_type_id': '', 'text': 'difficulty', 'type': 'EVENT'}
 {'id': '5334', 'offsets': array([198, 206]), 'role': '', 'semantic_type_id': '', 'text': 'weakness', 'type': 'EVENT'}
 {'id': '5349', 'offsets': array([214, 222]), 'role': '', 'semantic_type_id': '', 'text': 'weakness', 'type': 'EVENT'}
 {'id': '5364', 'offsets': array([234, 245]), 'role': '', 'semantic_type_id': '', 'text': 'dysfunction', 'type': 'EVENT'}
 {'id': '5379', 'offsets': array([255, 263]), 'role': '', 'semantic_type_id': '', 'text': 'deficits', 'type': 'EVENT'}
 {'id': '5394', 'offsets': array([272, 279]), 'role': '', 'semantic_type_id': '', 'text': 'wasting', 'type': 'EVENT'}
 {'id': '5409', 'offsets': array([296, 304]), 'role': '', 'semantic_type_id': '', 'text': 'diplopia', 'type': 'EVENT'}
 {'id': '5424', 'offsets': array([306, 315]), 'role': '', 'semantic_type_id': '', 'text': 'dizziness', 'type': 'EVENT'}
 {'id': '5439', 'offsets': array([324, 330]), 'role': '', 'semantic_type_id': '', 'text': 'vision', 'type': 'EVENT'}
 {'id': '5454', 'offsets': array([332, 338]), 'role': '', 'semantic_type_id': '', 'text': 'ptosis', 'type': 'EVENT'}
 {'id': '5469', 'offsets': array([346, 356]), 'role': '', 'semantic_type_id': '', 'text': 'difficulty', 'type': 'EVENT'}
 {'id': '5484', 'offsets': array([372, 379]), 'role': '', 'semantic_type_id': '', 'text': 'balance', 'type': 'EVENT'}
 {'id': '6045', 'offsets': array([120, 167]), 'role': '', 'semantic_type_id': 'C0011168', 'text': 'difficulty in breathing, chewing and swallowing', 'type': 'CLINENTITY'}
 {'id': '6052', 'offsets': array([120, 152]), 'role': '', 'semantic_type_id': 'C0239043', 'text': 'difficulty in breathing, chewing', 'type': 'CLINENTITY'}
 {'id': '6059', 'offsets': array([120, 143]), 'role': '', 'semantic_type_id': 'C0013404', 'text': 'difficulty in breathing', 'type': 'CLINENTITY'}
 {'id': '6109', 'offsets': array([224, 233]), 'role': '', 'semantic_type_id': '', 'text': 'sphincter', 'type': 'BODYPART'}
 {'id': '6115', 'offsets': array([265, 271]), 'role': '', 'semantic_type_id': '', 'text': 'muscle', 'type': 'BODYPART'}
 {'id': '6188', 'offsets': array([45, 60]), 'role': 'H-PROFESSIONAL', 'semantic_type_id': '', 'text': 'her neurologist', 'type': 'ACTOR'}
 {'id': '6195', 'offsets': array([76, 83]), 'role': 'PATIENT', 'semantic_type_id': '', 'text': 'patient', 'type': 'ACTOR'}]","A 28-year-old female patient presented to outpatient dental clinics for full mouth rehabilitation. On physical examination, the patient was awake, alert, oriented, and her blood pressure, temperature and heart rate were within normal limits. Upon taking medical history the patient revealed that was diagnosed with thymoma MG and on medication including pyridostigmine bromide 60 mg, azathioprine 50 mg and prednisone 20 mg.
Intraoral examination showed fair oral hygiene multiple fixed prosthodontic restorations and multiple carious teeth, multiple remaining roots and lipomatous tongue atrophy.
The patient was referred to her neurologist to provide a detailed history about her medical condition and to coordinate with him regarding the steroid dose take to avoid any complication during patient management. A consultation letter had been received from her neurologist explaining the patient medical condition which starts with difficulty in breathing, chewing and swallowing, there was no external ocular weakness, motor weakness, sphincter dysfunction, sensory deficits, muscle wasting and no signs of diplopia, dizziness, double vision, ptosis or any difficulty in maintaining balance. Patient underwent chest CT scan with contrast which show evidence of thymoma benign tumor of the thymus that has been the possible causes of MG. Diagnosis was confirmed with measuring serum level of acetylcholine receptor antibodies, later treatment plan had been formulated including drugs to control the condition and then thymectomy to avoid sever complication to the patient.
Before proceeding to the dental management of the case; CBC and blood chemistry had been requested form the patient. Creatinine level was below normal (42.23 umol/l), with normal levels of albumin, urea, uric acid, AST, ALT, cholesterol, triglycerides and bilirubin. Patient had elevated WBC “12.52 x 10 9 /L” and Platelet “453 x 10 9 /L” with reduction in RBC “4.4 x 10 9 /L” and Eosinophil count “0.07”. Consultation with patient neurologist regarding the steroid dose to reduce the susceptibility of developing adrenal crisis.
",EN100437,"<|im_start|>user Extract the entities contained in the text. Extract only entities contained in the text.
Return the result in a json format: [{""entity"":""entity_name""}]. <<A consultation letter had been received from her neurologist explaining the patient medical condition which starts with difficulty in breathing, chewing and swallowing, there was no external ocular weakness, motor weakness, sphincter dysfunction, sensory deficits, muscle wasting and no signs of diplopia, dizziness, double vision, ptosis or any difficulty in maintaining balance.>>> <|im_end|><|im_start|>assistant[{""entity"": ""received""}, {""entity"": ""explaining""}, {""entity"": ""condition""}, {""entity"": ""difficulty""}, {""entity"": ""weakness""}, {""entity"": ""weakness""}, {""entity"": ""dysfunction""}, {""entity"": ""deficits""}, {""entity"": ""wasting""}, {""entity"": ""diplopia""}, {""entity"": ""dizziness""}, {""entity"": ""vision""}, {""entity"": ""ptosis""}, {""entity"": ""difficulty""}, {""entity"": ""balance""}, {""entity"": ""difficulty in breathing, chewing and swallowing""}, {""entity"": ""difficulty in breathing, chewing""}, {""entity"": ""difficulty in breathing""}, {""entity"": ""sphincter""}, {""entity"": ""muscle""}, {""entity"": ""her neurologist""}, {""entity"": ""patient""}] <|im_end|>","<|im_start|>user Extract the entities contained in the text. Extract only entities contained in the text.
Return the result in a json format: [{""entity"":""entity_name""}]. <<<We present a case of a 32-year-old woman with a history of gradual enlargement of the anterior neck.>>> <|im_end|><|im_start|>assistant [{""entity"": ""present""}, {""entity"": ""history""}, {""entity"": ""enlargement""}] <|im_end|>
<|im_start|>user Extract the entities contained in the text. Extract only entities contained in the text.
Return the result in a json format: [{""entity"":""entity_name""}]. <<<Patient information: a 9-month-old boy presented to the emergency room with a 3-day history of refusal to bear weight on the right lower extremity and febrile peaks of up to 38.5°C for 24 hours.>>> <|im_end|><|im_start|>assistant [{""entity"": ""presented""}, {""entity"": ""refusal""}, {""entity"": ""bear""}, {""entity"": ""peaks""}] <|im_end|>
<|im_start|>user Extract the entities contained in the text. Extract only entities contained in the text.
Return the result in a json format: [{""entity"":""entity_name""}]. <<A consultation letter had been received from her neurologist explaining the patient medical condition which starts with difficulty in breathing, chewing and swallowing, there was no external ocular weakness, motor weakness, sphincter dysfunction, sensory deficits, muscle wasting and no signs of diplopia, dizziness, double vision, ptosis or any difficulty in maintaining balance.>>> <|im_end|><|im_start|>assistant","[{""entity"": ""received""}, {""entity"": ""explaining""}, {""entity"": ""condition""}, {""entity"": ""difficulty""}, {""entity"": ""weakness""}, {""entity"": ""weakness""}, {""entity"": ""dysfunction""}, {""entity"": ""deficits""}, {""entity"": ""wasting""}, {""entity"": ""diplopia""}, {""entity"": ""dizziness""}, {""entity"": ""vision""}, {""entity"": ""ptosis""}, {""entity"": ""difficulty""}, {""entity"": ""balance""}, {""entity"": ""difficulty in breathing, chewing and swallowing""}, {""entity"": ""difficulty in breathing, chewing""}, {""entity"": ""difficulty in breathing""}, {""entity"": ""sphincter""}, {""entity"": ""muscle""}, {""entity"": ""her neurologist""}, {""entity"": ""patient""}] ","[{""entity"": ""letter""}, {""entity"": ""received""}, {""entity"": ""explaining""}, {""entity"": ""condition""}, {""entity"
Patient underwent chest CT scan with contrast which show evidence of thymoma benign tumor of the thymus that has been the possible causes of MG.,"[{'id': '5499', 'offsets': array([27, 31]), 'role': '', 'semantic_type_id': '', 'text': 'scan', 'type': 'EVENT'}
 {'id': '5514', 'offsets': array([52, 56]), 'role': '', 'semantic_type_id': '', 'text': 'show', 'type': 'EVENT'}
 {'id': '5529', 'offsets': array([84, 89]), 'role': '', 'semantic_type_id': '', 'text': 'tumor', 'type': 'EVENT'}
 {'id': '5544', 'offsets': array([141, 143]), 'role': '', 'semantic_type_id': '', 'text': 'MG', 'type': 'EVENT'}
 {'id': '6066', 'offsets': array([69, 89]), 'role': '', 'semantic_type_id': 'C0040101', 'text': 'thymoma benign tumor', 'type': 'CLINENTITY'}
 {'id': '6121', 'offsets': array([18, 23]), 'role': '', 'semantic_type_id': '', 'text': 'chest', 'type': 'BODYPART'}
 {'id': '6127', 'offsets': array([ 97, 103]), 'role': '', 'semantic_type_id': '', 'text': 'thymus', 'type': 'BODYPART'}
 {'id': '6202', 'offsets': array([0, 7]), 'role': 'PATIENT', 'semantic_type_id': '', 'text': 'Patient', 'type': 'ACTOR'}]","A 28-year-old female patient presented to outpatient dental clinics for full mouth rehabilitation. On physical examination, the patient was awake, alert, oriented, and her blood pressure, temperature and heart rate were within normal limits. Upon taking medical history the patient revealed that was diagnosed with thymoma MG and on medication including pyridostigmine bromide 60 mg, azathioprine 50 mg and prednisone 20 mg.
Intraoral examination showed fair oral hygiene multiple fixed prosthodontic restorations and multiple carious teeth, multiple remaining roots and lipomatous tongue atrophy.
The patient was referred to her neurologist to provide a detailed history about her medical condition and to coordinate with him regarding the steroid dose take to avoid any complication during patient management. A consultation letter had been received from her neurologist explaining the patient medical condition which starts with difficulty in breathing, chewing and swallowing, there was no external ocular weakness, motor weakness, sphincter dysfunction, sensory deficits, muscle wasting and no signs of diplopia, dizziness, double vision, ptosis or any difficulty in maintaining balance. Patient underwent chest CT scan with contrast which show evidence of thymoma benign tumor of the thymus that has been the possible causes of MG. Diagnosis was confirmed with measuring serum level of acetylcholine receptor antibodies, later treatment plan had been formulated including drugs to control the condition and then thymectomy to avoid sever complication to the patient.
Before proceeding to the dental management of the case; CBC and blood chemistry had been requested form the patient. Creatinine level was below normal (42.23 umol/l), with normal levels of albumin, urea, uric acid, AST, ALT, cholesterol, triglycerides and bilirubin. Patient had elevated WBC “12.52 x 10 9 /L” and Platelet “453 x 10 9 /L” with reduction in RBC “4.4 x 10 9 /L” and Eosinophil count “0.07”. Consultation with patient neurologist regarding the steroid dose to reduce the susceptibility of developing adrenal crisis.
",EN100437,"<|im_start|>user Extract the entities contained in the text. Extract only entities contained in the text.
Return the result in a json format: [{""entity"":""entity_name""}]. <<Patient underwent chest CT scan with contrast which show evidence of thymoma benign tumor of the thymus that has been the possible causes of MG.>>> <|im_end|><|im_start|>assistant[{""entity"": ""scan""}, {""entity"": ""show""}, {""entity"": ""tumor""}, {""entity"": ""MG""}, {""entity"": ""thymoma benign tumor""}, {""entity"": ""chest""}, {""entity"": ""thymus""}, {""entity"": ""Patient""}] <|im_end|>","<|im_start|>user Extract the entities contained in the text. Extract only entities contained in the text.
Return the result in a json format: [{""entity"":""entity_name""}]. <<<We present a case of a 32-year-old woman with a history of gradual enlargement of the anterior neck.>>> <|im_end|><|im_start|>assistant [{""entity"": ""present""}, {""entity"": ""history""}, {""entity"": ""enlargement""}] <|im_end|>
<|im_start|>user Extract the entities contained in the text. Extract only entities contained in the text.
Return the result in a json format: [{""entity"":""entity_name""}]. <<<Patient information: a 9-month-old boy presented to the emergency room with a 3-day history of refusal to bear weight on the right lower extremity and febrile peaks of up to 38.5°C for 24 hours.>>> <|im_end|><|im_start|>assistant [{""entity"": ""presented""}, {""entity"": ""refusal""}, {""entity"": ""bear""}, {""entity"": ""peaks""}] <|im_end|>
<|im_start|>user Extract the entities contained in the text. Extract only entities contained in the text.
Return the result in a json format: [{""entity"":""entity_name""}]. <<Patient underwent chest CT scan with contrast which show evidence of thymoma benign tumor of the thymus that has been the possible causes of MG.>>> <|im_end|><|im_start|>assistant","[{""entity"": ""scan""}, {""entity"": ""show""}, {""entity"": ""tumor""}, {""entity"": ""MG""}, {""entity"": ""thymoma benign tumor""}, {""entity"": ""chest""}, {""entity"": ""thymus""}, {""entity"": ""Patient""}] ","[{""entity"": ""scan""}, {""entity"": ""show""}, {""entity"": ""tumor""}, {""entity"": ""causes""}, {"""
"Diagnosis was confirmed with measuring serum level of acetylcholine receptor antibodies, later treatment plan had been formulated including drugs to control the condition and then thymectomy to avoid sever complication to the patient.","[{'id': '5559', 'offsets': array([0, 9]), 'role': '', 'semantic_type_id': '', 'text': 'Diagnosis', 'type': 'EVENT'}
 {'id': '5574', 'offsets': array([14, 23]), 'role': '', 'semantic_type_id': '', 'text': 'confirmed', 'type': 'EVENT'}
 {'id': '5589', 'offsets': array([45, 50]), 'role': '', 'semantic_type_id': '', 'text': 'level', 'type': 'EVENT'}
 {'id': '5604', 'offsets': array([105, 109]), 'role': '', 'semantic_type_id': '', 'text': 'plan', 'type': 'EVENT'}
 {'id': '5619', 'offsets': array([149, 156]), 'role': '', 'semantic_type_id': '', 'text': 'control', 'type': 'EVENT'}
 {'id': '5634', 'offsets': array([161, 170]), 'role': '', 'semantic_type_id': '', 'text': 'condition', 'type': 'EVENT'}
 {'id': '5649', 'offsets': array([180, 190]), 'role': '', 'semantic_type_id': '', 'text': 'thymectomy', 'type': 'EVENT'}
 {'id': '5664', 'offsets': array([194, 199]), 'role': '', 'semantic_type_id': '', 'text': 'avoid', 'type': 'EVENT'}
 {'id': '5679', 'offsets': array([206, 218]), 'role': '', 'semantic_type_id': '', 'text': 'complication', 'type': 'EVENT'}
 {'id': '6209', 'offsets': array([222, 233]), 'role': 'PATIENT', 'semantic_type_id': '', 'text': 'the patient', 'type': 'ACTOR'}]","A 28-year-old female patient presented to outpatient dental clinics for full mouth rehabilitation. On physical examination, the patient was awake, alert, oriented, and her blood pressure, temperature and heart rate were within normal limits. Upon taking medical history the patient revealed that was diagnosed with thymoma MG and on medication including pyridostigmine bromide 60 mg, azathioprine 50 mg and prednisone 20 mg.
Intraoral examination showed fair oral hygiene multiple fixed prosthodontic restorations and multiple carious teeth, multiple remaining roots and lipomatous tongue atrophy.
The patient was referred to her neurologist to provide a detailed history about her medical condition and to coordinate with him regarding the steroid dose take to avoid any complication during patient management. A consultation letter had been received from her neurologist explaining the patient medical condition which starts with difficulty in breathing, chewing and swallowing, there was no external ocular weakness, motor weakness, sphincter dysfunction, sensory deficits, muscle wasting and no signs of diplopia, dizziness, double vision, ptosis or any difficulty in maintaining balance. Patient underwent chest CT scan with contrast which show evidence of thymoma benign tumor of the thymus that has been the possible causes of MG. Diagnosis was confirmed with measuring serum level of acetylcholine receptor antibodies, later treatment plan had been formulated including drugs to control the condition and then thymectomy to avoid sever complication to the patient.
Before proceeding to the dental management of the case; CBC and blood chemistry had been requested form the patient. Creatinine level was below normal (42.23 umol/l), with normal levels of albumin, urea, uric acid, AST, ALT, cholesterol, triglycerides and bilirubin. Patient had elevated WBC “12.52 x 10 9 /L” and Platelet “453 x 10 9 /L” with reduction in RBC “4.4 x 10 9 /L” and Eosinophil count “0.07”. Consultation with patient neurologist regarding the steroid dose to reduce the susceptibility of developing adrenal crisis.
",EN100437,"<|im_start|>user Extract the entities contained in the text. Extract only entities contained in the text.
Return the result in a json format: [{""entity"":""entity_name""}]. <<Diagnosis was confirmed with measuring serum level of acetylcholine receptor antibodies, later treatment plan had been formulated including drugs to control the condition and then thymectomy to avoid sever complication to the patient.>>> <|im_end|><|im_start|>assistant[{""entity"": ""Diagnosis""}, {""entity"": ""confirmed""}, {""entity"": ""level""}, {""entity"": ""plan""}, {""entity"": ""control""}, {""entity"": ""condition""}, {""entity"": ""thymectomy""}, {""entity"": ""avoid""}, {""entity"": ""complication""}, {""entity"": ""the patient""}] <|im_end|>","<|im_start|>user Extract the entities contained in the text. Extract only entities contained in the text.
Return the result in a json format: [{""entity"":""entity_name""}]. <<<We present a case of a 32-year-old woman with a history of gradual enlargement of the anterior neck.>>> <|im_end|><|im_start|>assistant [{""entity"": ""present""}, {""entity"": ""history""}, {""entity"": ""enlargement""}] <|im_end|>
<|im_start|>user Extract the entities contained in the text. Extract only entities contained in the text.
Return the result in a json format: [{""entity"":""entity_name""}]. <<<Patient information: a 9-month-old boy presented to the emergency room with a 3-day history of refusal to bear weight on the right lower extremity and febrile peaks of up to 38.5°C for 24 hours.>>> <|im_end|><|im_start|>assistant [{""entity"": ""presented""}, {""entity"": ""refusal""}, {""entity"": ""bear""}, {""entity"": ""peaks""}] <|im_end|>
<|im_start|>user Extract the entities contained in the text. Extract only entities contained in the text.
Return the result in a json format: [{""entity"":""entity_name""}]. <<Diagnosis was confirmed with measuring serum level of acetylcholine receptor antibodies, later treatment plan had been formulated including drugs to control the condition and then thymectomy to avoid sever complication to the patient.>>> <|im_end|><|im_start|>assistant","[{""entity"": ""Diagnosis""}, {""entity"": ""confirmed""}, {""entity"": ""level""}, {""entity"": ""plan""}, {""entity"": ""control""}, {""entity"": ""condition""}, {""entity"": ""thymectomy""}, {""entity"": ""avoid""}, {""entity"": ""complication""}, {""entity"": ""the patient""}] ","[{""entity"": ""Diagnosis""}, {""entity"": ""measuring""}, {""entity"": ""antibodies""}, {""entity"": ""plan"
Before proceeding to the dental management of the case; CBC and blood chemistry had been requested form the patient.,"[{'id': '5694', 'offsets': array([32, 42]), 'role': '', 'semantic_type_id': '', 'text': 'management', 'type': 'EVENT'}
 {'id': '5709', 'offsets': array([56, 59]), 'role': '', 'semantic_type_id': '', 'text': 'CBC', 'type': 'EVENT'}
 {'id': '5724', 'offsets': array([70, 79]), 'role': '', 'semantic_type_id': '', 'text': 'chemistry', 'type': 'EVENT'}
 {'id': '5739', 'offsets': array([89, 98]), 'role': '', 'semantic_type_id': '', 'text': 'requested', 'type': 'EVENT'}
 {'id': '6133', 'offsets': array([64, 69]), 'role': '', 'semantic_type_id': '', 'text': 'blood', 'type': 'BODYPART'}
 {'id': '6216', 'offsets': array([104, 115]), 'role': 'PATIENT', 'semantic_type_id': '', 'text': 'the patient', 'type': 'ACTOR'}]","A 28-year-old female patient presented to outpatient dental clinics for full mouth rehabilitation. On physical examination, the patient was awake, alert, oriented, and her blood pressure, temperature and heart rate were within normal limits. Upon taking medical history the patient revealed that was diagnosed with thymoma MG and on medication including pyridostigmine bromide 60 mg, azathioprine 50 mg and prednisone 20 mg.
Intraoral examination showed fair oral hygiene multiple fixed prosthodontic restorations and multiple carious teeth, multiple remaining roots and lipomatous tongue atrophy.
The patient was referred to her neurologist to provide a detailed history about her medical condition and to coordinate with him regarding the steroid dose take to avoid any complication during patient management. A consultation letter had been received from her neurologist explaining the patient medical condition which starts with difficulty in breathing, chewing and swallowing, there was no external ocular weakness, motor weakness, sphincter dysfunction, sensory deficits, muscle wasting and no signs of diplopia, dizziness, double vision, ptosis or any difficulty in maintaining balance. Patient underwent chest CT scan with contrast which show evidence of thymoma benign tumor of the thymus that has been the possible causes of MG. Diagnosis was confirmed with measuring serum level of acetylcholine receptor antibodies, later treatment plan had been formulated including drugs to control the condition and then thymectomy to avoid sever complication to the patient.
Before proceeding to the dental management of the case; CBC and blood chemistry had been requested form the patient. Creatinine level was below normal (42.23 umol/l), with normal levels of albumin, urea, uric acid, AST, ALT, cholesterol, triglycerides and bilirubin. Patient had elevated WBC “12.52 x 10 9 /L” and Platelet “453 x 10 9 /L” with reduction in RBC “4.4 x 10 9 /L” and Eosinophil count “0.07”. Consultation with patient neurologist regarding the steroid dose to reduce the susceptibility of developing adrenal crisis.
",EN100437,"<|im_start|>user Extract the entities contained in the text. Extract only entities contained in the text.
Return the result in a json format: [{""entity"":""entity_name""}]. <<Before proceeding to the dental management of the case; CBC and blood chemistry had been requested form the patient.>>> <|im_end|><|im_start|>assistant[{""entity"": ""management""}, {""entity"": ""CBC""}, {""entity"": ""chemistry""}, {""entity"": ""requested""}, {""entity"": ""blood""}, {""entity"": ""the patient""}] <|im_end|>","<|im_start|>user Extract the entities contained in the text. Extract only entities contained in the text.
Return the result in a json format: [{""entity"":""entity_name""}]. <<<We present a case of a 32-year-old woman with a history of gradual enlargement of the anterior neck.>>> <|im_end|><|im_start|>assistant [{""entity"": ""present""}, {""entity"": ""history""}, {""entity"": ""enlargement""}] <|im_end|>
<|im_start|>user Extract the entities contained in the text. Extract only entities contained in the text.
Return the result in a json format: [{""entity"":""entity_name""}]. <<<Patient information: a 9-month-old boy presented to the emergency room with a 3-day history of refusal to bear weight on the right lower extremity and febrile peaks of up to 38.5°C for 24 hours.>>> <|im_end|><|im_start|>assistant [{""entity"": ""presented""}, {""entity"": ""refusal""}, {""entity"": ""bear""}, {""entity"": ""peaks""}] <|im_end|>
<|im_start|>user Extract the entities contained in the text. Extract only entities contained in the text.
Return the result in a json format: [{""entity"":""entity_name""}]. <<Before proceeding to the dental management of the case; CBC and blood chemistry had been requested form the patient.>>> <|im_end|><|im_start|>assistant","[{""entity"": ""management""}, {""entity"": ""CBC""}, {""entity"": ""chemistry""}, {""entity"": ""requested""}, {""entity"": ""blood""}, {""entity"": ""the patient""}] ","[{""entity"": ""management""}, {""entity"": ""requested""}, {""entity"": ""CBC""}, {""entity"": ""blood chemistry""}, {""entity"
"Creatinine level was below normal (42.23 umol/l), with normal levels of albumin, urea, uric acid, AST, ALT, cholesterol, triglycerides and bilirubin.","[{'id': '5754', 'offsets': array([11, 16]), 'role': '', 'semantic_type_id': '', 'text': 'level', 'type': 'EVENT'}
 {'id': '5769', 'offsets': array([72, 79]), 'role': '', 'semantic_type_id': '', 'text': 'albumin', 'type': 'EVENT'}
 {'id': '5784', 'offsets': array([81, 85]), 'role': '', 'semantic_type_id': '', 'text': 'urea', 'type': 'EVENT'}
 {'id': '5799', 'offsets': array([92, 96]), 'role': '', 'semantic_type_id': '', 'text': 'acid', 'type': 'EVENT'}
 {'id': '5814', 'offsets': array([ 98, 101]), 'role': '', 'semantic_type_id': '', 'text': 'AST', 'type': 'EVENT'}
 {'id': '5829', 'offsets': array([103, 106]), 'role': '', 'semantic_type_id': '', 'text': 'ALT', 'type': 'EVENT'}
 {'id': '5844', 'offsets': array([108, 119]), 'role': '', 'semantic_type_id': '', 'text': 'cholesterol', 'type': 'EVENT'}
 {'id': '5859', 'offsets': array([121, 134]), 'role': '', 'semantic_type_id': '', 'text': 'triglycerides', 'type': 'EVENT'}
 {'id': '5874', 'offsets': array([139, 148]), 'role': '', 'semantic_type_id': '', 'text': 'bilirubin', 'type': 'EVENT'}
 {'id': '6243', 'offsets': array([21, 33]), 'role': '', 'semantic_type_id': '', 'text': 'below normal', 'type': 'RML'}
 {'id': '6249', 'offsets': array([35, 47]), 'role': '', 'semantic_type_id': '', 'text': '42.23 umol/l', 'type': 'RML'}
 {'id': '6255', 'offsets': array([55, 61]), 'role': '', 'semantic_type_id': '', 'text': 'normal', 'type': 'RML'}]","A 28-year-old female patient presented to outpatient dental clinics for full mouth rehabilitation. On physical examination, the patient was awake, alert, oriented, and her blood pressure, temperature and heart rate were within normal limits. Upon taking medical history the patient revealed that was diagnosed with thymoma MG and on medication including pyridostigmine bromide 60 mg, azathioprine 50 mg and prednisone 20 mg.
Intraoral examination showed fair oral hygiene multiple fixed prosthodontic restorations and multiple carious teeth, multiple remaining roots and lipomatous tongue atrophy.
The patient was referred to her neurologist to provide a detailed history about her medical condition and to coordinate with him regarding the steroid dose take to avoid any complication during patient management. A consultation letter had been received from her neurologist explaining the patient medical condition which starts with difficulty in breathing, chewing and swallowing, there was no external ocular weakness, motor weakness, sphincter dysfunction, sensory deficits, muscle wasting and no signs of diplopia, dizziness, double vision, ptosis or any difficulty in maintaining balance. Patient underwent chest CT scan with contrast which show evidence of thymoma benign tumor of the thymus that has been the possible causes of MG. Diagnosis was confirmed with measuring serum level of acetylcholine receptor antibodies, later treatment plan had been formulated including drugs to control the condition and then thymectomy to avoid sever complication to the patient.
Before proceeding to the dental management of the case; CBC and blood chemistry had been requested form the patient. Creatinine level was below normal (42.23 umol/l), with normal levels of albumin, urea, uric acid, AST, ALT, cholesterol, triglycerides and bilirubin. Patient had elevated WBC “12.52 x 10 9 /L” and Platelet “453 x 10 9 /L” with reduction in RBC “4.4 x 10 9 /L” and Eosinophil count “0.07”. Consultation with patient neurologist regarding the steroid dose to reduce the susceptibility of developing adrenal crisis.
",EN100437,"<|im_start|>user Extract the entities contained in the text. Extract only entities contained in the text.
Return the result in a json format: [{""entity"":""entity_name""}]. <<Creatinine level was below normal (42.23 umol/l), with normal levels of albumin, urea, uric acid, AST, ALT, cholesterol, triglycerides and bilirubin.>>> <|im_end|><|im_start|>assistant[{""entity"": ""level""}, {""entity"": ""albumin""}, {""entity"": ""urea""}, {""entity"": ""acid""}, {""entity"": ""AST""}, {""entity"": ""ALT""}, {""entity"": ""cholesterol""}, {""entity"": ""triglycerides""}, {""entity"": ""bilirubin""}, {""entity"": ""below normal""}, {""entity"": ""42.23 umol/l""}, {""entity"": ""normal""}] <|im_end|>","<|im_start|>user Extract the entities contained in the text. Extract only entities contained in the text.
Return the result in a json format: [{""entity"":""entity_name""}]. <<<We present a case of a 32-year-old woman with a history of gradual enlargement of the anterior neck.>>> <|im_end|><|im_start|>assistant [{""entity"": ""present""}, {""entity"": ""history""}, {""entity"": ""enlargement""}] <|im_end|>
<|im_start|>user Extract the entities contained in the text. Extract only entities contained in the text.
Return the result in a json format: [{""entity"":""entity_name""}]. <<<Patient information: a 9-month-old boy presented to the emergency room with a 3-day history of refusal to bear weight on the right lower extremity and febrile peaks of up to 38.5°C for 24 hours.>>> <|im_end|><|im_start|>assistant [{""entity"": ""presented""}, {""entity"": ""refusal""}, {""entity"": ""bear""}, {""entity"": ""peaks""}] <|im_end|>
<|im_start|>user Extract the entities contained in the text. Extract only entities contained in the text.
Return the result in a json format: [{""entity"":""entity_name""}]. <<Creatinine level was below normal (42.23 umol/l), with normal levels of albumin, urea, uric acid, AST, ALT, cholesterol, triglycerides and bilirubin.>>> <|im_end|><|im_start|>assistant","[{""entity"": ""level""}, {""entity"": ""albumin""}, {""entity"": ""urea""}, {""entity"": ""acid""}, {""entity"": ""AST""}, {""entity"": ""ALT""}, {""entity"": ""cholesterol""}, {""entity"": ""triglycerides""}, {""entity"": ""bilirubin""}, {""entity"": ""below normal""}, {""entity"": ""42.23 umol/l""}, {""entity"": ""normal""}] ","[{""entity"": ""level""}, {""entity"": ""levels""}, {""entity"": ""acid""}, {""entity"": ""AST""}, {""entity"":"
Patient had elevated WBC “12.52 x 10 9 /L” and Platelet “453 x 10 9 /L” with reduction in RBC “4.4 x 10 9 /L” and Eosinophil count “0.07”.,"[{'id': '5889', 'offsets': array([21, 24]), 'role': '', 'semantic_type_id': '', 'text': 'WBC', 'type': 'EVENT'}
 {'id': '5904', 'offsets': array([47, 55]), 'role': '', 'semantic_type_id': '', 'text': 'Platelet', 'type': 'EVENT'}
 {'id': '5919', 'offsets': array([90, 93]), 'role': '', 'semantic_type_id': '', 'text': 'RBC', 'type': 'EVENT'}
 {'id': '5934', 'offsets': array([125, 130]), 'role': '', 'semantic_type_id': '', 'text': 'count', 'type': 'EVENT'}
 {'id': '6223', 'offsets': array([0, 7]), 'role': 'PATIENT', 'semantic_type_id': '', 'text': 'Patient', 'type': 'ACTOR'}
 {'id': '6261', 'offsets': array([12, 20]), 'role': '', 'semantic_type_id': '', 'text': 'elevated', 'type': 'RML'}
 {'id': '6267', 'offsets': array([26, 41]), 'role': '', 'semantic_type_id': '', 'text': '12.52 x 10 9 /L', 'type': 'RML'}
 {'id': '6273', 'offsets': array([57, 70]), 'role': '', 'semantic_type_id': '', 'text': '453 x 10 9 /L', 'type': 'RML'}
 {'id': '6279', 'offsets': array([ 95, 108]), 'role': '', 'semantic_type_id': '', 'text': '4.4 x 10 9 /L', 'type': 'RML'}
 {'id': '6285', 'offsets': array([132, 136]), 'role': '', 'semantic_type_id': '', 'text': '0.07', 'type': 'RML'}]","A 28-year-old female patient presented to outpatient dental clinics for full mouth rehabilitation. On physical examination, the patient was awake, alert, oriented, and her blood pressure, temperature and heart rate were within normal limits. Upon taking medical history the patient revealed that was diagnosed with thymoma MG and on medication including pyridostigmine bromide 60 mg, azathioprine 50 mg and prednisone 20 mg.
Intraoral examination showed fair oral hygiene multiple fixed prosthodontic restorations and multiple carious teeth, multiple remaining roots and lipomatous tongue atrophy.
The patient was referred to her neurologist to provide a detailed history about her medical condition and to coordinate with him regarding the steroid dose take to avoid any complication during patient management. A consultation letter had been received from her neurologist explaining the patient medical condition which starts with difficulty in breathing, chewing and swallowing, there was no external ocular weakness, motor weakness, sphincter dysfunction, sensory deficits, muscle wasting and no signs of diplopia, dizziness, double vision, ptosis or any difficulty in maintaining balance. Patient underwent chest CT scan with contrast which show evidence of thymoma benign tumor of the thymus that has been the possible causes of MG. Diagnosis was confirmed with measuring serum level of acetylcholine receptor antibodies, later treatment plan had been formulated including drugs to control the condition and then thymectomy to avoid sever complication to the patient.
Before proceeding to the dental management of the case; CBC and blood chemistry had been requested form the patient. Creatinine level was below normal (42.23 umol/l), with normal levels of albumin, urea, uric acid, AST, ALT, cholesterol, triglycerides and bilirubin. Patient had elevated WBC “12.52 x 10 9 /L” and Platelet “453 x 10 9 /L” with reduction in RBC “4.4 x 10 9 /L” and Eosinophil count “0.07”. Consultation with patient neurologist regarding the steroid dose to reduce the susceptibility of developing adrenal crisis.
",EN100437,"<|im_start|>user Extract the entities contained in the text. Extract only entities contained in the text.
Return the result in a json format: [{""entity"":""entity_name""}]. <<Patient had elevated WBC “12.52 x 10 9 /L” and Platelet “453 x 10 9 /L” with reduction in RBC “4.4 x 10 9 /L” and Eosinophil count “0.07”.>>> <|im_end|><|im_start|>assistant[{""entity"": ""WBC""}, {""entity"": ""Platelet""}, {""entity"": ""RBC""}, {""entity"": ""count""}, {""entity"": ""Patient""}, {""entity"": ""elevated""}, {""entity"": ""12.52 x 10 9 /L""}, {""entity"": ""453 x 10 9 /L""}, {""entity"": ""4.4 x 10 9 /L""}, {""entity"": ""0.07""}] <|im_end|>","<|im_start|>user Extract the entities contained in the text. Extract only entities contained in the text.
Return the result in a json format: [{""entity"":""entity_name""}]. <<<We present a case of a 32-year-old woman with a history of gradual enlargement of the anterior neck.>>> <|im_end|><|im_start|>assistant [{""entity"": ""present""}, {""entity"": ""history""}, {""entity"": ""enlargement""}] <|im_end|>
<|im_start|>user Extract the entities contained in the text. Extract only entities contained in the text.
Return the result in a json format: [{""entity"":""entity_name""}]. <<<Patient information: a 9-month-old boy presented to the emergency room with a 3-day history of refusal to bear weight on the right lower extremity and febrile peaks of up to 38.5°C for 24 hours.>>> <|im_end|><|im_start|>assistant [{""entity"": ""presented""}, {""entity"": ""refusal""}, {""entity"": ""bear""}, {""entity"": ""peaks""}] <|im_end|>
<|im_start|>user Extract the entities contained in the text. Extract only entities contained in the text.
Return the result in a json format: [{""entity"":""entity_name""}]. <<Patient had elevated WBC “12.52 x 10 9 /L” and Platelet “453 x 10 9 /L” with reduction in RBC “4.4 x 10 9 /L” and Eosinophil count “0.07”.>>> <|im_end|><|im_start|>assistant","[{""entity"": ""WBC""}, {""entity"": ""Platelet""}, {""entity"": ""RBC""}, {""entity"": ""count""}, {""entity"": ""Patient""}, {""entity"": ""elevated""}, {""entity"": ""12.52 x 10 9 /L""}, {""entity"": ""453 x 10 9 /L""}, {""entity"": ""4.4 x 10 9 /L""}, {""entity"": ""0.07""}] ","[{""entity"": ""WBC""}, {""entity"": ""Platelet""}, {""entity"": ""RBC""}, {""entity"": ""count""},"
Consultation with patient neurologist regarding the steroid dose to reduce the susceptibility of developing adrenal crisis.,"[{'id': '5949', 'offsets': array([ 0, 12]), 'role': '', 'semantic_type_id': '', 'text': 'Consultation', 'type': 'EVENT'}
 {'id': '5964', 'offsets': array([38, 47]), 'role': '', 'semantic_type_id': '', 'text': 'regarding', 'type': 'EVENT'}
 {'id': '5979', 'offsets': array([68, 74]), 'role': '', 'semantic_type_id': '', 'text': 'reduce', 'type': 'EVENT'}
 {'id': '5994', 'offsets': array([ 97, 107]), 'role': '', 'semantic_type_id': '', 'text': 'developing', 'type': 'EVENT'}
 {'id': '6009', 'offsets': array([116, 122]), 'role': '', 'semantic_type_id': '', 'text': 'crisis', 'type': 'EVENT'}
 {'id': '6230', 'offsets': array([18, 37]), 'role': 'H-PROFESSIONAL', 'semantic_type_id': '', 'text': 'patient neurologist', 'type': 'ACTOR'}]","A 28-year-old female patient presented to outpatient dental clinics for full mouth rehabilitation. On physical examination, the patient was awake, alert, oriented, and her blood pressure, temperature and heart rate were within normal limits. Upon taking medical history the patient revealed that was diagnosed with thymoma MG and on medication including pyridostigmine bromide 60 mg, azathioprine 50 mg and prednisone 20 mg.
Intraoral examination showed fair oral hygiene multiple fixed prosthodontic restorations and multiple carious teeth, multiple remaining roots and lipomatous tongue atrophy.
The patient was referred to her neurologist to provide a detailed history about her medical condition and to coordinate with him regarding the steroid dose take to avoid any complication during patient management. A consultation letter had been received from her neurologist explaining the patient medical condition which starts with difficulty in breathing, chewing and swallowing, there was no external ocular weakness, motor weakness, sphincter dysfunction, sensory deficits, muscle wasting and no signs of diplopia, dizziness, double vision, ptosis or any difficulty in maintaining balance. Patient underwent chest CT scan with contrast which show evidence of thymoma benign tumor of the thymus that has been the possible causes of MG. Diagnosis was confirmed with measuring serum level of acetylcholine receptor antibodies, later treatment plan had been formulated including drugs to control the condition and then thymectomy to avoid sever complication to the patient.
Before proceeding to the dental management of the case; CBC and blood chemistry had been requested form the patient. Creatinine level was below normal (42.23 umol/l), with normal levels of albumin, urea, uric acid, AST, ALT, cholesterol, triglycerides and bilirubin. Patient had elevated WBC “12.52 x 10 9 /L” and Platelet “453 x 10 9 /L” with reduction in RBC “4.4 x 10 9 /L” and Eosinophil count “0.07”. Consultation with patient neurologist regarding the steroid dose to reduce the susceptibility of developing adrenal crisis.
",EN100437,"<|im_start|>user Extract the entities contained in the text. Extract only entities contained in the text.
Return the result in a json format: [{""entity"":""entity_name""}]. <<Consultation with patient neurologist regarding the steroid dose to reduce the susceptibility of developing adrenal crisis.>>> <|im_end|><|im_start|>assistant[{""entity"": ""Consultation""}, {""entity"": ""regarding""}, {""entity"": ""reduce""}, {""entity"": ""developing""}, {""entity"": ""crisis""}, {""entity"": ""patient neurologist""}] <|im_end|>","<|im_start|>user Extract the entities contained in the text. Extract only entities contained in the text.
Return the result in a json format: [{""entity"":""entity_name""}]. <<<We present a case of a 32-year-old woman with a history of gradual enlargement of the anterior neck.>>> <|im_end|><|im_start|>assistant [{""entity"": ""present""}, {""entity"": ""history""}, {""entity"": ""enlargement""}] <|im_end|>
<|im_start|>user Extract the entities contained in the text. Extract only entities contained in the text.
Return the result in a json format: [{""entity"":""entity_name""}]. <<<Patient information: a 9-month-old boy presented to the emergency room with a 3-day history of refusal to bear weight on the right lower extremity and febrile peaks of up to 38.5°C for 24 hours.>>> <|im_end|><|im_start|>assistant [{""entity"": ""presented""}, {""entity"": ""refusal""}, {""entity"": ""bear""}, {""entity"": ""peaks""}] <|im_end|>
<|im_start|>user Extract the entities contained in the text. Extract only entities contained in the text.
Return the result in a json format: [{""entity"":""entity_name""}]. <<Consultation with patient neurologist regarding the steroid dose to reduce the susceptibility of developing adrenal crisis.>>> <|im_end|><|im_start|>assistant","[{""entity"": ""Consultation""}, {""entity"": ""regarding""}, {""entity"": ""reduce""}, {""entity"": ""developing""}, {""entity"": ""crisis""}, {""entity"": ""patient neurologist""}] ","[{""entity"": ""consultation""}, {""entity"": ""regarding""}, {""entity"": ""dose""}, {""entity"": ""reduce""},"
"A 12-year-old girl presented an abdominal pain, high persistent fever of (40°C) and severe fatigue.","[{'id': '8506', 'offsets': array([42, 46]), 'role': '', 'semantic_type_id': '', 'text': 'pain', 'type': 'EVENT'}
 {'id': '8521', 'offsets': array([64, 69]), 'role': '', 'semantic_type_id': '', 'text': 'fever', 'type': 'EVENT'}
 {'id': '8536', 'offsets': array([91, 98]), 'role': '', 'semantic_type_id': '', 'text': 'fatigue', 'type': 'EVENT'}
 {'id': '10426', 'offsets': array([32, 46]), 'role': '', 'semantic_type_id': 'C0000737', 'text': 'abdominal pain', 'type': 'CLINENTITY'}
 {'id': '10780', 'offsets': array([ 0, 18]), 'role': 'PATIENT', 'semantic_type_id': '', 'text': 'A 12-year-old girl', 'type': 'ACTOR'}
 {'id': '10899', 'offsets': array([74, 78]), 'role': '', 'semantic_type_id': '', 'text': '40°C', 'type': 'RML'}]","A 12-year-old girl presented an abdominal pain, high persistent fever of (40°C) and severe fatigue. The physical exam revealed pallor, hepatomegaly, and grade III splenomegaly. The investigation revealed an elevated white blood cell count (WBC): 545,000/mm³. PNN: 49,050/mm³, hemoglobin: 11.6g/dl, platelets: 328,000/mm³. The patient's peripheral blood smear revealed marked leukocytosis with a significant number of immature myeloid precursors and 21% blasts. The analysis of the BCR-ABL shows 94% in the peripheral blood. The patient was diagnosed with CML. She received a chemotherapy protocol made of hyperalkalinisation, allopurinol, hydroxyurea and a treatment based on imatinib at the dose of 400mg per day. Patient achieved complete hematological remission at three months and complete cytogenetic remission at 12 months. The patient was readmitted into our pediatric department with complains of severe headache, vomiting, pain and bilateral visual loss since three days. On examination, patient was afebrile and appeared pale. Blood pressure was 100/60mm/hg and the heart rate 98 beat/minute. There was no lymphadenopathy and the nervous system examination was normal. Intraocular muscle testing was normal; however, there was an exophthalmia in both eyes. The pupil was sluggish to react to light. Fundoscopy revealed bilateral stade III disc edema and hemorrhages of the retina. She underwent a brain computed tomography (CT) scan with the suspicion of leukemic involvement or any other intracranial event (cerebral edema); however, nothing was found. A subsequent bone marrow exam showed no morphologic or molecular evidence of CML or acute leukemia. Cytological evaluation of cerebrospinal fluid (CSF) was also negative. The patient had no other known pathology that could be held responsible for retina edema. We suggested that it was a side effect of imatinib so its administration was temporary interrupted. The patient was put on an anti-edema therapy (mannitol, dexamethasone). However, few months later, the patient presented in the emergency room with a headache and severe vomiting. She described a recurrence of the same character of headaches accompanied with weakness of extremities and seizures. Nervous system examination revealed neck rigidity, presence of meningeal signs and lower limb paraplegia. CT of the brain revealed subdural chronic hematoma and a serpenginous gyriform enhancement around the contusion in the right parietal and occipital lobes. Analysis of the CSF collected showed lymphoblasts in a WBC count of 11000cells/ml. Flow cytometry of the CSF showed that blast cells were positive for a cluster of differentiation markers (CD) (CD34, CD19, CD10, CD22 and partially positive for CD45) confirming CNS extramedullary lymphoid blast infiltration. A bone marrow aspiration was done to evaluate the status of her chronic myelogenous leukemia and result was consistent with a chronic phase. Fundus examination showed bilateral optic atrophy.
The diagnosis of extramedullary isolated CNS blast crises (lymphoid type) was based on the presence of blasts in CSF (confirmed by flow cytometry).
The patient received a high-dose systemic induction chemotherapy and intrathecal therapy (methotrexate, arabinoside and dexamethasone). The imatinib was replaced by dasatinib at the dose of 100 mg per day. She was treated with 24 Gy of whole-brain radiation therapy.
Allogenic stem cell transplantation was not feasible. We noticed a rapidly progressive amelioration in her neurological status after finishing systemic chemotherapy and physical therapy; however, the patient's visual loss showed no signs of improvement.
",EN100543,"<|im_start|>user Extract the entities contained in the text. Extract only entities contained in the text.
Return the result in a json format: [{""entity"":""entity_name""}]. <<A 12-year-old girl presented an abdominal pain, high persistent fever of (40°C) and severe fatigue.>>> <|im_end|><|im_start|>assistant[{""entity"": ""pain""}, {""entity"": ""fever""}, {""entity"": ""fatigue""}, {""entity"": ""abdominal pain""}, {""entity"": ""A 12-year-old girl""}, {""entity"": ""40°C""}] <|im_end|>","<|im_start|>user Extract the entities contained in the text. Extract only entities contained in the text.
Return the result in a json format: [{""entity"":""entity_name""}]. <<<We present a case of a 32-year-old woman with a history of gradual enlargement of the anterior neck.>>> <|im_end|><|im_start|>assistant [{""entity"": ""present""}, {""entity"": ""history""}, {""entity"": ""enlargement""}] <|im_end|>
<|im_start|>user Extract the entities contained in the text. Extract only entities contained in the text.
Return the result in a json format: [{""entity"":""entity_name""}]. <<<Patient information: a 9-month-old boy presented to the emergency room with a 3-day history of refusal to bear weight on the right lower extremity and febrile peaks of up to 38.5°C for 24 hours.>>> <|im_end|><|im_start|>assistant [{""entity"": ""presented""}, {""entity"": ""refusal""}, {""entity"": ""bear""}, {""entity"": ""peaks""}] <|im_end|>
<|im_start|>user Extract the entities contained in the text. Extract only entities contained in the text.
Return the result in a json format: [{""entity"":""entity_name""}]. <<A 12-year-old girl presented an abdominal pain, high persistent fever of (40°C) and severe fatigue.>>> <|im_end|><|im_start|>assistant","[{""entity"": ""pain""}, {""entity"": ""fever""}, {""entity"": ""fatigue""}, {""entity"": ""abdominal pain""}, {""entity"": ""A 12-year-old girl""}, {""entity"": ""40°C""}] ","[{""entity"": ""pain""}, {""entity"": ""fever""}, {""entity"": ""fatigue""}, {""entity"": ""A 1"
"The physical exam revealed pallor, hepatomegaly, and grade III splenomegaly.","[{'id': '8551', 'offsets': array([13, 17]), 'role': '', 'semantic_type_id': '', 'text': 'exam', 'type': 'EVENT'}
 {'id': '8566', 'offsets': array([18, 26]), 'role': '', 'semantic_type_id': '', 'text': 'revealed', 'type': 'EVENT'}
 {'id': '8581', 'offsets': array([27, 33]), 'role': '', 'semantic_type_id': '', 'text': 'pallor', 'type': 'EVENT'}
 {'id': '8596', 'offsets': array([35, 47]), 'role': '', 'semantic_type_id': '', 'text': 'hepatomegaly', 'type': 'EVENT'}
 {'id': '8611', 'offsets': array([63, 75]), 'role': '', 'semantic_type_id': '', 'text': 'splenomegaly', 'type': 'EVENT'}
 {'id': '10447', 'offsets': array([35, 47]), 'role': '', 'semantic_type_id': 'C0019209', 'text': 'hepatomegaly', 'type': 'CLINENTITY'}
 {'id': '10454', 'offsets': array([63, 75]), 'role': '', 'semantic_type_id': 'C0038002', 'text': 'splenomegaly', 'type': 'CLINENTITY'}]","A 12-year-old girl presented an abdominal pain, high persistent fever of (40°C) and severe fatigue. The physical exam revealed pallor, hepatomegaly, and grade III splenomegaly. The investigation revealed an elevated white blood cell count (WBC): 545,000/mm³. PNN: 49,050/mm³, hemoglobin: 11.6g/dl, platelets: 328,000/mm³. The patient's peripheral blood smear revealed marked leukocytosis with a significant number of immature myeloid precursors and 21% blasts. The analysis of the BCR-ABL shows 94% in the peripheral blood. The patient was diagnosed with CML. She received a chemotherapy protocol made of hyperalkalinisation, allopurinol, hydroxyurea and a treatment based on imatinib at the dose of 400mg per day. Patient achieved complete hematological remission at three months and complete cytogenetic remission at 12 months. The patient was readmitted into our pediatric department with complains of severe headache, vomiting, pain and bilateral visual loss since three days. On examination, patient was afebrile and appeared pale. Blood pressure was 100/60mm/hg and the heart rate 98 beat/minute. There was no lymphadenopathy and the nervous system examination was normal. Intraocular muscle testing was normal; however, there was an exophthalmia in both eyes. The pupil was sluggish to react to light. Fundoscopy revealed bilateral stade III disc edema and hemorrhages of the retina. She underwent a brain computed tomography (CT) scan with the suspicion of leukemic involvement or any other intracranial event (cerebral edema); however, nothing was found. A subsequent bone marrow exam showed no morphologic or molecular evidence of CML or acute leukemia. Cytological evaluation of cerebrospinal fluid (CSF) was also negative. The patient had no other known pathology that could be held responsible for retina edema. We suggested that it was a side effect of imatinib so its administration was temporary interrupted. The patient was put on an anti-edema therapy (mannitol, dexamethasone). However, few months later, the patient presented in the emergency room with a headache and severe vomiting. She described a recurrence of the same character of headaches accompanied with weakness of extremities and seizures. Nervous system examination revealed neck rigidity, presence of meningeal signs and lower limb paraplegia. CT of the brain revealed subdural chronic hematoma and a serpenginous gyriform enhancement around the contusion in the right parietal and occipital lobes. Analysis of the CSF collected showed lymphoblasts in a WBC count of 11000cells/ml. Flow cytometry of the CSF showed that blast cells were positive for a cluster of differentiation markers (CD) (CD34, CD19, CD10, CD22 and partially positive for CD45) confirming CNS extramedullary lymphoid blast infiltration. A bone marrow aspiration was done to evaluate the status of her chronic myelogenous leukemia and result was consistent with a chronic phase. Fundus examination showed bilateral optic atrophy.
The diagnosis of extramedullary isolated CNS blast crises (lymphoid type) was based on the presence of blasts in CSF (confirmed by flow cytometry).
The patient received a high-dose systemic induction chemotherapy and intrathecal therapy (methotrexate, arabinoside and dexamethasone). The imatinib was replaced by dasatinib at the dose of 100 mg per day. She was treated with 24 Gy of whole-brain radiation therapy.
Allogenic stem cell transplantation was not feasible. We noticed a rapidly progressive amelioration in her neurological status after finishing systemic chemotherapy and physical therapy; however, the patient's visual loss showed no signs of improvement.
",EN100543,"<|im_start|>user Extract the entities contained in the text. Extract only entities contained in the text.
Return the result in a json format: [{""entity"":""entity_name""}]. <<The physical exam revealed pallor, hepatomegaly, and grade III splenomegaly.>>> <|im_end|><|im_start|>assistant[{""entity"": ""exam""}, {""entity"": ""revealed""}, {""entity"": ""pallor""}, {""entity"": ""hepatomegaly""}, {""entity"": ""splenomegaly""}, {""entity"": ""hepatomegaly""}, {""entity"": ""splenomegaly""}] <|im_end|>","<|im_start|>user Extract the entities contained in the text. Extract only entities contained in the text.
Return the result in a json format: [{""entity"":""entity_name""}]. <<<We present a case of a 32-year-old woman with a history of gradual enlargement of the anterior neck.>>> <|im_end|><|im_start|>assistant [{""entity"": ""present""}, {""entity"": ""history""}, {""entity"": ""enlargement""}] <|im_end|>
<|im_start|>user Extract the entities contained in the text. Extract only entities contained in the text.
Return the result in a json format: [{""entity"":""entity_name""}]. <<<Patient information: a 9-month-old boy presented to the emergency room with a 3-day history of refusal to bear weight on the right lower extremity and febrile peaks of up to 38.5°C for 24 hours.>>> <|im_end|><|im_start|>assistant [{""entity"": ""presented""}, {""entity"": ""refusal""}, {""entity"": ""bear""}, {""entity"": ""peaks""}] <|im_end|>
<|im_start|>user Extract the entities contained in the text. Extract only entities contained in the text.
Return the result in a json format: [{""entity"":""entity_name""}]. <<The physical exam revealed pallor, hepatomegaly, and grade III splenomegaly.>>> <|im_end|><|im_start|>assistant","[{""entity"": ""exam""}, {""entity"": ""revealed""}, {""entity"": ""pallor""}, {""entity"": ""hepatomegaly""}, {""entity"": ""splenomegaly""}, {""entity"": ""hepatomegaly""}, {""entity"": ""splenomegaly""}] ","[{""entity"": ""exam""}, {""entity"": ""revealed""}, {""entity"": ""pallor""}, {""entity"": ""hepat"
"PNN: 49,050/mm³, hemoglobin: 11.6g/dl, platelets: 328,000/mm³.","[{'id': '8686', 'offsets': array([0, 3]), 'role': '', 'semantic_type_id': '', 'text': 'PNN', 'type': 'EVENT'}
 {'id': '8701', 'offsets': array([17, 27]), 'role': '', 'semantic_type_id': '', 'text': 'hemoglobin', 'type': 'EVENT'}
 {'id': '8716', 'offsets': array([39, 48]), 'role': '', 'semantic_type_id': '', 'text': 'platelets', 'type': 'EVENT'}
 {'id': '10911', 'offsets': array([ 5, 15]), 'role': '', 'semantic_type_id': '', 'text': '49,050/mm³', 'type': 'RML'}
 {'id': '10917', 'offsets': array([29, 37]), 'role': '', 'semantic_type_id': '', 'text': '11.6g/dl', 'type': 'RML'}
 {'id': '10923', 'offsets': array([50, 61]), 'role': '', 'semantic_type_id': '', 'text': '328,000/mm³', 'type': 'RML'}]","A 12-year-old girl presented an abdominal pain, high persistent fever of (40°C) and severe fatigue. The physical exam revealed pallor, hepatomegaly, and grade III splenomegaly. The investigation revealed an elevated white blood cell count (WBC): 545,000/mm³. PNN: 49,050/mm³, hemoglobin: 11.6g/dl, platelets: 328,000/mm³. The patient's peripheral blood smear revealed marked leukocytosis with a significant number of immature myeloid precursors and 21% blasts. The analysis of the BCR-ABL shows 94% in the peripheral blood. The patient was diagnosed with CML. She received a chemotherapy protocol made of hyperalkalinisation, allopurinol, hydroxyurea and a treatment based on imatinib at the dose of 400mg per day. Patient achieved complete hematological remission at three months and complete cytogenetic remission at 12 months. The patient was readmitted into our pediatric department with complains of severe headache, vomiting, pain and bilateral visual loss since three days. On examination, patient was afebrile and appeared pale. Blood pressure was 100/60mm/hg and the heart rate 98 beat/minute. There was no lymphadenopathy and the nervous system examination was normal. Intraocular muscle testing was normal; however, there was an exophthalmia in both eyes. The pupil was sluggish to react to light. Fundoscopy revealed bilateral stade III disc edema and hemorrhages of the retina. She underwent a brain computed tomography (CT) scan with the suspicion of leukemic involvement or any other intracranial event (cerebral edema); however, nothing was found. A subsequent bone marrow exam showed no morphologic or molecular evidence of CML or acute leukemia. Cytological evaluation of cerebrospinal fluid (CSF) was also negative. The patient had no other known pathology that could be held responsible for retina edema. We suggested that it was a side effect of imatinib so its administration was temporary interrupted. The patient was put on an anti-edema therapy (mannitol, dexamethasone). However, few months later, the patient presented in the emergency room with a headache and severe vomiting. She described a recurrence of the same character of headaches accompanied with weakness of extremities and seizures. Nervous system examination revealed neck rigidity, presence of meningeal signs and lower limb paraplegia. CT of the brain revealed subdural chronic hematoma and a serpenginous gyriform enhancement around the contusion in the right parietal and occipital lobes. Analysis of the CSF collected showed lymphoblasts in a WBC count of 11000cells/ml. Flow cytometry of the CSF showed that blast cells were positive for a cluster of differentiation markers (CD) (CD34, CD19, CD10, CD22 and partially positive for CD45) confirming CNS extramedullary lymphoid blast infiltration. A bone marrow aspiration was done to evaluate the status of her chronic myelogenous leukemia and result was consistent with a chronic phase. Fundus examination showed bilateral optic atrophy.
The diagnosis of extramedullary isolated CNS blast crises (lymphoid type) was based on the presence of blasts in CSF (confirmed by flow cytometry).
The patient received a high-dose systemic induction chemotherapy and intrathecal therapy (methotrexate, arabinoside and dexamethasone). The imatinib was replaced by dasatinib at the dose of 100 mg per day. She was treated with 24 Gy of whole-brain radiation therapy.
Allogenic stem cell transplantation was not feasible. We noticed a rapidly progressive amelioration in her neurological status after finishing systemic chemotherapy and physical therapy; however, the patient's visual loss showed no signs of improvement.
",EN100543,"<|im_start|>user Extract the entities contained in the text. Extract only entities contained in the text.
Return the result in a json format: [{""entity"":""entity_name""}]. <<PNN: 49,050/mm³, hemoglobin: 11.6g/dl, platelets: 328,000/mm³.>>> <|im_end|><|im_start|>assistant[{""entity"": ""PNN""}, {""entity"": ""hemoglobin""}, {""entity"": ""platelets""}, {""entity"": ""49,050/mm³""}, {""entity"": ""11.6g/dl""}, {""entity"": ""328,000/mm³""}] <|im_end|>","<|im_start|>user Extract the entities contained in the text. Extract only entities contained in the text.
Return the result in a json format: [{""entity"":""entity_name""}]. <<<We present a case of a 32-year-old woman with a history of gradual enlargement of the anterior neck.>>> <|im_end|><|im_start|>assistant [{""entity"": ""present""}, {""entity"": ""history""}, {""entity"": ""enlargement""}] <|im_end|>
<|im_start|>user Extract the entities contained in the text. Extract only entities contained in the text.
Return the result in a json format: [{""entity"":""entity_name""}]. <<<Patient information: a 9-month-old boy presented to the emergency room with a 3-day history of refusal to bear weight on the right lower extremity and febrile peaks of up to 38.5°C for 24 hours.>>> <|im_end|><|im_start|>assistant [{""entity"": ""presented""}, {""entity"": ""refusal""}, {""entity"": ""bear""}, {""entity"": ""peaks""}] <|im_end|>
<|im_start|>user Extract the entities contained in the text. Extract only entities contained in the text.
Return the result in a json format: [{""entity"":""entity_name""}]. <<PNN: 49,050/mm³, hemoglobin: 11.6g/dl, platelets: 328,000/mm³.>>> <|im_end|><|im_start|>assistant","[{""entity"": ""PNN""}, {""entity"": ""hemoglobin""}, {""entity"": ""platelets""}, {""entity"": ""49,050/mm³""}, {""entity"": ""11.6g/dl""}, {""entity"": ""328,000/mm³""}] ","[{""entity"": ""PNN""}, {""entity"": ""hemoglobin""}, {""entity"": ""platelets""}, {""entity"": ""49"
The patient's peripheral blood smear revealed marked leukocytosis with a significant number of immature myeloid precursors and 21% blasts.,"[{'id': '8731', 'offsets': array([31, 36]), 'role': '', 'semantic_type_id': '', 'text': 'smear', 'type': 'EVENT'}
 {'id': '8746', 'offsets': array([37, 45]), 'role': '', 'semantic_type_id': '', 'text': 'revealed', 'type': 'EVENT'}
 {'id': '8761', 'offsets': array([53, 65]), 'role': '', 'semantic_type_id': '', 'text': 'leukocytosis', 'type': 'EVENT'}
 {'id': '10600', 'offsets': array([14, 30]), 'role': '', 'semantic_type_id': '', 'text': 'peripheral blood', 'type': 'BODYPART'}
 {'id': '10787', 'offsets': array([ 4, 13]), 'role': 'PATIENT', 'semantic_type_id': '', 'text': ""patient's"", 'type': 'ACTOR'}]","A 12-year-old girl presented an abdominal pain, high persistent fever of (40°C) and severe fatigue. The physical exam revealed pallor, hepatomegaly, and grade III splenomegaly. The investigation revealed an elevated white blood cell count (WBC): 545,000/mm³. PNN: 49,050/mm³, hemoglobin: 11.6g/dl, platelets: 328,000/mm³. The patient's peripheral blood smear revealed marked leukocytosis with a significant number of immature myeloid precursors and 21% blasts. The analysis of the BCR-ABL shows 94% in the peripheral blood. The patient was diagnosed with CML. She received a chemotherapy protocol made of hyperalkalinisation, allopurinol, hydroxyurea and a treatment based on imatinib at the dose of 400mg per day. Patient achieved complete hematological remission at three months and complete cytogenetic remission at 12 months. The patient was readmitted into our pediatric department with complains of severe headache, vomiting, pain and bilateral visual loss since three days. On examination, patient was afebrile and appeared pale. Blood pressure was 100/60mm/hg and the heart rate 98 beat/minute. There was no lymphadenopathy and the nervous system examination was normal. Intraocular muscle testing was normal; however, there was an exophthalmia in both eyes. The pupil was sluggish to react to light. Fundoscopy revealed bilateral stade III disc edema and hemorrhages of the retina. She underwent a brain computed tomography (CT) scan with the suspicion of leukemic involvement or any other intracranial event (cerebral edema); however, nothing was found. A subsequent bone marrow exam showed no morphologic or molecular evidence of CML or acute leukemia. Cytological evaluation of cerebrospinal fluid (CSF) was also negative. The patient had no other known pathology that could be held responsible for retina edema. We suggested that it was a side effect of imatinib so its administration was temporary interrupted. The patient was put on an anti-edema therapy (mannitol, dexamethasone). However, few months later, the patient presented in the emergency room with a headache and severe vomiting. She described a recurrence of the same character of headaches accompanied with weakness of extremities and seizures. Nervous system examination revealed neck rigidity, presence of meningeal signs and lower limb paraplegia. CT of the brain revealed subdural chronic hematoma and a serpenginous gyriform enhancement around the contusion in the right parietal and occipital lobes. Analysis of the CSF collected showed lymphoblasts in a WBC count of 11000cells/ml. Flow cytometry of the CSF showed that blast cells were positive for a cluster of differentiation markers (CD) (CD34, CD19, CD10, CD22 and partially positive for CD45) confirming CNS extramedullary lymphoid blast infiltration. A bone marrow aspiration was done to evaluate the status of her chronic myelogenous leukemia and result was consistent with a chronic phase. Fundus examination showed bilateral optic atrophy.
The diagnosis of extramedullary isolated CNS blast crises (lymphoid type) was based on the presence of blasts in CSF (confirmed by flow cytometry).
The patient received a high-dose systemic induction chemotherapy and intrathecal therapy (methotrexate, arabinoside and dexamethasone). The imatinib was replaced by dasatinib at the dose of 100 mg per day. She was treated with 24 Gy of whole-brain radiation therapy.
Allogenic stem cell transplantation was not feasible. We noticed a rapidly progressive amelioration in her neurological status after finishing systemic chemotherapy and physical therapy; however, the patient's visual loss showed no signs of improvement.
",EN100543,"<|im_start|>user Extract the entities contained in the text. Extract only entities contained in the text.
Return the result in a json format: [{""entity"":""entity_name""}]. <<The patient's peripheral blood smear revealed marked leukocytosis with a significant number of immature myeloid precursors and 21% blasts.>>> <|im_end|><|im_start|>assistant[{""entity"": ""smear""}, {""entity"": ""revealed""}, {""entity"": ""leukocytosis""}, {""entity"": ""peripheral blood""}, {""entity"": ""patient's""}] <|im_end|>","<|im_start|>user Extract the entities contained in the text. Extract only entities contained in the text.
Return the result in a json format: [{""entity"":""entity_name""}]. <<<We present a case of a 32-year-old woman with a history of gradual enlargement of the anterior neck.>>> <|im_end|><|im_start|>assistant [{""entity"": ""present""}, {""entity"": ""history""}, {""entity"": ""enlargement""}] <|im_end|>
<|im_start|>user Extract the entities contained in the text. Extract only entities contained in the text.
Return the result in a json format: [{""entity"":""entity_name""}]. <<<Patient information: a 9-month-old boy presented to the emergency room with a 3-day history of refusal to bear weight on the right lower extremity and febrile peaks of up to 38.5°C for 24 hours.>>> <|im_end|><|im_start|>assistant [{""entity"": ""presented""}, {""entity"": ""refusal""}, {""entity"": ""bear""}, {""entity"": ""peaks""}] <|im_end|>
<|im_start|>user Extract the entities contained in the text. Extract only entities contained in the text.
Return the result in a json format: [{""entity"":""entity_name""}]. <<The patient's peripheral blood smear revealed marked leukocytosis with a significant number of immature myeloid precursors and 21% blasts.>>> <|im_end|><|im_start|>assistant","[{""entity"": ""smear""}, {""entity"": ""revealed""}, {""entity"": ""leukocytosis""}, {""entity"": ""peripheral blood""}, {""entity"": ""patient's""}] ","[{""entity"": ""smear""}, {""entity"": ""revealed""}, {""entity"": ""leukocytosis""}, {""entity"":"
The analysis of the BCR-ABL shows 94% in the peripheral blood.,"[{'id': '8776', 'offsets': array([20, 27]), 'role': '', 'semantic_type_id': '', 'text': 'BCR-ABL', 'type': 'EVENT'}
 {'id': '8791', 'offsets': array([28, 33]), 'role': '', 'semantic_type_id': '', 'text': 'shows', 'type': 'EVENT'}
 {'id': '10606', 'offsets': array([41, 61]), 'role': '', 'semantic_type_id': '', 'text': 'the peripheral blood', 'type': 'BODYPART'}
 {'id': '10929', 'offsets': array([34, 37]), 'role': '', 'semantic_type_id': '', 'text': '94%', 'type': 'RML'}]","A 12-year-old girl presented an abdominal pain, high persistent fever of (40°C) and severe fatigue. The physical exam revealed pallor, hepatomegaly, and grade III splenomegaly. The investigation revealed an elevated white blood cell count (WBC): 545,000/mm³. PNN: 49,050/mm³, hemoglobin: 11.6g/dl, platelets: 328,000/mm³. The patient's peripheral blood smear revealed marked leukocytosis with a significant number of immature myeloid precursors and 21% blasts. The analysis of the BCR-ABL shows 94% in the peripheral blood. The patient was diagnosed with CML. She received a chemotherapy protocol made of hyperalkalinisation, allopurinol, hydroxyurea and a treatment based on imatinib at the dose of 400mg per day. Patient achieved complete hematological remission at three months and complete cytogenetic remission at 12 months. The patient was readmitted into our pediatric department with complains of severe headache, vomiting, pain and bilateral visual loss since three days. On examination, patient was afebrile and appeared pale. Blood pressure was 100/60mm/hg and the heart rate 98 beat/minute. There was no lymphadenopathy and the nervous system examination was normal. Intraocular muscle testing was normal; however, there was an exophthalmia in both eyes. The pupil was sluggish to react to light. Fundoscopy revealed bilateral stade III disc edema and hemorrhages of the retina. She underwent a brain computed tomography (CT) scan with the suspicion of leukemic involvement or any other intracranial event (cerebral edema); however, nothing was found. A subsequent bone marrow exam showed no morphologic or molecular evidence of CML or acute leukemia. Cytological evaluation of cerebrospinal fluid (CSF) was also negative. The patient had no other known pathology that could be held responsible for retina edema. We suggested that it was a side effect of imatinib so its administration was temporary interrupted. The patient was put on an anti-edema therapy (mannitol, dexamethasone). However, few months later, the patient presented in the emergency room with a headache and severe vomiting. She described a recurrence of the same character of headaches accompanied with weakness of extremities and seizures. Nervous system examination revealed neck rigidity, presence of meningeal signs and lower limb paraplegia. CT of the brain revealed subdural chronic hematoma and a serpenginous gyriform enhancement around the contusion in the right parietal and occipital lobes. Analysis of the CSF collected showed lymphoblasts in a WBC count of 11000cells/ml. Flow cytometry of the CSF showed that blast cells were positive for a cluster of differentiation markers (CD) (CD34, CD19, CD10, CD22 and partially positive for CD45) confirming CNS extramedullary lymphoid blast infiltration. A bone marrow aspiration was done to evaluate the status of her chronic myelogenous leukemia and result was consistent with a chronic phase. Fundus examination showed bilateral optic atrophy.
The diagnosis of extramedullary isolated CNS blast crises (lymphoid type) was based on the presence of blasts in CSF (confirmed by flow cytometry).
The patient received a high-dose systemic induction chemotherapy and intrathecal therapy (methotrexate, arabinoside and dexamethasone). The imatinib was replaced by dasatinib at the dose of 100 mg per day. She was treated with 24 Gy of whole-brain radiation therapy.
Allogenic stem cell transplantation was not feasible. We noticed a rapidly progressive amelioration in her neurological status after finishing systemic chemotherapy and physical therapy; however, the patient's visual loss showed no signs of improvement.
",EN100543,"<|im_start|>user Extract the entities contained in the text. Extract only entities contained in the text.
Return the result in a json format: [{""entity"":""entity_name""}]. <<The analysis of the BCR-ABL shows 94% in the peripheral blood.>>> <|im_end|><|im_start|>assistant[{""entity"": ""BCR-ABL""}, {""entity"": ""shows""}, {""entity"": ""the peripheral blood""}, {""entity"": ""94%""}] <|im_end|>","<|im_start|>user Extract the entities contained in the text. Extract only entities contained in the text.
Return the result in a json format: [{""entity"":""entity_name""}]. <<<We present a case of a 32-year-old woman with a history of gradual enlargement of the anterior neck.>>> <|im_end|><|im_start|>assistant [{""entity"": ""present""}, {""entity"": ""history""}, {""entity"": ""enlargement""}] <|im_end|>
<|im_start|>user Extract the entities contained in the text. Extract only entities contained in the text.
Return the result in a json format: [{""entity"":""entity_name""}]. <<<Patient information: a 9-month-old boy presented to the emergency room with a 3-day history of refusal to bear weight on the right lower extremity and febrile peaks of up to 38.5°C for 24 hours.>>> <|im_end|><|im_start|>assistant [{""entity"": ""presented""}, {""entity"": ""refusal""}, {""entity"": ""bear""}, {""entity"": ""peaks""}] <|im_end|>
<|im_start|>user Extract the entities contained in the text. Extract only entities contained in the text.
Return the result in a json format: [{""entity"":""entity_name""}]. <<The analysis of the BCR-ABL shows 94% in the peripheral blood.>>> <|im_end|><|im_start|>assistant","[{""entity"": ""BCR-ABL""}, {""entity"": ""shows""}, {""entity"": ""the peripheral blood""}, {""entity"": ""94%""}] ","[{""entity"": ""analysis""}, {""entity"": ""show""}, {""entity"": ""94%""}, {""entity"": ""blood""}, {"""
The patient was diagnosed with CML.,"[{'id': '8806', 'offsets': array([16, 25]), 'role': '', 'semantic_type_id': '', 'text': 'diagnosed', 'type': 'EVENT'}
 {'id': '8821', 'offsets': array([31, 34]), 'role': '', 'semantic_type_id': '', 'text': 'CML', 'type': 'EVENT'}
 {'id': '10461', 'offsets': array([31, 34]), 'role': '', 'semantic_type_id': 'C0023473', 'text': 'CML', 'type': 'CLINENTITY'}
 {'id': '10794', 'offsets': array([ 0, 11]), 'role': 'PATIENT', 'semantic_type_id': '', 'text': 'The patient', 'type': 'ACTOR'}]","A 12-year-old girl presented an abdominal pain, high persistent fever of (40°C) and severe fatigue. The physical exam revealed pallor, hepatomegaly, and grade III splenomegaly. The investigation revealed an elevated white blood cell count (WBC): 545,000/mm³. PNN: 49,050/mm³, hemoglobin: 11.6g/dl, platelets: 328,000/mm³. The patient's peripheral blood smear revealed marked leukocytosis with a significant number of immature myeloid precursors and 21% blasts. The analysis of the BCR-ABL shows 94% in the peripheral blood. The patient was diagnosed with CML. She received a chemotherapy protocol made of hyperalkalinisation, allopurinol, hydroxyurea and a treatment based on imatinib at the dose of 400mg per day. Patient achieved complete hematological remission at three months and complete cytogenetic remission at 12 months. The patient was readmitted into our pediatric department with complains of severe headache, vomiting, pain and bilateral visual loss since three days. On examination, patient was afebrile and appeared pale. Blood pressure was 100/60mm/hg and the heart rate 98 beat/minute. There was no lymphadenopathy and the nervous system examination was normal. Intraocular muscle testing was normal; however, there was an exophthalmia in both eyes. The pupil was sluggish to react to light. Fundoscopy revealed bilateral stade III disc edema and hemorrhages of the retina. She underwent a brain computed tomography (CT) scan with the suspicion of leukemic involvement or any other intracranial event (cerebral edema); however, nothing was found. A subsequent bone marrow exam showed no morphologic or molecular evidence of CML or acute leukemia. Cytological evaluation of cerebrospinal fluid (CSF) was also negative. The patient had no other known pathology that could be held responsible for retina edema. We suggested that it was a side effect of imatinib so its administration was temporary interrupted. The patient was put on an anti-edema therapy (mannitol, dexamethasone). However, few months later, the patient presented in the emergency room with a headache and severe vomiting. She described a recurrence of the same character of headaches accompanied with weakness of extremities and seizures. Nervous system examination revealed neck rigidity, presence of meningeal signs and lower limb paraplegia. CT of the brain revealed subdural chronic hematoma and a serpenginous gyriform enhancement around the contusion in the right parietal and occipital lobes. Analysis of the CSF collected showed lymphoblasts in a WBC count of 11000cells/ml. Flow cytometry of the CSF showed that blast cells were positive for a cluster of differentiation markers (CD) (CD34, CD19, CD10, CD22 and partially positive for CD45) confirming CNS extramedullary lymphoid blast infiltration. A bone marrow aspiration was done to evaluate the status of her chronic myelogenous leukemia and result was consistent with a chronic phase. Fundus examination showed bilateral optic atrophy.
The diagnosis of extramedullary isolated CNS blast crises (lymphoid type) was based on the presence of blasts in CSF (confirmed by flow cytometry).
The patient received a high-dose systemic induction chemotherapy and intrathecal therapy (methotrexate, arabinoside and dexamethasone). The imatinib was replaced by dasatinib at the dose of 100 mg per day. She was treated with 24 Gy of whole-brain radiation therapy.
Allogenic stem cell transplantation was not feasible. We noticed a rapidly progressive amelioration in her neurological status after finishing systemic chemotherapy and physical therapy; however, the patient's visual loss showed no signs of improvement.
",EN100543,"<|im_start|>user Extract the entities contained in the text. Extract only entities contained in the text.
Return the result in a json format: [{""entity"":""entity_name""}]. <<The patient was diagnosed with CML.>>> <|im_end|><|im_start|>assistant[{""entity"": ""diagnosed""}, {""entity"": ""CML""}, {""entity"": ""CML""}, {""entity"": ""The patient""}] <|im_end|>","<|im_start|>user Extract the entities contained in the text. Extract only entities contained in the text.
Return the result in a json format: [{""entity"":""entity_name""}]. <<<We present a case of a 32-year-old woman with a history of gradual enlargement of the anterior neck.>>> <|im_end|><|im_start|>assistant [{""entity"": ""present""}, {""entity"": ""history""}, {""entity"": ""enlargement""}] <|im_end|>
<|im_start|>user Extract the entities contained in the text. Extract only entities contained in the text.
Return the result in a json format: [{""entity"":""entity_name""}]. <<<Patient information: a 9-month-old boy presented to the emergency room with a 3-day history of refusal to bear weight on the right lower extremity and febrile peaks of up to 38.5°C for 24 hours.>>> <|im_end|><|im_start|>assistant [{""entity"": ""presented""}, {""entity"": ""refusal""}, {""entity"": ""bear""}, {""entity"": ""peaks""}] <|im_end|>
<|im_start|>user Extract the entities contained in the text. Extract only entities contained in the text.
Return the result in a json format: [{""entity"":""entity_name""}]. <<The patient was diagnosed with CML.>>> <|im_end|><|im_start|>assistant","[{""entity"": ""diagnosed""}, {""entity"": ""CML""}, {""entity"": ""CML""}, {""entity"": ""The patient""}] ","[{""entity"": ""diagnosed""}, {""entity"": ""CML""}, {""entity"": ""The patient""}] <|im_end|><|im_end|><|im_end|>"
Patient achieved complete hematological remission at three months and complete cytogenetic remission at 12 months.,"[{'id': '8926', 'offsets': array([40, 49]), 'role': '', 'semantic_type_id': '', 'text': 'remission', 'type': 'EVENT'}
 {'id': '8941', 'offsets': array([ 91, 100]), 'role': '', 'semantic_type_id': '', 'text': 'remission', 'type': 'EVENT'}
 {'id': '10808', 'offsets': array([0, 7]), 'role': 'PATIENT', 'semantic_type_id': '', 'text': 'Patient', 'type': 'ACTOR'}
 {'id': '10992', 'offsets': array([53, 65]), 'role': '', 'semantic_type_id': '', 'text': 'three months', 'type': 'TIMEX3'}
 {'id': '11001', 'offsets': array([104, 113]), 'role': '', 'semantic_type_id': '', 'text': '12 months', 'type': 'TIMEX3'}]","A 12-year-old girl presented an abdominal pain, high persistent fever of (40°C) and severe fatigue. The physical exam revealed pallor, hepatomegaly, and grade III splenomegaly. The investigation revealed an elevated white blood cell count (WBC): 545,000/mm³. PNN: 49,050/mm³, hemoglobin: 11.6g/dl, platelets: 328,000/mm³. The patient's peripheral blood smear revealed marked leukocytosis with a significant number of immature myeloid precursors and 21% blasts. The analysis of the BCR-ABL shows 94% in the peripheral blood. The patient was diagnosed with CML. She received a chemotherapy protocol made of hyperalkalinisation, allopurinol, hydroxyurea and a treatment based on imatinib at the dose of 400mg per day. Patient achieved complete hematological remission at three months and complete cytogenetic remission at 12 months. The patient was readmitted into our pediatric department with complains of severe headache, vomiting, pain and bilateral visual loss since three days. On examination, patient was afebrile and appeared pale. Blood pressure was 100/60mm/hg and the heart rate 98 beat/minute. There was no lymphadenopathy and the nervous system examination was normal. Intraocular muscle testing was normal; however, there was an exophthalmia in both eyes. The pupil was sluggish to react to light. Fundoscopy revealed bilateral stade III disc edema and hemorrhages of the retina. She underwent a brain computed tomography (CT) scan with the suspicion of leukemic involvement or any other intracranial event (cerebral edema); however, nothing was found. A subsequent bone marrow exam showed no morphologic or molecular evidence of CML or acute leukemia. Cytological evaluation of cerebrospinal fluid (CSF) was also negative. The patient had no other known pathology that could be held responsible for retina edema. We suggested that it was a side effect of imatinib so its administration was temporary interrupted. The patient was put on an anti-edema therapy (mannitol, dexamethasone). However, few months later, the patient presented in the emergency room with a headache and severe vomiting. She described a recurrence of the same character of headaches accompanied with weakness of extremities and seizures. Nervous system examination revealed neck rigidity, presence of meningeal signs and lower limb paraplegia. CT of the brain revealed subdural chronic hematoma and a serpenginous gyriform enhancement around the contusion in the right parietal and occipital lobes. Analysis of the CSF collected showed lymphoblasts in a WBC count of 11000cells/ml. Flow cytometry of the CSF showed that blast cells were positive for a cluster of differentiation markers (CD) (CD34, CD19, CD10, CD22 and partially positive for CD45) confirming CNS extramedullary lymphoid blast infiltration. A bone marrow aspiration was done to evaluate the status of her chronic myelogenous leukemia and result was consistent with a chronic phase. Fundus examination showed bilateral optic atrophy.
The diagnosis of extramedullary isolated CNS blast crises (lymphoid type) was based on the presence of blasts in CSF (confirmed by flow cytometry).
The patient received a high-dose systemic induction chemotherapy and intrathecal therapy (methotrexate, arabinoside and dexamethasone). The imatinib was replaced by dasatinib at the dose of 100 mg per day. She was treated with 24 Gy of whole-brain radiation therapy.
Allogenic stem cell transplantation was not feasible. We noticed a rapidly progressive amelioration in her neurological status after finishing systemic chemotherapy and physical therapy; however, the patient's visual loss showed no signs of improvement.
",EN100543,"<|im_start|>user Extract the entities contained in the text. Extract only entities contained in the text.
Return the result in a json format: [{""entity"":""entity_name""}]. <<Patient achieved complete hematological remission at three months and complete cytogenetic remission at 12 months.>>> <|im_end|><|im_start|>assistant[{""entity"": ""remission""}, {""entity"": ""remission""}, {""entity"": ""Patient""}, {""entity"": ""three months""}, {""entity"": ""12 months""}] <|im_end|>","<|im_start|>user Extract the entities contained in the text. Extract only entities contained in the text.
Return the result in a json format: [{""entity"":""entity_name""}]. <<<We present a case of a 32-year-old woman with a history of gradual enlargement of the anterior neck.>>> <|im_end|><|im_start|>assistant [{""entity"": ""present""}, {""entity"": ""history""}, {""entity"": ""enlargement""}] <|im_end|>
<|im_start|>user Extract the entities contained in the text. Extract only entities contained in the text.
Return the result in a json format: [{""entity"":""entity_name""}]. <<<Patient information: a 9-month-old boy presented to the emergency room with a 3-day history of refusal to bear weight on the right lower extremity and febrile peaks of up to 38.5°C for 24 hours.>>> <|im_end|><|im_start|>assistant [{""entity"": ""presented""}, {""entity"": ""refusal""}, {""entity"": ""bear""}, {""entity"": ""peaks""}] <|im_end|>
<|im_start|>user Extract the entities contained in the text. Extract only entities contained in the text.
Return the result in a json format: [{""entity"":""entity_name""}]. <<Patient achieved complete hematological remission at three months and complete cytogenetic remission at 12 months.>>> <|im_end|><|im_start|>assistant","[{""entity"": ""remission""}, {""entity"": ""remission""}, {""entity"": ""Patient""}, {""entity"": ""three months""}, {""entity"": ""12 months""}] ","[{""entity"": ""remission""}, {""entity"": ""remission""}, {""entity"": ""achieved""}, {""entity"": ""three months"
"The patient was readmitted into our pediatric department with complains of severe headache, vomiting, pain and bilateral visual loss since three days.","[{'id': '8956', 'offsets': array([16, 26]), 'role': '', 'semantic_type_id': '', 'text': 'readmitted', 'type': 'EVENT'}
 {'id': '8971', 'offsets': array([62, 71]), 'role': '', 'semantic_type_id': '', 'text': 'complains', 'type': 'EVENT'}
 {'id': '8986', 'offsets': array([82, 90]), 'role': '', 'semantic_type_id': '', 'text': 'headache', 'type': 'EVENT'}
 {'id': '9001', 'offsets': array([ 92, 100]), 'role': '', 'semantic_type_id': '', 'text': 'vomiting', 'type': 'EVENT'}
 {'id': '9016', 'offsets': array([102, 106]), 'role': '', 'semantic_type_id': '', 'text': 'pain', 'type': 'EVENT'}
 {'id': '9031', 'offsets': array([128, 132]), 'role': '', 'semantic_type_id': '', 'text': 'loss', 'type': 'EVENT'}
 {'id': '10468', 'offsets': array([75, 90]), 'role': '', 'semantic_type_id': 'C2957106', 'text': 'severe headache', 'type': 'CLINENTITY'}
 {'id': '10475', 'offsets': array([ 92, 100]), 'role': '', 'semantic_type_id': 'C0042963', 'text': 'vomiting', 'type': 'CLINENTITY'}
 {'id': '10482', 'offsets': array([102, 106]), 'role': '', 'semantic_type_id': 'C0030193', 'text': 'pain', 'type': 'CLINENTITY'}
 {'id': '10489', 'offsets': array([111, 132]), 'role': '', 'semantic_type_id': 'C2145415', 'text': 'bilateral visual loss', 'type': 'CLINENTITY'}
 {'id': '10815', 'offsets': array([ 0, 11]), 'role': 'PATIENT', 'semantic_type_id': '', 'text': 'The patient', 'type': 'ACTOR'}
 {'id': '11010', 'offsets': array([139, 149]), 'role': '', 'semantic_type_id': '', 'text': 'three days', 'type': 'TIMEX3'}]","A 12-year-old girl presented an abdominal pain, high persistent fever of (40°C) and severe fatigue. The physical exam revealed pallor, hepatomegaly, and grade III splenomegaly. The investigation revealed an elevated white blood cell count (WBC): 545,000/mm³. PNN: 49,050/mm³, hemoglobin: 11.6g/dl, platelets: 328,000/mm³. The patient's peripheral blood smear revealed marked leukocytosis with a significant number of immature myeloid precursors and 21% blasts. The analysis of the BCR-ABL shows 94% in the peripheral blood. The patient was diagnosed with CML. She received a chemotherapy protocol made of hyperalkalinisation, allopurinol, hydroxyurea and a treatment based on imatinib at the dose of 400mg per day. Patient achieved complete hematological remission at three months and complete cytogenetic remission at 12 months. The patient was readmitted into our pediatric department with complains of severe headache, vomiting, pain and bilateral visual loss since three days. On examination, patient was afebrile and appeared pale. Blood pressure was 100/60mm/hg and the heart rate 98 beat/minute. There was no lymphadenopathy and the nervous system examination was normal. Intraocular muscle testing was normal; however, there was an exophthalmia in both eyes. The pupil was sluggish to react to light. Fundoscopy revealed bilateral stade III disc edema and hemorrhages of the retina. She underwent a brain computed tomography (CT) scan with the suspicion of leukemic involvement or any other intracranial event (cerebral edema); however, nothing was found. A subsequent bone marrow exam showed no morphologic or molecular evidence of CML or acute leukemia. Cytological evaluation of cerebrospinal fluid (CSF) was also negative. The patient had no other known pathology that could be held responsible for retina edema. We suggested that it was a side effect of imatinib so its administration was temporary interrupted. The patient was put on an anti-edema therapy (mannitol, dexamethasone). However, few months later, the patient presented in the emergency room with a headache and severe vomiting. She described a recurrence of the same character of headaches accompanied with weakness of extremities and seizures. Nervous system examination revealed neck rigidity, presence of meningeal signs and lower limb paraplegia. CT of the brain revealed subdural chronic hematoma and a serpenginous gyriform enhancement around the contusion in the right parietal and occipital lobes. Analysis of the CSF collected showed lymphoblasts in a WBC count of 11000cells/ml. Flow cytometry of the CSF showed that blast cells were positive for a cluster of differentiation markers (CD) (CD34, CD19, CD10, CD22 and partially positive for CD45) confirming CNS extramedullary lymphoid blast infiltration. A bone marrow aspiration was done to evaluate the status of her chronic myelogenous leukemia and result was consistent with a chronic phase. Fundus examination showed bilateral optic atrophy.
The diagnosis of extramedullary isolated CNS blast crises (lymphoid type) was based on the presence of blasts in CSF (confirmed by flow cytometry).
The patient received a high-dose systemic induction chemotherapy and intrathecal therapy (methotrexate, arabinoside and dexamethasone). The imatinib was replaced by dasatinib at the dose of 100 mg per day. She was treated with 24 Gy of whole-brain radiation therapy.
Allogenic stem cell transplantation was not feasible. We noticed a rapidly progressive amelioration in her neurological status after finishing systemic chemotherapy and physical therapy; however, the patient's visual loss showed no signs of improvement.
",EN100543,"<|im_start|>user Extract the entities contained in the text. Extract only entities contained in the text.
Return the result in a json format: [{""entity"":""entity_name""}]. <<The patient was readmitted into our pediatric department with complains of severe headache, vomiting, pain and bilateral visual loss since three days.>>> <|im_end|><|im_start|>assistant[{""entity"": ""readmitted""}, {""entity"": ""complains""}, {""entity"": ""headache""}, {""entity"": ""vomiting""}, {""entity"": ""pain""}, {""entity"": ""loss""}, {""entity"": ""severe headache""}, {""entity"": ""vomiting""}, {""entity"": ""pain""}, {""entity"": ""bilateral visual loss""}, {""entity"": ""The patient""}, {""entity"": ""three days""}] <|im_end|>","<|im_start|>user Extract the entities contained in the text. Extract only entities contained in the text.
Return the result in a json format: [{""entity"":""entity_name""}]. <<<We present a case of a 32-year-old woman with a history of gradual enlargement of the anterior neck.>>> <|im_end|><|im_start|>assistant [{""entity"": ""present""}, {""entity"": ""history""}, {""entity"": ""enlargement""}] <|im_end|>
<|im_start|>user Extract the entities contained in the text. Extract only entities contained in the text.
Return the result in a json format: [{""entity"":""entity_name""}]. <<<Patient information: a 9-month-old boy presented to the emergency room with a 3-day history of refusal to bear weight on the right lower extremity and febrile peaks of up to 38.5°C for 24 hours.>>> <|im_end|><|im_start|>assistant [{""entity"": ""presented""}, {""entity"": ""refusal""}, {""entity"": ""bear""}, {""entity"": ""peaks""}] <|im_end|>
<|im_start|>user Extract the entities contained in the text. Extract only entities contained in the text.
Return the result in a json format: [{""entity"":""entity_name""}]. <<The patient was readmitted into our pediatric department with complains of severe headache, vomiting, pain and bilateral visual loss since three days.>>> <|im_end|><|im_start|>assistant","[{""entity"": ""readmitted""}, {""entity"": ""complains""}, {""entity"": ""headache""}, {""entity"": ""vomiting""}, {""entity"": ""pain""}, {""entity"": ""loss""}, {""entity"": ""severe headache""}, {""entity"": ""vomiting""}, {""entity"": ""pain""}, {""entity"": ""bilateral visual loss""}, {""entity"": ""The patient""}, {""entity"": ""three days""}] ","[{""entity"": ""readmitted""}, {""entity"": ""complains""}, {""entity"": ""headache""}, {""entity"": ""v"
"On examination, patient was afebrile and appeared pale.","[{'id': '9046', 'offsets': array([ 3, 14]), 'role': '', 'semantic_type_id': '', 'text': 'examination', 'type': 'EVENT'}
 {'id': '9061', 'offsets': array([28, 36]), 'role': '', 'semantic_type_id': '', 'text': 'afebrile', 'type': 'EVENT'}
 {'id': '9076', 'offsets': array([50, 54]), 'role': '', 'semantic_type_id': '', 'text': 'pale', 'type': 'EVENT'}
 {'id': '10822', 'offsets': array([16, 23]), 'role': 'PATIENT', 'semantic_type_id': '', 'text': 'patient', 'type': 'ACTOR'}]","A 12-year-old girl presented an abdominal pain, high persistent fever of (40°C) and severe fatigue. The physical exam revealed pallor, hepatomegaly, and grade III splenomegaly. The investigation revealed an elevated white blood cell count (WBC): 545,000/mm³. PNN: 49,050/mm³, hemoglobin: 11.6g/dl, platelets: 328,000/mm³. The patient's peripheral blood smear revealed marked leukocytosis with a significant number of immature myeloid precursors and 21% blasts. The analysis of the BCR-ABL shows 94% in the peripheral blood. The patient was diagnosed with CML. She received a chemotherapy protocol made of hyperalkalinisation, allopurinol, hydroxyurea and a treatment based on imatinib at the dose of 400mg per day. Patient achieved complete hematological remission at three months and complete cytogenetic remission at 12 months. The patient was readmitted into our pediatric department with complains of severe headache, vomiting, pain and bilateral visual loss since three days. On examination, patient was afebrile and appeared pale. Blood pressure was 100/60mm/hg and the heart rate 98 beat/minute. There was no lymphadenopathy and the nervous system examination was normal. Intraocular muscle testing was normal; however, there was an exophthalmia in both eyes. The pupil was sluggish to react to light. Fundoscopy revealed bilateral stade III disc edema and hemorrhages of the retina. She underwent a brain computed tomography (CT) scan with the suspicion of leukemic involvement or any other intracranial event (cerebral edema); however, nothing was found. A subsequent bone marrow exam showed no morphologic or molecular evidence of CML or acute leukemia. Cytological evaluation of cerebrospinal fluid (CSF) was also negative. The patient had no other known pathology that could be held responsible for retina edema. We suggested that it was a side effect of imatinib so its administration was temporary interrupted. The patient was put on an anti-edema therapy (mannitol, dexamethasone). However, few months later, the patient presented in the emergency room with a headache and severe vomiting. She described a recurrence of the same character of headaches accompanied with weakness of extremities and seizures. Nervous system examination revealed neck rigidity, presence of meningeal signs and lower limb paraplegia. CT of the brain revealed subdural chronic hematoma and a serpenginous gyriform enhancement around the contusion in the right parietal and occipital lobes. Analysis of the CSF collected showed lymphoblasts in a WBC count of 11000cells/ml. Flow cytometry of the CSF showed that blast cells were positive for a cluster of differentiation markers (CD) (CD34, CD19, CD10, CD22 and partially positive for CD45) confirming CNS extramedullary lymphoid blast infiltration. A bone marrow aspiration was done to evaluate the status of her chronic myelogenous leukemia and result was consistent with a chronic phase. Fundus examination showed bilateral optic atrophy.
The diagnosis of extramedullary isolated CNS blast crises (lymphoid type) was based on the presence of blasts in CSF (confirmed by flow cytometry).
The patient received a high-dose systemic induction chemotherapy and intrathecal therapy (methotrexate, arabinoside and dexamethasone). The imatinib was replaced by dasatinib at the dose of 100 mg per day. She was treated with 24 Gy of whole-brain radiation therapy.
Allogenic stem cell transplantation was not feasible. We noticed a rapidly progressive amelioration in her neurological status after finishing systemic chemotherapy and physical therapy; however, the patient's visual loss showed no signs of improvement.
",EN100543,"<|im_start|>user Extract the entities contained in the text. Extract only entities contained in the text.
Return the result in a json format: [{""entity"":""entity_name""}]. <<On examination, patient was afebrile and appeared pale.>>> <|im_end|><|im_start|>assistant[{""entity"": ""examination""}, {""entity"": ""afebrile""}, {""entity"": ""pale""}, {""entity"": ""patient""}] <|im_end|>","<|im_start|>user Extract the entities contained in the text. Extract only entities contained in the text.
Return the result in a json format: [{""entity"":""entity_name""}]. <<<We present a case of a 32-year-old woman with a history of gradual enlargement of the anterior neck.>>> <|im_end|><|im_start|>assistant [{""entity"": ""present""}, {""entity"": ""history""}, {""entity"": ""enlargement""}] <|im_end|>
<|im_start|>user Extract the entities contained in the text. Extract only entities contained in the text.
Return the result in a json format: [{""entity"":""entity_name""}]. <<<Patient information: a 9-month-old boy presented to the emergency room with a 3-day history of refusal to bear weight on the right lower extremity and febrile peaks of up to 38.5°C for 24 hours.>>> <|im_end|><|im_start|>assistant [{""entity"": ""presented""}, {""entity"": ""refusal""}, {""entity"": ""bear""}, {""entity"": ""peaks""}] <|im_end|>
<|im_start|>user Extract the entities contained in the text. Extract only entities contained in the text.
Return the result in a json format: [{""entity"":""entity_name""}]. <<On examination, patient was afebrile and appeared pale.>>> <|im_end|><|im_start|>assistant","[{""entity"": ""examination""}, {""entity"": ""afebrile""}, {""entity"": ""pale""}, {""entity"": ""patient""}] ","[{""entity"": ""examination""}, {""entity"": ""afebrile""}, {""entity"": ""appeared""}, {""entity"": ""pale"
Blood pressure was 100/60mm/hg and the heart rate 98 beat/minute.,"[{'id': '9091', 'offsets': array([ 6, 14]), 'role': '', 'semantic_type_id': '', 'text': 'pressure', 'type': 'EVENT'}
 {'id': '9106', 'offsets': array([45, 49]), 'role': '', 'semantic_type_id': '', 'text': 'rate', 'type': 'EVENT'}
 {'id': '10612', 'offsets': array([0, 5]), 'role': '', 'semantic_type_id': '', 'text': 'Blood', 'type': 'BODYPART'}
 {'id': '10618', 'offsets': array([39, 44]), 'role': '', 'semantic_type_id': '', 'text': 'heart', 'type': 'BODYPART'}
 {'id': '10935', 'offsets': array([19, 30]), 'role': '', 'semantic_type_id': '', 'text': '100/60mm/hg', 'type': 'RML'}
 {'id': '10941', 'offsets': array([50, 64]), 'role': '', 'semantic_type_id': '', 'text': '98 beat/minute', 'type': 'RML'}]","A 12-year-old girl presented an abdominal pain, high persistent fever of (40°C) and severe fatigue. The physical exam revealed pallor, hepatomegaly, and grade III splenomegaly. The investigation revealed an elevated white blood cell count (WBC): 545,000/mm³. PNN: 49,050/mm³, hemoglobin: 11.6g/dl, platelets: 328,000/mm³. The patient's peripheral blood smear revealed marked leukocytosis with a significant number of immature myeloid precursors and 21% blasts. The analysis of the BCR-ABL shows 94% in the peripheral blood. The patient was diagnosed with CML. She received a chemotherapy protocol made of hyperalkalinisation, allopurinol, hydroxyurea and a treatment based on imatinib at the dose of 400mg per day. Patient achieved complete hematological remission at three months and complete cytogenetic remission at 12 months. The patient was readmitted into our pediatric department with complains of severe headache, vomiting, pain and bilateral visual loss since three days. On examination, patient was afebrile and appeared pale. Blood pressure was 100/60mm/hg and the heart rate 98 beat/minute. There was no lymphadenopathy and the nervous system examination was normal. Intraocular muscle testing was normal; however, there was an exophthalmia in both eyes. The pupil was sluggish to react to light. Fundoscopy revealed bilateral stade III disc edema and hemorrhages of the retina. She underwent a brain computed tomography (CT) scan with the suspicion of leukemic involvement or any other intracranial event (cerebral edema); however, nothing was found. A subsequent bone marrow exam showed no morphologic or molecular evidence of CML or acute leukemia. Cytological evaluation of cerebrospinal fluid (CSF) was also negative. The patient had no other known pathology that could be held responsible for retina edema. We suggested that it was a side effect of imatinib so its administration was temporary interrupted. The patient was put on an anti-edema therapy (mannitol, dexamethasone). However, few months later, the patient presented in the emergency room with a headache and severe vomiting. She described a recurrence of the same character of headaches accompanied with weakness of extremities and seizures. Nervous system examination revealed neck rigidity, presence of meningeal signs and lower limb paraplegia. CT of the brain revealed subdural chronic hematoma and a serpenginous gyriform enhancement around the contusion in the right parietal and occipital lobes. Analysis of the CSF collected showed lymphoblasts in a WBC count of 11000cells/ml. Flow cytometry of the CSF showed that blast cells were positive for a cluster of differentiation markers (CD) (CD34, CD19, CD10, CD22 and partially positive for CD45) confirming CNS extramedullary lymphoid blast infiltration. A bone marrow aspiration was done to evaluate the status of her chronic myelogenous leukemia and result was consistent with a chronic phase. Fundus examination showed bilateral optic atrophy.
The diagnosis of extramedullary isolated CNS blast crises (lymphoid type) was based on the presence of blasts in CSF (confirmed by flow cytometry).
The patient received a high-dose systemic induction chemotherapy and intrathecal therapy (methotrexate, arabinoside and dexamethasone). The imatinib was replaced by dasatinib at the dose of 100 mg per day. She was treated with 24 Gy of whole-brain radiation therapy.
Allogenic stem cell transplantation was not feasible. We noticed a rapidly progressive amelioration in her neurological status after finishing systemic chemotherapy and physical therapy; however, the patient's visual loss showed no signs of improvement.
",EN100543,"<|im_start|>user Extract the entities contained in the text. Extract only entities contained in the text.
Return the result in a json format: [{""entity"":""entity_name""}]. <<Blood pressure was 100/60mm/hg and the heart rate 98 beat/minute.>>> <|im_end|><|im_start|>assistant[{""entity"": ""pressure""}, {""entity"": ""rate""}, {""entity"": ""Blood""}, {""entity"": ""heart""}, {""entity"": ""100/60mm/hg""}, {""entity"": ""98 beat/minute""}] <|im_end|>","<|im_start|>user Extract the entities contained in the text. Extract only entities contained in the text.
Return the result in a json format: [{""entity"":""entity_name""}]. <<<We present a case of a 32-year-old woman with a history of gradual enlargement of the anterior neck.>>> <|im_end|><|im_start|>assistant [{""entity"": ""present""}, {""entity"": ""history""}, {""entity"": ""enlargement""}] <|im_end|>
<|im_start|>user Extract the entities contained in the text. Extract only entities contained in the text.
Return the result in a json format: [{""entity"":""entity_name""}]. <<<Patient information: a 9-month-old boy presented to the emergency room with a 3-day history of refusal to bear weight on the right lower extremity and febrile peaks of up to 38.5°C for 24 hours.>>> <|im_end|><|im_start|>assistant [{""entity"": ""presented""}, {""entity"": ""refusal""}, {""entity"": ""bear""}, {""entity"": ""peaks""}] <|im_end|>
<|im_start|>user Extract the entities contained in the text. Extract only entities contained in the text.
Return the result in a json format: [{""entity"":""entity_name""}]. <<Blood pressure was 100/60mm/hg and the heart rate 98 beat/minute.>>> <|im_end|><|im_start|>assistant","[{""entity"": ""pressure""}, {""entity"": ""rate""}, {""entity"": ""Blood""}, {""entity"": ""heart""}, {""entity"": ""100/60mm/hg""}, {""entity"": ""98 beat/minute""}] ","[{""entity"": ""pressure""}, {""entity"": ""rate""}, {""entity"": ""beat""}, {""entity"": ""100/6"
The pupil was sluggish to react to light.,"[{'id': '9181', 'offsets': array([14, 22]), 'role': '', 'semantic_type_id': '', 'text': 'sluggish', 'type': 'EVENT'}
 {'id': '9196', 'offsets': array([26, 31]), 'role': '', 'semantic_type_id': '', 'text': 'react', 'type': 'EVENT'}
 {'id': '10642', 'offsets': array([0, 9]), 'role': '', 'semantic_type_id': '', 'text': 'The pupil', 'type': 'BODYPART'}]","A 12-year-old girl presented an abdominal pain, high persistent fever of (40°C) and severe fatigue. The physical exam revealed pallor, hepatomegaly, and grade III splenomegaly. The investigation revealed an elevated white blood cell count (WBC): 545,000/mm³. PNN: 49,050/mm³, hemoglobin: 11.6g/dl, platelets: 328,000/mm³. The patient's peripheral blood smear revealed marked leukocytosis with a significant number of immature myeloid precursors and 21% blasts. The analysis of the BCR-ABL shows 94% in the peripheral blood. The patient was diagnosed with CML. She received a chemotherapy protocol made of hyperalkalinisation, allopurinol, hydroxyurea and a treatment based on imatinib at the dose of 400mg per day. Patient achieved complete hematological remission at three months and complete cytogenetic remission at 12 months. The patient was readmitted into our pediatric department with complains of severe headache, vomiting, pain and bilateral visual loss since three days. On examination, patient was afebrile and appeared pale. Blood pressure was 100/60mm/hg and the heart rate 98 beat/minute. There was no lymphadenopathy and the nervous system examination was normal. Intraocular muscle testing was normal; however, there was an exophthalmia in both eyes. The pupil was sluggish to react to light. Fundoscopy revealed bilateral stade III disc edema and hemorrhages of the retina. She underwent a brain computed tomography (CT) scan with the suspicion of leukemic involvement or any other intracranial event (cerebral edema); however, nothing was found. A subsequent bone marrow exam showed no morphologic or molecular evidence of CML or acute leukemia. Cytological evaluation of cerebrospinal fluid (CSF) was also negative. The patient had no other known pathology that could be held responsible for retina edema. We suggested that it was a side effect of imatinib so its administration was temporary interrupted. The patient was put on an anti-edema therapy (mannitol, dexamethasone). However, few months later, the patient presented in the emergency room with a headache and severe vomiting. She described a recurrence of the same character of headaches accompanied with weakness of extremities and seizures. Nervous system examination revealed neck rigidity, presence of meningeal signs and lower limb paraplegia. CT of the brain revealed subdural chronic hematoma and a serpenginous gyriform enhancement around the contusion in the right parietal and occipital lobes. Analysis of the CSF collected showed lymphoblasts in a WBC count of 11000cells/ml. Flow cytometry of the CSF showed that blast cells were positive for a cluster of differentiation markers (CD) (CD34, CD19, CD10, CD22 and partially positive for CD45) confirming CNS extramedullary lymphoid blast infiltration. A bone marrow aspiration was done to evaluate the status of her chronic myelogenous leukemia and result was consistent with a chronic phase. Fundus examination showed bilateral optic atrophy.
The diagnosis of extramedullary isolated CNS blast crises (lymphoid type) was based on the presence of blasts in CSF (confirmed by flow cytometry).
The patient received a high-dose systemic induction chemotherapy and intrathecal therapy (methotrexate, arabinoside and dexamethasone). The imatinib was replaced by dasatinib at the dose of 100 mg per day. She was treated with 24 Gy of whole-brain radiation therapy.
Allogenic stem cell transplantation was not feasible. We noticed a rapidly progressive amelioration in her neurological status after finishing systemic chemotherapy and physical therapy; however, the patient's visual loss showed no signs of improvement.
",EN100543,"<|im_start|>user Extract the entities contained in the text. Extract only entities contained in the text.
Return the result in a json format: [{""entity"":""entity_name""}]. <<The pupil was sluggish to react to light.>>> <|im_end|><|im_start|>assistant[{""entity"": ""sluggish""}, {""entity"": ""react""}, {""entity"": ""The pupil""}] <|im_end|>","<|im_start|>user Extract the entities contained in the text. Extract only entities contained in the text.
Return the result in a json format: [{""entity"":""entity_name""}]. <<<We present a case of a 32-year-old woman with a history of gradual enlargement of the anterior neck.>>> <|im_end|><|im_start|>assistant [{""entity"": ""present""}, {""entity"": ""history""}, {""entity"": ""enlargement""}] <|im_end|>
<|im_start|>user Extract the entities contained in the text. Extract only entities contained in the text.
Return the result in a json format: [{""entity"":""entity_name""}]. <<<Patient information: a 9-month-old boy presented to the emergency room with a 3-day history of refusal to bear weight on the right lower extremity and febrile peaks of up to 38.5°C for 24 hours.>>> <|im_end|><|im_start|>assistant [{""entity"": ""presented""}, {""entity"": ""refusal""}, {""entity"": ""bear""}, {""entity"": ""peaks""}] <|im_end|>
<|im_start|>user Extract the entities contained in the text. Extract only entities contained in the text.
Return the result in a json format: [{""entity"":""entity_name""}]. <<The pupil was sluggish to react to light.>>> <|im_end|><|im_start|>assistant","[{""entity"": ""sluggish""}, {""entity"": ""react""}, {""entity"": ""The pupil""}] ","[{""entity"": ""sluggish""}, {""entity"": ""react""}, {""entity"": ""The pupil""}] <|im_end|><|im_end|><|im_end|><|im_end|>"
Fundoscopy revealed bilateral stade III disc edema and hemorrhages of the retina.,"[{'id': '9211', 'offsets': array([ 0, 10]), 'role': '', 'semantic_type_id': '', 'text': 'Fundoscopy', 'type': 'EVENT'}
 {'id': '9226', 'offsets': array([11, 19]), 'role': '', 'semantic_type_id': '', 'text': 'revealed', 'type': 'EVENT'}
 {'id': '9241', 'offsets': array([45, 50]), 'role': '', 'semantic_type_id': '', 'text': 'edema', 'type': 'EVENT'}
 {'id': '9256', 'offsets': array([55, 66]), 'role': '', 'semantic_type_id': '', 'text': 'hemorrhages', 'type': 'EVENT'}
 {'id': '10503', 'offsets': array([20, 50]), 'role': '', 'semantic_type_id': 'C2033345', 'text': 'bilateral stade III disc edema', 'type': 'CLINENTITY'}
 {'id': '10510', 'offsets': array([55, 80]), 'role': '', 'semantic_type_id': 'C0035317', 'text': 'hemorrhages of the retina', 'type': 'CLINENTITY'}
 {'id': '10648', 'offsets': array([70, 80]), 'role': '', 'semantic_type_id': '', 'text': 'the retina', 'type': 'BODYPART'}]","A 12-year-old girl presented an abdominal pain, high persistent fever of (40°C) and severe fatigue. The physical exam revealed pallor, hepatomegaly, and grade III splenomegaly. The investigation revealed an elevated white blood cell count (WBC): 545,000/mm³. PNN: 49,050/mm³, hemoglobin: 11.6g/dl, platelets: 328,000/mm³. The patient's peripheral blood smear revealed marked leukocytosis with a significant number of immature myeloid precursors and 21% blasts. The analysis of the BCR-ABL shows 94% in the peripheral blood. The patient was diagnosed with CML. She received a chemotherapy protocol made of hyperalkalinisation, allopurinol, hydroxyurea and a treatment based on imatinib at the dose of 400mg per day. Patient achieved complete hematological remission at three months and complete cytogenetic remission at 12 months. The patient was readmitted into our pediatric department with complains of severe headache, vomiting, pain and bilateral visual loss since three days. On examination, patient was afebrile and appeared pale. Blood pressure was 100/60mm/hg and the heart rate 98 beat/minute. There was no lymphadenopathy and the nervous system examination was normal. Intraocular muscle testing was normal; however, there was an exophthalmia in both eyes. The pupil was sluggish to react to light. Fundoscopy revealed bilateral stade III disc edema and hemorrhages of the retina. She underwent a brain computed tomography (CT) scan with the suspicion of leukemic involvement or any other intracranial event (cerebral edema); however, nothing was found. A subsequent bone marrow exam showed no morphologic or molecular evidence of CML or acute leukemia. Cytological evaluation of cerebrospinal fluid (CSF) was also negative. The patient had no other known pathology that could be held responsible for retina edema. We suggested that it was a side effect of imatinib so its administration was temporary interrupted. The patient was put on an anti-edema therapy (mannitol, dexamethasone). However, few months later, the patient presented in the emergency room with a headache and severe vomiting. She described a recurrence of the same character of headaches accompanied with weakness of extremities and seizures. Nervous system examination revealed neck rigidity, presence of meningeal signs and lower limb paraplegia. CT of the brain revealed subdural chronic hematoma and a serpenginous gyriform enhancement around the contusion in the right parietal and occipital lobes. Analysis of the CSF collected showed lymphoblasts in a WBC count of 11000cells/ml. Flow cytometry of the CSF showed that blast cells were positive for a cluster of differentiation markers (CD) (CD34, CD19, CD10, CD22 and partially positive for CD45) confirming CNS extramedullary lymphoid blast infiltration. A bone marrow aspiration was done to evaluate the status of her chronic myelogenous leukemia and result was consistent with a chronic phase. Fundus examination showed bilateral optic atrophy.
The diagnosis of extramedullary isolated CNS blast crises (lymphoid type) was based on the presence of blasts in CSF (confirmed by flow cytometry).
The patient received a high-dose systemic induction chemotherapy and intrathecal therapy (methotrexate, arabinoside and dexamethasone). The imatinib was replaced by dasatinib at the dose of 100 mg per day. She was treated with 24 Gy of whole-brain radiation therapy.
Allogenic stem cell transplantation was not feasible. We noticed a rapidly progressive amelioration in her neurological status after finishing systemic chemotherapy and physical therapy; however, the patient's visual loss showed no signs of improvement.
",EN100543,"<|im_start|>user Extract the entities contained in the text. Extract only entities contained in the text.
Return the result in a json format: [{""entity"":""entity_name""}]. <<Fundoscopy revealed bilateral stade III disc edema and hemorrhages of the retina.>>> <|im_end|><|im_start|>assistant[{""entity"": ""Fundoscopy""}, {""entity"": ""revealed""}, {""entity"": ""edema""}, {""entity"": ""hemorrhages""}, {""entity"": ""bilateral stade III disc edema""}, {""entity"": ""hemorrhages of the retina""}, {""entity"": ""the retina""}] <|im_end|>","<|im_start|>user Extract the entities contained in the text. Extract only entities contained in the text.
Return the result in a json format: [{""entity"":""entity_name""}]. <<<We present a case of a 32-year-old woman with a history of gradual enlargement of the anterior neck.>>> <|im_end|><|im_start|>assistant [{""entity"": ""present""}, {""entity"": ""history""}, {""entity"": ""enlargement""}] <|im_end|>
<|im_start|>user Extract the entities contained in the text. Extract only entities contained in the text.
Return the result in a json format: [{""entity"":""entity_name""}]. <<<Patient information: a 9-month-old boy presented to the emergency room with a 3-day history of refusal to bear weight on the right lower extremity and febrile peaks of up to 38.5°C for 24 hours.>>> <|im_end|><|im_start|>assistant [{""entity"": ""presented""}, {""entity"": ""refusal""}, {""entity"": ""bear""}, {""entity"": ""peaks""}] <|im_end|>
<|im_start|>user Extract the entities contained in the text. Extract only entities contained in the text.
Return the result in a json format: [{""entity"":""entity_name""}]. <<Fundoscopy revealed bilateral stade III disc edema and hemorrhages of the retina.>>> <|im_end|><|im_start|>assistant","[{""entity"": ""Fundoscopy""}, {""entity"": ""revealed""}, {""entity"": ""edema""}, {""entity"": ""hemorrhages""}, {""entity"": ""bilateral stade III disc edema""}, {""entity"": ""hemorrhages of the retina""}, {""entity"": ""the retina""}] ","[{""entity"": ""Fundoscopy""}, {""entity"": ""revealed""}, {""entity"": ""edema""}, {""entity"": ""hem"
A subsequent bone marrow exam showed no morphologic or molecular evidence of CML or acute leukemia.,"[{'id': '9346', 'offsets': array([25, 29]), 'role': '', 'semantic_type_id': '', 'text': 'exam', 'type': 'EVENT'}
 {'id': '9361', 'offsets': array([30, 36]), 'role': '', 'semantic_type_id': '', 'text': 'showed', 'type': 'EVENT'}
 {'id': '9376', 'offsets': array([65, 73]), 'role': '', 'semantic_type_id': '', 'text': 'evidence', 'type': 'EVENT'}
 {'id': '9391', 'offsets': array([77, 80]), 'role': '', 'semantic_type_id': '', 'text': 'CML', 'type': 'EVENT'}
 {'id': '9406', 'offsets': array([90, 98]), 'role': '', 'semantic_type_id': '', 'text': 'leukemia', 'type': 'EVENT'}
 {'id': '10660', 'offsets': array([13, 24]), 'role': '', 'semantic_type_id': '', 'text': 'bone marrow', 'type': 'BODYPART'}]","A 12-year-old girl presented an abdominal pain, high persistent fever of (40°C) and severe fatigue. The physical exam revealed pallor, hepatomegaly, and grade III splenomegaly. The investigation revealed an elevated white blood cell count (WBC): 545,000/mm³. PNN: 49,050/mm³, hemoglobin: 11.6g/dl, platelets: 328,000/mm³. The patient's peripheral blood smear revealed marked leukocytosis with a significant number of immature myeloid precursors and 21% blasts. The analysis of the BCR-ABL shows 94% in the peripheral blood. The patient was diagnosed with CML. She received a chemotherapy protocol made of hyperalkalinisation, allopurinol, hydroxyurea and a treatment based on imatinib at the dose of 400mg per day. Patient achieved complete hematological remission at three months and complete cytogenetic remission at 12 months. The patient was readmitted into our pediatric department with complains of severe headache, vomiting, pain and bilateral visual loss since three days. On examination, patient was afebrile and appeared pale. Blood pressure was 100/60mm/hg and the heart rate 98 beat/minute. There was no lymphadenopathy and the nervous system examination was normal. Intraocular muscle testing was normal; however, there was an exophthalmia in both eyes. The pupil was sluggish to react to light. Fundoscopy revealed bilateral stade III disc edema and hemorrhages of the retina. She underwent a brain computed tomography (CT) scan with the suspicion of leukemic involvement or any other intracranial event (cerebral edema); however, nothing was found. A subsequent bone marrow exam showed no morphologic or molecular evidence of CML or acute leukemia. Cytological evaluation of cerebrospinal fluid (CSF) was also negative. The patient had no other known pathology that could be held responsible for retina edema. We suggested that it was a side effect of imatinib so its administration was temporary interrupted. The patient was put on an anti-edema therapy (mannitol, dexamethasone). However, few months later, the patient presented in the emergency room with a headache and severe vomiting. She described a recurrence of the same character of headaches accompanied with weakness of extremities and seizures. Nervous system examination revealed neck rigidity, presence of meningeal signs and lower limb paraplegia. CT of the brain revealed subdural chronic hematoma and a serpenginous gyriform enhancement around the contusion in the right parietal and occipital lobes. Analysis of the CSF collected showed lymphoblasts in a WBC count of 11000cells/ml. Flow cytometry of the CSF showed that blast cells were positive for a cluster of differentiation markers (CD) (CD34, CD19, CD10, CD22 and partially positive for CD45) confirming CNS extramedullary lymphoid blast infiltration. A bone marrow aspiration was done to evaluate the status of her chronic myelogenous leukemia and result was consistent with a chronic phase. Fundus examination showed bilateral optic atrophy.
The diagnosis of extramedullary isolated CNS blast crises (lymphoid type) was based on the presence of blasts in CSF (confirmed by flow cytometry).
The patient received a high-dose systemic induction chemotherapy and intrathecal therapy (methotrexate, arabinoside and dexamethasone). The imatinib was replaced by dasatinib at the dose of 100 mg per day. She was treated with 24 Gy of whole-brain radiation therapy.
Allogenic stem cell transplantation was not feasible. We noticed a rapidly progressive amelioration in her neurological status after finishing systemic chemotherapy and physical therapy; however, the patient's visual loss showed no signs of improvement.
",EN100543,"<|im_start|>user Extract the entities contained in the text. Extract only entities contained in the text.
Return the result in a json format: [{""entity"":""entity_name""}]. <<A subsequent bone marrow exam showed no morphologic or molecular evidence of CML or acute leukemia.>>> <|im_end|><|im_start|>assistant[{""entity"": ""exam""}, {""entity"": ""showed""}, {""entity"": ""evidence""}, {""entity"": ""CML""}, {""entity"": ""leukemia""}, {""entity"": ""bone marrow""}] <|im_end|>","<|im_start|>user Extract the entities contained in the text. Extract only entities contained in the text.
Return the result in a json format: [{""entity"":""entity_name""}]. <<<We present a case of a 32-year-old woman with a history of gradual enlargement of the anterior neck.>>> <|im_end|><|im_start|>assistant [{""entity"": ""present""}, {""entity"": ""history""}, {""entity"": ""enlargement""}] <|im_end|>
<|im_start|>user Extract the entities contained in the text. Extract only entities contained in the text.
Return the result in a json format: [{""entity"":""entity_name""}]. <<<Patient information: a 9-month-old boy presented to the emergency room with a 3-day history of refusal to bear weight on the right lower extremity and febrile peaks of up to 38.5°C for 24 hours.>>> <|im_end|><|im_start|>assistant [{""entity"": ""presented""}, {""entity"": ""refusal""}, {""entity"": ""bear""}, {""entity"": ""peaks""}] <|im_end|>
<|im_start|>user Extract the entities contained in the text. Extract only entities contained in the text.
Return the result in a json format: [{""entity"":""entity_name""}]. <<A subsequent bone marrow exam showed no morphologic or molecular evidence of CML or acute leukemia.>>> <|im_end|><|im_start|>assistant","[{""entity"": ""exam""}, {""entity"": ""showed""}, {""entity"": ""evidence""}, {""entity"": ""CML""}, {""entity"": ""leukemia""}, {""entity"": ""bone marrow""}] ","[{""entity"": ""exam""}, {""entity"": ""showed""}, {""entity"": ""evidence""}, {""entity"": ""CML""},"
Cytological evaluation of cerebrospinal fluid (CSF) was also negative.,"[{'id': '9421', 'offsets': array([12, 22]), 'role': '', 'semantic_type_id': '', 'text': 'evaluation', 'type': 'EVENT'}
 {'id': '10666', 'offsets': array([26, 45]), 'role': '', 'semantic_type_id': '', 'text': 'cerebrospinal fluid', 'type': 'BODYPART'}
 {'id': '10672', 'offsets': array([47, 50]), 'role': '', 'semantic_type_id': '', 'text': 'CSF', 'type': 'BODYPART'}
 {'id': '10959', 'offsets': array([61, 69]), 'role': '', 'semantic_type_id': '', 'text': 'negative', 'type': 'RML'}]","A 12-year-old girl presented an abdominal pain, high persistent fever of (40°C) and severe fatigue. The physical exam revealed pallor, hepatomegaly, and grade III splenomegaly. The investigation revealed an elevated white blood cell count (WBC): 545,000/mm³. PNN: 49,050/mm³, hemoglobin: 11.6g/dl, platelets: 328,000/mm³. The patient's peripheral blood smear revealed marked leukocytosis with a significant number of immature myeloid precursors and 21% blasts. The analysis of the BCR-ABL shows 94% in the peripheral blood. The patient was diagnosed with CML. She received a chemotherapy protocol made of hyperalkalinisation, allopurinol, hydroxyurea and a treatment based on imatinib at the dose of 400mg per day. Patient achieved complete hematological remission at three months and complete cytogenetic remission at 12 months. The patient was readmitted into our pediatric department with complains of severe headache, vomiting, pain and bilateral visual loss since three days. On examination, patient was afebrile and appeared pale. Blood pressure was 100/60mm/hg and the heart rate 98 beat/minute. There was no lymphadenopathy and the nervous system examination was normal. Intraocular muscle testing was normal; however, there was an exophthalmia in both eyes. The pupil was sluggish to react to light. Fundoscopy revealed bilateral stade III disc edema and hemorrhages of the retina. She underwent a brain computed tomography (CT) scan with the suspicion of leukemic involvement or any other intracranial event (cerebral edema); however, nothing was found. A subsequent bone marrow exam showed no morphologic or molecular evidence of CML or acute leukemia. Cytological evaluation of cerebrospinal fluid (CSF) was also negative. The patient had no other known pathology that could be held responsible for retina edema. We suggested that it was a side effect of imatinib so its administration was temporary interrupted. The patient was put on an anti-edema therapy (mannitol, dexamethasone). However, few months later, the patient presented in the emergency room with a headache and severe vomiting. She described a recurrence of the same character of headaches accompanied with weakness of extremities and seizures. Nervous system examination revealed neck rigidity, presence of meningeal signs and lower limb paraplegia. CT of the brain revealed subdural chronic hematoma and a serpenginous gyriform enhancement around the contusion in the right parietal and occipital lobes. Analysis of the CSF collected showed lymphoblasts in a WBC count of 11000cells/ml. Flow cytometry of the CSF showed that blast cells were positive for a cluster of differentiation markers (CD) (CD34, CD19, CD10, CD22 and partially positive for CD45) confirming CNS extramedullary lymphoid blast infiltration. A bone marrow aspiration was done to evaluate the status of her chronic myelogenous leukemia and result was consistent with a chronic phase. Fundus examination showed bilateral optic atrophy.
The diagnosis of extramedullary isolated CNS blast crises (lymphoid type) was based on the presence of blasts in CSF (confirmed by flow cytometry).
The patient received a high-dose systemic induction chemotherapy and intrathecal therapy (methotrexate, arabinoside and dexamethasone). The imatinib was replaced by dasatinib at the dose of 100 mg per day. She was treated with 24 Gy of whole-brain radiation therapy.
Allogenic stem cell transplantation was not feasible. We noticed a rapidly progressive amelioration in her neurological status after finishing systemic chemotherapy and physical therapy; however, the patient's visual loss showed no signs of improvement.
",EN100543,"<|im_start|>user Extract the entities contained in the text. Extract only entities contained in the text.
Return the result in a json format: [{""entity"":""entity_name""}]. <<Cytological evaluation of cerebrospinal fluid (CSF) was also negative.>>> <|im_end|><|im_start|>assistant[{""entity"": ""evaluation""}, {""entity"": ""cerebrospinal fluid""}, {""entity"": ""CSF""}, {""entity"": ""negative""}] <|im_end|>","<|im_start|>user Extract the entities contained in the text. Extract only entities contained in the text.
Return the result in a json format: [{""entity"":""entity_name""}]. <<<We present a case of a 32-year-old woman with a history of gradual enlargement of the anterior neck.>>> <|im_end|><|im_start|>assistant [{""entity"": ""present""}, {""entity"": ""history""}, {""entity"": ""enlargement""}] <|im_end|>
<|im_start|>user Extract the entities contained in the text. Extract only entities contained in the text.
Return the result in a json format: [{""entity"":""entity_name""}]. <<<Patient information: a 9-month-old boy presented to the emergency room with a 3-day history of refusal to bear weight on the right lower extremity and febrile peaks of up to 38.5°C for 24 hours.>>> <|im_end|><|im_start|>assistant [{""entity"": ""presented""}, {""entity"": ""refusal""}, {""entity"": ""bear""}, {""entity"": ""peaks""}] <|im_end|>
<|im_start|>user Extract the entities contained in the text. Extract only entities contained in the text.
Return the result in a json format: [{""entity"":""entity_name""}]. <<Cytological evaluation of cerebrospinal fluid (CSF) was also negative.>>> <|im_end|><|im_start|>assistant","[{""entity"": ""evaluation""}, {""entity"": ""cerebrospinal fluid""}, {""entity"": ""CSF""}, {""entity"": ""negative""}] ","[{""entity"": ""evaluation""}, {""entity"": ""CSF""}, {""entity"": ""negative""}] <|im_end|><|im_end|><|im_end|><|im_end|><|im_end|><|im_end|>"
The patient had no other known pathology that could be held responsible for retina edema.,"[{'id': '9436', 'offsets': array([31, 40]), 'role': '', 'semantic_type_id': '', 'text': 'pathology', 'type': 'EVENT'}
 {'id': '9451', 'offsets': array([60, 71]), 'role': '', 'semantic_type_id': '', 'text': 'responsible', 'type': 'EVENT'}
 {'id': '9466', 'offsets': array([83, 88]), 'role': '', 'semantic_type_id': '', 'text': 'edema', 'type': 'EVENT'}
 {'id': '10678', 'offsets': array([76, 82]), 'role': '', 'semantic_type_id': '', 'text': 'retina', 'type': 'BODYPART'}
 {'id': '10836', 'offsets': array([ 0, 11]), 'role': 'PATIENT', 'semantic_type_id': '', 'text': 'The patient', 'type': 'ACTOR'}]","A 12-year-old girl presented an abdominal pain, high persistent fever of (40°C) and severe fatigue. The physical exam revealed pallor, hepatomegaly, and grade III splenomegaly. The investigation revealed an elevated white blood cell count (WBC): 545,000/mm³. PNN: 49,050/mm³, hemoglobin: 11.6g/dl, platelets: 328,000/mm³. The patient's peripheral blood smear revealed marked leukocytosis with a significant number of immature myeloid precursors and 21% blasts. The analysis of the BCR-ABL shows 94% in the peripheral blood. The patient was diagnosed with CML. She received a chemotherapy protocol made of hyperalkalinisation, allopurinol, hydroxyurea and a treatment based on imatinib at the dose of 400mg per day. Patient achieved complete hematological remission at three months and complete cytogenetic remission at 12 months. The patient was readmitted into our pediatric department with complains of severe headache, vomiting, pain and bilateral visual loss since three days. On examination, patient was afebrile and appeared pale. Blood pressure was 100/60mm/hg and the heart rate 98 beat/minute. There was no lymphadenopathy and the nervous system examination was normal. Intraocular muscle testing was normal; however, there was an exophthalmia in both eyes. The pupil was sluggish to react to light. Fundoscopy revealed bilateral stade III disc edema and hemorrhages of the retina. She underwent a brain computed tomography (CT) scan with the suspicion of leukemic involvement or any other intracranial event (cerebral edema); however, nothing was found. A subsequent bone marrow exam showed no morphologic or molecular evidence of CML or acute leukemia. Cytological evaluation of cerebrospinal fluid (CSF) was also negative. The patient had no other known pathology that could be held responsible for retina edema. We suggested that it was a side effect of imatinib so its administration was temporary interrupted. The patient was put on an anti-edema therapy (mannitol, dexamethasone). However, few months later, the patient presented in the emergency room with a headache and severe vomiting. She described a recurrence of the same character of headaches accompanied with weakness of extremities and seizures. Nervous system examination revealed neck rigidity, presence of meningeal signs and lower limb paraplegia. CT of the brain revealed subdural chronic hematoma and a serpenginous gyriform enhancement around the contusion in the right parietal and occipital lobes. Analysis of the CSF collected showed lymphoblasts in a WBC count of 11000cells/ml. Flow cytometry of the CSF showed that blast cells were positive for a cluster of differentiation markers (CD) (CD34, CD19, CD10, CD22 and partially positive for CD45) confirming CNS extramedullary lymphoid blast infiltration. A bone marrow aspiration was done to evaluate the status of her chronic myelogenous leukemia and result was consistent with a chronic phase. Fundus examination showed bilateral optic atrophy.
The diagnosis of extramedullary isolated CNS blast crises (lymphoid type) was based on the presence of blasts in CSF (confirmed by flow cytometry).
The patient received a high-dose systemic induction chemotherapy and intrathecal therapy (methotrexate, arabinoside and dexamethasone). The imatinib was replaced by dasatinib at the dose of 100 mg per day. She was treated with 24 Gy of whole-brain radiation therapy.
Allogenic stem cell transplantation was not feasible. We noticed a rapidly progressive amelioration in her neurological status after finishing systemic chemotherapy and physical therapy; however, the patient's visual loss showed no signs of improvement.
",EN100543,"<|im_start|>user Extract the entities contained in the text. Extract only entities contained in the text.
Return the result in a json format: [{""entity"":""entity_name""}]. <<The patient had no other known pathology that could be held responsible for retina edema.>>> <|im_end|><|im_start|>assistant[{""entity"": ""pathology""}, {""entity"": ""responsible""}, {""entity"": ""edema""}, {""entity"": ""retina""}, {""entity"": ""The patient""}] <|im_end|>","<|im_start|>user Extract the entities contained in the text. Extract only entities contained in the text.
Return the result in a json format: [{""entity"":""entity_name""}]. <<<We present a case of a 32-year-old woman with a history of gradual enlargement of the anterior neck.>>> <|im_end|><|im_start|>assistant [{""entity"": ""present""}, {""entity"": ""history""}, {""entity"": ""enlargement""}] <|im_end|>
<|im_start|>user Extract the entities contained in the text. Extract only entities contained in the text.
Return the result in a json format: [{""entity"":""entity_name""}]. <<<Patient information: a 9-month-old boy presented to the emergency room with a 3-day history of refusal to bear weight on the right lower extremity and febrile peaks of up to 38.5°C for 24 hours.>>> <|im_end|><|im_start|>assistant [{""entity"": ""presented""}, {""entity"": ""refusal""}, {""entity"": ""bear""}, {""entity"": ""peaks""}] <|im_end|>
<|im_start|>user Extract the entities contained in the text. Extract only entities contained in the text.
Return the result in a json format: [{""entity"":""entity_name""}]. <<The patient had no other known pathology that could be held responsible for retina edema.>>> <|im_end|><|im_start|>assistant","[{""entity"": ""pathology""}, {""entity"": ""responsible""}, {""entity"": ""edema""}, {""entity"": ""retina""}, {""entity"": ""The patient""}] ","[{""entity"": ""pathology""}, {""entity"": ""responsible""}, {""entity"": ""edema""}, {""entity"": ""retina"
We suggested that it was a side effect of imatinib so its administration was temporary interrupted.,"[{'id': '9481', 'offsets': array([ 3, 12]), 'role': '', 'semantic_type_id': '', 'text': 'suggested', 'type': 'EVENT'}
 {'id': '9496', 'offsets': array([32, 38]), 'role': '', 'semantic_type_id': '', 'text': 'effect', 'type': 'EVENT'}
 {'id': '9511', 'offsets': array([58, 72]), 'role': '', 'semantic_type_id': '', 'text': 'administration', 'type': 'EVENT'}
 {'id': '9526', 'offsets': array([87, 98]), 'role': '', 'semantic_type_id': '', 'text': 'interrupted', 'type': 'EVENT'}
 {'id': '10843', 'offsets': array([0, 2]), 'role': 'H-PROFESSIONAL', 'semantic_type_id': '', 'text': 'We', 'type': 'ACTOR'}]","A 12-year-old girl presented an abdominal pain, high persistent fever of (40°C) and severe fatigue. The physical exam revealed pallor, hepatomegaly, and grade III splenomegaly. The investigation revealed an elevated white blood cell count (WBC): 545,000/mm³. PNN: 49,050/mm³, hemoglobin: 11.6g/dl, platelets: 328,000/mm³. The patient's peripheral blood smear revealed marked leukocytosis with a significant number of immature myeloid precursors and 21% blasts. The analysis of the BCR-ABL shows 94% in the peripheral blood. The patient was diagnosed with CML. She received a chemotherapy protocol made of hyperalkalinisation, allopurinol, hydroxyurea and a treatment based on imatinib at the dose of 400mg per day. Patient achieved complete hematological remission at three months and complete cytogenetic remission at 12 months. The patient was readmitted into our pediatric department with complains of severe headache, vomiting, pain and bilateral visual loss since three days. On examination, patient was afebrile and appeared pale. Blood pressure was 100/60mm/hg and the heart rate 98 beat/minute. There was no lymphadenopathy and the nervous system examination was normal. Intraocular muscle testing was normal; however, there was an exophthalmia in both eyes. The pupil was sluggish to react to light. Fundoscopy revealed bilateral stade III disc edema and hemorrhages of the retina. She underwent a brain computed tomography (CT) scan with the suspicion of leukemic involvement or any other intracranial event (cerebral edema); however, nothing was found. A subsequent bone marrow exam showed no morphologic or molecular evidence of CML or acute leukemia. Cytological evaluation of cerebrospinal fluid (CSF) was also negative. The patient had no other known pathology that could be held responsible for retina edema. We suggested that it was a side effect of imatinib so its administration was temporary interrupted. The patient was put on an anti-edema therapy (mannitol, dexamethasone). However, few months later, the patient presented in the emergency room with a headache and severe vomiting. She described a recurrence of the same character of headaches accompanied with weakness of extremities and seizures. Nervous system examination revealed neck rigidity, presence of meningeal signs and lower limb paraplegia. CT of the brain revealed subdural chronic hematoma and a serpenginous gyriform enhancement around the contusion in the right parietal and occipital lobes. Analysis of the CSF collected showed lymphoblasts in a WBC count of 11000cells/ml. Flow cytometry of the CSF showed that blast cells were positive for a cluster of differentiation markers (CD) (CD34, CD19, CD10, CD22 and partially positive for CD45) confirming CNS extramedullary lymphoid blast infiltration. A bone marrow aspiration was done to evaluate the status of her chronic myelogenous leukemia and result was consistent with a chronic phase. Fundus examination showed bilateral optic atrophy.
The diagnosis of extramedullary isolated CNS blast crises (lymphoid type) was based on the presence of blasts in CSF (confirmed by flow cytometry).
The patient received a high-dose systemic induction chemotherapy and intrathecal therapy (methotrexate, arabinoside and dexamethasone). The imatinib was replaced by dasatinib at the dose of 100 mg per day. She was treated with 24 Gy of whole-brain radiation therapy.
Allogenic stem cell transplantation was not feasible. We noticed a rapidly progressive amelioration in her neurological status after finishing systemic chemotherapy and physical therapy; however, the patient's visual loss showed no signs of improvement.
",EN100543,"<|im_start|>user Extract the entities contained in the text. Extract only entities contained in the text.
Return the result in a json format: [{""entity"":""entity_name""}]. <<We suggested that it was a side effect of imatinib so its administration was temporary interrupted.>>> <|im_end|><|im_start|>assistant[{""entity"": ""suggested""}, {""entity"": ""effect""}, {""entity"": ""administration""}, {""entity"": ""interrupted""}, {""entity"": ""We""}] <|im_end|>","<|im_start|>user Extract the entities contained in the text. Extract only entities contained in the text.
Return the result in a json format: [{""entity"":""entity_name""}]. <<<We present a case of a 32-year-old woman with a history of gradual enlargement of the anterior neck.>>> <|im_end|><|im_start|>assistant [{""entity"": ""present""}, {""entity"": ""history""}, {""entity"": ""enlargement""}] <|im_end|>
<|im_start|>user Extract the entities contained in the text. Extract only entities contained in the text.
Return the result in a json format: [{""entity"":""entity_name""}]. <<<Patient information: a 9-month-old boy presented to the emergency room with a 3-day history of refusal to bear weight on the right lower extremity and febrile peaks of up to 38.5°C for 24 hours.>>> <|im_end|><|im_start|>assistant [{""entity"": ""presented""}, {""entity"": ""refusal""}, {""entity"": ""bear""}, {""entity"": ""peaks""}] <|im_end|>
<|im_start|>user Extract the entities contained in the text. Extract only entities contained in the text.
Return the result in a json format: [{""entity"":""entity_name""}]. <<We suggested that it was a side effect of imatinib so its administration was temporary interrupted.>>> <|im_end|><|im_start|>assistant","[{""entity"": ""suggested""}, {""entity"": ""effect""}, {""entity"": ""administration""}, {""entity"": ""interrupted""}, {""entity"": ""We""}] ","[{""entity"": ""suggested""}, {""entity"": ""effect""}, {""entity"": ""interrupted""}] <|im_end|><|im_end|><|im_end|><|im_end|><|im_end|>"
"The patient was put on an anti-edema therapy (mannitol, dexamethasone).","[{'id': '9541', 'offsets': array([37, 44]), 'role': '', 'semantic_type_id': '', 'text': 'therapy', 'type': 'EVENT'}
 {'id': '10850', 'offsets': array([ 0, 11]), 'role': 'PATIENT', 'semantic_type_id': '', 'text': 'The patient', 'type': 'ACTOR'}]","A 12-year-old girl presented an abdominal pain, high persistent fever of (40°C) and severe fatigue. The physical exam revealed pallor, hepatomegaly, and grade III splenomegaly. The investigation revealed an elevated white blood cell count (WBC): 545,000/mm³. PNN: 49,050/mm³, hemoglobin: 11.6g/dl, platelets: 328,000/mm³. The patient's peripheral blood smear revealed marked leukocytosis with a significant number of immature myeloid precursors and 21% blasts. The analysis of the BCR-ABL shows 94% in the peripheral blood. The patient was diagnosed with CML. She received a chemotherapy protocol made of hyperalkalinisation, allopurinol, hydroxyurea and a treatment based on imatinib at the dose of 400mg per day. Patient achieved complete hematological remission at three months and complete cytogenetic remission at 12 months. The patient was readmitted into our pediatric department with complains of severe headache, vomiting, pain and bilateral visual loss since three days. On examination, patient was afebrile and appeared pale. Blood pressure was 100/60mm/hg and the heart rate 98 beat/minute. There was no lymphadenopathy and the nervous system examination was normal. Intraocular muscle testing was normal; however, there was an exophthalmia in both eyes. The pupil was sluggish to react to light. Fundoscopy revealed bilateral stade III disc edema and hemorrhages of the retina. She underwent a brain computed tomography (CT) scan with the suspicion of leukemic involvement or any other intracranial event (cerebral edema); however, nothing was found. A subsequent bone marrow exam showed no morphologic or molecular evidence of CML or acute leukemia. Cytological evaluation of cerebrospinal fluid (CSF) was also negative. The patient had no other known pathology that could be held responsible for retina edema. We suggested that it was a side effect of imatinib so its administration was temporary interrupted. The patient was put on an anti-edema therapy (mannitol, dexamethasone). However, few months later, the patient presented in the emergency room with a headache and severe vomiting. She described a recurrence of the same character of headaches accompanied with weakness of extremities and seizures. Nervous system examination revealed neck rigidity, presence of meningeal signs and lower limb paraplegia. CT of the brain revealed subdural chronic hematoma and a serpenginous gyriform enhancement around the contusion in the right parietal and occipital lobes. Analysis of the CSF collected showed lymphoblasts in a WBC count of 11000cells/ml. Flow cytometry of the CSF showed that blast cells were positive for a cluster of differentiation markers (CD) (CD34, CD19, CD10, CD22 and partially positive for CD45) confirming CNS extramedullary lymphoid blast infiltration. A bone marrow aspiration was done to evaluate the status of her chronic myelogenous leukemia and result was consistent with a chronic phase. Fundus examination showed bilateral optic atrophy.
The diagnosis of extramedullary isolated CNS blast crises (lymphoid type) was based on the presence of blasts in CSF (confirmed by flow cytometry).
The patient received a high-dose systemic induction chemotherapy and intrathecal therapy (methotrexate, arabinoside and dexamethasone). The imatinib was replaced by dasatinib at the dose of 100 mg per day. She was treated with 24 Gy of whole-brain radiation therapy.
Allogenic stem cell transplantation was not feasible. We noticed a rapidly progressive amelioration in her neurological status after finishing systemic chemotherapy and physical therapy; however, the patient's visual loss showed no signs of improvement.
",EN100543,"<|im_start|>user Extract the entities contained in the text. Extract only entities contained in the text.
Return the result in a json format: [{""entity"":""entity_name""}]. <<The patient was put on an anti-edema therapy (mannitol, dexamethasone).>>> <|im_end|><|im_start|>assistant[{""entity"": ""therapy""}, {""entity"": ""The patient""}] <|im_end|>","<|im_start|>user Extract the entities contained in the text. Extract only entities contained in the text.
Return the result in a json format: [{""entity"":""entity_name""}]. <<<We present a case of a 32-year-old woman with a history of gradual enlargement of the anterior neck.>>> <|im_end|><|im_start|>assistant [{""entity"": ""present""}, {""entity"": ""history""}, {""entity"": ""enlargement""}] <|im_end|>
<|im_start|>user Extract the entities contained in the text. Extract only entities contained in the text.
Return the result in a json format: [{""entity"":""entity_name""}]. <<<Patient information: a 9-month-old boy presented to the emergency room with a 3-day history of refusal to bear weight on the right lower extremity and febrile peaks of up to 38.5°C for 24 hours.>>> <|im_end|><|im_start|>assistant [{""entity"": ""presented""}, {""entity"": ""refusal""}, {""entity"": ""bear""}, {""entity"": ""peaks""}] <|im_end|>
<|im_start|>user Extract the entities contained in the text. Extract only entities contained in the text.
Return the result in a json format: [{""entity"":""entity_name""}]. <<The patient was put on an anti-edema therapy (mannitol, dexamethasone).>>> <|im_end|><|im_start|>assistant","[{""entity"": ""therapy""}, {""entity"": ""The patient""}] ","[{""entity"": ""therapy""}, {""entity"": ""patient""}] <|im_end|><|im_end|><|im_end|><|im_end|><|im_end|><|im_end|><|im_end|><|im_end|><|im_end|><|im_end|><|im_end|><|im_end|><|im_end|>"
She described a recurrence of the same character of headaches accompanied with weakness of extremities and seizures.,"[{'id': '9601', 'offsets': array([ 4, 13]), 'role': '', 'semantic_type_id': '', 'text': 'described', 'type': 'EVENT'}
 {'id': '9616', 'offsets': array([52, 61]), 'role': '', 'semantic_type_id': '', 'text': 'headaches', 'type': 'EVENT'}
 {'id': '9631', 'offsets': array([79, 87]), 'role': '', 'semantic_type_id': '', 'text': 'weakness', 'type': 'EVENT'}
 {'id': '9646', 'offsets': array([107, 115]), 'role': '', 'semantic_type_id': '', 'text': 'seizures', 'type': 'EVENT'}
 {'id': '10531', 'offsets': array([52, 61]), 'role': '', 'semantic_type_id': 'C0018681', 'text': 'headaches', 'type': 'CLINENTITY'}
 {'id': '10538', 'offsets': array([ 79, 102]), 'role': '', 'semantic_type_id': '', 'text': 'weakness of extremities', 'type': 'CLINENTITY'}
 {'id': '10545', 'offsets': array([107, 115]), 'role': '', 'semantic_type_id': 'C0036572', 'text': 'seizures', 'type': 'CLINENTITY'}
 {'id': '10684', 'offsets': array([ 91, 102]), 'role': '', 'semantic_type_id': '', 'text': 'extremities', 'type': 'BODYPART'}
 {'id': '10864', 'offsets': array([0, 3]), 'role': 'PATIENT', 'semantic_type_id': '', 'text': 'She', 'type': 'ACTOR'}]","A 12-year-old girl presented an abdominal pain, high persistent fever of (40°C) and severe fatigue. The physical exam revealed pallor, hepatomegaly, and grade III splenomegaly. The investigation revealed an elevated white blood cell count (WBC): 545,000/mm³. PNN: 49,050/mm³, hemoglobin: 11.6g/dl, platelets: 328,000/mm³. The patient's peripheral blood smear revealed marked leukocytosis with a significant number of immature myeloid precursors and 21% blasts. The analysis of the BCR-ABL shows 94% in the peripheral blood. The patient was diagnosed with CML. She received a chemotherapy protocol made of hyperalkalinisation, allopurinol, hydroxyurea and a treatment based on imatinib at the dose of 400mg per day. Patient achieved complete hematological remission at three months and complete cytogenetic remission at 12 months. The patient was readmitted into our pediatric department with complains of severe headache, vomiting, pain and bilateral visual loss since three days. On examination, patient was afebrile and appeared pale. Blood pressure was 100/60mm/hg and the heart rate 98 beat/minute. There was no lymphadenopathy and the nervous system examination was normal. Intraocular muscle testing was normal; however, there was an exophthalmia in both eyes. The pupil was sluggish to react to light. Fundoscopy revealed bilateral stade III disc edema and hemorrhages of the retina. She underwent a brain computed tomography (CT) scan with the suspicion of leukemic involvement or any other intracranial event (cerebral edema); however, nothing was found. A subsequent bone marrow exam showed no morphologic or molecular evidence of CML or acute leukemia. Cytological evaluation of cerebrospinal fluid (CSF) was also negative. The patient had no other known pathology that could be held responsible for retina edema. We suggested that it was a side effect of imatinib so its administration was temporary interrupted. The patient was put on an anti-edema therapy (mannitol, dexamethasone). However, few months later, the patient presented in the emergency room with a headache and severe vomiting. She described a recurrence of the same character of headaches accompanied with weakness of extremities and seizures. Nervous system examination revealed neck rigidity, presence of meningeal signs and lower limb paraplegia. CT of the brain revealed subdural chronic hematoma and a serpenginous gyriform enhancement around the contusion in the right parietal and occipital lobes. Analysis of the CSF collected showed lymphoblasts in a WBC count of 11000cells/ml. Flow cytometry of the CSF showed that blast cells were positive for a cluster of differentiation markers (CD) (CD34, CD19, CD10, CD22 and partially positive for CD45) confirming CNS extramedullary lymphoid blast infiltration. A bone marrow aspiration was done to evaluate the status of her chronic myelogenous leukemia and result was consistent with a chronic phase. Fundus examination showed bilateral optic atrophy.
The diagnosis of extramedullary isolated CNS blast crises (lymphoid type) was based on the presence of blasts in CSF (confirmed by flow cytometry).
The patient received a high-dose systemic induction chemotherapy and intrathecal therapy (methotrexate, arabinoside and dexamethasone). The imatinib was replaced by dasatinib at the dose of 100 mg per day. She was treated with 24 Gy of whole-brain radiation therapy.
Allogenic stem cell transplantation was not feasible. We noticed a rapidly progressive amelioration in her neurological status after finishing systemic chemotherapy and physical therapy; however, the patient's visual loss showed no signs of improvement.
",EN100543,"<|im_start|>user Extract the entities contained in the text. Extract only entities contained in the text.
Return the result in a json format: [{""entity"":""entity_name""}]. <<She described a recurrence of the same character of headaches accompanied with weakness of extremities and seizures.>>> <|im_end|><|im_start|>assistant[{""entity"": ""described""}, {""entity"": ""headaches""}, {""entity"": ""weakness""}, {""entity"": ""seizures""}, {""entity"": ""headaches""}, {""entity"": ""weakness of extremities""}, {""entity"": ""seizures""}, {""entity"": ""extremities""}, {""entity"": ""She""}] <|im_end|>","<|im_start|>user Extract the entities contained in the text. Extract only entities contained in the text.
Return the result in a json format: [{""entity"":""entity_name""}]. <<<We present a case of a 32-year-old woman with a history of gradual enlargement of the anterior neck.>>> <|im_end|><|im_start|>assistant [{""entity"": ""present""}, {""entity"": ""history""}, {""entity"": ""enlargement""}] <|im_end|>
<|im_start|>user Extract the entities contained in the text. Extract only entities contained in the text.
Return the result in a json format: [{""entity"":""entity_name""}]. <<<Patient information: a 9-month-old boy presented to the emergency room with a 3-day history of refusal to bear weight on the right lower extremity and febrile peaks of up to 38.5°C for 24 hours.>>> <|im_end|><|im_start|>assistant [{""entity"": ""presented""}, {""entity"": ""refusal""}, {""entity"": ""bear""}, {""entity"": ""peaks""}] <|im_end|>
<|im_start|>user Extract the entities contained in the text. Extract only entities contained in the text.
Return the result in a json format: [{""entity"":""entity_name""}]. <<She described a recurrence of the same character of headaches accompanied with weakness of extremities and seizures.>>> <|im_end|><|im_start|>assistant","[{""entity"": ""described""}, {""entity"": ""headaches""}, {""entity"": ""weakness""}, {""entity"": ""seizures""}, {""entity"": ""headaches""}, {""entity"": ""weakness of extremities""}, {""entity"": ""seizures""}, {""entity"": ""extremities""}, {""entity"": ""She""}] ","[{""entity"": ""described""}, {""entity"": ""recurrence""}, {""entity"": ""headaches""}, {""entity"": ""weakness"
"Nervous system examination revealed neck rigidity, presence of meningeal signs and lower limb paraplegia.","[{'id': '9661', 'offsets': array([15, 26]), 'role': '', 'semantic_type_id': '', 'text': 'examination', 'type': 'EVENT'}
 {'id': '9676', 'offsets': array([27, 35]), 'role': '', 'semantic_type_id': '', 'text': 'revealed', 'type': 'EVENT'}
 {'id': '9691', 'offsets': array([41, 49]), 'role': '', 'semantic_type_id': '', 'text': 'rigidity', 'type': 'EVENT'}
 {'id': '9706', 'offsets': array([73, 78]), 'role': '', 'semantic_type_id': '', 'text': 'signs', 'type': 'EVENT'}
 {'id': '9721', 'offsets': array([ 94, 104]), 'role': '', 'semantic_type_id': '', 'text': 'paraplegia', 'type': 'EVENT'}
 {'id': '10552', 'offsets': array([36, 49]), 'role': '', 'semantic_type_id': 'C0151315', 'text': 'neck rigidity', 'type': 'CLINENTITY'}
 {'id': '10559', 'offsets': array([ 83, 104]), 'role': '', 'semantic_type_id': 'C0948992', 'text': 'lower limb paraplegia', 'type': 'CLINENTITY'}
 {'id': '10690', 'offsets': array([ 0, 14]), 'role': '', 'semantic_type_id': '', 'text': 'Nervous system', 'type': 'BODYPART'}
 {'id': '10696', 'offsets': array([36, 40]), 'role': '', 'semantic_type_id': '', 'text': 'neck', 'type': 'BODYPART'}
 {'id': '10702', 'offsets': array([83, 93]), 'role': '', 'semantic_type_id': '', 'text': 'lower limb', 'type': 'BODYPART'}]","A 12-year-old girl presented an abdominal pain, high persistent fever of (40°C) and severe fatigue. The physical exam revealed pallor, hepatomegaly, and grade III splenomegaly. The investigation revealed an elevated white blood cell count (WBC): 545,000/mm³. PNN: 49,050/mm³, hemoglobin: 11.6g/dl, platelets: 328,000/mm³. The patient's peripheral blood smear revealed marked leukocytosis with a significant number of immature myeloid precursors and 21% blasts. The analysis of the BCR-ABL shows 94% in the peripheral blood. The patient was diagnosed with CML. She received a chemotherapy protocol made of hyperalkalinisation, allopurinol, hydroxyurea and a treatment based on imatinib at the dose of 400mg per day. Patient achieved complete hematological remission at three months and complete cytogenetic remission at 12 months. The patient was readmitted into our pediatric department with complains of severe headache, vomiting, pain and bilateral visual loss since three days. On examination, patient was afebrile and appeared pale. Blood pressure was 100/60mm/hg and the heart rate 98 beat/minute. There was no lymphadenopathy and the nervous system examination was normal. Intraocular muscle testing was normal; however, there was an exophthalmia in both eyes. The pupil was sluggish to react to light. Fundoscopy revealed bilateral stade III disc edema and hemorrhages of the retina. She underwent a brain computed tomography (CT) scan with the suspicion of leukemic involvement or any other intracranial event (cerebral edema); however, nothing was found. A subsequent bone marrow exam showed no morphologic or molecular evidence of CML or acute leukemia. Cytological evaluation of cerebrospinal fluid (CSF) was also negative. The patient had no other known pathology that could be held responsible for retina edema. We suggested that it was a side effect of imatinib so its administration was temporary interrupted. The patient was put on an anti-edema therapy (mannitol, dexamethasone). However, few months later, the patient presented in the emergency room with a headache and severe vomiting. She described a recurrence of the same character of headaches accompanied with weakness of extremities and seizures. Nervous system examination revealed neck rigidity, presence of meningeal signs and lower limb paraplegia. CT of the brain revealed subdural chronic hematoma and a serpenginous gyriform enhancement around the contusion in the right parietal and occipital lobes. Analysis of the CSF collected showed lymphoblasts in a WBC count of 11000cells/ml. Flow cytometry of the CSF showed that blast cells were positive for a cluster of differentiation markers (CD) (CD34, CD19, CD10, CD22 and partially positive for CD45) confirming CNS extramedullary lymphoid blast infiltration. A bone marrow aspiration was done to evaluate the status of her chronic myelogenous leukemia and result was consistent with a chronic phase. Fundus examination showed bilateral optic atrophy.
The diagnosis of extramedullary isolated CNS blast crises (lymphoid type) was based on the presence of blasts in CSF (confirmed by flow cytometry).
The patient received a high-dose systemic induction chemotherapy and intrathecal therapy (methotrexate, arabinoside and dexamethasone). The imatinib was replaced by dasatinib at the dose of 100 mg per day. She was treated with 24 Gy of whole-brain radiation therapy.
Allogenic stem cell transplantation was not feasible. We noticed a rapidly progressive amelioration in her neurological status after finishing systemic chemotherapy and physical therapy; however, the patient's visual loss showed no signs of improvement.
",EN100543,"<|im_start|>user Extract the entities contained in the text. Extract only entities contained in the text.
Return the result in a json format: [{""entity"":""entity_name""}]. <<Nervous system examination revealed neck rigidity, presence of meningeal signs and lower limb paraplegia.>>> <|im_end|><|im_start|>assistant[{""entity"": ""examination""}, {""entity"": ""revealed""}, {""entity"": ""rigidity""}, {""entity"": ""signs""}, {""entity"": ""paraplegia""}, {""entity"": ""neck rigidity""}, {""entity"": ""lower limb paraplegia""}, {""entity"": ""Nervous system""}, {""entity"": ""neck""}, {""entity"": ""lower limb""}] <|im_end|>","<|im_start|>user Extract the entities contained in the text. Extract only entities contained in the text.
Return the result in a json format: [{""entity"":""entity_name""}]. <<<We present a case of a 32-year-old woman with a history of gradual enlargement of the anterior neck.>>> <|im_end|><|im_start|>assistant [{""entity"": ""present""}, {""entity"": ""history""}, {""entity"": ""enlargement""}] <|im_end|>
<|im_start|>user Extract the entities contained in the text. Extract only entities contained in the text.
Return the result in a json format: [{""entity"":""entity_name""}]. <<<Patient information: a 9-month-old boy presented to the emergency room with a 3-day history of refusal to bear weight on the right lower extremity and febrile peaks of up to 38.5°C for 24 hours.>>> <|im_end|><|im_start|>assistant [{""entity"": ""presented""}, {""entity"": ""refusal""}, {""entity"": ""bear""}, {""entity"": ""peaks""}] <|im_end|>
<|im_start|>user Extract the entities contained in the text. Extract only entities contained in the text.
Return the result in a json format: [{""entity"":""entity_name""}]. <<Nervous system examination revealed neck rigidity, presence of meningeal signs and lower limb paraplegia.>>> <|im_end|><|im_start|>assistant","[{""entity"": ""examination""}, {""entity"": ""revealed""}, {""entity"": ""rigidity""}, {""entity"": ""signs""}, {""entity"": ""paraplegia""}, {""entity"": ""neck rigidity""}, {""entity"": ""lower limb paraplegia""}, {""entity"": ""Nervous system""}, {""entity"": ""neck""}, {""entity"": ""lower limb""}] ","[{""entity"": ""examination""}, {""entity"": ""revealed""}, {""entity"": ""rigidity""}, {""entity"": ""signs"
CT of the brain revealed subdural chronic hematoma and a serpenginous gyriform enhancement around the contusion in the right parietal and occipital lobes.,"[{'id': '9736', 'offsets': array([0, 2]), 'role': '', 'semantic_type_id': '', 'text': 'CT', 'type': 'EVENT'}
 {'id': '9751', 'offsets': array([16, 24]), 'role': '', 'semantic_type_id': '', 'text': 'revealed', 'type': 'EVENT'}
 {'id': '9766', 'offsets': array([42, 50]), 'role': '', 'semantic_type_id': '', 'text': 'hematoma', 'type': 'EVENT'}
 {'id': '9781', 'offsets': array([79, 90]), 'role': '', 'semantic_type_id': '', 'text': 'enhancement', 'type': 'EVENT'}
 {'id': '10566', 'offsets': array([25, 50]), 'role': '', 'semantic_type_id': 'C0582730', 'text': 'subdural chronic hematoma', 'type': 'CLINENTITY'}
 {'id': '10708', 'offsets': array([ 6, 15]), 'role': '', 'semantic_type_id': '', 'text': 'the brain', 'type': 'BODYPART'}
 {'id': '10714', 'offsets': array([115, 153]), 'role': '', 'semantic_type_id': '', 'text': 'the right parietal and occipital lobes', 'type': 'BODYPART'}]","A 12-year-old girl presented an abdominal pain, high persistent fever of (40°C) and severe fatigue. The physical exam revealed pallor, hepatomegaly, and grade III splenomegaly. The investigation revealed an elevated white blood cell count (WBC): 545,000/mm³. PNN: 49,050/mm³, hemoglobin: 11.6g/dl, platelets: 328,000/mm³. The patient's peripheral blood smear revealed marked leukocytosis with a significant number of immature myeloid precursors and 21% blasts. The analysis of the BCR-ABL shows 94% in the peripheral blood. The patient was diagnosed with CML. She received a chemotherapy protocol made of hyperalkalinisation, allopurinol, hydroxyurea and a treatment based on imatinib at the dose of 400mg per day. Patient achieved complete hematological remission at three months and complete cytogenetic remission at 12 months. The patient was readmitted into our pediatric department with complains of severe headache, vomiting, pain and bilateral visual loss since three days. On examination, patient was afebrile and appeared pale. Blood pressure was 100/60mm/hg and the heart rate 98 beat/minute. There was no lymphadenopathy and the nervous system examination was normal. Intraocular muscle testing was normal; however, there was an exophthalmia in both eyes. The pupil was sluggish to react to light. Fundoscopy revealed bilateral stade III disc edema and hemorrhages of the retina. She underwent a brain computed tomography (CT) scan with the suspicion of leukemic involvement or any other intracranial event (cerebral edema); however, nothing was found. A subsequent bone marrow exam showed no morphologic or molecular evidence of CML or acute leukemia. Cytological evaluation of cerebrospinal fluid (CSF) was also negative. The patient had no other known pathology that could be held responsible for retina edema. We suggested that it was a side effect of imatinib so its administration was temporary interrupted. The patient was put on an anti-edema therapy (mannitol, dexamethasone). However, few months later, the patient presented in the emergency room with a headache and severe vomiting. She described a recurrence of the same character of headaches accompanied with weakness of extremities and seizures. Nervous system examination revealed neck rigidity, presence of meningeal signs and lower limb paraplegia. CT of the brain revealed subdural chronic hematoma and a serpenginous gyriform enhancement around the contusion in the right parietal and occipital lobes. Analysis of the CSF collected showed lymphoblasts in a WBC count of 11000cells/ml. Flow cytometry of the CSF showed that blast cells were positive for a cluster of differentiation markers (CD) (CD34, CD19, CD10, CD22 and partially positive for CD45) confirming CNS extramedullary lymphoid blast infiltration. A bone marrow aspiration was done to evaluate the status of her chronic myelogenous leukemia and result was consistent with a chronic phase. Fundus examination showed bilateral optic atrophy.
The diagnosis of extramedullary isolated CNS blast crises (lymphoid type) was based on the presence of blasts in CSF (confirmed by flow cytometry).
The patient received a high-dose systemic induction chemotherapy and intrathecal therapy (methotrexate, arabinoside and dexamethasone). The imatinib was replaced by dasatinib at the dose of 100 mg per day. She was treated with 24 Gy of whole-brain radiation therapy.
Allogenic stem cell transplantation was not feasible. We noticed a rapidly progressive amelioration in her neurological status after finishing systemic chemotherapy and physical therapy; however, the patient's visual loss showed no signs of improvement.
",EN100543,"<|im_start|>user Extract the entities contained in the text. Extract only entities contained in the text.
Return the result in a json format: [{""entity"":""entity_name""}]. <<CT of the brain revealed subdural chronic hematoma and a serpenginous gyriform enhancement around the contusion in the right parietal and occipital lobes.>>> <|im_end|><|im_start|>assistant[{""entity"": ""CT""}, {""entity"": ""revealed""}, {""entity"": ""hematoma""}, {""entity"": ""enhancement""}, {""entity"": ""subdural chronic hematoma""}, {""entity"": ""the brain""}, {""entity"": ""the right parietal and occipital lobes""}] <|im_end|>","<|im_start|>user Extract the entities contained in the text. Extract only entities contained in the text.
Return the result in a json format: [{""entity"":""entity_name""}]. <<<We present a case of a 32-year-old woman with a history of gradual enlargement of the anterior neck.>>> <|im_end|><|im_start|>assistant [{""entity"": ""present""}, {""entity"": ""history""}, {""entity"": ""enlargement""}] <|im_end|>
<|im_start|>user Extract the entities contained in the text. Extract only entities contained in the text.
Return the result in a json format: [{""entity"":""entity_name""}]. <<<Patient information: a 9-month-old boy presented to the emergency room with a 3-day history of refusal to bear weight on the right lower extremity and febrile peaks of up to 38.5°C for 24 hours.>>> <|im_end|><|im_start|>assistant [{""entity"": ""presented""}, {""entity"": ""refusal""}, {""entity"": ""bear""}, {""entity"": ""peaks""}] <|im_end|>
<|im_start|>user Extract the entities contained in the text. Extract only entities contained in the text.
Return the result in a json format: [{""entity"":""entity_name""}]. <<CT of the brain revealed subdural chronic hematoma and a serpenginous gyriform enhancement around the contusion in the right parietal and occipital lobes.>>> <|im_end|><|im_start|>assistant","[{""entity"": ""CT""}, {""entity"": ""revealed""}, {""entity"": ""hematoma""}, {""entity"": ""enhancement""}, {""entity"": ""subdural chronic hematoma""}, {""entity"": ""the brain""}, {""entity"": ""the right parietal and occipital lobes""}] ","[{""entity"": ""CT""}, {""entity"": ""revealed""}, {""entity"": ""hematoma""}, {""entity"": ""enhancement"
Analysis of the CSF collected showed lymphoblasts in a WBC count of 11000cells/ml.,"[{'id': '9796', 'offsets': array([0, 8]), 'role': '', 'semantic_type_id': '', 'text': 'Analysis', 'type': 'EVENT'}
 {'id': '9811', 'offsets': array([30, 36]), 'role': '', 'semantic_type_id': '', 'text': 'showed', 'type': 'EVENT'}
 {'id': '9826', 'offsets': array([37, 49]), 'role': '', 'semantic_type_id': '', 'text': 'lymphoblasts', 'type': 'EVENT'}
 {'id': '9841', 'offsets': array([59, 64]), 'role': '', 'semantic_type_id': '', 'text': 'count', 'type': 'EVENT'}
 {'id': '10720', 'offsets': array([12, 29]), 'role': '', 'semantic_type_id': '', 'text': 'the CSF collected', 'type': 'BODYPART'}
 {'id': '10726', 'offsets': array([55, 58]), 'role': '', 'semantic_type_id': '', 'text': 'WBC', 'type': 'BODYPART'}
 {'id': '10965', 'offsets': array([68, 81]), 'role': '', 'semantic_type_id': '', 'text': '11000cells/ml', 'type': 'RML'}]","A 12-year-old girl presented an abdominal pain, high persistent fever of (40°C) and severe fatigue. The physical exam revealed pallor, hepatomegaly, and grade III splenomegaly. The investigation revealed an elevated white blood cell count (WBC): 545,000/mm³. PNN: 49,050/mm³, hemoglobin: 11.6g/dl, platelets: 328,000/mm³. The patient's peripheral blood smear revealed marked leukocytosis with a significant number of immature myeloid precursors and 21% blasts. The analysis of the BCR-ABL shows 94% in the peripheral blood. The patient was diagnosed with CML. She received a chemotherapy protocol made of hyperalkalinisation, allopurinol, hydroxyurea and a treatment based on imatinib at the dose of 400mg per day. Patient achieved complete hematological remission at three months and complete cytogenetic remission at 12 months. The patient was readmitted into our pediatric department with complains of severe headache, vomiting, pain and bilateral visual loss since three days. On examination, patient was afebrile and appeared pale. Blood pressure was 100/60mm/hg and the heart rate 98 beat/minute. There was no lymphadenopathy and the nervous system examination was normal. Intraocular muscle testing was normal; however, there was an exophthalmia in both eyes. The pupil was sluggish to react to light. Fundoscopy revealed bilateral stade III disc edema and hemorrhages of the retina. She underwent a brain computed tomography (CT) scan with the suspicion of leukemic involvement or any other intracranial event (cerebral edema); however, nothing was found. A subsequent bone marrow exam showed no morphologic or molecular evidence of CML or acute leukemia. Cytological evaluation of cerebrospinal fluid (CSF) was also negative. The patient had no other known pathology that could be held responsible for retina edema. We suggested that it was a side effect of imatinib so its administration was temporary interrupted. The patient was put on an anti-edema therapy (mannitol, dexamethasone). However, few months later, the patient presented in the emergency room with a headache and severe vomiting. She described a recurrence of the same character of headaches accompanied with weakness of extremities and seizures. Nervous system examination revealed neck rigidity, presence of meningeal signs and lower limb paraplegia. CT of the brain revealed subdural chronic hematoma and a serpenginous gyriform enhancement around the contusion in the right parietal and occipital lobes. Analysis of the CSF collected showed lymphoblasts in a WBC count of 11000cells/ml. Flow cytometry of the CSF showed that blast cells were positive for a cluster of differentiation markers (CD) (CD34, CD19, CD10, CD22 and partially positive for CD45) confirming CNS extramedullary lymphoid blast infiltration. A bone marrow aspiration was done to evaluate the status of her chronic myelogenous leukemia and result was consistent with a chronic phase. Fundus examination showed bilateral optic atrophy.
The diagnosis of extramedullary isolated CNS blast crises (lymphoid type) was based on the presence of blasts in CSF (confirmed by flow cytometry).
The patient received a high-dose systemic induction chemotherapy and intrathecal therapy (methotrexate, arabinoside and dexamethasone). The imatinib was replaced by dasatinib at the dose of 100 mg per day. She was treated with 24 Gy of whole-brain radiation therapy.
Allogenic stem cell transplantation was not feasible. We noticed a rapidly progressive amelioration in her neurological status after finishing systemic chemotherapy and physical therapy; however, the patient's visual loss showed no signs of improvement.
",EN100543,"<|im_start|>user Extract the entities contained in the text. Extract only entities contained in the text.
Return the result in a json format: [{""entity"":""entity_name""}]. <<Analysis of the CSF collected showed lymphoblasts in a WBC count of 11000cells/ml.>>> <|im_end|><|im_start|>assistant[{""entity"": ""Analysis""}, {""entity"": ""showed""}, {""entity"": ""lymphoblasts""}, {""entity"": ""count""}, {""entity"": ""the CSF collected""}, {""entity"": ""WBC""}, {""entity"": ""11000cells/ml""}] <|im_end|>","<|im_start|>user Extract the entities contained in the text. Extract only entities contained in the text.
Return the result in a json format: [{""entity"":""entity_name""}]. <<<We present a case of a 32-year-old woman with a history of gradual enlargement of the anterior neck.>>> <|im_end|><|im_start|>assistant [{""entity"": ""present""}, {""entity"": ""history""}, {""entity"": ""enlargement""}] <|im_end|>
<|im_start|>user Extract the entities contained in the text. Extract only entities contained in the text.
Return the result in a json format: [{""entity"":""entity_name""}]. <<<Patient information: a 9-month-old boy presented to the emergency room with a 3-day history of refusal to bear weight on the right lower extremity and febrile peaks of up to 38.5°C for 24 hours.>>> <|im_end|><|im_start|>assistant [{""entity"": ""presented""}, {""entity"": ""refusal""}, {""entity"": ""bear""}, {""entity"": ""peaks""}] <|im_end|>
<|im_start|>user Extract the entities contained in the text. Extract only entities contained in the text.
Return the result in a json format: [{""entity"":""entity_name""}]. <<Analysis of the CSF collected showed lymphoblasts in a WBC count of 11000cells/ml.>>> <|im_end|><|im_start|>assistant","[{""entity"": ""Analysis""}, {""entity"": ""showed""}, {""entity"": ""lymphoblasts""}, {""entity"": ""count""}, {""entity"": ""the CSF collected""}, {""entity"": ""WBC""}, {""entity"": ""11000cells/ml""}] ","[{""entity"": ""showed""}, {""entity"": ""count""}, {""entity"": ""lymphoblasts""}, {""entity"": """
"Flow cytometry of the CSF showed that blast cells were positive for a cluster of differentiation markers (CD) (CD34, CD19, CD10, CD22 and partially positive for CD45) confirming CNS extramedullary lymphoid blast infiltration.","[{'id': '9856', 'offsets': array([ 5, 14]), 'role': '', 'semantic_type_id': '', 'text': 'cytometry', 'type': 'EVENT'}
 {'id': '9871', 'offsets': array([26, 32]), 'role': '', 'semantic_type_id': '', 'text': 'showed', 'type': 'EVENT'}
 {'id': '9886', 'offsets': array([ 97, 104]), 'role': '', 'semantic_type_id': '', 'text': 'markers', 'type': 'EVENT'}
 {'id': '9901', 'offsets': array([161, 165]), 'role': '', 'semantic_type_id': '', 'text': 'CD45', 'type': 'EVENT'}
 {'id': '9916', 'offsets': array([167, 177]), 'role': '', 'semantic_type_id': '', 'text': 'confirming', 'type': 'EVENT'}
 {'id': '9931', 'offsets': array([212, 224]), 'role': '', 'semantic_type_id': '', 'text': 'infiltration', 'type': 'EVENT'}
 {'id': '10732', 'offsets': array([18, 25]), 'role': '', 'semantic_type_id': '', 'text': 'the CSF', 'type': 'BODYPART'}
 {'id': '10738', 'offsets': array([38, 49]), 'role': '', 'semantic_type_id': '', 'text': 'blast cells', 'type': 'BODYPART'}
 {'id': '10744', 'offsets': array([178, 181]), 'role': '', 'semantic_type_id': '', 'text': 'CNS', 'type': 'BODYPART'}
 {'id': '10971', 'offsets': array([55, 63]), 'role': '', 'semantic_type_id': '', 'text': 'positive', 'type': 'RML'}
 {'id': '10977', 'offsets': array([138, 156]), 'role': '', 'semantic_type_id': '', 'text': 'partially positive', 'type': 'RML'}]","A 12-year-old girl presented an abdominal pain, high persistent fever of (40°C) and severe fatigue. The physical exam revealed pallor, hepatomegaly, and grade III splenomegaly. The investigation revealed an elevated white blood cell count (WBC): 545,000/mm³. PNN: 49,050/mm³, hemoglobin: 11.6g/dl, platelets: 328,000/mm³. The patient's peripheral blood smear revealed marked leukocytosis with a significant number of immature myeloid precursors and 21% blasts. The analysis of the BCR-ABL shows 94% in the peripheral blood. The patient was diagnosed with CML. She received a chemotherapy protocol made of hyperalkalinisation, allopurinol, hydroxyurea and a treatment based on imatinib at the dose of 400mg per day. Patient achieved complete hematological remission at three months and complete cytogenetic remission at 12 months. The patient was readmitted into our pediatric department with complains of severe headache, vomiting, pain and bilateral visual loss since three days. On examination, patient was afebrile and appeared pale. Blood pressure was 100/60mm/hg and the heart rate 98 beat/minute. There was no lymphadenopathy and the nervous system examination was normal. Intraocular muscle testing was normal; however, there was an exophthalmia in both eyes. The pupil was sluggish to react to light. Fundoscopy revealed bilateral stade III disc edema and hemorrhages of the retina. She underwent a brain computed tomography (CT) scan with the suspicion of leukemic involvement or any other intracranial event (cerebral edema); however, nothing was found. A subsequent bone marrow exam showed no morphologic or molecular evidence of CML or acute leukemia. Cytological evaluation of cerebrospinal fluid (CSF) was also negative. The patient had no other known pathology that could be held responsible for retina edema. We suggested that it was a side effect of imatinib so its administration was temporary interrupted. The patient was put on an anti-edema therapy (mannitol, dexamethasone). However, few months later, the patient presented in the emergency room with a headache and severe vomiting. She described a recurrence of the same character of headaches accompanied with weakness of extremities and seizures. Nervous system examination revealed neck rigidity, presence of meningeal signs and lower limb paraplegia. CT of the brain revealed subdural chronic hematoma and a serpenginous gyriform enhancement around the contusion in the right parietal and occipital lobes. Analysis of the CSF collected showed lymphoblasts in a WBC count of 11000cells/ml. Flow cytometry of the CSF showed that blast cells were positive for a cluster of differentiation markers (CD) (CD34, CD19, CD10, CD22 and partially positive for CD45) confirming CNS extramedullary lymphoid blast infiltration. A bone marrow aspiration was done to evaluate the status of her chronic myelogenous leukemia and result was consistent with a chronic phase. Fundus examination showed bilateral optic atrophy.
The diagnosis of extramedullary isolated CNS blast crises (lymphoid type) was based on the presence of blasts in CSF (confirmed by flow cytometry).
The patient received a high-dose systemic induction chemotherapy and intrathecal therapy (methotrexate, arabinoside and dexamethasone). The imatinib was replaced by dasatinib at the dose of 100 mg per day. She was treated with 24 Gy of whole-brain radiation therapy.
Allogenic stem cell transplantation was not feasible. We noticed a rapidly progressive amelioration in her neurological status after finishing systemic chemotherapy and physical therapy; however, the patient's visual loss showed no signs of improvement.
",EN100543,"<|im_start|>user Extract the entities contained in the text. Extract only entities contained in the text.
Return the result in a json format: [{""entity"":""entity_name""}]. <<Flow cytometry of the CSF showed that blast cells were positive for a cluster of differentiation markers (CD) (CD34, CD19, CD10, CD22 and partially positive for CD45) confirming CNS extramedullary lymphoid blast infiltration.>>> <|im_end|><|im_start|>assistant[{""entity"": ""cytometry""}, {""entity"": ""showed""}, {""entity"": ""markers""}, {""entity"": ""CD45""}, {""entity"": ""confirming""}, {""entity"": ""infiltration""}, {""entity"": ""the CSF""}, {""entity"": ""blast cells""}, {""entity"": ""CNS""}, {""entity"": ""positive""}, {""entity"": ""partially positive""}] <|im_end|>","<|im_start|>user Extract the entities contained in the text. Extract only entities contained in the text.
Return the result in a json format: [{""entity"":""entity_name""}]. <<<We present a case of a 32-year-old woman with a history of gradual enlargement of the anterior neck.>>> <|im_end|><|im_start|>assistant [{""entity"": ""present""}, {""entity"": ""history""}, {""entity"": ""enlargement""}] <|im_end|>
<|im_start|>user Extract the entities contained in the text. Extract only entities contained in the text.
Return the result in a json format: [{""entity"":""entity_name""}]. <<<Patient information: a 9-month-old boy presented to the emergency room with a 3-day history of refusal to bear weight on the right lower extremity and febrile peaks of up to 38.5°C for 24 hours.>>> <|im_end|><|im_start|>assistant [{""entity"": ""presented""}, {""entity"": ""refusal""}, {""entity"": ""bear""}, {""entity"": ""peaks""}] <|im_end|>
<|im_start|>user Extract the entities contained in the text. Extract only entities contained in the text.
Return the result in a json format: [{""entity"":""entity_name""}]. <<Flow cytometry of the CSF showed that blast cells were positive for a cluster of differentiation markers (CD) (CD34, CD19, CD10, CD22 and partially positive for CD45) confirming CNS extramedullary lymphoid blast infiltration.>>> <|im_end|><|im_start|>assistant","[{""entity"": ""cytometry""}, {""entity"": ""showed""}, {""entity"": ""markers""}, {""entity"": ""CD45""}, {""entity"": ""confirming""}, {""entity"": ""infiltration""}, {""entity"": ""the CSF""}, {""entity"": ""blast cells""}, {""entity"": ""CNS""}, {""entity"": ""positive""}, {""entity"": ""partially positive""}] ","[{""entity"": ""cytometry""}, {""entity"": ""showed""}, {""entity"": ""infiltration""}, {""entity"": """
A bone marrow aspiration was done to evaluate the status of her chronic myelogenous leukemia and result was consistent with a chronic phase.,"[{'id': '9946', 'offsets': array([14, 24]), 'role': '', 'semantic_type_id': '', 'text': 'aspiration', 'type': 'EVENT'}
 {'id': '9961', 'offsets': array([37, 45]), 'role': '', 'semantic_type_id': '', 'text': 'evaluate', 'type': 'EVENT'}
 {'id': '9976', 'offsets': array([84, 92]), 'role': '', 'semantic_type_id': '', 'text': 'leukemia', 'type': 'EVENT'}
 {'id': '9991', 'offsets': array([ 97, 103]), 'role': '', 'semantic_type_id': '', 'text': 'result', 'type': 'EVENT'}
 {'id': '10006', 'offsets': array([108, 118]), 'role': '', 'semantic_type_id': '', 'text': 'consistent', 'type': 'EVENT'}
 {'id': '10021', 'offsets': array([134, 139]), 'role': '', 'semantic_type_id': '', 'text': 'phase', 'type': 'EVENT'}
 {'id': '10573', 'offsets': array([64, 92]), 'role': '', 'semantic_type_id': 'C0023473', 'text': 'chronic myelogenous leukemia', 'type': 'CLINENTITY'}
 {'id': '10750', 'offsets': array([ 2, 13]), 'role': '', 'semantic_type_id': '', 'text': 'bone marrow', 'type': 'BODYPART'}]","A 12-year-old girl presented an abdominal pain, high persistent fever of (40°C) and severe fatigue. The physical exam revealed pallor, hepatomegaly, and grade III splenomegaly. The investigation revealed an elevated white blood cell count (WBC): 545,000/mm³. PNN: 49,050/mm³, hemoglobin: 11.6g/dl, platelets: 328,000/mm³. The patient's peripheral blood smear revealed marked leukocytosis with a significant number of immature myeloid precursors and 21% blasts. The analysis of the BCR-ABL shows 94% in the peripheral blood. The patient was diagnosed with CML. She received a chemotherapy protocol made of hyperalkalinisation, allopurinol, hydroxyurea and a treatment based on imatinib at the dose of 400mg per day. Patient achieved complete hematological remission at three months and complete cytogenetic remission at 12 months. The patient was readmitted into our pediatric department with complains of severe headache, vomiting, pain and bilateral visual loss since three days. On examination, patient was afebrile and appeared pale. Blood pressure was 100/60mm/hg and the heart rate 98 beat/minute. There was no lymphadenopathy and the nervous system examination was normal. Intraocular muscle testing was normal; however, there was an exophthalmia in both eyes. The pupil was sluggish to react to light. Fundoscopy revealed bilateral stade III disc edema and hemorrhages of the retina. She underwent a brain computed tomography (CT) scan with the suspicion of leukemic involvement or any other intracranial event (cerebral edema); however, nothing was found. A subsequent bone marrow exam showed no morphologic or molecular evidence of CML or acute leukemia. Cytological evaluation of cerebrospinal fluid (CSF) was also negative. The patient had no other known pathology that could be held responsible for retina edema. We suggested that it was a side effect of imatinib so its administration was temporary interrupted. The patient was put on an anti-edema therapy (mannitol, dexamethasone). However, few months later, the patient presented in the emergency room with a headache and severe vomiting. She described a recurrence of the same character of headaches accompanied with weakness of extremities and seizures. Nervous system examination revealed neck rigidity, presence of meningeal signs and lower limb paraplegia. CT of the brain revealed subdural chronic hematoma and a serpenginous gyriform enhancement around the contusion in the right parietal and occipital lobes. Analysis of the CSF collected showed lymphoblasts in a WBC count of 11000cells/ml. Flow cytometry of the CSF showed that blast cells were positive for a cluster of differentiation markers (CD) (CD34, CD19, CD10, CD22 and partially positive for CD45) confirming CNS extramedullary lymphoid blast infiltration. A bone marrow aspiration was done to evaluate the status of her chronic myelogenous leukemia and result was consistent with a chronic phase. Fundus examination showed bilateral optic atrophy.
The diagnosis of extramedullary isolated CNS blast crises (lymphoid type) was based on the presence of blasts in CSF (confirmed by flow cytometry).
The patient received a high-dose systemic induction chemotherapy and intrathecal therapy (methotrexate, arabinoside and dexamethasone). The imatinib was replaced by dasatinib at the dose of 100 mg per day. She was treated with 24 Gy of whole-brain radiation therapy.
Allogenic stem cell transplantation was not feasible. We noticed a rapidly progressive amelioration in her neurological status after finishing systemic chemotherapy and physical therapy; however, the patient's visual loss showed no signs of improvement.
",EN100543,"<|im_start|>user Extract the entities contained in the text. Extract only entities contained in the text.
Return the result in a json format: [{""entity"":""entity_name""}]. <<A bone marrow aspiration was done to evaluate the status of her chronic myelogenous leukemia and result was consistent with a chronic phase.>>> <|im_end|><|im_start|>assistant[{""entity"": ""aspiration""}, {""entity"": ""evaluate""}, {""entity"": ""leukemia""}, {""entity"": ""result""}, {""entity"": ""consistent""}, {""entity"": ""phase""}, {""entity"": ""chronic myelogenous leukemia""}, {""entity"": ""bone marrow""}] <|im_end|>","<|im_start|>user Extract the entities contained in the text. Extract only entities contained in the text.
Return the result in a json format: [{""entity"":""entity_name""}]. <<<We present a case of a 32-year-old woman with a history of gradual enlargement of the anterior neck.>>> <|im_end|><|im_start|>assistant [{""entity"": ""present""}, {""entity"": ""history""}, {""entity"": ""enlargement""}] <|im_end|>
<|im_start|>user Extract the entities contained in the text. Extract only entities contained in the text.
Return the result in a json format: [{""entity"":""entity_name""}]. <<<Patient information: a 9-month-old boy presented to the emergency room with a 3-day history of refusal to bear weight on the right lower extremity and febrile peaks of up to 38.5°C for 24 hours.>>> <|im_end|><|im_start|>assistant [{""entity"": ""presented""}, {""entity"": ""refusal""}, {""entity"": ""bear""}, {""entity"": ""peaks""}] <|im_end|>
<|im_start|>user Extract the entities contained in the text. Extract only entities contained in the text.
Return the result in a json format: [{""entity"":""entity_name""}]. <<A bone marrow aspiration was done to evaluate the status of her chronic myelogenous leukemia and result was consistent with a chronic phase.>>> <|im_end|><|im_start|>assistant","[{""entity"": ""aspiration""}, {""entity"": ""evaluate""}, {""entity"": ""leukemia""}, {""entity"": ""result""}, {""entity"": ""consistent""}, {""entity"": ""phase""}, {""entity"": ""chronic myelogenous leukemia""}, {""entity"": ""bone marrow""}] ","[{""entity"": ""aspiration""}, {""entity"": ""evaluate""}, {""entity"": ""leukemia""}, {""entity"": ""consistent""},"
Fundus examination showed bilateral optic atrophy.,"[{'id': '10036', 'offsets': array([ 7, 18]), 'role': '', 'semantic_type_id': '', 'text': 'examination', 'type': 'EVENT'}
 {'id': '10051', 'offsets': array([19, 25]), 'role': '', 'semantic_type_id': '', 'text': 'showed', 'type': 'EVENT'}
 {'id': '10066', 'offsets': array([42, 49]), 'role': '', 'semantic_type_id': '', 'text': 'atrophy', 'type': 'EVENT'}
 {'id': '10580', 'offsets': array([26, 49]), 'role': '', 'semantic_type_id': 'C2881230', 'text': 'bilateral optic atrophy', 'type': 'CLINENTITY'}]","A 12-year-old girl presented an abdominal pain, high persistent fever of (40°C) and severe fatigue. The physical exam revealed pallor, hepatomegaly, and grade III splenomegaly. The investigation revealed an elevated white blood cell count (WBC): 545,000/mm³. PNN: 49,050/mm³, hemoglobin: 11.6g/dl, platelets: 328,000/mm³. The patient's peripheral blood smear revealed marked leukocytosis with a significant number of immature myeloid precursors and 21% blasts. The analysis of the BCR-ABL shows 94% in the peripheral blood. The patient was diagnosed with CML. She received a chemotherapy protocol made of hyperalkalinisation, allopurinol, hydroxyurea and a treatment based on imatinib at the dose of 400mg per day. Patient achieved complete hematological remission at three months and complete cytogenetic remission at 12 months. The patient was readmitted into our pediatric department with complains of severe headache, vomiting, pain and bilateral visual loss since three days. On examination, patient was afebrile and appeared pale. Blood pressure was 100/60mm/hg and the heart rate 98 beat/minute. There was no lymphadenopathy and the nervous system examination was normal. Intraocular muscle testing was normal; however, there was an exophthalmia in both eyes. The pupil was sluggish to react to light. Fundoscopy revealed bilateral stade III disc edema and hemorrhages of the retina. She underwent a brain computed tomography (CT) scan with the suspicion of leukemic involvement or any other intracranial event (cerebral edema); however, nothing was found. A subsequent bone marrow exam showed no morphologic or molecular evidence of CML or acute leukemia. Cytological evaluation of cerebrospinal fluid (CSF) was also negative. The patient had no other known pathology that could be held responsible for retina edema. We suggested that it was a side effect of imatinib so its administration was temporary interrupted. The patient was put on an anti-edema therapy (mannitol, dexamethasone). However, few months later, the patient presented in the emergency room with a headache and severe vomiting. She described a recurrence of the same character of headaches accompanied with weakness of extremities and seizures. Nervous system examination revealed neck rigidity, presence of meningeal signs and lower limb paraplegia. CT of the brain revealed subdural chronic hematoma and a serpenginous gyriform enhancement around the contusion in the right parietal and occipital lobes. Analysis of the CSF collected showed lymphoblasts in a WBC count of 11000cells/ml. Flow cytometry of the CSF showed that blast cells were positive for a cluster of differentiation markers (CD) (CD34, CD19, CD10, CD22 and partially positive for CD45) confirming CNS extramedullary lymphoid blast infiltration. A bone marrow aspiration was done to evaluate the status of her chronic myelogenous leukemia and result was consistent with a chronic phase. Fundus examination showed bilateral optic atrophy.
The diagnosis of extramedullary isolated CNS blast crises (lymphoid type) was based on the presence of blasts in CSF (confirmed by flow cytometry).
The patient received a high-dose systemic induction chemotherapy and intrathecal therapy (methotrexate, arabinoside and dexamethasone). The imatinib was replaced by dasatinib at the dose of 100 mg per day. She was treated with 24 Gy of whole-brain radiation therapy.
Allogenic stem cell transplantation was not feasible. We noticed a rapidly progressive amelioration in her neurological status after finishing systemic chemotherapy and physical therapy; however, the patient's visual loss showed no signs of improvement.
",EN100543,"<|im_start|>user Extract the entities contained in the text. Extract only entities contained in the text.
Return the result in a json format: [{""entity"":""entity_name""}]. <<Fundus examination showed bilateral optic atrophy.>>> <|im_end|><|im_start|>assistant[{""entity"": ""examination""}, {""entity"": ""showed""}, {""entity"": ""atrophy""}, {""entity"": ""bilateral optic atrophy""}] <|im_end|>","<|im_start|>user Extract the entities contained in the text. Extract only entities contained in the text.
Return the result in a json format: [{""entity"":""entity_name""}]. <<<We present a case of a 32-year-old woman with a history of gradual enlargement of the anterior neck.>>> <|im_end|><|im_start|>assistant [{""entity"": ""present""}, {""entity"": ""history""}, {""entity"": ""enlargement""}] <|im_end|>
<|im_start|>user Extract the entities contained in the text. Extract only entities contained in the text.
Return the result in a json format: [{""entity"":""entity_name""}]. <<<Patient information: a 9-month-old boy presented to the emergency room with a 3-day history of refusal to bear weight on the right lower extremity and febrile peaks of up to 38.5°C for 24 hours.>>> <|im_end|><|im_start|>assistant [{""entity"": ""presented""}, {""entity"": ""refusal""}, {""entity"": ""bear""}, {""entity"": ""peaks""}] <|im_end|>
<|im_start|>user Extract the entities contained in the text. Extract only entities contained in the text.
Return the result in a json format: [{""entity"":""entity_name""}]. <<Fundus examination showed bilateral optic atrophy.>>> <|im_end|><|im_start|>assistant","[{""entity"": ""examination""}, {""entity"": ""showed""}, {""entity"": ""atrophy""}, {""entity"": ""bilateral optic atrophy""}] ","[{""entity"": ""examination""}, {""entity"": ""showed""}, {""entity"": ""atrophy""}, {""entity"": ""bilateral"
The diagnosis of extramedullary isolated CNS blast crises (lymphoid type) was based on the presence of blasts in CSF (confirmed by flow cytometry).,"[{'id': '10081', 'offsets': array([51, 57]), 'role': '', 'semantic_type_id': '', 'text': 'crises', 'type': 'EVENT'}
 {'id': '10096', 'offsets': array([103, 109]), 'role': '', 'semantic_type_id': '', 'text': 'blasts', 'type': 'EVENT'}
 {'id': '10111', 'offsets': array([118, 127]), 'role': '', 'semantic_type_id': '', 'text': 'confirmed', 'type': 'EVENT'}
 {'id': '10126', 'offsets': array([136, 145]), 'role': '', 'semantic_type_id': '', 'text': 'cytometry', 'type': 'EVENT'}
 {'id': '10587', 'offsets': array([17, 57]), 'role': '', 'semantic_type_id': '', 'text': 'extramedullary isolated CNS blast crises', 'type': 'CLINENTITY'}
 {'id': '10756', 'offsets': array([41, 44]), 'role': '', 'semantic_type_id': '', 'text': 'CNS', 'type': 'BODYPART'}
 {'id': '10762', 'offsets': array([113, 116]), 'role': '', 'semantic_type_id': '', 'text': 'CSF', 'type': 'BODYPART'}]","A 12-year-old girl presented an abdominal pain, high persistent fever of (40°C) and severe fatigue. The physical exam revealed pallor, hepatomegaly, and grade III splenomegaly. The investigation revealed an elevated white blood cell count (WBC): 545,000/mm³. PNN: 49,050/mm³, hemoglobin: 11.6g/dl, platelets: 328,000/mm³. The patient's peripheral blood smear revealed marked leukocytosis with a significant number of immature myeloid precursors and 21% blasts. The analysis of the BCR-ABL shows 94% in the peripheral blood. The patient was diagnosed with CML. She received a chemotherapy protocol made of hyperalkalinisation, allopurinol, hydroxyurea and a treatment based on imatinib at the dose of 400mg per day. Patient achieved complete hematological remission at three months and complete cytogenetic remission at 12 months. The patient was readmitted into our pediatric department with complains of severe headache, vomiting, pain and bilateral visual loss since three days. On examination, patient was afebrile and appeared pale. Blood pressure was 100/60mm/hg and the heart rate 98 beat/minute. There was no lymphadenopathy and the nervous system examination was normal. Intraocular muscle testing was normal; however, there was an exophthalmia in both eyes. The pupil was sluggish to react to light. Fundoscopy revealed bilateral stade III disc edema and hemorrhages of the retina. She underwent a brain computed tomography (CT) scan with the suspicion of leukemic involvement or any other intracranial event (cerebral edema); however, nothing was found. A subsequent bone marrow exam showed no morphologic or molecular evidence of CML or acute leukemia. Cytological evaluation of cerebrospinal fluid (CSF) was also negative. The patient had no other known pathology that could be held responsible for retina edema. We suggested that it was a side effect of imatinib so its administration was temporary interrupted. The patient was put on an anti-edema therapy (mannitol, dexamethasone). However, few months later, the patient presented in the emergency room with a headache and severe vomiting. She described a recurrence of the same character of headaches accompanied with weakness of extremities and seizures. Nervous system examination revealed neck rigidity, presence of meningeal signs and lower limb paraplegia. CT of the brain revealed subdural chronic hematoma and a serpenginous gyriform enhancement around the contusion in the right parietal and occipital lobes. Analysis of the CSF collected showed lymphoblasts in a WBC count of 11000cells/ml. Flow cytometry of the CSF showed that blast cells were positive for a cluster of differentiation markers (CD) (CD34, CD19, CD10, CD22 and partially positive for CD45) confirming CNS extramedullary lymphoid blast infiltration. A bone marrow aspiration was done to evaluate the status of her chronic myelogenous leukemia and result was consistent with a chronic phase. Fundus examination showed bilateral optic atrophy.
The diagnosis of extramedullary isolated CNS blast crises (lymphoid type) was based on the presence of blasts in CSF (confirmed by flow cytometry).
The patient received a high-dose systemic induction chemotherapy and intrathecal therapy (methotrexate, arabinoside and dexamethasone). The imatinib was replaced by dasatinib at the dose of 100 mg per day. She was treated with 24 Gy of whole-brain radiation therapy.
Allogenic stem cell transplantation was not feasible. We noticed a rapidly progressive amelioration in her neurological status after finishing systemic chemotherapy and physical therapy; however, the patient's visual loss showed no signs of improvement.
",EN100543,"<|im_start|>user Extract the entities contained in the text. Extract only entities contained in the text.
Return the result in a json format: [{""entity"":""entity_name""}]. <<The diagnosis of extramedullary isolated CNS blast crises (lymphoid type) was based on the presence of blasts in CSF (confirmed by flow cytometry).>>> <|im_end|><|im_start|>assistant[{""entity"": ""crises""}, {""entity"": ""blasts""}, {""entity"": ""confirmed""}, {""entity"": ""cytometry""}, {""entity"": ""extramedullary isolated CNS blast crises""}, {""entity"": ""CNS""}, {""entity"": ""CSF""}] <|im_end|>","<|im_start|>user Extract the entities contained in the text. Extract only entities contained in the text.
Return the result in a json format: [{""entity"":""entity_name""}]. <<<We present a case of a 32-year-old woman with a history of gradual enlargement of the anterior neck.>>> <|im_end|><|im_start|>assistant [{""entity"": ""present""}, {""entity"": ""history""}, {""entity"": ""enlargement""}] <|im_end|>
<|im_start|>user Extract the entities contained in the text. Extract only entities contained in the text.
Return the result in a json format: [{""entity"":""entity_name""}]. <<<Patient information: a 9-month-old boy presented to the emergency room with a 3-day history of refusal to bear weight on the right lower extremity and febrile peaks of up to 38.5°C for 24 hours.>>> <|im_end|><|im_start|>assistant [{""entity"": ""presented""}, {""entity"": ""refusal""}, {""entity"": ""bear""}, {""entity"": ""peaks""}] <|im_end|>
<|im_start|>user Extract the entities contained in the text. Extract only entities contained in the text.
Return the result in a json format: [{""entity"":""entity_name""}]. <<The diagnosis of extramedullary isolated CNS blast crises (lymphoid type) was based on the presence of blasts in CSF (confirmed by flow cytometry).>>> <|im_end|><|im_start|>assistant","[{""entity"": ""crises""}, {""entity"": ""blasts""}, {""entity"": ""confirmed""}, {""entity"": ""cytometry""}, {""entity"": ""extramedullary isolated CNS blast crises""}, {""entity"": ""CNS""}, {""entity"": ""CSF""}] ","[{""entity"": ""diagnosis""}, {""entity"": ""crises""}, {""entity"": ""blast""}, {""entity"": ""blasts in"
"The patient received a high-dose systemic induction chemotherapy and intrathecal therapy (methotrexate, arabinoside and dexamethasone).","[{'id': '10141', 'offsets': array([52, 64]), 'role': '', 'semantic_type_id': '', 'text': 'chemotherapy', 'type': 'EVENT'}
 {'id': '10156', 'offsets': array([81, 88]), 'role': '', 'semantic_type_id': '', 'text': 'therapy', 'type': 'EVENT'}
 {'id': '10871', 'offsets': array([ 0, 11]), 'role': 'PATIENT', 'semantic_type_id': '', 'text': 'The patient', 'type': 'ACTOR'}]","A 12-year-old girl presented an abdominal pain, high persistent fever of (40°C) and severe fatigue. The physical exam revealed pallor, hepatomegaly, and grade III splenomegaly. The investigation revealed an elevated white blood cell count (WBC): 545,000/mm³. PNN: 49,050/mm³, hemoglobin: 11.6g/dl, platelets: 328,000/mm³. The patient's peripheral blood smear revealed marked leukocytosis with a significant number of immature myeloid precursors and 21% blasts. The analysis of the BCR-ABL shows 94% in the peripheral blood. The patient was diagnosed with CML. She received a chemotherapy protocol made of hyperalkalinisation, allopurinol, hydroxyurea and a treatment based on imatinib at the dose of 400mg per day. Patient achieved complete hematological remission at three months and complete cytogenetic remission at 12 months. The patient was readmitted into our pediatric department with complains of severe headache, vomiting, pain and bilateral visual loss since three days. On examination, patient was afebrile and appeared pale. Blood pressure was 100/60mm/hg and the heart rate 98 beat/minute. There was no lymphadenopathy and the nervous system examination was normal. Intraocular muscle testing was normal; however, there was an exophthalmia in both eyes. The pupil was sluggish to react to light. Fundoscopy revealed bilateral stade III disc edema and hemorrhages of the retina. She underwent a brain computed tomography (CT) scan with the suspicion of leukemic involvement or any other intracranial event (cerebral edema); however, nothing was found. A subsequent bone marrow exam showed no morphologic or molecular evidence of CML or acute leukemia. Cytological evaluation of cerebrospinal fluid (CSF) was also negative. The patient had no other known pathology that could be held responsible for retina edema. We suggested that it was a side effect of imatinib so its administration was temporary interrupted. The patient was put on an anti-edema therapy (mannitol, dexamethasone). However, few months later, the patient presented in the emergency room with a headache and severe vomiting. She described a recurrence of the same character of headaches accompanied with weakness of extremities and seizures. Nervous system examination revealed neck rigidity, presence of meningeal signs and lower limb paraplegia. CT of the brain revealed subdural chronic hematoma and a serpenginous gyriform enhancement around the contusion in the right parietal and occipital lobes. Analysis of the CSF collected showed lymphoblasts in a WBC count of 11000cells/ml. Flow cytometry of the CSF showed that blast cells were positive for a cluster of differentiation markers (CD) (CD34, CD19, CD10, CD22 and partially positive for CD45) confirming CNS extramedullary lymphoid blast infiltration. A bone marrow aspiration was done to evaluate the status of her chronic myelogenous leukemia and result was consistent with a chronic phase. Fundus examination showed bilateral optic atrophy.
The diagnosis of extramedullary isolated CNS blast crises (lymphoid type) was based on the presence of blasts in CSF (confirmed by flow cytometry).
The patient received a high-dose systemic induction chemotherapy and intrathecal therapy (methotrexate, arabinoside and dexamethasone). The imatinib was replaced by dasatinib at the dose of 100 mg per day. She was treated with 24 Gy of whole-brain radiation therapy.
Allogenic stem cell transplantation was not feasible. We noticed a rapidly progressive amelioration in her neurological status after finishing systemic chemotherapy and physical therapy; however, the patient's visual loss showed no signs of improvement.
",EN100543,"<|im_start|>user Extract the entities contained in the text. Extract only entities contained in the text.
Return the result in a json format: [{""entity"":""entity_name""}]. <<The patient received a high-dose systemic induction chemotherapy and intrathecal therapy (methotrexate, arabinoside and dexamethasone).>>> <|im_end|><|im_start|>assistant[{""entity"": ""chemotherapy""}, {""entity"": ""therapy""}, {""entity"": ""The patient""}] <|im_end|>","<|im_start|>user Extract the entities contained in the text. Extract only entities contained in the text.
Return the result in a json format: [{""entity"":""entity_name""}]. <<<We present a case of a 32-year-old woman with a history of gradual enlargement of the anterior neck.>>> <|im_end|><|im_start|>assistant [{""entity"": ""present""}, {""entity"": ""history""}, {""entity"": ""enlargement""}] <|im_end|>
<|im_start|>user Extract the entities contained in the text. Extract only entities contained in the text.
Return the result in a json format: [{""entity"":""entity_name""}]. <<<Patient information: a 9-month-old boy presented to the emergency room with a 3-day history of refusal to bear weight on the right lower extremity and febrile peaks of up to 38.5°C for 24 hours.>>> <|im_end|><|im_start|>assistant [{""entity"": ""presented""}, {""entity"": ""refusal""}, {""entity"": ""bear""}, {""entity"": ""peaks""}] <|im_end|>
<|im_start|>user Extract the entities contained in the text. Extract only entities contained in the text.
Return the result in a json format: [{""entity"":""entity_name""}]. <<The patient received a high-dose systemic induction chemotherapy and intrathecal therapy (methotrexate, arabinoside and dexamethasone).>>> <|im_end|><|im_start|>assistant","[{""entity"": ""chemotherapy""}, {""entity"": ""therapy""}, {""entity"": ""The patient""}] ","[{""entity"": ""chemotherapy""}, {""entity"": ""therapy""}, {""entity"": ""methotrexate""}, {""entity"": ""ar"
The imatinib was replaced by dasatinib at the dose of 100 mg per day.,"[{'id': '10171', 'offsets': array([ 4, 12]), 'role': '', 'semantic_type_id': '', 'text': 'imatinib', 'type': 'EVENT'}
 {'id': '10186', 'offsets': array([17, 25]), 'role': '', 'semantic_type_id': '', 'text': 'replaced', 'type': 'EVENT'}
 {'id': '10201', 'offsets': array([29, 38]), 'role': '', 'semantic_type_id': '', 'text': 'dasatinib', 'type': 'EVENT'}
 {'id': '11028', 'offsets': array([61, 68]), 'role': '', 'semantic_type_id': '', 'text': 'per day', 'type': 'TIMEX3'}]","A 12-year-old girl presented an abdominal pain, high persistent fever of (40°C) and severe fatigue. The physical exam revealed pallor, hepatomegaly, and grade III splenomegaly. The investigation revealed an elevated white blood cell count (WBC): 545,000/mm³. PNN: 49,050/mm³, hemoglobin: 11.6g/dl, platelets: 328,000/mm³. The patient's peripheral blood smear revealed marked leukocytosis with a significant number of immature myeloid precursors and 21% blasts. The analysis of the BCR-ABL shows 94% in the peripheral blood. The patient was diagnosed with CML. She received a chemotherapy protocol made of hyperalkalinisation, allopurinol, hydroxyurea and a treatment based on imatinib at the dose of 400mg per day. Patient achieved complete hematological remission at three months and complete cytogenetic remission at 12 months. The patient was readmitted into our pediatric department with complains of severe headache, vomiting, pain and bilateral visual loss since three days. On examination, patient was afebrile and appeared pale. Blood pressure was 100/60mm/hg and the heart rate 98 beat/minute. There was no lymphadenopathy and the nervous system examination was normal. Intraocular muscle testing was normal; however, there was an exophthalmia in both eyes. The pupil was sluggish to react to light. Fundoscopy revealed bilateral stade III disc edema and hemorrhages of the retina. She underwent a brain computed tomography (CT) scan with the suspicion of leukemic involvement or any other intracranial event (cerebral edema); however, nothing was found. A subsequent bone marrow exam showed no morphologic or molecular evidence of CML or acute leukemia. Cytological evaluation of cerebrospinal fluid (CSF) was also negative. The patient had no other known pathology that could be held responsible for retina edema. We suggested that it was a side effect of imatinib so its administration was temporary interrupted. The patient was put on an anti-edema therapy (mannitol, dexamethasone). However, few months later, the patient presented in the emergency room with a headache and severe vomiting. She described a recurrence of the same character of headaches accompanied with weakness of extremities and seizures. Nervous system examination revealed neck rigidity, presence of meningeal signs and lower limb paraplegia. CT of the brain revealed subdural chronic hematoma and a serpenginous gyriform enhancement around the contusion in the right parietal and occipital lobes. Analysis of the CSF collected showed lymphoblasts in a WBC count of 11000cells/ml. Flow cytometry of the CSF showed that blast cells were positive for a cluster of differentiation markers (CD) (CD34, CD19, CD10, CD22 and partially positive for CD45) confirming CNS extramedullary lymphoid blast infiltration. A bone marrow aspiration was done to evaluate the status of her chronic myelogenous leukemia and result was consistent with a chronic phase. Fundus examination showed bilateral optic atrophy.
The diagnosis of extramedullary isolated CNS blast crises (lymphoid type) was based on the presence of blasts in CSF (confirmed by flow cytometry).
The patient received a high-dose systemic induction chemotherapy and intrathecal therapy (methotrexate, arabinoside and dexamethasone). The imatinib was replaced by dasatinib at the dose of 100 mg per day. She was treated with 24 Gy of whole-brain radiation therapy.
Allogenic stem cell transplantation was not feasible. We noticed a rapidly progressive amelioration in her neurological status after finishing systemic chemotherapy and physical therapy; however, the patient's visual loss showed no signs of improvement.
",EN100543,"<|im_start|>user Extract the entities contained in the text. Extract only entities contained in the text.
Return the result in a json format: [{""entity"":""entity_name""}]. <<The imatinib was replaced by dasatinib at the dose of 100 mg per day.>>> <|im_end|><|im_start|>assistant[{""entity"": ""imatinib""}, {""entity"": ""replaced""}, {""entity"": ""dasatinib""}, {""entity"": ""per day""}] <|im_end|>","<|im_start|>user Extract the entities contained in the text. Extract only entities contained in the text.
Return the result in a json format: [{""entity"":""entity_name""}]. <<<We present a case of a 32-year-old woman with a history of gradual enlargement of the anterior neck.>>> <|im_end|><|im_start|>assistant [{""entity"": ""present""}, {""entity"": ""history""}, {""entity"": ""enlargement""}] <|im_end|>
<|im_start|>user Extract the entities contained in the text. Extract only entities contained in the text.
Return the result in a json format: [{""entity"":""entity_name""}]. <<<Patient information: a 9-month-old boy presented to the emergency room with a 3-day history of refusal to bear weight on the right lower extremity and febrile peaks of up to 38.5°C for 24 hours.>>> <|im_end|><|im_start|>assistant [{""entity"": ""presented""}, {""entity"": ""refusal""}, {""entity"": ""bear""}, {""entity"": ""peaks""}] <|im_end|>
<|im_start|>user Extract the entities contained in the text. Extract only entities contained in the text.
Return the result in a json format: [{""entity"":""entity_name""}]. <<The imatinib was replaced by dasatinib at the dose of 100 mg per day.>>> <|im_end|><|im_start|>assistant","[{""entity"": ""imatinib""}, {""entity"": ""replaced""}, {""entity"": ""dasatinib""}, {""entity"": ""per day""}] ","[{""entity"": ""replaced""}, {""entity"": ""dasatinib""}, {""entity"": ""dose""}, {""entity"": ""bear"
She was treated with 24 Gy of whole-brain radiation therapy.,"[{'id': '10216', 'offsets': array([ 8, 15]), 'role': '', 'semantic_type_id': '', 'text': 'treated', 'type': 'EVENT'}
 {'id': '10231', 'offsets': array([52, 59]), 'role': '', 'semantic_type_id': '', 'text': 'therapy', 'type': 'EVENT'}
 {'id': '10768', 'offsets': array([30, 41]), 'role': '', 'semantic_type_id': '', 'text': 'whole-brain', 'type': 'BODYPART'}
 {'id': '10878', 'offsets': array([0, 3]), 'role': 'PATIENT', 'semantic_type_id': '', 'text': 'She', 'type': 'ACTOR'}]","A 12-year-old girl presented an abdominal pain, high persistent fever of (40°C) and severe fatigue. The physical exam revealed pallor, hepatomegaly, and grade III splenomegaly. The investigation revealed an elevated white blood cell count (WBC): 545,000/mm³. PNN: 49,050/mm³, hemoglobin: 11.6g/dl, platelets: 328,000/mm³. The patient's peripheral blood smear revealed marked leukocytosis with a significant number of immature myeloid precursors and 21% blasts. The analysis of the BCR-ABL shows 94% in the peripheral blood. The patient was diagnosed with CML. She received a chemotherapy protocol made of hyperalkalinisation, allopurinol, hydroxyurea and a treatment based on imatinib at the dose of 400mg per day. Patient achieved complete hematological remission at three months and complete cytogenetic remission at 12 months. The patient was readmitted into our pediatric department with complains of severe headache, vomiting, pain and bilateral visual loss since three days. On examination, patient was afebrile and appeared pale. Blood pressure was 100/60mm/hg and the heart rate 98 beat/minute. There was no lymphadenopathy and the nervous system examination was normal. Intraocular muscle testing was normal; however, there was an exophthalmia in both eyes. The pupil was sluggish to react to light. Fundoscopy revealed bilateral stade III disc edema and hemorrhages of the retina. She underwent a brain computed tomography (CT) scan with the suspicion of leukemic involvement or any other intracranial event (cerebral edema); however, nothing was found. A subsequent bone marrow exam showed no morphologic or molecular evidence of CML or acute leukemia. Cytological evaluation of cerebrospinal fluid (CSF) was also negative. The patient had no other known pathology that could be held responsible for retina edema. We suggested that it was a side effect of imatinib so its administration was temporary interrupted. The patient was put on an anti-edema therapy (mannitol, dexamethasone). However, few months later, the patient presented in the emergency room with a headache and severe vomiting. She described a recurrence of the same character of headaches accompanied with weakness of extremities and seizures. Nervous system examination revealed neck rigidity, presence of meningeal signs and lower limb paraplegia. CT of the brain revealed subdural chronic hematoma and a serpenginous gyriform enhancement around the contusion in the right parietal and occipital lobes. Analysis of the CSF collected showed lymphoblasts in a WBC count of 11000cells/ml. Flow cytometry of the CSF showed that blast cells were positive for a cluster of differentiation markers (CD) (CD34, CD19, CD10, CD22 and partially positive for CD45) confirming CNS extramedullary lymphoid blast infiltration. A bone marrow aspiration was done to evaluate the status of her chronic myelogenous leukemia and result was consistent with a chronic phase. Fundus examination showed bilateral optic atrophy.
The diagnosis of extramedullary isolated CNS blast crises (lymphoid type) was based on the presence of blasts in CSF (confirmed by flow cytometry).
The patient received a high-dose systemic induction chemotherapy and intrathecal therapy (methotrexate, arabinoside and dexamethasone). The imatinib was replaced by dasatinib at the dose of 100 mg per day. She was treated with 24 Gy of whole-brain radiation therapy.
Allogenic stem cell transplantation was not feasible. We noticed a rapidly progressive amelioration in her neurological status after finishing systemic chemotherapy and physical therapy; however, the patient's visual loss showed no signs of improvement.
",EN100543,"<|im_start|>user Extract the entities contained in the text. Extract only entities contained in the text.
Return the result in a json format: [{""entity"":""entity_name""}]. <<She was treated with 24 Gy of whole-brain radiation therapy.>>> <|im_end|><|im_start|>assistant[{""entity"": ""treated""}, {""entity"": ""therapy""}, {""entity"": ""whole-brain""}, {""entity"": ""She""}] <|im_end|>","<|im_start|>user Extract the entities contained in the text. Extract only entities contained in the text.
Return the result in a json format: [{""entity"":""entity_name""}]. <<<We present a case of a 32-year-old woman with a history of gradual enlargement of the anterior neck.>>> <|im_end|><|im_start|>assistant [{""entity"": ""present""}, {""entity"": ""history""}, {""entity"": ""enlargement""}] <|im_end|>
<|im_start|>user Extract the entities contained in the text. Extract only entities contained in the text.
Return the result in a json format: [{""entity"":""entity_name""}]. <<<Patient information: a 9-month-old boy presented to the emergency room with a 3-day history of refusal to bear weight on the right lower extremity and febrile peaks of up to 38.5°C for 24 hours.>>> <|im_end|><|im_start|>assistant [{""entity"": ""presented""}, {""entity"": ""refusal""}, {""entity"": ""bear""}, {""entity"": ""peaks""}] <|im_end|>
<|im_start|>user Extract the entities contained in the text. Extract only entities contained in the text.
Return the result in a json format: [{""entity"":""entity_name""}]. <<She was treated with 24 Gy of whole-brain radiation therapy.>>> <|im_end|><|im_start|>assistant","[{""entity"": ""treated""}, {""entity"": ""therapy""}, {""entity"": ""whole-brain""}, {""entity"": ""She""}] ","[{""entity"": ""treated""}, {""entity"": ""therapy""}, {""entity"": ""She""}, {""entity"": ""24 Gy""}"
Allogenic stem cell transplantation was not feasible.,"[{'id': '10246', 'offsets': array([20, 35]), 'role': '', 'semantic_type_id': '', 'text': 'transplantation', 'type': 'EVENT'}
 {'id': '10261', 'offsets': array([44, 52]), 'role': '', 'semantic_type_id': '', 'text': 'feasible', 'type': 'EVENT'}
 {'id': '10774', 'offsets': array([ 0, 19]), 'role': '', 'semantic_type_id': '', 'text': 'Allogenic stem cell', 'type': 'BODYPART'}]","A 12-year-old girl presented an abdominal pain, high persistent fever of (40°C) and severe fatigue. The physical exam revealed pallor, hepatomegaly, and grade III splenomegaly. The investigation revealed an elevated white blood cell count (WBC): 545,000/mm³. PNN: 49,050/mm³, hemoglobin: 11.6g/dl, platelets: 328,000/mm³. The patient's peripheral blood smear revealed marked leukocytosis with a significant number of immature myeloid precursors and 21% blasts. The analysis of the BCR-ABL shows 94% in the peripheral blood. The patient was diagnosed with CML. She received a chemotherapy protocol made of hyperalkalinisation, allopurinol, hydroxyurea and a treatment based on imatinib at the dose of 400mg per day. Patient achieved complete hematological remission at three months and complete cytogenetic remission at 12 months. The patient was readmitted into our pediatric department with complains of severe headache, vomiting, pain and bilateral visual loss since three days. On examination, patient was afebrile and appeared pale. Blood pressure was 100/60mm/hg and the heart rate 98 beat/minute. There was no lymphadenopathy and the nervous system examination was normal. Intraocular muscle testing was normal; however, there was an exophthalmia in both eyes. The pupil was sluggish to react to light. Fundoscopy revealed bilateral stade III disc edema and hemorrhages of the retina. She underwent a brain computed tomography (CT) scan with the suspicion of leukemic involvement or any other intracranial event (cerebral edema); however, nothing was found. A subsequent bone marrow exam showed no morphologic or molecular evidence of CML or acute leukemia. Cytological evaluation of cerebrospinal fluid (CSF) was also negative. The patient had no other known pathology that could be held responsible for retina edema. We suggested that it was a side effect of imatinib so its administration was temporary interrupted. The patient was put on an anti-edema therapy (mannitol, dexamethasone). However, few months later, the patient presented in the emergency room with a headache and severe vomiting. She described a recurrence of the same character of headaches accompanied with weakness of extremities and seizures. Nervous system examination revealed neck rigidity, presence of meningeal signs and lower limb paraplegia. CT of the brain revealed subdural chronic hematoma and a serpenginous gyriform enhancement around the contusion in the right parietal and occipital lobes. Analysis of the CSF collected showed lymphoblasts in a WBC count of 11000cells/ml. Flow cytometry of the CSF showed that blast cells were positive for a cluster of differentiation markers (CD) (CD34, CD19, CD10, CD22 and partially positive for CD45) confirming CNS extramedullary lymphoid blast infiltration. A bone marrow aspiration was done to evaluate the status of her chronic myelogenous leukemia and result was consistent with a chronic phase. Fundus examination showed bilateral optic atrophy.
The diagnosis of extramedullary isolated CNS blast crises (lymphoid type) was based on the presence of blasts in CSF (confirmed by flow cytometry).
The patient received a high-dose systemic induction chemotherapy and intrathecal therapy (methotrexate, arabinoside and dexamethasone). The imatinib was replaced by dasatinib at the dose of 100 mg per day. She was treated with 24 Gy of whole-brain radiation therapy.
Allogenic stem cell transplantation was not feasible. We noticed a rapidly progressive amelioration in her neurological status after finishing systemic chemotherapy and physical therapy; however, the patient's visual loss showed no signs of improvement.
",EN100543,"<|im_start|>user Extract the entities contained in the text. Extract only entities contained in the text.
Return the result in a json format: [{""entity"":""entity_name""}]. <<Allogenic stem cell transplantation was not feasible.>>> <|im_end|><|im_start|>assistant[{""entity"": ""transplantation""}, {""entity"": ""feasible""}, {""entity"": ""Allogenic stem cell""}] <|im_end|>","<|im_start|>user Extract the entities contained in the text. Extract only entities contained in the text.
Return the result in a json format: [{""entity"":""entity_name""}]. <<<We present a case of a 32-year-old woman with a history of gradual enlargement of the anterior neck.>>> <|im_end|><|im_start|>assistant [{""entity"": ""present""}, {""entity"": ""history""}, {""entity"": ""enlargement""}] <|im_end|>
<|im_start|>user Extract the entities contained in the text. Extract only entities contained in the text.
Return the result in a json format: [{""entity"":""entity_name""}]. <<<Patient information: a 9-month-old boy presented to the emergency room with a 3-day history of refusal to bear weight on the right lower extremity and febrile peaks of up to 38.5°C for 24 hours.>>> <|im_end|><|im_start|>assistant [{""entity"": ""presented""}, {""entity"": ""refusal""}, {""entity"": ""bear""}, {""entity"": ""peaks""}] <|im_end|>
<|im_start|>user Extract the entities contained in the text. Extract only entities contained in the text.
Return the result in a json format: [{""entity"":""entity_name""}]. <<Allogenic stem cell transplantation was not feasible.>>> <|im_end|><|im_start|>assistant","[{""entity"": ""transplantation""}, {""entity"": ""feasible""}, {""entity"": ""Allogenic stem cell""}] ","[{""entity"": ""transplantation""}] <|im_end|><|im_end|><|im_end|><|im_end|><|im_end|><|im_end|><|im_end|><|im_end|><|im_end|><|im_end|><|im_end|><|im_end|><|im_end|><|im_end|><|im_end|><|im_end|><|im_end|>"
"We noticed a rapidly progressive amelioration in her neurological status after finishing systemic chemotherapy and physical therapy; however, the patient's visual loss showed no signs of improvement.","[{'id': '10276', 'offsets': array([ 3, 10]), 'role': '', 'semantic_type_id': '', 'text': 'noticed', 'type': 'EVENT'}
 {'id': '10291', 'offsets': array([33, 45]), 'role': '', 'semantic_type_id': '', 'text': 'amelioration', 'type': 'EVENT'}
 {'id': '10306', 'offsets': array([66, 72]), 'role': '', 'semantic_type_id': '', 'text': 'status', 'type': 'EVENT'}
 {'id': '10321', 'offsets': array([79, 88]), 'role': '', 'semantic_type_id': '', 'text': 'finishing', 'type': 'EVENT'}
 {'id': '10336', 'offsets': array([ 98, 110]), 'role': '', 'semantic_type_id': '', 'text': 'chemotherapy', 'type': 'EVENT'}
 {'id': '10351', 'offsets': array([124, 131]), 'role': '', 'semantic_type_id': '', 'text': 'therapy', 'type': 'EVENT'}
 {'id': '10366', 'offsets': array([163, 167]), 'role': '', 'semantic_type_id': '', 'text': 'loss', 'type': 'EVENT'}
 {'id': '10381', 'offsets': array([168, 174]), 'role': '', 'semantic_type_id': '', 'text': 'showed', 'type': 'EVENT'}
 {'id': '10396', 'offsets': array([178, 183]), 'role': '', 'semantic_type_id': '', 'text': 'signs', 'type': 'EVENT'}
 {'id': '10411', 'offsets': array([187, 198]), 'role': '', 'semantic_type_id': '', 'text': 'improvement', 'type': 'EVENT'}
 {'id': '10885', 'offsets': array([0, 2]), 'role': 'H-PROFESSIONAL', 'semantic_type_id': '', 'text': 'We', 'type': 'ACTOR'}
 {'id': '10892', 'offsets': array([142, 155]), 'role': 'PATIENT', 'semantic_type_id': '', 'text': ""the patient's"", 'type': 'ACTOR'}]","A 12-year-old girl presented an abdominal pain, high persistent fever of (40°C) and severe fatigue. The physical exam revealed pallor, hepatomegaly, and grade III splenomegaly. The investigation revealed an elevated white blood cell count (WBC): 545,000/mm³. PNN: 49,050/mm³, hemoglobin: 11.6g/dl, platelets: 328,000/mm³. The patient's peripheral blood smear revealed marked leukocytosis with a significant number of immature myeloid precursors and 21% blasts. The analysis of the BCR-ABL shows 94% in the peripheral blood. The patient was diagnosed with CML. She received a chemotherapy protocol made of hyperalkalinisation, allopurinol, hydroxyurea and a treatment based on imatinib at the dose of 400mg per day. Patient achieved complete hematological remission at three months and complete cytogenetic remission at 12 months. The patient was readmitted into our pediatric department with complains of severe headache, vomiting, pain and bilateral visual loss since three days. On examination, patient was afebrile and appeared pale. Blood pressure was 100/60mm/hg and the heart rate 98 beat/minute. There was no lymphadenopathy and the nervous system examination was normal. Intraocular muscle testing was normal; however, there was an exophthalmia in both eyes. The pupil was sluggish to react to light. Fundoscopy revealed bilateral stade III disc edema and hemorrhages of the retina. She underwent a brain computed tomography (CT) scan with the suspicion of leukemic involvement or any other intracranial event (cerebral edema); however, nothing was found. A subsequent bone marrow exam showed no morphologic or molecular evidence of CML or acute leukemia. Cytological evaluation of cerebrospinal fluid (CSF) was also negative. The patient had no other known pathology that could be held responsible for retina edema. We suggested that it was a side effect of imatinib so its administration was temporary interrupted. The patient was put on an anti-edema therapy (mannitol, dexamethasone). However, few months later, the patient presented in the emergency room with a headache and severe vomiting. She described a recurrence of the same character of headaches accompanied with weakness of extremities and seizures. Nervous system examination revealed neck rigidity, presence of meningeal signs and lower limb paraplegia. CT of the brain revealed subdural chronic hematoma and a serpenginous gyriform enhancement around the contusion in the right parietal and occipital lobes. Analysis of the CSF collected showed lymphoblasts in a WBC count of 11000cells/ml. Flow cytometry of the CSF showed that blast cells were positive for a cluster of differentiation markers (CD) (CD34, CD19, CD10, CD22 and partially positive for CD45) confirming CNS extramedullary lymphoid blast infiltration. A bone marrow aspiration was done to evaluate the status of her chronic myelogenous leukemia and result was consistent with a chronic phase. Fundus examination showed bilateral optic atrophy.
The diagnosis of extramedullary isolated CNS blast crises (lymphoid type) was based on the presence of blasts in CSF (confirmed by flow cytometry).
The patient received a high-dose systemic induction chemotherapy and intrathecal therapy (methotrexate, arabinoside and dexamethasone). The imatinib was replaced by dasatinib at the dose of 100 mg per day. She was treated with 24 Gy of whole-brain radiation therapy.
Allogenic stem cell transplantation was not feasible. We noticed a rapidly progressive amelioration in her neurological status after finishing systemic chemotherapy and physical therapy; however, the patient's visual loss showed no signs of improvement.
",EN100543,"<|im_start|>user Extract the entities contained in the text. Extract only entities contained in the text.
Return the result in a json format: [{""entity"":""entity_name""}]. <<We noticed a rapidly progressive amelioration in her neurological status after finishing systemic chemotherapy and physical therapy; however, the patient's visual loss showed no signs of improvement.>>> <|im_end|><|im_start|>assistant[{""entity"": ""noticed""}, {""entity"": ""amelioration""}, {""entity"": ""status""}, {""entity"": ""finishing""}, {""entity"": ""chemotherapy""}, {""entity"": ""therapy""}, {""entity"": ""loss""}, {""entity"": ""showed""}, {""entity"": ""signs""}, {""entity"": ""improvement""}, {""entity"": ""We""}, {""entity"": ""the patient's""}] <|im_end|>","<|im_start|>user Extract the entities contained in the text. Extract only entities contained in the text.
Return the result in a json format: [{""entity"":""entity_name""}]. <<<We present a case of a 32-year-old woman with a history of gradual enlargement of the anterior neck.>>> <|im_end|><|im_start|>assistant [{""entity"": ""present""}, {""entity"": ""history""}, {""entity"": ""enlargement""}] <|im_end|>
<|im_start|>user Extract the entities contained in the text. Extract only entities contained in the text.
Return the result in a json format: [{""entity"":""entity_name""}]. <<<Patient information: a 9-month-old boy presented to the emergency room with a 3-day history of refusal to bear weight on the right lower extremity and febrile peaks of up to 38.5°C for 24 hours.>>> <|im_end|><|im_start|>assistant [{""entity"": ""presented""}, {""entity"": ""refusal""}, {""entity"": ""bear""}, {""entity"": ""peaks""}] <|im_end|>
<|im_start|>user Extract the entities contained in the text. Extract only entities contained in the text.
Return the result in a json format: [{""entity"":""entity_name""}]. <<We noticed a rapidly progressive amelioration in her neurological status after finishing systemic chemotherapy and physical therapy; however, the patient's visual loss showed no signs of improvement.>>> <|im_end|><|im_start|>assistant","[{""entity"": ""noticed""}, {""entity"": ""amelioration""}, {""entity"": ""status""}, {""entity"": ""finishing""}, {""entity"": ""chemotherapy""}, {""entity"": ""therapy""}, {""entity"": ""loss""}, {""entity"": ""showed""}, {""entity"": ""signs""}, {""entity"": ""improvement""}, {""entity"": ""We""}, {""entity"": ""the patient's""}] ","[{""entity"": ""amelioration""}, {""entity"": ""status""}, {""entity"": ""chemotherapy""}, {""entity"": ""therapy""},"
Mr F.B a 70-year-old male patient presented in our institution because of the occurrence of a right epistaxis.,"[{'id': '6761', 'offsets': array([34, 43]), 'role': '', 'semantic_type_id': '', 'text': 'presented', 'type': 'EVENT'}
 {'id': '6776', 'offsets': array([100, 109]), 'role': '', 'semantic_type_id': '', 'text': 'epistaxis', 'type': 'EVENT'}
 {'id': '8111', 'offsets': array([ 94, 109]), 'role': '', 'semantic_type_id': '', 'text': 'right epistaxis', 'type': 'CLINENTITY'}
 {'id': '8344', 'offsets': array([0, 6]), 'role': 'PATIENT', 'semantic_type_id': '', 'text': 'Mr F.B', 'type': 'ACTOR'}
 {'id': '8351', 'offsets': array([ 7, 33]), 'role': 'PATIENT', 'semantic_type_id': '', 'text': 'a 70-year-old male patient', 'type': 'ACTOR'}]","Mr F.B a 70-year-old male patient presented in our institution because of the occurrence of a right epistaxis. First of all, the patient is not smoking and reported an aneurysm of the abdominal aorta surgically treated by prosthesis under plavix. The beginning of the symptomatology goes back to 2 months before with right nasal obstruction of progressive onset, associated with right epistaxis and bloody rhinorrhea with right chronic eye watering. Nasal Endoscopy examination revealed a pinnkish burgeoning mass bleeding on contact and filling the right nostril vestibule. The patient didn't presents neurological signs nor cervical lymph nods. Otherwise, ophthalmologic examination found normal visual acuity and ocular mobility on both sides. Sinonasal computed tomography (CT) found a right nasal process enhanced after injection of contrast product with relatively little washing at the late time. Otherwise, there is no extension involvement at the level of the cavum and the pterygo palate fossa. This finding found also a crenate appearance of the posterior nasal mucosa especially of the middle turbinates and contralateral inferior turbinate with a left deviation of the nasal septum with nasal spur. Nasosinusal MRI shows a progressive increase in size of the tissue mass compared to the previously CT occupying the right nasal fossa on almost all of its height, measuring 4 × 2.8 × 3.5cm without extension within the cavum with probable invasion of the lower part of the nasolacrimal duct and mass effect on both the sinusonasal bone septum and the intersinusonasal septum. This finding shows ethmoidal sinus fluid retention. The appearance, even if it remains unspecific, is compatible with inverted papilloma. The patient underwent complete endoscopic removal of the tumor with ethmoidectomy and right maxillary antrostomy. The extemporaneous examination is in favor of a malignant tumor lesion. Histopathologic analysis shows a tumor proliferation made of polymorphic cells with major anisocytosis, most often located in lobules. There is sometimes a somewhat palisadic seat on the periphery of the tumor mass. The mitotic index is 10 mitoses per 10 high power fields. The immunohistochemical study of the tumor found that the cytokeratin KL1 and CK7 and the neuroendocrine marker Chromogranin A, synaptophysin and CD56 are positive. Proliferation index Ki67 is of the order of 80%. Otherwise there is an absence of expression of PS100, MelanA, HMB45, desmin, p40, CD45 and EBV.
The clear positivity of cytokeratins formally excludes the diagnosis of olfactory neuroblastoma and leads to neuroendocrine carcinoma. Given the atypia, the mitotic index, and the Ki67 proliferation index, it is a high-grade large-cell neuroendocrine carcinoma. Extension assessment, comprising a PET SCAN, was negative. Postoperative treatment consisted in adjuvant polychemotherapy, with six cycles (cisplatin and etoposide), Followed by loco regional external radiotherapy. After 6 month follow-up, the patient was in complete clinical and radiological remission.
",EN100383,"<|im_start|>user Extract the entities contained in the text. Extract only entities contained in the text.
Return the result in a json format: [{""entity"":""entity_name""}]. <<Mr F.B a 70-year-old male patient presented in our institution because of the occurrence of a right epistaxis.>>> <|im_end|><|im_start|>assistant[{""entity"": ""presented""}, {""entity"": ""epistaxis""}, {""entity"": ""right epistaxis""}, {""entity"": ""Mr F.B""}, {""entity"": ""a 70-year-old male patient""}] <|im_end|>","<|im_start|>user Extract the entities contained in the text. Extract only entities contained in the text.
Return the result in a json format: [{""entity"":""entity_name""}]. <<<We present a case of a 32-year-old woman with a history of gradual enlargement of the anterior neck.>>> <|im_end|><|im_start|>assistant [{""entity"": ""present""}, {""entity"": ""history""}, {""entity"": ""enlargement""}] <|im_end|>
<|im_start|>user Extract the entities contained in the text. Extract only entities contained in the text.
Return the result in a json format: [{""entity"":""entity_name""}]. <<<Patient information: a 9-month-old boy presented to the emergency room with a 3-day history of refusal to bear weight on the right lower extremity and febrile peaks of up to 38.5°C for 24 hours.>>> <|im_end|><|im_start|>assistant [{""entity"": ""presented""}, {""entity"": ""refusal""}, {""entity"": ""bear""}, {""entity"": ""peaks""}] <|im_end|>
<|im_start|>user Extract the entities contained in the text. Extract only entities contained in the text.
Return the result in a json format: [{""entity"":""entity_name""}]. <<Mr F.B a 70-year-old male patient presented in our institution because of the occurrence of a right epistaxis.>>> <|im_end|><|im_start|>assistant","[{""entity"": ""presented""}, {""entity"": ""epistaxis""}, {""entity"": ""right epistaxis""}, {""entity"": ""Mr F.B""}, {""entity"": ""a 70-year-old male patient""}] ","[{""entity"": ""presented""}, {""entity"": ""occurrence""}, {""entity"": ""epistaxis""}, {""entity"": ""right"
"First of all, the patient is not smoking and reported an aneurysm of the abdominal aorta surgically treated by prosthesis under plavix.","[{'id': '6791', 'offsets': array([33, 40]), 'role': '', 'semantic_type_id': '', 'text': 'smoking', 'type': 'EVENT'}
 {'id': '6806', 'offsets': array([45, 53]), 'role': '', 'semantic_type_id': '', 'text': 'reported', 'type': 'EVENT'}
 {'id': '6821', 'offsets': array([57, 65]), 'role': '', 'semantic_type_id': '', 'text': 'aneurysm', 'type': 'EVENT'}
 {'id': '6836', 'offsets': array([100, 107]), 'role': '', 'semantic_type_id': '', 'text': 'treated', 'type': 'EVENT'}
 {'id': '6851', 'offsets': array([111, 121]), 'role': '', 'semantic_type_id': '', 'text': 'prosthesis', 'type': 'EVENT'}
 {'id': '8118', 'offsets': array([57, 88]), 'role': '', 'semantic_type_id': 'C0162871', 'text': 'aneurysm of the abdominal aorta', 'type': 'CLINENTITY'}
 {'id': '8230', 'offsets': array([69, 88]), 'role': '', 'semantic_type_id': '', 'text': 'the abdominal aorta', 'type': 'BODYPART'}
 {'id': '8236', 'offsets': array([128, 134]), 'role': '', 'semantic_type_id': '', 'text': 'plavix', 'type': 'BODYPART'}
 {'id': '8358', 'offsets': array([14, 25]), 'role': 'PATIENT', 'semantic_type_id': '', 'text': 'the patient', 'type': 'ACTOR'}]","Mr F.B a 70-year-old male patient presented in our institution because of the occurrence of a right epistaxis. First of all, the patient is not smoking and reported an aneurysm of the abdominal aorta surgically treated by prosthesis under plavix. The beginning of the symptomatology goes back to 2 months before with right nasal obstruction of progressive onset, associated with right epistaxis and bloody rhinorrhea with right chronic eye watering. Nasal Endoscopy examination revealed a pinnkish burgeoning mass bleeding on contact and filling the right nostril vestibule. The patient didn't presents neurological signs nor cervical lymph nods. Otherwise, ophthalmologic examination found normal visual acuity and ocular mobility on both sides. Sinonasal computed tomography (CT) found a right nasal process enhanced after injection of contrast product with relatively little washing at the late time. Otherwise, there is no extension involvement at the level of the cavum and the pterygo palate fossa. This finding found also a crenate appearance of the posterior nasal mucosa especially of the middle turbinates and contralateral inferior turbinate with a left deviation of the nasal septum with nasal spur. Nasosinusal MRI shows a progressive increase in size of the tissue mass compared to the previously CT occupying the right nasal fossa on almost all of its height, measuring 4 × 2.8 × 3.5cm without extension within the cavum with probable invasion of the lower part of the nasolacrimal duct and mass effect on both the sinusonasal bone septum and the intersinusonasal septum. This finding shows ethmoidal sinus fluid retention. The appearance, even if it remains unspecific, is compatible with inverted papilloma. The patient underwent complete endoscopic removal of the tumor with ethmoidectomy and right maxillary antrostomy. The extemporaneous examination is in favor of a malignant tumor lesion. Histopathologic analysis shows a tumor proliferation made of polymorphic cells with major anisocytosis, most often located in lobules. There is sometimes a somewhat palisadic seat on the periphery of the tumor mass. The mitotic index is 10 mitoses per 10 high power fields. The immunohistochemical study of the tumor found that the cytokeratin KL1 and CK7 and the neuroendocrine marker Chromogranin A, synaptophysin and CD56 are positive. Proliferation index Ki67 is of the order of 80%. Otherwise there is an absence of expression of PS100, MelanA, HMB45, desmin, p40, CD45 and EBV.
The clear positivity of cytokeratins formally excludes the diagnosis of olfactory neuroblastoma and leads to neuroendocrine carcinoma. Given the atypia, the mitotic index, and the Ki67 proliferation index, it is a high-grade large-cell neuroendocrine carcinoma. Extension assessment, comprising a PET SCAN, was negative. Postoperative treatment consisted in adjuvant polychemotherapy, with six cycles (cisplatin and etoposide), Followed by loco regional external radiotherapy. After 6 month follow-up, the patient was in complete clinical and radiological remission.
",EN100383,"<|im_start|>user Extract the entities contained in the text. Extract only entities contained in the text.
Return the result in a json format: [{""entity"":""entity_name""}]. <<First of all, the patient is not smoking and reported an aneurysm of the abdominal aorta surgically treated by prosthesis under plavix.>>> <|im_end|><|im_start|>assistant[{""entity"": ""smoking""}, {""entity"": ""reported""}, {""entity"": ""aneurysm""}, {""entity"": ""treated""}, {""entity"": ""prosthesis""}, {""entity"": ""aneurysm of the abdominal aorta""}, {""entity"": ""the abdominal aorta""}, {""entity"": ""plavix""}, {""entity"": ""the patient""}] <|im_end|>","<|im_start|>user Extract the entities contained in the text. Extract only entities contained in the text.
Return the result in a json format: [{""entity"":""entity_name""}]. <<<We present a case of a 32-year-old woman with a history of gradual enlargement of the anterior neck.>>> <|im_end|><|im_start|>assistant [{""entity"": ""present""}, {""entity"": ""history""}, {""entity"": ""enlargement""}] <|im_end|>
<|im_start|>user Extract the entities contained in the text. Extract only entities contained in the text.
Return the result in a json format: [{""entity"":""entity_name""}]. <<<Patient information: a 9-month-old boy presented to the emergency room with a 3-day history of refusal to bear weight on the right lower extremity and febrile peaks of up to 38.5°C for 24 hours.>>> <|im_end|><|im_start|>assistant [{""entity"": ""presented""}, {""entity"": ""refusal""}, {""entity"": ""bear""}, {""entity"": ""peaks""}] <|im_end|>
<|im_start|>user Extract the entities contained in the text. Extract only entities contained in the text.
Return the result in a json format: [{""entity"":""entity_name""}]. <<First of all, the patient is not smoking and reported an aneurysm of the abdominal aorta surgically treated by prosthesis under plavix.>>> <|im_end|><|im_start|>assistant","[{""entity"": ""smoking""}, {""entity"": ""reported""}, {""entity"": ""aneurysm""}, {""entity"": ""treated""}, {""entity"": ""prosthesis""}, {""entity"": ""aneurysm of the abdominal aorta""}, {""entity"": ""the abdominal aorta""}, {""entity"": ""plavix""}, {""entity"": ""the patient""}] ","[{""entity"": ""smoking""}, {""entity"": ""reported""}, {""entity"": ""aneurysm""}, {""entity"": ""t"
"The beginning of the symptomatology goes back to 2 months before with right nasal obstruction of progressive onset, associated with right epistaxis and bloody rhinorrhea with right chronic eye watering.","[{'id': '6866', 'offsets': array([ 4, 13]), 'role': '', 'semantic_type_id': '', 'text': 'beginning', 'type': 'EVENT'}
 {'id': '6881', 'offsets': array([21, 35]), 'role': '', 'semantic_type_id': '', 'text': 'symptomatology', 'type': 'EVENT'}
 {'id': '6896', 'offsets': array([82, 93]), 'role': '', 'semantic_type_id': '', 'text': 'obstruction', 'type': 'EVENT'}
 {'id': '6911', 'offsets': array([138, 147]), 'role': '', 'semantic_type_id': '', 'text': 'epistaxis', 'type': 'EVENT'}
 {'id': '6926', 'offsets': array([159, 169]), 'role': '', 'semantic_type_id': '', 'text': 'rhinorrhea', 'type': 'EVENT'}
 {'id': '6941', 'offsets': array([193, 201]), 'role': '', 'semantic_type_id': '', 'text': 'watering', 'type': 'EVENT'}
 {'id': '8125', 'offsets': array([132, 147]), 'role': '', 'semantic_type_id': 'C2126130', 'text': 'right epistaxis', 'type': 'CLINENTITY'}
 {'id': '8132', 'offsets': array([152, 169]), 'role': '', 'semantic_type_id': 'C0748413', 'text': 'bloody rhinorrhea', 'type': 'CLINENTITY'}
 {'id': '8139', 'offsets': array([189, 201]), 'role': '', 'semantic_type_id': 'C3257803', 'text': 'eye watering', 'type': 'CLINENTITY'}
 {'id': '8242', 'offsets': array([189, 192]), 'role': '', 'semantic_type_id': '', 'text': 'eye', 'type': 'BODYPART'}
 {'id': '8416', 'offsets': array([49, 64]), 'role': '', 'semantic_type_id': '', 'text': '2 months before', 'type': 'TIMEX3'}]","Mr F.B a 70-year-old male patient presented in our institution because of the occurrence of a right epistaxis. First of all, the patient is not smoking and reported an aneurysm of the abdominal aorta surgically treated by prosthesis under plavix. The beginning of the symptomatology goes back to 2 months before with right nasal obstruction of progressive onset, associated with right epistaxis and bloody rhinorrhea with right chronic eye watering. Nasal Endoscopy examination revealed a pinnkish burgeoning mass bleeding on contact and filling the right nostril vestibule. The patient didn't presents neurological signs nor cervical lymph nods. Otherwise, ophthalmologic examination found normal visual acuity and ocular mobility on both sides. Sinonasal computed tomography (CT) found a right nasal process enhanced after injection of contrast product with relatively little washing at the late time. Otherwise, there is no extension involvement at the level of the cavum and the pterygo palate fossa. This finding found also a crenate appearance of the posterior nasal mucosa especially of the middle turbinates and contralateral inferior turbinate with a left deviation of the nasal septum with nasal spur. Nasosinusal MRI shows a progressive increase in size of the tissue mass compared to the previously CT occupying the right nasal fossa on almost all of its height, measuring 4 × 2.8 × 3.5cm without extension within the cavum with probable invasion of the lower part of the nasolacrimal duct and mass effect on both the sinusonasal bone septum and the intersinusonasal septum. This finding shows ethmoidal sinus fluid retention. The appearance, even if it remains unspecific, is compatible with inverted papilloma. The patient underwent complete endoscopic removal of the tumor with ethmoidectomy and right maxillary antrostomy. The extemporaneous examination is in favor of a malignant tumor lesion. Histopathologic analysis shows a tumor proliferation made of polymorphic cells with major anisocytosis, most often located in lobules. There is sometimes a somewhat palisadic seat on the periphery of the tumor mass. The mitotic index is 10 mitoses per 10 high power fields. The immunohistochemical study of the tumor found that the cytokeratin KL1 and CK7 and the neuroendocrine marker Chromogranin A, synaptophysin and CD56 are positive. Proliferation index Ki67 is of the order of 80%. Otherwise there is an absence of expression of PS100, MelanA, HMB45, desmin, p40, CD45 and EBV.
The clear positivity of cytokeratins formally excludes the diagnosis of olfactory neuroblastoma and leads to neuroendocrine carcinoma. Given the atypia, the mitotic index, and the Ki67 proliferation index, it is a high-grade large-cell neuroendocrine carcinoma. Extension assessment, comprising a PET SCAN, was negative. Postoperative treatment consisted in adjuvant polychemotherapy, with six cycles (cisplatin and etoposide), Followed by loco regional external radiotherapy. After 6 month follow-up, the patient was in complete clinical and radiological remission.
",EN100383,"<|im_start|>user Extract the entities contained in the text. Extract only entities contained in the text.
Return the result in a json format: [{""entity"":""entity_name""}]. <<The beginning of the symptomatology goes back to 2 months before with right nasal obstruction of progressive onset, associated with right epistaxis and bloody rhinorrhea with right chronic eye watering.>>> <|im_end|><|im_start|>assistant[{""entity"": ""beginning""}, {""entity"": ""symptomatology""}, {""entity"": ""obstruction""}, {""entity"": ""epistaxis""}, {""entity"": ""rhinorrhea""}, {""entity"": ""watering""}, {""entity"": ""right epistaxis""}, {""entity"": ""bloody rhinorrhea""}, {""entity"": ""eye watering""}, {""entity"": ""eye""}, {""entity"": ""2 months before""}] <|im_end|>","<|im_start|>user Extract the entities contained in the text. Extract only entities contained in the text.
Return the result in a json format: [{""entity"":""entity_name""}]. <<<We present a case of a 32-year-old woman with a history of gradual enlargement of the anterior neck.>>> <|im_end|><|im_start|>assistant [{""entity"": ""present""}, {""entity"": ""history""}, {""entity"": ""enlargement""}] <|im_end|>
<|im_start|>user Extract the entities contained in the text. Extract only entities contained in the text.
Return the result in a json format: [{""entity"":""entity_name""}]. <<<Patient information: a 9-month-old boy presented to the emergency room with a 3-day history of refusal to bear weight on the right lower extremity and febrile peaks of up to 38.5°C for 24 hours.>>> <|im_end|><|im_start|>assistant [{""entity"": ""presented""}, {""entity"": ""refusal""}, {""entity"": ""bear""}, {""entity"": ""peaks""}] <|im_end|>
<|im_start|>user Extract the entities contained in the text. Extract only entities contained in the text.
Return the result in a json format: [{""entity"":""entity_name""}]. <<The beginning of the symptomatology goes back to 2 months before with right nasal obstruction of progressive onset, associated with right epistaxis and bloody rhinorrhea with right chronic eye watering.>>> <|im_end|><|im_start|>assistant","[{""entity"": ""beginning""}, {""entity"": ""symptomatology""}, {""entity"": ""obstruction""}, {""entity"": ""epistaxis""}, {""entity"": ""rhinorrhea""}, {""entity"": ""watering""}, {""entity"": ""right epistaxis""}, {""entity"": ""bloody rhinorrhea""}, {""entity"": ""eye watering""}, {""entity"": ""eye""}, {""entity"": ""2 months before""}] ","[{""entity"": ""symptomatology""}, {""entity"": ""goes""}, {""entity"": ""back""}, {""entity"": ""obstruction"
Nasal Endoscopy examination revealed a pinnkish burgeoning mass bleeding on contact and filling the right nostril vestibule.,"[{'id': '6956', 'offsets': array([16, 27]), 'role': '', 'semantic_type_id': '', 'text': 'examination', 'type': 'EVENT'}
 {'id': '6971', 'offsets': array([28, 36]), 'role': '', 'semantic_type_id': '', 'text': 'revealed', 'type': 'EVENT'}
 {'id': '6986', 'offsets': array([59, 63]), 'role': '', 'semantic_type_id': '', 'text': 'mass', 'type': 'EVENT'}
 {'id': '7001', 'offsets': array([64, 72]), 'role': '', 'semantic_type_id': '', 'text': 'bleeding', 'type': 'EVENT'}
 {'id': '7016', 'offsets': array([76, 83]), 'role': '', 'semantic_type_id': '', 'text': 'contact', 'type': 'EVENT'}
 {'id': '7031', 'offsets': array([88, 95]), 'role': '', 'semantic_type_id': '', 'text': 'filling', 'type': 'EVENT'}
 {'id': '8248', 'offsets': array([ 96, 123]), 'role': '', 'semantic_type_id': '', 'text': 'the right nostril vestibule', 'type': 'BODYPART'}]","Mr F.B a 70-year-old male patient presented in our institution because of the occurrence of a right epistaxis. First of all, the patient is not smoking and reported an aneurysm of the abdominal aorta surgically treated by prosthesis under plavix. The beginning of the symptomatology goes back to 2 months before with right nasal obstruction of progressive onset, associated with right epistaxis and bloody rhinorrhea with right chronic eye watering. Nasal Endoscopy examination revealed a pinnkish burgeoning mass bleeding on contact and filling the right nostril vestibule. The patient didn't presents neurological signs nor cervical lymph nods. Otherwise, ophthalmologic examination found normal visual acuity and ocular mobility on both sides. Sinonasal computed tomography (CT) found a right nasal process enhanced after injection of contrast product with relatively little washing at the late time. Otherwise, there is no extension involvement at the level of the cavum and the pterygo palate fossa. This finding found also a crenate appearance of the posterior nasal mucosa especially of the middle turbinates and contralateral inferior turbinate with a left deviation of the nasal septum with nasal spur. Nasosinusal MRI shows a progressive increase in size of the tissue mass compared to the previously CT occupying the right nasal fossa on almost all of its height, measuring 4 × 2.8 × 3.5cm without extension within the cavum with probable invasion of the lower part of the nasolacrimal duct and mass effect on both the sinusonasal bone septum and the intersinusonasal septum. This finding shows ethmoidal sinus fluid retention. The appearance, even if it remains unspecific, is compatible with inverted papilloma. The patient underwent complete endoscopic removal of the tumor with ethmoidectomy and right maxillary antrostomy. The extemporaneous examination is in favor of a malignant tumor lesion. Histopathologic analysis shows a tumor proliferation made of polymorphic cells with major anisocytosis, most often located in lobules. There is sometimes a somewhat palisadic seat on the periphery of the tumor mass. The mitotic index is 10 mitoses per 10 high power fields. The immunohistochemical study of the tumor found that the cytokeratin KL1 and CK7 and the neuroendocrine marker Chromogranin A, synaptophysin and CD56 are positive. Proliferation index Ki67 is of the order of 80%. Otherwise there is an absence of expression of PS100, MelanA, HMB45, desmin, p40, CD45 and EBV.
The clear positivity of cytokeratins formally excludes the diagnosis of olfactory neuroblastoma and leads to neuroendocrine carcinoma. Given the atypia, the mitotic index, and the Ki67 proliferation index, it is a high-grade large-cell neuroendocrine carcinoma. Extension assessment, comprising a PET SCAN, was negative. Postoperative treatment consisted in adjuvant polychemotherapy, with six cycles (cisplatin and etoposide), Followed by loco regional external radiotherapy. After 6 month follow-up, the patient was in complete clinical and radiological remission.
",EN100383,"<|im_start|>user Extract the entities contained in the text. Extract only entities contained in the text.
Return the result in a json format: [{""entity"":""entity_name""}]. <<Nasal Endoscopy examination revealed a pinnkish burgeoning mass bleeding on contact and filling the right nostril vestibule.>>> <|im_end|><|im_start|>assistant[{""entity"": ""examination""}, {""entity"": ""revealed""}, {""entity"": ""mass""}, {""entity"": ""bleeding""}, {""entity"": ""contact""}, {""entity"": ""filling""}, {""entity"": ""the right nostril vestibule""}] <|im_end|>","<|im_start|>user Extract the entities contained in the text. Extract only entities contained in the text.
Return the result in a json format: [{""entity"":""entity_name""}]. <<<We present a case of a 32-year-old woman with a history of gradual enlargement of the anterior neck.>>> <|im_end|><|im_start|>assistant [{""entity"": ""present""}, {""entity"": ""history""}, {""entity"": ""enlargement""}] <|im_end|>
<|im_start|>user Extract the entities contained in the text. Extract only entities contained in the text.
Return the result in a json format: [{""entity"":""entity_name""}]. <<<Patient information: a 9-month-old boy presented to the emergency room with a 3-day history of refusal to bear weight on the right lower extremity and febrile peaks of up to 38.5°C for 24 hours.>>> <|im_end|><|im_start|>assistant [{""entity"": ""presented""}, {""entity"": ""refusal""}, {""entity"": ""bear""}, {""entity"": ""peaks""}] <|im_end|>
<|im_start|>user Extract the entities contained in the text. Extract only entities contained in the text.
Return the result in a json format: [{""entity"":""entity_name""}]. <<Nasal Endoscopy examination revealed a pinnkish burgeoning mass bleeding on contact and filling the right nostril vestibule.>>> <|im_end|><|im_start|>assistant","[{""entity"": ""examination""}, {""entity"": ""revealed""}, {""entity"": ""mass""}, {""entity"": ""bleeding""}, {""entity"": ""contact""}, {""entity"": ""filling""}, {""entity"": ""the right nostril vestibule""}] ","[{""entity"": ""examination""}, {""entity"": ""revealed""}, {""entity"": ""mass""}, {""entity"": ""bleeding""},"
The patient didn't presents neurological signs nor cervical lymph nods.,"[{'id': '7046', 'offsets': array([41, 46]), 'role': '', 'semantic_type_id': '', 'text': 'signs', 'type': 'EVENT'}
 {'id': '7061', 'offsets': array([66, 70]), 'role': '', 'semantic_type_id': '', 'text': 'nods', 'type': 'EVENT'}
 {'id': '8146', 'offsets': array([28, 46]), 'role': '', 'semantic_type_id': 'C0235031', 'text': 'neurological signs', 'type': 'CLINENTITY'}
 {'id': '8365', 'offsets': array([ 0, 11]), 'role': 'PATIENT', 'semantic_type_id': '', 'text': 'The patient', 'type': 'ACTOR'}]","Mr F.B a 70-year-old male patient presented in our institution because of the occurrence of a right epistaxis. First of all, the patient is not smoking and reported an aneurysm of the abdominal aorta surgically treated by prosthesis under plavix. The beginning of the symptomatology goes back to 2 months before with right nasal obstruction of progressive onset, associated with right epistaxis and bloody rhinorrhea with right chronic eye watering. Nasal Endoscopy examination revealed a pinnkish burgeoning mass bleeding on contact and filling the right nostril vestibule. The patient didn't presents neurological signs nor cervical lymph nods. Otherwise, ophthalmologic examination found normal visual acuity and ocular mobility on both sides. Sinonasal computed tomography (CT) found a right nasal process enhanced after injection of contrast product with relatively little washing at the late time. Otherwise, there is no extension involvement at the level of the cavum and the pterygo palate fossa. This finding found also a crenate appearance of the posterior nasal mucosa especially of the middle turbinates and contralateral inferior turbinate with a left deviation of the nasal septum with nasal spur. Nasosinusal MRI shows a progressive increase in size of the tissue mass compared to the previously CT occupying the right nasal fossa on almost all of its height, measuring 4 × 2.8 × 3.5cm without extension within the cavum with probable invasion of the lower part of the nasolacrimal duct and mass effect on both the sinusonasal bone septum and the intersinusonasal septum. This finding shows ethmoidal sinus fluid retention. The appearance, even if it remains unspecific, is compatible with inverted papilloma. The patient underwent complete endoscopic removal of the tumor with ethmoidectomy and right maxillary antrostomy. The extemporaneous examination is in favor of a malignant tumor lesion. Histopathologic analysis shows a tumor proliferation made of polymorphic cells with major anisocytosis, most often located in lobules. There is sometimes a somewhat palisadic seat on the periphery of the tumor mass. The mitotic index is 10 mitoses per 10 high power fields. The immunohistochemical study of the tumor found that the cytokeratin KL1 and CK7 and the neuroendocrine marker Chromogranin A, synaptophysin and CD56 are positive. Proliferation index Ki67 is of the order of 80%. Otherwise there is an absence of expression of PS100, MelanA, HMB45, desmin, p40, CD45 and EBV.
The clear positivity of cytokeratins formally excludes the diagnosis of olfactory neuroblastoma and leads to neuroendocrine carcinoma. Given the atypia, the mitotic index, and the Ki67 proliferation index, it is a high-grade large-cell neuroendocrine carcinoma. Extension assessment, comprising a PET SCAN, was negative. Postoperative treatment consisted in adjuvant polychemotherapy, with six cycles (cisplatin and etoposide), Followed by loco regional external radiotherapy. After 6 month follow-up, the patient was in complete clinical and radiological remission.
",EN100383,"<|im_start|>user Extract the entities contained in the text. Extract only entities contained in the text.
Return the result in a json format: [{""entity"":""entity_name""}]. <<The patient didn't presents neurological signs nor cervical lymph nods.>>> <|im_end|><|im_start|>assistant[{""entity"": ""signs""}, {""entity"": ""nods""}, {""entity"": ""neurological signs""}, {""entity"": ""The patient""}] <|im_end|>","<|im_start|>user Extract the entities contained in the text. Extract only entities contained in the text.
Return the result in a json format: [{""entity"":""entity_name""}]. <<<We present a case of a 32-year-old woman with a history of gradual enlargement of the anterior neck.>>> <|im_end|><|im_start|>assistant [{""entity"": ""present""}, {""entity"": ""history""}, {""entity"": ""enlargement""}] <|im_end|>
<|im_start|>user Extract the entities contained in the text. Extract only entities contained in the text.
Return the result in a json format: [{""entity"":""entity_name""}]. <<<Patient information: a 9-month-old boy presented to the emergency room with a 3-day history of refusal to bear weight on the right lower extremity and febrile peaks of up to 38.5°C for 24 hours.>>> <|im_end|><|im_start|>assistant [{""entity"": ""presented""}, {""entity"": ""refusal""}, {""entity"": ""bear""}, {""entity"": ""peaks""}] <|im_end|>
<|im_start|>user Extract the entities contained in the text. Extract only entities contained in the text.
Return the result in a json format: [{""entity"":""entity_name""}]. <<The patient didn't presents neurological signs nor cervical lymph nods.>>> <|im_end|><|im_start|>assistant","[{""entity"": ""signs""}, {""entity"": ""nods""}, {""entity"": ""neurological signs""}, {""entity"": ""The patient""}] ","[{""entity"": ""signs""}, {""entity"": ""nod""}, {""entity"": ""The patient""}] <|im_end|><|im_end|><|im_end|><|im_end|><|im_end|>"
"Otherwise, ophthalmologic examination found normal visual acuity and ocular mobility on both sides.","[{'id': '7076', 'offsets': array([26, 37]), 'role': '', 'semantic_type_id': '', 'text': 'examination', 'type': 'EVENT'}
 {'id': '7091', 'offsets': array([38, 43]), 'role': '', 'semantic_type_id': '', 'text': 'found', 'type': 'EVENT'}
 {'id': '7106', 'offsets': array([58, 64]), 'role': '', 'semantic_type_id': '', 'text': 'acuity', 'type': 'EVENT'}
 {'id': '7121', 'offsets': array([76, 84]), 'role': '', 'semantic_type_id': '', 'text': 'mobility', 'type': 'EVENT'}]","Mr F.B a 70-year-old male patient presented in our institution because of the occurrence of a right epistaxis. First of all, the patient is not smoking and reported an aneurysm of the abdominal aorta surgically treated by prosthesis under plavix. The beginning of the symptomatology goes back to 2 months before with right nasal obstruction of progressive onset, associated with right epistaxis and bloody rhinorrhea with right chronic eye watering. Nasal Endoscopy examination revealed a pinnkish burgeoning mass bleeding on contact and filling the right nostril vestibule. The patient didn't presents neurological signs nor cervical lymph nods. Otherwise, ophthalmologic examination found normal visual acuity and ocular mobility on both sides. Sinonasal computed tomography (CT) found a right nasal process enhanced after injection of contrast product with relatively little washing at the late time. Otherwise, there is no extension involvement at the level of the cavum and the pterygo palate fossa. This finding found also a crenate appearance of the posterior nasal mucosa especially of the middle turbinates and contralateral inferior turbinate with a left deviation of the nasal septum with nasal spur. Nasosinusal MRI shows a progressive increase in size of the tissue mass compared to the previously CT occupying the right nasal fossa on almost all of its height, measuring 4 × 2.8 × 3.5cm without extension within the cavum with probable invasion of the lower part of the nasolacrimal duct and mass effect on both the sinusonasal bone septum and the intersinusonasal septum. This finding shows ethmoidal sinus fluid retention. The appearance, even if it remains unspecific, is compatible with inverted papilloma. The patient underwent complete endoscopic removal of the tumor with ethmoidectomy and right maxillary antrostomy. The extemporaneous examination is in favor of a malignant tumor lesion. Histopathologic analysis shows a tumor proliferation made of polymorphic cells with major anisocytosis, most often located in lobules. There is sometimes a somewhat palisadic seat on the periphery of the tumor mass. The mitotic index is 10 mitoses per 10 high power fields. The immunohistochemical study of the tumor found that the cytokeratin KL1 and CK7 and the neuroendocrine marker Chromogranin A, synaptophysin and CD56 are positive. Proliferation index Ki67 is of the order of 80%. Otherwise there is an absence of expression of PS100, MelanA, HMB45, desmin, p40, CD45 and EBV.
The clear positivity of cytokeratins formally excludes the diagnosis of olfactory neuroblastoma and leads to neuroendocrine carcinoma. Given the atypia, the mitotic index, and the Ki67 proliferation index, it is a high-grade large-cell neuroendocrine carcinoma. Extension assessment, comprising a PET SCAN, was negative. Postoperative treatment consisted in adjuvant polychemotherapy, with six cycles (cisplatin and etoposide), Followed by loco regional external radiotherapy. After 6 month follow-up, the patient was in complete clinical and radiological remission.
",EN100383,"<|im_start|>user Extract the entities contained in the text. Extract only entities contained in the text.
Return the result in a json format: [{""entity"":""entity_name""}]. <<Otherwise, ophthalmologic examination found normal visual acuity and ocular mobility on both sides.>>> <|im_end|><|im_start|>assistant[{""entity"": ""examination""}, {""entity"": ""found""}, {""entity"": ""acuity""}, {""entity"": ""mobility""}] <|im_end|>","<|im_start|>user Extract the entities contained in the text. Extract only entities contained in the text.
Return the result in a json format: [{""entity"":""entity_name""}]. <<<We present a case of a 32-year-old woman with a history of gradual enlargement of the anterior neck.>>> <|im_end|><|im_start|>assistant [{""entity"": ""present""}, {""entity"": ""history""}, {""entity"": ""enlargement""}] <|im_end|>
<|im_start|>user Extract the entities contained in the text. Extract only entities contained in the text.
Return the result in a json format: [{""entity"":""entity_name""}]. <<<Patient information: a 9-month-old boy presented to the emergency room with a 3-day history of refusal to bear weight on the right lower extremity and febrile peaks of up to 38.5°C for 24 hours.>>> <|im_end|><|im_start|>assistant [{""entity"": ""presented""}, {""entity"": ""refusal""}, {""entity"": ""bear""}, {""entity"": ""peaks""}] <|im_end|>
<|im_start|>user Extract the entities contained in the text. Extract only entities contained in the text.
Return the result in a json format: [{""entity"":""entity_name""}]. <<Otherwise, ophthalmologic examination found normal visual acuity and ocular mobility on both sides.>>> <|im_end|><|im_start|>assistant","[{""entity"": ""examination""}, {""entity"": ""found""}, {""entity"": ""acuity""}, {""entity"": ""mobility""}] ","[{""entity"": ""examination""}, {""entity"": ""found""}, {""entity"": ""acuity""}, {""entity"": ""mobility""},"
Sinonasal computed tomography (CT) found a right nasal process enhanced after injection of contrast product with relatively little washing at the late time.,"[{'id': '7136', 'offsets': array([19, 29]), 'role': '', 'semantic_type_id': '', 'text': 'tomography', 'type': 'EVENT'}
 {'id': '7151', 'offsets': array([31, 33]), 'role': '', 'semantic_type_id': '', 'text': 'CT', 'type': 'EVENT'}
 {'id': '7166', 'offsets': array([35, 40]), 'role': '', 'semantic_type_id': '', 'text': 'found', 'type': 'EVENT'}
 {'id': '7181', 'offsets': array([55, 62]), 'role': '', 'semantic_type_id': '', 'text': 'process', 'type': 'EVENT'}
 {'id': '7196', 'offsets': array([63, 71]), 'role': '', 'semantic_type_id': '', 'text': 'enhanced', 'type': 'EVENT'}
 {'id': '7211', 'offsets': array([78, 87]), 'role': '', 'semantic_type_id': '', 'text': 'injection', 'type': 'EVENT'}
 {'id': '7226', 'offsets': array([131, 138]), 'role': '', 'semantic_type_id': '', 'text': 'washing', 'type': 'EVENT'}
 {'id': '8425', 'offsets': array([142, 155]), 'role': '', 'semantic_type_id': '', 'text': 'the late time', 'type': 'TIMEX3'}]","Mr F.B a 70-year-old male patient presented in our institution because of the occurrence of a right epistaxis. First of all, the patient is not smoking and reported an aneurysm of the abdominal aorta surgically treated by prosthesis under plavix. The beginning of the symptomatology goes back to 2 months before with right nasal obstruction of progressive onset, associated with right epistaxis and bloody rhinorrhea with right chronic eye watering. Nasal Endoscopy examination revealed a pinnkish burgeoning mass bleeding on contact and filling the right nostril vestibule. The patient didn't presents neurological signs nor cervical lymph nods. Otherwise, ophthalmologic examination found normal visual acuity and ocular mobility on both sides. Sinonasal computed tomography (CT) found a right nasal process enhanced after injection of contrast product with relatively little washing at the late time. Otherwise, there is no extension involvement at the level of the cavum and the pterygo palate fossa. This finding found also a crenate appearance of the posterior nasal mucosa especially of the middle turbinates and contralateral inferior turbinate with a left deviation of the nasal septum with nasal spur. Nasosinusal MRI shows a progressive increase in size of the tissue mass compared to the previously CT occupying the right nasal fossa on almost all of its height, measuring 4 × 2.8 × 3.5cm without extension within the cavum with probable invasion of the lower part of the nasolacrimal duct and mass effect on both the sinusonasal bone septum and the intersinusonasal septum. This finding shows ethmoidal sinus fluid retention. The appearance, even if it remains unspecific, is compatible with inverted papilloma. The patient underwent complete endoscopic removal of the tumor with ethmoidectomy and right maxillary antrostomy. The extemporaneous examination is in favor of a malignant tumor lesion. Histopathologic analysis shows a tumor proliferation made of polymorphic cells with major anisocytosis, most often located in lobules. There is sometimes a somewhat palisadic seat on the periphery of the tumor mass. The mitotic index is 10 mitoses per 10 high power fields. The immunohistochemical study of the tumor found that the cytokeratin KL1 and CK7 and the neuroendocrine marker Chromogranin A, synaptophysin and CD56 are positive. Proliferation index Ki67 is of the order of 80%. Otherwise there is an absence of expression of PS100, MelanA, HMB45, desmin, p40, CD45 and EBV.
The clear positivity of cytokeratins formally excludes the diagnosis of olfactory neuroblastoma and leads to neuroendocrine carcinoma. Given the atypia, the mitotic index, and the Ki67 proliferation index, it is a high-grade large-cell neuroendocrine carcinoma. Extension assessment, comprising a PET SCAN, was negative. Postoperative treatment consisted in adjuvant polychemotherapy, with six cycles (cisplatin and etoposide), Followed by loco regional external radiotherapy. After 6 month follow-up, the patient was in complete clinical and radiological remission.
",EN100383,"<|im_start|>user Extract the entities contained in the text. Extract only entities contained in the text.
Return the result in a json format: [{""entity"":""entity_name""}]. <<Sinonasal computed tomography (CT) found a right nasal process enhanced after injection of contrast product with relatively little washing at the late time.>>> <|im_end|><|im_start|>assistant[{""entity"": ""tomography""}, {""entity"": ""CT""}, {""entity"": ""found""}, {""entity"": ""process""}, {""entity"": ""enhanced""}, {""entity"": ""injection""}, {""entity"": ""washing""}, {""entity"": ""the late time""}] <|im_end|>","<|im_start|>user Extract the entities contained in the text. Extract only entities contained in the text.
Return the result in a json format: [{""entity"":""entity_name""}]. <<<We present a case of a 32-year-old woman with a history of gradual enlargement of the anterior neck.>>> <|im_end|><|im_start|>assistant [{""entity"": ""present""}, {""entity"": ""history""}, {""entity"": ""enlargement""}] <|im_end|>
<|im_start|>user Extract the entities contained in the text. Extract only entities contained in the text.
Return the result in a json format: [{""entity"":""entity_name""}]. <<<Patient information: a 9-month-old boy presented to the emergency room with a 3-day history of refusal to bear weight on the right lower extremity and febrile peaks of up to 38.5°C for 24 hours.>>> <|im_end|><|im_start|>assistant [{""entity"": ""presented""}, {""entity"": ""refusal""}, {""entity"": ""bear""}, {""entity"": ""peaks""}] <|im_end|>
<|im_start|>user Extract the entities contained in the text. Extract only entities contained in the text.
Return the result in a json format: [{""entity"":""entity_name""}]. <<Sinonasal computed tomography (CT) found a right nasal process enhanced after injection of contrast product with relatively little washing at the late time.>>> <|im_end|><|im_start|>assistant","[{""entity"": ""tomography""}, {""entity"": ""CT""}, {""entity"": ""found""}, {""entity"": ""process""}, {""entity"": ""enhanced""}, {""entity"": ""injection""}, {""entity"": ""washing""}, {""entity"": ""the late time""}] ","[{""entity"": ""tomography""}, {""entity"": ""CT""}, {""entity"": ""found""}, {""entity"": ""process""}, {""entity"
"Otherwise, there is no extension involvement at the level of the cavum and the pterygo palate fossa.","[{'id': '7241', 'offsets': array([33, 44]), 'role': '', 'semantic_type_id': '', 'text': 'involvement', 'type': 'EVENT'}
 {'id': '8254', 'offsets': array([61, 99]), 'role': '', 'semantic_type_id': '', 'text': 'the cavum and the pterygo palate fossa', 'type': 'BODYPART'}]","Mr F.B a 70-year-old male patient presented in our institution because of the occurrence of a right epistaxis. First of all, the patient is not smoking and reported an aneurysm of the abdominal aorta surgically treated by prosthesis under plavix. The beginning of the symptomatology goes back to 2 months before with right nasal obstruction of progressive onset, associated with right epistaxis and bloody rhinorrhea with right chronic eye watering. Nasal Endoscopy examination revealed a pinnkish burgeoning mass bleeding on contact and filling the right nostril vestibule. The patient didn't presents neurological signs nor cervical lymph nods. Otherwise, ophthalmologic examination found normal visual acuity and ocular mobility on both sides. Sinonasal computed tomography (CT) found a right nasal process enhanced after injection of contrast product with relatively little washing at the late time. Otherwise, there is no extension involvement at the level of the cavum and the pterygo palate fossa. This finding found also a crenate appearance of the posterior nasal mucosa especially of the middle turbinates and contralateral inferior turbinate with a left deviation of the nasal septum with nasal spur. Nasosinusal MRI shows a progressive increase in size of the tissue mass compared to the previously CT occupying the right nasal fossa on almost all of its height, measuring 4 × 2.8 × 3.5cm without extension within the cavum with probable invasion of the lower part of the nasolacrimal duct and mass effect on both the sinusonasal bone septum and the intersinusonasal septum. This finding shows ethmoidal sinus fluid retention. The appearance, even if it remains unspecific, is compatible with inverted papilloma. The patient underwent complete endoscopic removal of the tumor with ethmoidectomy and right maxillary antrostomy. The extemporaneous examination is in favor of a malignant tumor lesion. Histopathologic analysis shows a tumor proliferation made of polymorphic cells with major anisocytosis, most often located in lobules. There is sometimes a somewhat palisadic seat on the periphery of the tumor mass. The mitotic index is 10 mitoses per 10 high power fields. The immunohistochemical study of the tumor found that the cytokeratin KL1 and CK7 and the neuroendocrine marker Chromogranin A, synaptophysin and CD56 are positive. Proliferation index Ki67 is of the order of 80%. Otherwise there is an absence of expression of PS100, MelanA, HMB45, desmin, p40, CD45 and EBV.
The clear positivity of cytokeratins formally excludes the diagnosis of olfactory neuroblastoma and leads to neuroendocrine carcinoma. Given the atypia, the mitotic index, and the Ki67 proliferation index, it is a high-grade large-cell neuroendocrine carcinoma. Extension assessment, comprising a PET SCAN, was negative. Postoperative treatment consisted in adjuvant polychemotherapy, with six cycles (cisplatin and etoposide), Followed by loco regional external radiotherapy. After 6 month follow-up, the patient was in complete clinical and radiological remission.
",EN100383,"<|im_start|>user Extract the entities contained in the text. Extract only entities contained in the text.
Return the result in a json format: [{""entity"":""entity_name""}]. <<Otherwise, there is no extension involvement at the level of the cavum and the pterygo palate fossa.>>> <|im_end|><|im_start|>assistant[{""entity"": ""involvement""}, {""entity"": ""the cavum and the pterygo palate fossa""}] <|im_end|>","<|im_start|>user Extract the entities contained in the text. Extract only entities contained in the text.
Return the result in a json format: [{""entity"":""entity_name""}]. <<<We present a case of a 32-year-old woman with a history of gradual enlargement of the anterior neck.>>> <|im_end|><|im_start|>assistant [{""entity"": ""present""}, {""entity"": ""history""}, {""entity"": ""enlargement""}] <|im_end|>
<|im_start|>user Extract the entities contained in the text. Extract only entities contained in the text.
Return the result in a json format: [{""entity"":""entity_name""}]. <<<Patient information: a 9-month-old boy presented to the emergency room with a 3-day history of refusal to bear weight on the right lower extremity and febrile peaks of up to 38.5°C for 24 hours.>>> <|im_end|><|im_start|>assistant [{""entity"": ""presented""}, {""entity"": ""refusal""}, {""entity"": ""bear""}, {""entity"": ""peaks""}] <|im_end|>
<|im_start|>user Extract the entities contained in the text. Extract only entities contained in the text.
Return the result in a json format: [{""entity"":""entity_name""}]. <<Otherwise, there is no extension involvement at the level of the cavum and the pterygo palate fossa.>>> <|im_end|><|im_start|>assistant","[{""entity"": ""involvement""}, {""entity"": ""the cavum and the pterygo palate fossa""}] ","[{""entity"": ""extension""}, {""entity"": ""involvement""}, {""entity"": ""the cavum""}, {""entity"": ""the"
This finding found also a crenate appearance of the posterior nasal mucosa especially of the middle turbinates and contralateral inferior turbinate with a left deviation of the nasal septum with nasal spur.,"[{'id': '7256', 'offsets': array([ 5, 12]), 'role': '', 'semantic_type_id': '', 'text': 'finding', 'type': 'EVENT'}
 {'id': '7271', 'offsets': array([13, 18]), 'role': '', 'semantic_type_id': '', 'text': 'found', 'type': 'EVENT'}
 {'id': '7286', 'offsets': array([34, 44]), 'role': '', 'semantic_type_id': '', 'text': 'appearance', 'type': 'EVENT'}
 {'id': '7301', 'offsets': array([160, 169]), 'role': '', 'semantic_type_id': '', 'text': 'deviation', 'type': 'EVENT'}
 {'id': '8260', 'offsets': array([48, 74]), 'role': '', 'semantic_type_id': '', 'text': 'the posterior nasal mucosa', 'type': 'BODYPART'}
 {'id': '8266', 'offsets': array([ 89, 110]), 'role': '', 'semantic_type_id': '', 'text': 'the middle turbinates', 'type': 'BODYPART'}
 {'id': '8272', 'offsets': array([115, 147]), 'role': '', 'semantic_type_id': '', 'text': 'contralateral inferior turbinate', 'type': 'BODYPART'}
 {'id': '8278', 'offsets': array([173, 189]), 'role': '', 'semantic_type_id': '', 'text': 'the nasal septum', 'type': 'BODYPART'}
 {'id': '8284', 'offsets': array([195, 205]), 'role': '', 'semantic_type_id': '', 'text': 'nasal spur', 'type': 'BODYPART'}]","Mr F.B a 70-year-old male patient presented in our institution because of the occurrence of a right epistaxis. First of all, the patient is not smoking and reported an aneurysm of the abdominal aorta surgically treated by prosthesis under plavix. The beginning of the symptomatology goes back to 2 months before with right nasal obstruction of progressive onset, associated with right epistaxis and bloody rhinorrhea with right chronic eye watering. Nasal Endoscopy examination revealed a pinnkish burgeoning mass bleeding on contact and filling the right nostril vestibule. The patient didn't presents neurological signs nor cervical lymph nods. Otherwise, ophthalmologic examination found normal visual acuity and ocular mobility on both sides. Sinonasal computed tomography (CT) found a right nasal process enhanced after injection of contrast product with relatively little washing at the late time. Otherwise, there is no extension involvement at the level of the cavum and the pterygo palate fossa. This finding found also a crenate appearance of the posterior nasal mucosa especially of the middle turbinates and contralateral inferior turbinate with a left deviation of the nasal septum with nasal spur. Nasosinusal MRI shows a progressive increase in size of the tissue mass compared to the previously CT occupying the right nasal fossa on almost all of its height, measuring 4 × 2.8 × 3.5cm without extension within the cavum with probable invasion of the lower part of the nasolacrimal duct and mass effect on both the sinusonasal bone septum and the intersinusonasal septum. This finding shows ethmoidal sinus fluid retention. The appearance, even if it remains unspecific, is compatible with inverted papilloma. The patient underwent complete endoscopic removal of the tumor with ethmoidectomy and right maxillary antrostomy. The extemporaneous examination is in favor of a malignant tumor lesion. Histopathologic analysis shows a tumor proliferation made of polymorphic cells with major anisocytosis, most often located in lobules. There is sometimes a somewhat palisadic seat on the periphery of the tumor mass. The mitotic index is 10 mitoses per 10 high power fields. The immunohistochemical study of the tumor found that the cytokeratin KL1 and CK7 and the neuroendocrine marker Chromogranin A, synaptophysin and CD56 are positive. Proliferation index Ki67 is of the order of 80%. Otherwise there is an absence of expression of PS100, MelanA, HMB45, desmin, p40, CD45 and EBV.
The clear positivity of cytokeratins formally excludes the diagnosis of olfactory neuroblastoma and leads to neuroendocrine carcinoma. Given the atypia, the mitotic index, and the Ki67 proliferation index, it is a high-grade large-cell neuroendocrine carcinoma. Extension assessment, comprising a PET SCAN, was negative. Postoperative treatment consisted in adjuvant polychemotherapy, with six cycles (cisplatin and etoposide), Followed by loco regional external radiotherapy. After 6 month follow-up, the patient was in complete clinical and radiological remission.
",EN100383,"<|im_start|>user Extract the entities contained in the text. Extract only entities contained in the text.
Return the result in a json format: [{""entity"":""entity_name""}]. <<This finding found also a crenate appearance of the posterior nasal mucosa especially of the middle turbinates and contralateral inferior turbinate with a left deviation of the nasal septum with nasal spur.>>> <|im_end|><|im_start|>assistant[{""entity"": ""finding""}, {""entity"": ""found""}, {""entity"": ""appearance""}, {""entity"": ""deviation""}, {""entity"": ""the posterior nasal mucosa""}, {""entity"": ""the middle turbinates""}, {""entity"": ""contralateral inferior turbinate""}, {""entity"": ""the nasal septum""}, {""entity"": ""nasal spur""}] <|im_end|>","<|im_start|>user Extract the entities contained in the text. Extract only entities contained in the text.
Return the result in a json format: [{""entity"":""entity_name""}]. <<<We present a case of a 32-year-old woman with a history of gradual enlargement of the anterior neck.>>> <|im_end|><|im_start|>assistant [{""entity"": ""present""}, {""entity"": ""history""}, {""entity"": ""enlargement""}] <|im_end|>
<|im_start|>user Extract the entities contained in the text. Extract only entities contained in the text.
Return the result in a json format: [{""entity"":""entity_name""}]. <<<Patient information: a 9-month-old boy presented to the emergency room with a 3-day history of refusal to bear weight on the right lower extremity and febrile peaks of up to 38.5°C for 24 hours.>>> <|im_end|><|im_start|>assistant [{""entity"": ""presented""}, {""entity"": ""refusal""}, {""entity"": ""bear""}, {""entity"": ""peaks""}] <|im_end|>
<|im_start|>user Extract the entities contained in the text. Extract only entities contained in the text.
Return the result in a json format: [{""entity"":""entity_name""}]. <<This finding found also a crenate appearance of the posterior nasal mucosa especially of the middle turbinates and contralateral inferior turbinate with a left deviation of the nasal septum with nasal spur.>>> <|im_end|><|im_start|>assistant","[{""entity"": ""finding""}, {""entity"": ""found""}, {""entity"": ""appearance""}, {""entity"": ""deviation""}, {""entity"": ""the posterior nasal mucosa""}, {""entity"": ""the middle turbinates""}, {""entity"": ""contralateral inferior turbinate""}, {""entity"": ""the nasal septum""}, {""entity"": ""nasal spur""}] ","[{""entity"": ""finding""}, {""entity"": ""appearance""}, {""entity"": ""the posterior nasal mucosa""}, {""entity"": ""the"
"Nasosinusal MRI shows a progressive increase in size of the tissue mass compared to the previously CT occupying the right nasal fossa on almost all of its height, measuring 4 × 2.8 × 3.5cm without extension within the cavum with probable invasion of the lower part of the nasolacrimal duct and mass effect on both the sinusonasal bone septum and the intersinusonasal septum.","[{'id': '7316', 'offsets': array([12, 15]), 'role': '', 'semantic_type_id': '', 'text': 'MRI', 'type': 'EVENT'}
 {'id': '7331', 'offsets': array([16, 21]), 'role': '', 'semantic_type_id': '', 'text': 'shows', 'type': 'EVENT'}
 {'id': '7346', 'offsets': array([36, 44]), 'role': '', 'semantic_type_id': '', 'text': 'increase', 'type': 'EVENT'}
 {'id': '7361', 'offsets': array([ 99, 101]), 'role': '', 'semantic_type_id': '', 'text': 'CT', 'type': 'EVENT'}
 {'id': '7376', 'offsets': array([102, 111]), 'role': '', 'semantic_type_id': '', 'text': 'occupying', 'type': 'EVENT'}
 {'id': '7391', 'offsets': array([163, 172]), 'role': '', 'semantic_type_id': '', 'text': 'measuring', 'type': 'EVENT'}
 {'id': '7406', 'offsets': array([197, 206]), 'role': '', 'semantic_type_id': '', 'text': 'extension', 'type': 'EVENT'}
 {'id': '7421', 'offsets': array([238, 246]), 'role': '', 'semantic_type_id': '', 'text': 'invasion', 'type': 'EVENT'}
 {'id': '7436', 'offsets': array([299, 305]), 'role': '', 'semantic_type_id': '', 'text': 'effect', 'type': 'EVENT'}
 {'id': '8153', 'offsets': array([60, 71]), 'role': '', 'semantic_type_id': 'C0457193', 'text': 'tissue mass', 'type': 'CLINENTITY'}
 {'id': '8290', 'offsets': array([112, 133]), 'role': '', 'semantic_type_id': '', 'text': 'the right nasal fossa', 'type': 'BODYPART'}
 {'id': '8296', 'offsets': array([214, 223]), 'role': '', 'semantic_type_id': '', 'text': 'the cavum', 'type': 'BODYPART'}
 {'id': '8302', 'offsets': array([250, 289]), 'role': '', 'semantic_type_id': '', 'text': 'the lower part of the nasolacrimal duct', 'type': 'BODYPART'}
 {'id': '8308', 'offsets': array([314, 341]), 'role': '', 'semantic_type_id': '', 'text': 'the sinusonasal bone septum', 'type': 'BODYPART'}
 {'id': '8314', 'offsets': array([346, 373]), 'role': '', 'semantic_type_id': '', 'text': 'the intersinusonasal septum', 'type': 'BODYPART'}
 {'id': '8386', 'offsets': array([173, 188]), 'role': '', 'semantic_type_id': '', 'text': '4 × 2.8 × 3.5cm', 'type': 'RML'}]","Mr F.B a 70-year-old male patient presented in our institution because of the occurrence of a right epistaxis. First of all, the patient is not smoking and reported an aneurysm of the abdominal aorta surgically treated by prosthesis under plavix. The beginning of the symptomatology goes back to 2 months before with right nasal obstruction of progressive onset, associated with right epistaxis and bloody rhinorrhea with right chronic eye watering. Nasal Endoscopy examination revealed a pinnkish burgeoning mass bleeding on contact and filling the right nostril vestibule. The patient didn't presents neurological signs nor cervical lymph nods. Otherwise, ophthalmologic examination found normal visual acuity and ocular mobility on both sides. Sinonasal computed tomography (CT) found a right nasal process enhanced after injection of contrast product with relatively little washing at the late time. Otherwise, there is no extension involvement at the level of the cavum and the pterygo palate fossa. This finding found also a crenate appearance of the posterior nasal mucosa especially of the middle turbinates and contralateral inferior turbinate with a left deviation of the nasal septum with nasal spur. Nasosinusal MRI shows a progressive increase in size of the tissue mass compared to the previously CT occupying the right nasal fossa on almost all of its height, measuring 4 × 2.8 × 3.5cm without extension within the cavum with probable invasion of the lower part of the nasolacrimal duct and mass effect on both the sinusonasal bone septum and the intersinusonasal septum. This finding shows ethmoidal sinus fluid retention. The appearance, even if it remains unspecific, is compatible with inverted papilloma. The patient underwent complete endoscopic removal of the tumor with ethmoidectomy and right maxillary antrostomy. The extemporaneous examination is in favor of a malignant tumor lesion. Histopathologic analysis shows a tumor proliferation made of polymorphic cells with major anisocytosis, most often located in lobules. There is sometimes a somewhat palisadic seat on the periphery of the tumor mass. The mitotic index is 10 mitoses per 10 high power fields. The immunohistochemical study of the tumor found that the cytokeratin KL1 and CK7 and the neuroendocrine marker Chromogranin A, synaptophysin and CD56 are positive. Proliferation index Ki67 is of the order of 80%. Otherwise there is an absence of expression of PS100, MelanA, HMB45, desmin, p40, CD45 and EBV.
The clear positivity of cytokeratins formally excludes the diagnosis of olfactory neuroblastoma and leads to neuroendocrine carcinoma. Given the atypia, the mitotic index, and the Ki67 proliferation index, it is a high-grade large-cell neuroendocrine carcinoma. Extension assessment, comprising a PET SCAN, was negative. Postoperative treatment consisted in adjuvant polychemotherapy, with six cycles (cisplatin and etoposide), Followed by loco regional external radiotherapy. After 6 month follow-up, the patient was in complete clinical and radiological remission.
",EN100383,"<|im_start|>user Extract the entities contained in the text. Extract only entities contained in the text.
Return the result in a json format: [{""entity"":""entity_name""}]. <<Nasosinusal MRI shows a progressive increase in size of the tissue mass compared to the previously CT occupying the right nasal fossa on almost all of its height, measuring 4 × 2.8 × 3.5cm without extension within the cavum with probable invasion of the lower part of the nasolacrimal duct and mass effect on both the sinusonasal bone septum and the intersinusonasal septum.>>> <|im_end|><|im_start|>assistant[{""entity"": ""MRI""}, {""entity"": ""shows""}, {""entity"": ""increase""}, {""entity"": ""CT""}, {""entity"": ""occupying""}, {""entity"": ""measuring""}, {""entity"": ""extension""}, {""entity"": ""invasion""}, {""entity"": ""effect""}, {""entity"": ""tissue mass""}, {""entity"": ""the right nasal fossa""}, {""entity"": ""the cavum""}, {""entity"": ""the lower part of the nasolacrimal duct""}, {""entity"": ""the sinusonasal bone septum""}, {""entity"": ""the intersinusonasal septum""}, {""entity"": ""4 × 2.8 × 3.5cm""}] <|im_end|>","<|im_start|>user Extract the entities contained in the text. Extract only entities contained in the text.
Return the result in a json format: [{""entity"":""entity_name""}]. <<<We present a case of a 32-year-old woman with a history of gradual enlargement of the anterior neck.>>> <|im_end|><|im_start|>assistant [{""entity"": ""present""}, {""entity"": ""history""}, {""entity"": ""enlargement""}] <|im_end|>
<|im_start|>user Extract the entities contained in the text. Extract only entities contained in the text.
Return the result in a json format: [{""entity"":""entity_name""}]. <<<Patient information: a 9-month-old boy presented to the emergency room with a 3-day history of refusal to bear weight on the right lower extremity and febrile peaks of up to 38.5°C for 24 hours.>>> <|im_end|><|im_start|>assistant [{""entity"": ""presented""}, {""entity"": ""refusal""}, {""entity"": ""bear""}, {""entity"": ""peaks""}] <|im_end|>
<|im_start|>user Extract the entities contained in the text. Extract only entities contained in the text.
Return the result in a json format: [{""entity"":""entity_name""}]. <<Nasosinusal MRI shows a progressive increase in size of the tissue mass compared to the previously CT occupying the right nasal fossa on almost all of its height, measuring 4 × 2.8 × 3.5cm without extension within the cavum with probable invasion of the lower part of the nasolacrimal duct and mass effect on both the sinusonasal bone septum and the intersinusonasal septum.>>> <|im_end|><|im_start|>assistant","[{""entity"": ""MRI""}, {""entity"": ""shows""}, {""entity"": ""increase""}, {""entity"": ""CT""}, {""entity"": ""occupying""}, {""entity"": ""measuring""}, {""entity"": ""extension""}, {""entity"": ""invasion""}, {""entity"": ""effect""}, {""entity"": ""tissue mass""}, {""entity"": ""the right nasal fossa""}, {""entity"": ""the cavum""}, {""entity"": ""the lower part of the nasolacrimal duct""}, {""entity"": ""the sinusonasal bone septum""}, {""entity"": ""the intersinusonasal septum""}, {""entity"": ""4 × 2.8 × 3.5cm""}] ","[{""entity"": ""MRI""}, {""entity"": ""shows""}, {""entity"": ""increase""}, {""entity"": ""occupying""}, {""entity"
This finding shows ethmoidal sinus fluid retention.,"[{'id': '7451', 'offsets': array([ 5, 12]), 'role': '', 'semantic_type_id': '', 'text': 'finding', 'type': 'EVENT'}
 {'id': '7466', 'offsets': array([13, 18]), 'role': '', 'semantic_type_id': '', 'text': 'shows', 'type': 'EVENT'}
 {'id': '7481', 'offsets': array([41, 50]), 'role': '', 'semantic_type_id': '', 'text': 'retention', 'type': 'EVENT'}
 {'id': '8320', 'offsets': array([19, 40]), 'role': '', 'semantic_type_id': '', 'text': 'ethmoidal sinus fluid', 'type': 'BODYPART'}]","Mr F.B a 70-year-old male patient presented in our institution because of the occurrence of a right epistaxis. First of all, the patient is not smoking and reported an aneurysm of the abdominal aorta surgically treated by prosthesis under plavix. The beginning of the symptomatology goes back to 2 months before with right nasal obstruction of progressive onset, associated with right epistaxis and bloody rhinorrhea with right chronic eye watering. Nasal Endoscopy examination revealed a pinnkish burgeoning mass bleeding on contact and filling the right nostril vestibule. The patient didn't presents neurological signs nor cervical lymph nods. Otherwise, ophthalmologic examination found normal visual acuity and ocular mobility on both sides. Sinonasal computed tomography (CT) found a right nasal process enhanced after injection of contrast product with relatively little washing at the late time. Otherwise, there is no extension involvement at the level of the cavum and the pterygo palate fossa. This finding found also a crenate appearance of the posterior nasal mucosa especially of the middle turbinates and contralateral inferior turbinate with a left deviation of the nasal septum with nasal spur. Nasosinusal MRI shows a progressive increase in size of the tissue mass compared to the previously CT occupying the right nasal fossa on almost all of its height, measuring 4 × 2.8 × 3.5cm without extension within the cavum with probable invasion of the lower part of the nasolacrimal duct and mass effect on both the sinusonasal bone septum and the intersinusonasal septum. This finding shows ethmoidal sinus fluid retention. The appearance, even if it remains unspecific, is compatible with inverted papilloma. The patient underwent complete endoscopic removal of the tumor with ethmoidectomy and right maxillary antrostomy. The extemporaneous examination is in favor of a malignant tumor lesion. Histopathologic analysis shows a tumor proliferation made of polymorphic cells with major anisocytosis, most often located in lobules. There is sometimes a somewhat palisadic seat on the periphery of the tumor mass. The mitotic index is 10 mitoses per 10 high power fields. The immunohistochemical study of the tumor found that the cytokeratin KL1 and CK7 and the neuroendocrine marker Chromogranin A, synaptophysin and CD56 are positive. Proliferation index Ki67 is of the order of 80%. Otherwise there is an absence of expression of PS100, MelanA, HMB45, desmin, p40, CD45 and EBV.
The clear positivity of cytokeratins formally excludes the diagnosis of olfactory neuroblastoma and leads to neuroendocrine carcinoma. Given the atypia, the mitotic index, and the Ki67 proliferation index, it is a high-grade large-cell neuroendocrine carcinoma. Extension assessment, comprising a PET SCAN, was negative. Postoperative treatment consisted in adjuvant polychemotherapy, with six cycles (cisplatin and etoposide), Followed by loco regional external radiotherapy. After 6 month follow-up, the patient was in complete clinical and radiological remission.
",EN100383,"<|im_start|>user Extract the entities contained in the text. Extract only entities contained in the text.
Return the result in a json format: [{""entity"":""entity_name""}]. <<This finding shows ethmoidal sinus fluid retention.>>> <|im_end|><|im_start|>assistant[{""entity"": ""finding""}, {""entity"": ""shows""}, {""entity"": ""retention""}, {""entity"": ""ethmoidal sinus fluid""}] <|im_end|>","<|im_start|>user Extract the entities contained in the text. Extract only entities contained in the text.
Return the result in a json format: [{""entity"":""entity_name""}]. <<<We present a case of a 32-year-old woman with a history of gradual enlargement of the anterior neck.>>> <|im_end|><|im_start|>assistant [{""entity"": ""present""}, {""entity"": ""history""}, {""entity"": ""enlargement""}] <|im_end|>
<|im_start|>user Extract the entities contained in the text. Extract only entities contained in the text.
Return the result in a json format: [{""entity"":""entity_name""}]. <<<Patient information: a 9-month-old boy presented to the emergency room with a 3-day history of refusal to bear weight on the right lower extremity and febrile peaks of up to 38.5°C for 24 hours.>>> <|im_end|><|im_start|>assistant [{""entity"": ""presented""}, {""entity"": ""refusal""}, {""entity"": ""bear""}, {""entity"": ""peaks""}] <|im_end|>
<|im_start|>user Extract the entities contained in the text. Extract only entities contained in the text.
Return the result in a json format: [{""entity"":""entity_name""}]. <<This finding shows ethmoidal sinus fluid retention.>>> <|im_end|><|im_start|>assistant","[{""entity"": ""finding""}, {""entity"": ""shows""}, {""entity"": ""retention""}, {""entity"": ""ethmoidal sinus fluid""}] ","[{""entity"": ""finding""}, {""entity"": ""retention""}, {""entity"": ""sinus fluid""}, {""entity"": ""the right"
"The appearance, even if it remains unspecific, is compatible with inverted papilloma.","[{'id': '7496', 'offsets': array([ 4, 14]), 'role': '', 'semantic_type_id': '', 'text': 'appearance', 'type': 'EVENT'}
 {'id': '7511', 'offsets': array([35, 45]), 'role': '', 'semantic_type_id': '', 'text': 'unspecific', 'type': 'EVENT'}
 {'id': '7526', 'offsets': array([75, 84]), 'role': '', 'semantic_type_id': '', 'text': 'papilloma', 'type': 'EVENT'}
 {'id': '8160', 'offsets': array([66, 84]), 'role': '', 'semantic_type_id': 'C0206721', 'text': 'inverted papilloma', 'type': 'CLINENTITY'}]","Mr F.B a 70-year-old male patient presented in our institution because of the occurrence of a right epistaxis. First of all, the patient is not smoking and reported an aneurysm of the abdominal aorta surgically treated by prosthesis under plavix. The beginning of the symptomatology goes back to 2 months before with right nasal obstruction of progressive onset, associated with right epistaxis and bloody rhinorrhea with right chronic eye watering. Nasal Endoscopy examination revealed a pinnkish burgeoning mass bleeding on contact and filling the right nostril vestibule. The patient didn't presents neurological signs nor cervical lymph nods. Otherwise, ophthalmologic examination found normal visual acuity and ocular mobility on both sides. Sinonasal computed tomography (CT) found a right nasal process enhanced after injection of contrast product with relatively little washing at the late time. Otherwise, there is no extension involvement at the level of the cavum and the pterygo palate fossa. This finding found also a crenate appearance of the posterior nasal mucosa especially of the middle turbinates and contralateral inferior turbinate with a left deviation of the nasal septum with nasal spur. Nasosinusal MRI shows a progressive increase in size of the tissue mass compared to the previously CT occupying the right nasal fossa on almost all of its height, measuring 4 × 2.8 × 3.5cm without extension within the cavum with probable invasion of the lower part of the nasolacrimal duct and mass effect on both the sinusonasal bone septum and the intersinusonasal septum. This finding shows ethmoidal sinus fluid retention. The appearance, even if it remains unspecific, is compatible with inverted papilloma. The patient underwent complete endoscopic removal of the tumor with ethmoidectomy and right maxillary antrostomy. The extemporaneous examination is in favor of a malignant tumor lesion. Histopathologic analysis shows a tumor proliferation made of polymorphic cells with major anisocytosis, most often located in lobules. There is sometimes a somewhat palisadic seat on the periphery of the tumor mass. The mitotic index is 10 mitoses per 10 high power fields. The immunohistochemical study of the tumor found that the cytokeratin KL1 and CK7 and the neuroendocrine marker Chromogranin A, synaptophysin and CD56 are positive. Proliferation index Ki67 is of the order of 80%. Otherwise there is an absence of expression of PS100, MelanA, HMB45, desmin, p40, CD45 and EBV.
The clear positivity of cytokeratins formally excludes the diagnosis of olfactory neuroblastoma and leads to neuroendocrine carcinoma. Given the atypia, the mitotic index, and the Ki67 proliferation index, it is a high-grade large-cell neuroendocrine carcinoma. Extension assessment, comprising a PET SCAN, was negative. Postoperative treatment consisted in adjuvant polychemotherapy, with six cycles (cisplatin and etoposide), Followed by loco regional external radiotherapy. After 6 month follow-up, the patient was in complete clinical and radiological remission.
",EN100383,"<|im_start|>user Extract the entities contained in the text. Extract only entities contained in the text.
Return the result in a json format: [{""entity"":""entity_name""}]. <<The appearance, even if it remains unspecific, is compatible with inverted papilloma.>>> <|im_end|><|im_start|>assistant[{""entity"": ""appearance""}, {""entity"": ""unspecific""}, {""entity"": ""papilloma""}, {""entity"": ""inverted papilloma""}] <|im_end|>","<|im_start|>user Extract the entities contained in the text. Extract only entities contained in the text.
Return the result in a json format: [{""entity"":""entity_name""}]. <<<We present a case of a 32-year-old woman with a history of gradual enlargement of the anterior neck.>>> <|im_end|><|im_start|>assistant [{""entity"": ""present""}, {""entity"": ""history""}, {""entity"": ""enlargement""}] <|im_end|>
<|im_start|>user Extract the entities contained in the text. Extract only entities contained in the text.
Return the result in a json format: [{""entity"":""entity_name""}]. <<<Patient information: a 9-month-old boy presented to the emergency room with a 3-day history of refusal to bear weight on the right lower extremity and febrile peaks of up to 38.5°C for 24 hours.>>> <|im_end|><|im_start|>assistant [{""entity"": ""presented""}, {""entity"": ""refusal""}, {""entity"": ""bear""}, {""entity"": ""peaks""}] <|im_end|>
<|im_start|>user Extract the entities contained in the text. Extract only entities contained in the text.
Return the result in a json format: [{""entity"":""entity_name""}]. <<The appearance, even if it remains unspecific, is compatible with inverted papilloma.>>> <|im_end|><|im_start|>assistant","[{""entity"": ""appearance""}, {""entity"": ""unspecific""}, {""entity"": ""papilloma""}, {""entity"": ""inverted papilloma""}] ","[{""entity"": ""appearance""}, {""entity"": ""compatible""}, {""entity"": ""papilloma""}, {""entity"": ""inverted"
The extemporaneous examination is in favor of a malignant tumor lesion.,"[{'id': '7586', 'offsets': array([19, 30]), 'role': '', 'semantic_type_id': '', 'text': 'examination', 'type': 'EVENT'}
 {'id': '7601', 'offsets': array([64, 70]), 'role': '', 'semantic_type_id': '', 'text': 'lesion', 'type': 'EVENT'}
 {'id': '8174', 'offsets': array([48, 70]), 'role': '', 'semantic_type_id': 'C5205543', 'text': 'malignant tumor lesion', 'type': 'CLINENTITY'}]","Mr F.B a 70-year-old male patient presented in our institution because of the occurrence of a right epistaxis. First of all, the patient is not smoking and reported an aneurysm of the abdominal aorta surgically treated by prosthesis under plavix. The beginning of the symptomatology goes back to 2 months before with right nasal obstruction of progressive onset, associated with right epistaxis and bloody rhinorrhea with right chronic eye watering. Nasal Endoscopy examination revealed a pinnkish burgeoning mass bleeding on contact and filling the right nostril vestibule. The patient didn't presents neurological signs nor cervical lymph nods. Otherwise, ophthalmologic examination found normal visual acuity and ocular mobility on both sides. Sinonasal computed tomography (CT) found a right nasal process enhanced after injection of contrast product with relatively little washing at the late time. Otherwise, there is no extension involvement at the level of the cavum and the pterygo palate fossa. This finding found also a crenate appearance of the posterior nasal mucosa especially of the middle turbinates and contralateral inferior turbinate with a left deviation of the nasal septum with nasal spur. Nasosinusal MRI shows a progressive increase in size of the tissue mass compared to the previously CT occupying the right nasal fossa on almost all of its height, measuring 4 × 2.8 × 3.5cm without extension within the cavum with probable invasion of the lower part of the nasolacrimal duct and mass effect on both the sinusonasal bone septum and the intersinusonasal septum. This finding shows ethmoidal sinus fluid retention. The appearance, even if it remains unspecific, is compatible with inverted papilloma. The patient underwent complete endoscopic removal of the tumor with ethmoidectomy and right maxillary antrostomy. The extemporaneous examination is in favor of a malignant tumor lesion. Histopathologic analysis shows a tumor proliferation made of polymorphic cells with major anisocytosis, most often located in lobules. There is sometimes a somewhat palisadic seat on the periphery of the tumor mass. The mitotic index is 10 mitoses per 10 high power fields. The immunohistochemical study of the tumor found that the cytokeratin KL1 and CK7 and the neuroendocrine marker Chromogranin A, synaptophysin and CD56 are positive. Proliferation index Ki67 is of the order of 80%. Otherwise there is an absence of expression of PS100, MelanA, HMB45, desmin, p40, CD45 and EBV.
The clear positivity of cytokeratins formally excludes the diagnosis of olfactory neuroblastoma and leads to neuroendocrine carcinoma. Given the atypia, the mitotic index, and the Ki67 proliferation index, it is a high-grade large-cell neuroendocrine carcinoma. Extension assessment, comprising a PET SCAN, was negative. Postoperative treatment consisted in adjuvant polychemotherapy, with six cycles (cisplatin and etoposide), Followed by loco regional external radiotherapy. After 6 month follow-up, the patient was in complete clinical and radiological remission.
",EN100383,"<|im_start|>user Extract the entities contained in the text. Extract only entities contained in the text.
Return the result in a json format: [{""entity"":""entity_name""}]. <<The extemporaneous examination is in favor of a malignant tumor lesion.>>> <|im_end|><|im_start|>assistant[{""entity"": ""examination""}, {""entity"": ""lesion""}, {""entity"": ""malignant tumor lesion""}] <|im_end|>","<|im_start|>user Extract the entities contained in the text. Extract only entities contained in the text.
Return the result in a json format: [{""entity"":""entity_name""}]. <<<We present a case of a 32-year-old woman with a history of gradual enlargement of the anterior neck.>>> <|im_end|><|im_start|>assistant [{""entity"": ""present""}, {""entity"": ""history""}, {""entity"": ""enlargement""}] <|im_end|>
<|im_start|>user Extract the entities contained in the text. Extract only entities contained in the text.
Return the result in a json format: [{""entity"":""entity_name""}]. <<<Patient information: a 9-month-old boy presented to the emergency room with a 3-day history of refusal to bear weight on the right lower extremity and febrile peaks of up to 38.5°C for 24 hours.>>> <|im_end|><|im_start|>assistant [{""entity"": ""presented""}, {""entity"": ""refusal""}, {""entity"": ""bear""}, {""entity"": ""peaks""}] <|im_end|>
<|im_start|>user Extract the entities contained in the text. Extract only entities contained in the text.
Return the result in a json format: [{""entity"":""entity_name""}]. <<The extemporaneous examination is in favor of a malignant tumor lesion.>>> <|im_end|><|im_start|>assistant","[{""entity"": ""examination""}, {""entity"": ""lesion""}, {""entity"": ""malignant tumor lesion""}] ","[{""entity"": ""examination""}, {""entity"": ""favor""}, {""entity"": ""lesion""}, {""entity"": ""tumor""},"
"Histopathologic analysis shows a tumor proliferation made of polymorphic cells with major anisocytosis, most often located in lobules.","[{'id': '7616', 'offsets': array([16, 24]), 'role': '', 'semantic_type_id': '', 'text': 'analysis', 'type': 'EVENT'}
 {'id': '7631', 'offsets': array([25, 30]), 'role': '', 'semantic_type_id': '', 'text': 'shows', 'type': 'EVENT'}
 {'id': '7646', 'offsets': array([39, 52]), 'role': '', 'semantic_type_id': '', 'text': 'proliferation', 'type': 'EVENT'}
 {'id': '7661', 'offsets': array([ 90, 102]), 'role': '', 'semantic_type_id': '', 'text': 'anisocytosis', 'type': 'EVENT'}
 {'id': '7676', 'offsets': array([115, 122]), 'role': '', 'semantic_type_id': '', 'text': 'located', 'type': 'EVENT'}
 {'id': '8181', 'offsets': array([33, 52]), 'role': '', 'semantic_type_id': 'C5419016', 'text': 'tumor proliferation', 'type': 'CLINENTITY'}
 {'id': '8326', 'offsets': array([61, 78]), 'role': '', 'semantic_type_id': '', 'text': 'polymorphic cells', 'type': 'BODYPART'}
 {'id': '8332', 'offsets': array([126, 133]), 'role': '', 'semantic_type_id': '', 'text': 'lobules', 'type': 'BODYPART'}]","Mr F.B a 70-year-old male patient presented in our institution because of the occurrence of a right epistaxis. First of all, the patient is not smoking and reported an aneurysm of the abdominal aorta surgically treated by prosthesis under plavix. The beginning of the symptomatology goes back to 2 months before with right nasal obstruction of progressive onset, associated with right epistaxis and bloody rhinorrhea with right chronic eye watering. Nasal Endoscopy examination revealed a pinnkish burgeoning mass bleeding on contact and filling the right nostril vestibule. The patient didn't presents neurological signs nor cervical lymph nods. Otherwise, ophthalmologic examination found normal visual acuity and ocular mobility on both sides. Sinonasal computed tomography (CT) found a right nasal process enhanced after injection of contrast product with relatively little washing at the late time. Otherwise, there is no extension involvement at the level of the cavum and the pterygo palate fossa. This finding found also a crenate appearance of the posterior nasal mucosa especially of the middle turbinates and contralateral inferior turbinate with a left deviation of the nasal septum with nasal spur. Nasosinusal MRI shows a progressive increase in size of the tissue mass compared to the previously CT occupying the right nasal fossa on almost all of its height, measuring 4 × 2.8 × 3.5cm without extension within the cavum with probable invasion of the lower part of the nasolacrimal duct and mass effect on both the sinusonasal bone septum and the intersinusonasal septum. This finding shows ethmoidal sinus fluid retention. The appearance, even if it remains unspecific, is compatible with inverted papilloma. The patient underwent complete endoscopic removal of the tumor with ethmoidectomy and right maxillary antrostomy. The extemporaneous examination is in favor of a malignant tumor lesion. Histopathologic analysis shows a tumor proliferation made of polymorphic cells with major anisocytosis, most often located in lobules. There is sometimes a somewhat palisadic seat on the periphery of the tumor mass. The mitotic index is 10 mitoses per 10 high power fields. The immunohistochemical study of the tumor found that the cytokeratin KL1 and CK7 and the neuroendocrine marker Chromogranin A, synaptophysin and CD56 are positive. Proliferation index Ki67 is of the order of 80%. Otherwise there is an absence of expression of PS100, MelanA, HMB45, desmin, p40, CD45 and EBV.
The clear positivity of cytokeratins formally excludes the diagnosis of olfactory neuroblastoma and leads to neuroendocrine carcinoma. Given the atypia, the mitotic index, and the Ki67 proliferation index, it is a high-grade large-cell neuroendocrine carcinoma. Extension assessment, comprising a PET SCAN, was negative. Postoperative treatment consisted in adjuvant polychemotherapy, with six cycles (cisplatin and etoposide), Followed by loco regional external radiotherapy. After 6 month follow-up, the patient was in complete clinical and radiological remission.
",EN100383,"<|im_start|>user Extract the entities contained in the text. Extract only entities contained in the text.
Return the result in a json format: [{""entity"":""entity_name""}]. <<Histopathologic analysis shows a tumor proliferation made of polymorphic cells with major anisocytosis, most often located in lobules.>>> <|im_end|><|im_start|>assistant[{""entity"": ""analysis""}, {""entity"": ""shows""}, {""entity"": ""proliferation""}, {""entity"": ""anisocytosis""}, {""entity"": ""located""}, {""entity"": ""tumor proliferation""}, {""entity"": ""polymorphic cells""}, {""entity"": ""lobules""}] <|im_end|>","<|im_start|>user Extract the entities contained in the text. Extract only entities contained in the text.
Return the result in a json format: [{""entity"":""entity_name""}]. <<<We present a case of a 32-year-old woman with a history of gradual enlargement of the anterior neck.>>> <|im_end|><|im_start|>assistant [{""entity"": ""present""}, {""entity"": ""history""}, {""entity"": ""enlargement""}] <|im_end|>
<|im_start|>user Extract the entities contained in the text. Extract only entities contained in the text.
Return the result in a json format: [{""entity"":""entity_name""}]. <<<Patient information: a 9-month-old boy presented to the emergency room with a 3-day history of refusal to bear weight on the right lower extremity and febrile peaks of up to 38.5°C for 24 hours.>>> <|im_end|><|im_start|>assistant [{""entity"": ""presented""}, {""entity"": ""refusal""}, {""entity"": ""bear""}, {""entity"": ""peaks""}] <|im_end|>
<|im_start|>user Extract the entities contained in the text. Extract only entities contained in the text.
Return the result in a json format: [{""entity"":""entity_name""}]. <<Histopathologic analysis shows a tumor proliferation made of polymorphic cells with major anisocytosis, most often located in lobules.>>> <|im_end|><|im_start|>assistant","[{""entity"": ""analysis""}, {""entity"": ""shows""}, {""entity"": ""proliferation""}, {""entity"": ""anisocytosis""}, {""entity"": ""located""}, {""entity"": ""tumor proliferation""}, {""entity"": ""polymorphic cells""}, {""entity"": ""lobules""}] ","[{""entity"": ""analysis""}, {""entity"": ""show""}, {""entity"": ""proliferation""}, {""entity"": ""polym"
There is sometimes a somewhat palisadic seat on the periphery of the tumor mass.,"[{'id': '7691', 'offsets': array([40, 44]), 'role': '', 'semantic_type_id': '', 'text': 'seat', 'type': 'EVENT'}
 {'id': '7706', 'offsets': array([75, 79]), 'role': '', 'semantic_type_id': '', 'text': 'mass', 'type': 'EVENT'}
 {'id': '8188', 'offsets': array([69, 79]), 'role': '', 'semantic_type_id': 'C3273930', 'text': 'tumor mass', 'type': 'CLINENTITY'}]","Mr F.B a 70-year-old male patient presented in our institution because of the occurrence of a right epistaxis. First of all, the patient is not smoking and reported an aneurysm of the abdominal aorta surgically treated by prosthesis under plavix. The beginning of the symptomatology goes back to 2 months before with right nasal obstruction of progressive onset, associated with right epistaxis and bloody rhinorrhea with right chronic eye watering. Nasal Endoscopy examination revealed a pinnkish burgeoning mass bleeding on contact and filling the right nostril vestibule. The patient didn't presents neurological signs nor cervical lymph nods. Otherwise, ophthalmologic examination found normal visual acuity and ocular mobility on both sides. Sinonasal computed tomography (CT) found a right nasal process enhanced after injection of contrast product with relatively little washing at the late time. Otherwise, there is no extension involvement at the level of the cavum and the pterygo palate fossa. This finding found also a crenate appearance of the posterior nasal mucosa especially of the middle turbinates and contralateral inferior turbinate with a left deviation of the nasal septum with nasal spur. Nasosinusal MRI shows a progressive increase in size of the tissue mass compared to the previously CT occupying the right nasal fossa on almost all of its height, measuring 4 × 2.8 × 3.5cm without extension within the cavum with probable invasion of the lower part of the nasolacrimal duct and mass effect on both the sinusonasal bone septum and the intersinusonasal septum. This finding shows ethmoidal sinus fluid retention. The appearance, even if it remains unspecific, is compatible with inverted papilloma. The patient underwent complete endoscopic removal of the tumor with ethmoidectomy and right maxillary antrostomy. The extemporaneous examination is in favor of a malignant tumor lesion. Histopathologic analysis shows a tumor proliferation made of polymorphic cells with major anisocytosis, most often located in lobules. There is sometimes a somewhat palisadic seat on the periphery of the tumor mass. The mitotic index is 10 mitoses per 10 high power fields. The immunohistochemical study of the tumor found that the cytokeratin KL1 and CK7 and the neuroendocrine marker Chromogranin A, synaptophysin and CD56 are positive. Proliferation index Ki67 is of the order of 80%. Otherwise there is an absence of expression of PS100, MelanA, HMB45, desmin, p40, CD45 and EBV.
The clear positivity of cytokeratins formally excludes the diagnosis of olfactory neuroblastoma and leads to neuroendocrine carcinoma. Given the atypia, the mitotic index, and the Ki67 proliferation index, it is a high-grade large-cell neuroendocrine carcinoma. Extension assessment, comprising a PET SCAN, was negative. Postoperative treatment consisted in adjuvant polychemotherapy, with six cycles (cisplatin and etoposide), Followed by loco regional external radiotherapy. After 6 month follow-up, the patient was in complete clinical and radiological remission.
",EN100383,"<|im_start|>user Extract the entities contained in the text. Extract only entities contained in the text.
Return the result in a json format: [{""entity"":""entity_name""}]. <<There is sometimes a somewhat palisadic seat on the periphery of the tumor mass.>>> <|im_end|><|im_start|>assistant[{""entity"": ""seat""}, {""entity"": ""mass""}, {""entity"": ""tumor mass""}] <|im_end|>","<|im_start|>user Extract the entities contained in the text. Extract only entities contained in the text.
Return the result in a json format: [{""entity"":""entity_name""}]. <<<We present a case of a 32-year-old woman with a history of gradual enlargement of the anterior neck.>>> <|im_end|><|im_start|>assistant [{""entity"": ""present""}, {""entity"": ""history""}, {""entity"": ""enlargement""}] <|im_end|>
<|im_start|>user Extract the entities contained in the text. Extract only entities contained in the text.
Return the result in a json format: [{""entity"":""entity_name""}]. <<<Patient information: a 9-month-old boy presented to the emergency room with a 3-day history of refusal to bear weight on the right lower extremity and febrile peaks of up to 38.5°C for 24 hours.>>> <|im_end|><|im_start|>assistant [{""entity"": ""presented""}, {""entity"": ""refusal""}, {""entity"": ""bear""}, {""entity"": ""peaks""}] <|im_end|>
<|im_start|>user Extract the entities contained in the text. Extract only entities contained in the text.
Return the result in a json format: [{""entity"":""entity_name""}]. <<There is sometimes a somewhat palisadic seat on the periphery of the tumor mass.>>> <|im_end|><|im_start|>assistant","[{""entity"": ""seat""}, {""entity"": ""mass""}, {""entity"": ""tumor mass""}] ","[{""entity"": ""seat""}, {""entity"": ""tumor mass""}, {""entity"": ""the periphery of the tumor mass""}]"
The mitotic index is 10 mitoses per 10 high power fields.,"[{'id': '7721', 'offsets': array([12, 17]), 'role': '', 'semantic_type_id': '', 'text': 'index', 'type': 'EVENT'}
 {'id': '8392', 'offsets': array([21, 56]), 'role': '', 'semantic_type_id': '', 'text': '10 mitoses per 10 high power fields', 'type': 'RML'}]","Mr F.B a 70-year-old male patient presented in our institution because of the occurrence of a right epistaxis. First of all, the patient is not smoking and reported an aneurysm of the abdominal aorta surgically treated by prosthesis under plavix. The beginning of the symptomatology goes back to 2 months before with right nasal obstruction of progressive onset, associated with right epistaxis and bloody rhinorrhea with right chronic eye watering. Nasal Endoscopy examination revealed a pinnkish burgeoning mass bleeding on contact and filling the right nostril vestibule. The patient didn't presents neurological signs nor cervical lymph nods. Otherwise, ophthalmologic examination found normal visual acuity and ocular mobility on both sides. Sinonasal computed tomography (CT) found a right nasal process enhanced after injection of contrast product with relatively little washing at the late time. Otherwise, there is no extension involvement at the level of the cavum and the pterygo palate fossa. This finding found also a crenate appearance of the posterior nasal mucosa especially of the middle turbinates and contralateral inferior turbinate with a left deviation of the nasal septum with nasal spur. Nasosinusal MRI shows a progressive increase in size of the tissue mass compared to the previously CT occupying the right nasal fossa on almost all of its height, measuring 4 × 2.8 × 3.5cm without extension within the cavum with probable invasion of the lower part of the nasolacrimal duct and mass effect on both the sinusonasal bone septum and the intersinusonasal septum. This finding shows ethmoidal sinus fluid retention. The appearance, even if it remains unspecific, is compatible with inverted papilloma. The patient underwent complete endoscopic removal of the tumor with ethmoidectomy and right maxillary antrostomy. The extemporaneous examination is in favor of a malignant tumor lesion. Histopathologic analysis shows a tumor proliferation made of polymorphic cells with major anisocytosis, most often located in lobules. There is sometimes a somewhat palisadic seat on the periphery of the tumor mass. The mitotic index is 10 mitoses per 10 high power fields. The immunohistochemical study of the tumor found that the cytokeratin KL1 and CK7 and the neuroendocrine marker Chromogranin A, synaptophysin and CD56 are positive. Proliferation index Ki67 is of the order of 80%. Otherwise there is an absence of expression of PS100, MelanA, HMB45, desmin, p40, CD45 and EBV.
The clear positivity of cytokeratins formally excludes the diagnosis of olfactory neuroblastoma and leads to neuroendocrine carcinoma. Given the atypia, the mitotic index, and the Ki67 proliferation index, it is a high-grade large-cell neuroendocrine carcinoma. Extension assessment, comprising a PET SCAN, was negative. Postoperative treatment consisted in adjuvant polychemotherapy, with six cycles (cisplatin and etoposide), Followed by loco regional external radiotherapy. After 6 month follow-up, the patient was in complete clinical and radiological remission.
",EN100383,"<|im_start|>user Extract the entities contained in the text. Extract only entities contained in the text.
Return the result in a json format: [{""entity"":""entity_name""}]. <<The mitotic index is 10 mitoses per 10 high power fields.>>> <|im_end|><|im_start|>assistant[{""entity"": ""index""}, {""entity"": ""10 mitoses per 10 high power fields""}] <|im_end|>","<|im_start|>user Extract the entities contained in the text. Extract only entities contained in the text.
Return the result in a json format: [{""entity"":""entity_name""}]. <<<We present a case of a 32-year-old woman with a history of gradual enlargement of the anterior neck.>>> <|im_end|><|im_start|>assistant [{""entity"": ""present""}, {""entity"": ""history""}, {""entity"": ""enlargement""}] <|im_end|>
<|im_start|>user Extract the entities contained in the text. Extract only entities contained in the text.
Return the result in a json format: [{""entity"":""entity_name""}]. <<<Patient information: a 9-month-old boy presented to the emergency room with a 3-day history of refusal to bear weight on the right lower extremity and febrile peaks of up to 38.5°C for 24 hours.>>> <|im_end|><|im_start|>assistant [{""entity"": ""presented""}, {""entity"": ""refusal""}, {""entity"": ""bear""}, {""entity"": ""peaks""}] <|im_end|>
<|im_start|>user Extract the entities contained in the text. Extract only entities contained in the text.
Return the result in a json format: [{""entity"":""entity_name""}]. <<The mitotic index is 10 mitoses per 10 high power fields.>>> <|im_end|><|im_start|>assistant","[{""entity"": ""index""}, {""entity"": ""10 mitoses per 10 high power fields""}] ","[{""entity"": ""index""}, {""entity"": ""mitoses""}, {""entity"": ""fields""}, {""entity"": ""10 mitoses"
"The immunohistochemical study of the tumor found that the cytokeratin KL1 and CK7 and the neuroendocrine marker Chromogranin A, synaptophysin and CD56 are positive.","[{'id': '7736', 'offsets': array([24, 29]), 'role': '', 'semantic_type_id': '', 'text': 'study', 'type': 'EVENT'}
 {'id': '7751', 'offsets': array([43, 48]), 'role': '', 'semantic_type_id': '', 'text': 'found', 'type': 'EVENT'}
 {'id': '7766', 'offsets': array([58, 69]), 'role': '', 'semantic_type_id': '', 'text': 'cytokeratin', 'type': 'EVENT'}
 {'id': '7781', 'offsets': array([78, 81]), 'role': '', 'semantic_type_id': '', 'text': 'CK7', 'type': 'EVENT'}
 {'id': '7796', 'offsets': array([105, 111]), 'role': '', 'semantic_type_id': '', 'text': 'marker', 'type': 'EVENT'}
 {'id': '7811', 'offsets': array([128, 141]), 'role': '', 'semantic_type_id': '', 'text': 'synaptophysin', 'type': 'EVENT'}
 {'id': '7826', 'offsets': array([146, 150]), 'role': '', 'semantic_type_id': '', 'text': 'CD56', 'type': 'EVENT'}
 {'id': '8195', 'offsets': array([37, 42]), 'role': '', 'semantic_type_id': 'C0027651', 'text': 'tumor', 'type': 'CLINENTITY'}
 {'id': '8398', 'offsets': array([155, 163]), 'role': '', 'semantic_type_id': '', 'text': 'positive', 'type': 'RML'}]","Mr F.B a 70-year-old male patient presented in our institution because of the occurrence of a right epistaxis. First of all, the patient is not smoking and reported an aneurysm of the abdominal aorta surgically treated by prosthesis under plavix. The beginning of the symptomatology goes back to 2 months before with right nasal obstruction of progressive onset, associated with right epistaxis and bloody rhinorrhea with right chronic eye watering. Nasal Endoscopy examination revealed a pinnkish burgeoning mass bleeding on contact and filling the right nostril vestibule. The patient didn't presents neurological signs nor cervical lymph nods. Otherwise, ophthalmologic examination found normal visual acuity and ocular mobility on both sides. Sinonasal computed tomography (CT) found a right nasal process enhanced after injection of contrast product with relatively little washing at the late time. Otherwise, there is no extension involvement at the level of the cavum and the pterygo palate fossa. This finding found also a crenate appearance of the posterior nasal mucosa especially of the middle turbinates and contralateral inferior turbinate with a left deviation of the nasal septum with nasal spur. Nasosinusal MRI shows a progressive increase in size of the tissue mass compared to the previously CT occupying the right nasal fossa on almost all of its height, measuring 4 × 2.8 × 3.5cm without extension within the cavum with probable invasion of the lower part of the nasolacrimal duct and mass effect on both the sinusonasal bone septum and the intersinusonasal septum. This finding shows ethmoidal sinus fluid retention. The appearance, even if it remains unspecific, is compatible with inverted papilloma. The patient underwent complete endoscopic removal of the tumor with ethmoidectomy and right maxillary antrostomy. The extemporaneous examination is in favor of a malignant tumor lesion. Histopathologic analysis shows a tumor proliferation made of polymorphic cells with major anisocytosis, most often located in lobules. There is sometimes a somewhat palisadic seat on the periphery of the tumor mass. The mitotic index is 10 mitoses per 10 high power fields. The immunohistochemical study of the tumor found that the cytokeratin KL1 and CK7 and the neuroendocrine marker Chromogranin A, synaptophysin and CD56 are positive. Proliferation index Ki67 is of the order of 80%. Otherwise there is an absence of expression of PS100, MelanA, HMB45, desmin, p40, CD45 and EBV.
The clear positivity of cytokeratins formally excludes the diagnosis of olfactory neuroblastoma and leads to neuroendocrine carcinoma. Given the atypia, the mitotic index, and the Ki67 proliferation index, it is a high-grade large-cell neuroendocrine carcinoma. Extension assessment, comprising a PET SCAN, was negative. Postoperative treatment consisted in adjuvant polychemotherapy, with six cycles (cisplatin and etoposide), Followed by loco regional external radiotherapy. After 6 month follow-up, the patient was in complete clinical and radiological remission.
",EN100383,"<|im_start|>user Extract the entities contained in the text. Extract only entities contained in the text.
Return the result in a json format: [{""entity"":""entity_name""}]. <<The immunohistochemical study of the tumor found that the cytokeratin KL1 and CK7 and the neuroendocrine marker Chromogranin A, synaptophysin and CD56 are positive.>>> <|im_end|><|im_start|>assistant[{""entity"": ""study""}, {""entity"": ""found""}, {""entity"": ""cytokeratin""}, {""entity"": ""CK7""}, {""entity"": ""marker""}, {""entity"": ""synaptophysin""}, {""entity"": ""CD56""}, {""entity"": ""tumor""}, {""entity"": ""positive""}] <|im_end|>","<|im_start|>user Extract the entities contained in the text. Extract only entities contained in the text.
Return the result in a json format: [{""entity"":""entity_name""}]. <<<We present a case of a 32-year-old woman with a history of gradual enlargement of the anterior neck.>>> <|im_end|><|im_start|>assistant [{""entity"": ""present""}, {""entity"": ""history""}, {""entity"": ""enlargement""}] <|im_end|>
<|im_start|>user Extract the entities contained in the text. Extract only entities contained in the text.
Return the result in a json format: [{""entity"":""entity_name""}]. <<<Patient information: a 9-month-old boy presented to the emergency room with a 3-day history of refusal to bear weight on the right lower extremity and febrile peaks of up to 38.5°C for 24 hours.>>> <|im_end|><|im_start|>assistant [{""entity"": ""presented""}, {""entity"": ""refusal""}, {""entity"": ""bear""}, {""entity"": ""peaks""}] <|im_end|>
<|im_start|>user Extract the entities contained in the text. Extract only entities contained in the text.
Return the result in a json format: [{""entity"":""entity_name""}]. <<The immunohistochemical study of the tumor found that the cytokeratin KL1 and CK7 and the neuroendocrine marker Chromogranin A, synaptophysin and CD56 are positive.>>> <|im_end|><|im_start|>assistant","[{""entity"": ""study""}, {""entity"": ""found""}, {""entity"": ""cytokeratin""}, {""entity"": ""CK7""}, {""entity"": ""marker""}, {""entity"": ""synaptophysin""}, {""entity"": ""CD56""}, {""entity"": ""tumor""}, {""entity"": ""positive""}] ","[{""entity"": ""study""}, {""entity"": ""tumor""}, {""entity"": ""positive""}] <|im_end|><|im_end|><|im_end|><|im_end|><|im_end|><|im_end|>"
"Otherwise there is an absence of expression of PS100, MelanA, HMB45, desmin, p40, CD45 and EBV.","[{'id': '7856', 'offsets': array([33, 43]), 'role': '', 'semantic_type_id': '', 'text': 'expression', 'type': 'EVENT'}]","Mr F.B a 70-year-old male patient presented in our institution because of the occurrence of a right epistaxis. First of all, the patient is not smoking and reported an aneurysm of the abdominal aorta surgically treated by prosthesis under plavix. The beginning of the symptomatology goes back to 2 months before with right nasal obstruction of progressive onset, associated with right epistaxis and bloody rhinorrhea with right chronic eye watering. Nasal Endoscopy examination revealed a pinnkish burgeoning mass bleeding on contact and filling the right nostril vestibule. The patient didn't presents neurological signs nor cervical lymph nods. Otherwise, ophthalmologic examination found normal visual acuity and ocular mobility on both sides. Sinonasal computed tomography (CT) found a right nasal process enhanced after injection of contrast product with relatively little washing at the late time. Otherwise, there is no extension involvement at the level of the cavum and the pterygo palate fossa. This finding found also a crenate appearance of the posterior nasal mucosa especially of the middle turbinates and contralateral inferior turbinate with a left deviation of the nasal septum with nasal spur. Nasosinusal MRI shows a progressive increase in size of the tissue mass compared to the previously CT occupying the right nasal fossa on almost all of its height, measuring 4 × 2.8 × 3.5cm without extension within the cavum with probable invasion of the lower part of the nasolacrimal duct and mass effect on both the sinusonasal bone septum and the intersinusonasal septum. This finding shows ethmoidal sinus fluid retention. The appearance, even if it remains unspecific, is compatible with inverted papilloma. The patient underwent complete endoscopic removal of the tumor with ethmoidectomy and right maxillary antrostomy. The extemporaneous examination is in favor of a malignant tumor lesion. Histopathologic analysis shows a tumor proliferation made of polymorphic cells with major anisocytosis, most often located in lobules. There is sometimes a somewhat palisadic seat on the periphery of the tumor mass. The mitotic index is 10 mitoses per 10 high power fields. The immunohistochemical study of the tumor found that the cytokeratin KL1 and CK7 and the neuroendocrine marker Chromogranin A, synaptophysin and CD56 are positive. Proliferation index Ki67 is of the order of 80%. Otherwise there is an absence of expression of PS100, MelanA, HMB45, desmin, p40, CD45 and EBV.
The clear positivity of cytokeratins formally excludes the diagnosis of olfactory neuroblastoma and leads to neuroendocrine carcinoma. Given the atypia, the mitotic index, and the Ki67 proliferation index, it is a high-grade large-cell neuroendocrine carcinoma. Extension assessment, comprising a PET SCAN, was negative. Postoperative treatment consisted in adjuvant polychemotherapy, with six cycles (cisplatin and etoposide), Followed by loco regional external radiotherapy. After 6 month follow-up, the patient was in complete clinical and radiological remission.
",EN100383,"<|im_start|>user Extract the entities contained in the text. Extract only entities contained in the text.
Return the result in a json format: [{""entity"":""entity_name""}]. <<Otherwise there is an absence of expression of PS100, MelanA, HMB45, desmin, p40, CD45 and EBV.>>> <|im_end|><|im_start|>assistant[{""entity"": ""expression""}] <|im_end|>","<|im_start|>user Extract the entities contained in the text. Extract only entities contained in the text.
Return the result in a json format: [{""entity"":""entity_name""}]. <<<We present a case of a 32-year-old woman with a history of gradual enlargement of the anterior neck.>>> <|im_end|><|im_start|>assistant [{""entity"": ""present""}, {""entity"": ""history""}, {""entity"": ""enlargement""}] <|im_end|>
<|im_start|>user Extract the entities contained in the text. Extract only entities contained in the text.
Return the result in a json format: [{""entity"":""entity_name""}]. <<<Patient information: a 9-month-old boy presented to the emergency room with a 3-day history of refusal to bear weight on the right lower extremity and febrile peaks of up to 38.5°C for 24 hours.>>> <|im_end|><|im_start|>assistant [{""entity"": ""presented""}, {""entity"": ""refusal""}, {""entity"": ""bear""}, {""entity"": ""peaks""}] <|im_end|>
<|im_start|>user Extract the entities contained in the text. Extract only entities contained in the text.
Return the result in a json format: [{""entity"":""entity_name""}]. <<Otherwise there is an absence of expression of PS100, MelanA, HMB45, desmin, p40, CD45 and EBV.>>> <|im_end|><|im_start|>assistant","[{""entity"": ""expression""}] ","[{""entity"": ""expression""}, {""entity"": ""PS100""}, {""entity"": ""MelanA""}, {""entity"": """
The clear positivity of cytokeratins formally excludes the diagnosis of olfactory neuroblastoma and leads to neuroendocrine carcinoma.,"[{'id': '7871', 'offsets': array([10, 20]), 'role': '', 'semantic_type_id': '', 'text': 'positivity', 'type': 'EVENT'}
 {'id': '7886', 'offsets': array([46, 54]), 'role': '', 'semantic_type_id': '', 'text': 'excludes', 'type': 'EVENT'}
 {'id': '7901', 'offsets': array([82, 95]), 'role': '', 'semantic_type_id': '', 'text': 'neuroblastoma', 'type': 'EVENT'}
 {'id': '7916', 'offsets': array([124, 133]), 'role': '', 'semantic_type_id': '', 'text': 'carcinoma', 'type': 'EVENT'}
 {'id': '8202', 'offsets': array([72, 95]), 'role': '', 'semantic_type_id': 'C0206717', 'text': 'olfactory neuroblastoma', 'type': 'CLINENTITY'}
 {'id': '8209', 'offsets': array([109, 133]), 'role': '', 'semantic_type_id': 'C0206695', 'text': 'neuroendocrine carcinoma', 'type': 'CLINENTITY'}]","Mr F.B a 70-year-old male patient presented in our institution because of the occurrence of a right epistaxis. First of all, the patient is not smoking and reported an aneurysm of the abdominal aorta surgically treated by prosthesis under plavix. The beginning of the symptomatology goes back to 2 months before with right nasal obstruction of progressive onset, associated with right epistaxis and bloody rhinorrhea with right chronic eye watering. Nasal Endoscopy examination revealed a pinnkish burgeoning mass bleeding on contact and filling the right nostril vestibule. The patient didn't presents neurological signs nor cervical lymph nods. Otherwise, ophthalmologic examination found normal visual acuity and ocular mobility on both sides. Sinonasal computed tomography (CT) found a right nasal process enhanced after injection of contrast product with relatively little washing at the late time. Otherwise, there is no extension involvement at the level of the cavum and the pterygo palate fossa. This finding found also a crenate appearance of the posterior nasal mucosa especially of the middle turbinates and contralateral inferior turbinate with a left deviation of the nasal septum with nasal spur. Nasosinusal MRI shows a progressive increase in size of the tissue mass compared to the previously CT occupying the right nasal fossa on almost all of its height, measuring 4 × 2.8 × 3.5cm without extension within the cavum with probable invasion of the lower part of the nasolacrimal duct and mass effect on both the sinusonasal bone septum and the intersinusonasal septum. This finding shows ethmoidal sinus fluid retention. The appearance, even if it remains unspecific, is compatible with inverted papilloma. The patient underwent complete endoscopic removal of the tumor with ethmoidectomy and right maxillary antrostomy. The extemporaneous examination is in favor of a malignant tumor lesion. Histopathologic analysis shows a tumor proliferation made of polymorphic cells with major anisocytosis, most often located in lobules. There is sometimes a somewhat palisadic seat on the periphery of the tumor mass. The mitotic index is 10 mitoses per 10 high power fields. The immunohistochemical study of the tumor found that the cytokeratin KL1 and CK7 and the neuroendocrine marker Chromogranin A, synaptophysin and CD56 are positive. Proliferation index Ki67 is of the order of 80%. Otherwise there is an absence of expression of PS100, MelanA, HMB45, desmin, p40, CD45 and EBV.
The clear positivity of cytokeratins formally excludes the diagnosis of olfactory neuroblastoma and leads to neuroendocrine carcinoma. Given the atypia, the mitotic index, and the Ki67 proliferation index, it is a high-grade large-cell neuroendocrine carcinoma. Extension assessment, comprising a PET SCAN, was negative. Postoperative treatment consisted in adjuvant polychemotherapy, with six cycles (cisplatin and etoposide), Followed by loco regional external radiotherapy. After 6 month follow-up, the patient was in complete clinical and radiological remission.
",EN100383,"<|im_start|>user Extract the entities contained in the text. Extract only entities contained in the text.
Return the result in a json format: [{""entity"":""entity_name""}]. <<The clear positivity of cytokeratins formally excludes the diagnosis of olfactory neuroblastoma and leads to neuroendocrine carcinoma.>>> <|im_end|><|im_start|>assistant[{""entity"": ""positivity""}, {""entity"": ""excludes""}, {""entity"": ""neuroblastoma""}, {""entity"": ""carcinoma""}, {""entity"": ""olfactory neuroblastoma""}, {""entity"": ""neuroendocrine carcinoma""}] <|im_end|>","<|im_start|>user Extract the entities contained in the text. Extract only entities contained in the text.
Return the result in a json format: [{""entity"":""entity_name""}]. <<<We present a case of a 32-year-old woman with a history of gradual enlargement of the anterior neck.>>> <|im_end|><|im_start|>assistant [{""entity"": ""present""}, {""entity"": ""history""}, {""entity"": ""enlargement""}] <|im_end|>
<|im_start|>user Extract the entities contained in the text. Extract only entities contained in the text.
Return the result in a json format: [{""entity"":""entity_name""}]. <<<Patient information: a 9-month-old boy presented to the emergency room with a 3-day history of refusal to bear weight on the right lower extremity and febrile peaks of up to 38.5°C for 24 hours.>>> <|im_end|><|im_start|>assistant [{""entity"": ""presented""}, {""entity"": ""refusal""}, {""entity"": ""bear""}, {""entity"": ""peaks""}] <|im_end|>
<|im_start|>user Extract the entities contained in the text. Extract only entities contained in the text.
Return the result in a json format: [{""entity"":""entity_name""}]. <<The clear positivity of cytokeratins formally excludes the diagnosis of olfactory neuroblastoma and leads to neuroendocrine carcinoma.>>> <|im_end|><|im_start|>assistant","[{""entity"": ""positivity""}, {""entity"": ""excludes""}, {""entity"": ""neuroblastoma""}, {""entity"": ""carcinoma""}, {""entity"": ""olfactory neuroblastoma""}, {""entity"": ""neuroendocrine carcinoma""}] ","[{""entity"": ""positivity""}, {""entity"": ""excludes""}, {""entity"": ""neuroblastoma""}, {""entity"": """
"Given the atypia, the mitotic index, and the Ki67 proliferation index, it is a high-grade large-cell neuroendocrine carcinoma.","[{'id': '7931', 'offsets': array([10, 16]), 'role': '', 'semantic_type_id': '', 'text': 'atypia', 'type': 'EVENT'}
 {'id': '7946', 'offsets': array([30, 35]), 'role': '', 'semantic_type_id': '', 'text': 'index', 'type': 'EVENT'}
 {'id': '7961', 'offsets': array([64, 69]), 'role': '', 'semantic_type_id': '', 'text': 'index', 'type': 'EVENT'}
 {'id': '7976', 'offsets': array([116, 125]), 'role': '', 'semantic_type_id': '', 'text': 'carcinoma', 'type': 'EVENT'}
 {'id': '8216', 'offsets': array([ 90, 125]), 'role': '', 'semantic_type_id': 'C1265996', 'text': 'large-cell neuroendocrine carcinoma', 'type': 'CLINENTITY'}
 {'id': '8338', 'offsets': array([ 90, 100]), 'role': '', 'semantic_type_id': '', 'text': 'large-cell', 'type': 'BODYPART'}]","Mr F.B a 70-year-old male patient presented in our institution because of the occurrence of a right epistaxis. First of all, the patient is not smoking and reported an aneurysm of the abdominal aorta surgically treated by prosthesis under plavix. The beginning of the symptomatology goes back to 2 months before with right nasal obstruction of progressive onset, associated with right epistaxis and bloody rhinorrhea with right chronic eye watering. Nasal Endoscopy examination revealed a pinnkish burgeoning mass bleeding on contact and filling the right nostril vestibule. The patient didn't presents neurological signs nor cervical lymph nods. Otherwise, ophthalmologic examination found normal visual acuity and ocular mobility on both sides. Sinonasal computed tomography (CT) found a right nasal process enhanced after injection of contrast product with relatively little washing at the late time. Otherwise, there is no extension involvement at the level of the cavum and the pterygo palate fossa. This finding found also a crenate appearance of the posterior nasal mucosa especially of the middle turbinates and contralateral inferior turbinate with a left deviation of the nasal septum with nasal spur. Nasosinusal MRI shows a progressive increase in size of the tissue mass compared to the previously CT occupying the right nasal fossa on almost all of its height, measuring 4 × 2.8 × 3.5cm without extension within the cavum with probable invasion of the lower part of the nasolacrimal duct and mass effect on both the sinusonasal bone septum and the intersinusonasal septum. This finding shows ethmoidal sinus fluid retention. The appearance, even if it remains unspecific, is compatible with inverted papilloma. The patient underwent complete endoscopic removal of the tumor with ethmoidectomy and right maxillary antrostomy. The extemporaneous examination is in favor of a malignant tumor lesion. Histopathologic analysis shows a tumor proliferation made of polymorphic cells with major anisocytosis, most often located in lobules. There is sometimes a somewhat palisadic seat on the periphery of the tumor mass. The mitotic index is 10 mitoses per 10 high power fields. The immunohistochemical study of the tumor found that the cytokeratin KL1 and CK7 and the neuroendocrine marker Chromogranin A, synaptophysin and CD56 are positive. Proliferation index Ki67 is of the order of 80%. Otherwise there is an absence of expression of PS100, MelanA, HMB45, desmin, p40, CD45 and EBV.
The clear positivity of cytokeratins formally excludes the diagnosis of olfactory neuroblastoma and leads to neuroendocrine carcinoma. Given the atypia, the mitotic index, and the Ki67 proliferation index, it is a high-grade large-cell neuroendocrine carcinoma. Extension assessment, comprising a PET SCAN, was negative. Postoperative treatment consisted in adjuvant polychemotherapy, with six cycles (cisplatin and etoposide), Followed by loco regional external radiotherapy. After 6 month follow-up, the patient was in complete clinical and radiological remission.
",EN100383,"<|im_start|>user Extract the entities contained in the text. Extract only entities contained in the text.
Return the result in a json format: [{""entity"":""entity_name""}]. <<Given the atypia, the mitotic index, and the Ki67 proliferation index, it is a high-grade large-cell neuroendocrine carcinoma.>>> <|im_end|><|im_start|>assistant[{""entity"": ""atypia""}, {""entity"": ""index""}, {""entity"": ""index""}, {""entity"": ""carcinoma""}, {""entity"": ""large-cell neuroendocrine carcinoma""}, {""entity"": ""large-cell""}] <|im_end|>","<|im_start|>user Extract the entities contained in the text. Extract only entities contained in the text.
Return the result in a json format: [{""entity"":""entity_name""}]. <<<We present a case of a 32-year-old woman with a history of gradual enlargement of the anterior neck.>>> <|im_end|><|im_start|>assistant [{""entity"": ""present""}, {""entity"": ""history""}, {""entity"": ""enlargement""}] <|im_end|>
<|im_start|>user Extract the entities contained in the text. Extract only entities contained in the text.
Return the result in a json format: [{""entity"":""entity_name""}]. <<<Patient information: a 9-month-old boy presented to the emergency room with a 3-day history of refusal to bear weight on the right lower extremity and febrile peaks of up to 38.5°C for 24 hours.>>> <|im_end|><|im_start|>assistant [{""entity"": ""presented""}, {""entity"": ""refusal""}, {""entity"": ""bear""}, {""entity"": ""peaks""}] <|im_end|>
<|im_start|>user Extract the entities contained in the text. Extract only entities contained in the text.
Return the result in a json format: [{""entity"":""entity_name""}]. <<Given the atypia, the mitotic index, and the Ki67 proliferation index, it is a high-grade large-cell neuroendocrine carcinoma.>>> <|im_end|><|im_start|>assistant","[{""entity"": ""atypia""}, {""entity"": ""index""}, {""entity"": ""index""}, {""entity"": ""carcinoma""}, {""entity"": ""large-cell neuroendocrine carcinoma""}, {""entity"": ""large-cell""}] ","[{""entity"": ""atypia""}, {""entity"": ""index""}, {""entity"": ""index""}, {""entity"": ""carcinoma"
"Extension assessment, comprising a PET SCAN, was negative.","[{'id': '7991', 'offsets': array([10, 20]), 'role': '', 'semantic_type_id': '', 'text': 'assessment', 'type': 'EVENT'}
 {'id': '8006', 'offsets': array([39, 43]), 'role': '', 'semantic_type_id': '', 'text': 'SCAN', 'type': 'EVENT'}
 {'id': '8410', 'offsets': array([49, 57]), 'role': '', 'semantic_type_id': '', 'text': 'negative', 'type': 'RML'}]","Mr F.B a 70-year-old male patient presented in our institution because of the occurrence of a right epistaxis. First of all, the patient is not smoking and reported an aneurysm of the abdominal aorta surgically treated by prosthesis under plavix. The beginning of the symptomatology goes back to 2 months before with right nasal obstruction of progressive onset, associated with right epistaxis and bloody rhinorrhea with right chronic eye watering. Nasal Endoscopy examination revealed a pinnkish burgeoning mass bleeding on contact and filling the right nostril vestibule. The patient didn't presents neurological signs nor cervical lymph nods. Otherwise, ophthalmologic examination found normal visual acuity and ocular mobility on both sides. Sinonasal computed tomography (CT) found a right nasal process enhanced after injection of contrast product with relatively little washing at the late time. Otherwise, there is no extension involvement at the level of the cavum and the pterygo palate fossa. This finding found also a crenate appearance of the posterior nasal mucosa especially of the middle turbinates and contralateral inferior turbinate with a left deviation of the nasal septum with nasal spur. Nasosinusal MRI shows a progressive increase in size of the tissue mass compared to the previously CT occupying the right nasal fossa on almost all of its height, measuring 4 × 2.8 × 3.5cm without extension within the cavum with probable invasion of the lower part of the nasolacrimal duct and mass effect on both the sinusonasal bone septum and the intersinusonasal septum. This finding shows ethmoidal sinus fluid retention. The appearance, even if it remains unspecific, is compatible with inverted papilloma. The patient underwent complete endoscopic removal of the tumor with ethmoidectomy and right maxillary antrostomy. The extemporaneous examination is in favor of a malignant tumor lesion. Histopathologic analysis shows a tumor proliferation made of polymorphic cells with major anisocytosis, most often located in lobules. There is sometimes a somewhat palisadic seat on the periphery of the tumor mass. The mitotic index is 10 mitoses per 10 high power fields. The immunohistochemical study of the tumor found that the cytokeratin KL1 and CK7 and the neuroendocrine marker Chromogranin A, synaptophysin and CD56 are positive. Proliferation index Ki67 is of the order of 80%. Otherwise there is an absence of expression of PS100, MelanA, HMB45, desmin, p40, CD45 and EBV.
The clear positivity of cytokeratins formally excludes the diagnosis of olfactory neuroblastoma and leads to neuroendocrine carcinoma. Given the atypia, the mitotic index, and the Ki67 proliferation index, it is a high-grade large-cell neuroendocrine carcinoma. Extension assessment, comprising a PET SCAN, was negative. Postoperative treatment consisted in adjuvant polychemotherapy, with six cycles (cisplatin and etoposide), Followed by loco regional external radiotherapy. After 6 month follow-up, the patient was in complete clinical and radiological remission.
",EN100383,"<|im_start|>user Extract the entities contained in the text. Extract only entities contained in the text.
Return the result in a json format: [{""entity"":""entity_name""}]. <<Extension assessment, comprising a PET SCAN, was negative.>>> <|im_end|><|im_start|>assistant[{""entity"": ""assessment""}, {""entity"": ""SCAN""}, {""entity"": ""negative""}] <|im_end|>","<|im_start|>user Extract the entities contained in the text. Extract only entities contained in the text.
Return the result in a json format: [{""entity"":""entity_name""}]. <<<We present a case of a 32-year-old woman with a history of gradual enlargement of the anterior neck.>>> <|im_end|><|im_start|>assistant [{""entity"": ""present""}, {""entity"": ""history""}, {""entity"": ""enlargement""}] <|im_end|>
<|im_start|>user Extract the entities contained in the text. Extract only entities contained in the text.
Return the result in a json format: [{""entity"":""entity_name""}]. <<<Patient information: a 9-month-old boy presented to the emergency room with a 3-day history of refusal to bear weight on the right lower extremity and febrile peaks of up to 38.5°C for 24 hours.>>> <|im_end|><|im_start|>assistant [{""entity"": ""presented""}, {""entity"": ""refusal""}, {""entity"": ""bear""}, {""entity"": ""peaks""}] <|im_end|>
<|im_start|>user Extract the entities contained in the text. Extract only entities contained in the text.
Return the result in a json format: [{""entity"":""entity_name""}]. <<Extension assessment, comprising a PET SCAN, was negative.>>> <|im_end|><|im_start|>assistant","[{""entity"": ""assessment""}, {""entity"": ""SCAN""}, {""entity"": ""negative""}] ","[{""entity"": ""assessment""}, {""entity"": ""SCAN""}, {""entity"": ""negative""}] <|im_end|><|im_end|><|im_end|><|im_end|><|im_end|><|im_end|><|im_end|>"
"Postoperative treatment consisted in adjuvant polychemotherapy, with six cycles (cisplatin and etoposide), Followed by loco regional external radiotherapy.","[{'id': '8021', 'offsets': array([14, 23]), 'role': '', 'semantic_type_id': '', 'text': 'treatment', 'type': 'EVENT'}
 {'id': '8036', 'offsets': array([46, 62]), 'role': '', 'semantic_type_id': '', 'text': 'polychemotherapy', 'type': 'EVENT'}
 {'id': '8051', 'offsets': array([73, 79]), 'role': '', 'semantic_type_id': '', 'text': 'cycles', 'type': 'EVENT'}
 {'id': '8066', 'offsets': array([142, 154]), 'role': '', 'semantic_type_id': '', 'text': 'radiotherapy', 'type': 'EVENT'}
 {'id': '8434', 'offsets': array([ 0, 13]), 'role': '', 'semantic_type_id': '', 'text': 'Postoperative', 'type': 'TIMEX3'}]","Mr F.B a 70-year-old male patient presented in our institution because of the occurrence of a right epistaxis. First of all, the patient is not smoking and reported an aneurysm of the abdominal aorta surgically treated by prosthesis under plavix. The beginning of the symptomatology goes back to 2 months before with right nasal obstruction of progressive onset, associated with right epistaxis and bloody rhinorrhea with right chronic eye watering. Nasal Endoscopy examination revealed a pinnkish burgeoning mass bleeding on contact and filling the right nostril vestibule. The patient didn't presents neurological signs nor cervical lymph nods. Otherwise, ophthalmologic examination found normal visual acuity and ocular mobility on both sides. Sinonasal computed tomography (CT) found a right nasal process enhanced after injection of contrast product with relatively little washing at the late time. Otherwise, there is no extension involvement at the level of the cavum and the pterygo palate fossa. This finding found also a crenate appearance of the posterior nasal mucosa especially of the middle turbinates and contralateral inferior turbinate with a left deviation of the nasal septum with nasal spur. Nasosinusal MRI shows a progressive increase in size of the tissue mass compared to the previously CT occupying the right nasal fossa on almost all of its height, measuring 4 × 2.8 × 3.5cm without extension within the cavum with probable invasion of the lower part of the nasolacrimal duct and mass effect on both the sinusonasal bone septum and the intersinusonasal septum. This finding shows ethmoidal sinus fluid retention. The appearance, even if it remains unspecific, is compatible with inverted papilloma. The patient underwent complete endoscopic removal of the tumor with ethmoidectomy and right maxillary antrostomy. The extemporaneous examination is in favor of a malignant tumor lesion. Histopathologic analysis shows a tumor proliferation made of polymorphic cells with major anisocytosis, most often located in lobules. There is sometimes a somewhat palisadic seat on the periphery of the tumor mass. The mitotic index is 10 mitoses per 10 high power fields. The immunohistochemical study of the tumor found that the cytokeratin KL1 and CK7 and the neuroendocrine marker Chromogranin A, synaptophysin and CD56 are positive. Proliferation index Ki67 is of the order of 80%. Otherwise there is an absence of expression of PS100, MelanA, HMB45, desmin, p40, CD45 and EBV.
The clear positivity of cytokeratins formally excludes the diagnosis of olfactory neuroblastoma and leads to neuroendocrine carcinoma. Given the atypia, the mitotic index, and the Ki67 proliferation index, it is a high-grade large-cell neuroendocrine carcinoma. Extension assessment, comprising a PET SCAN, was negative. Postoperative treatment consisted in adjuvant polychemotherapy, with six cycles (cisplatin and etoposide), Followed by loco regional external radiotherapy. After 6 month follow-up, the patient was in complete clinical and radiological remission.
",EN100383,"<|im_start|>user Extract the entities contained in the text. Extract only entities contained in the text.
Return the result in a json format: [{""entity"":""entity_name""}]. <<Postoperative treatment consisted in adjuvant polychemotherapy, with six cycles (cisplatin and etoposide), Followed by loco regional external radiotherapy.>>> <|im_end|><|im_start|>assistant[{""entity"": ""treatment""}, {""entity"": ""polychemotherapy""}, {""entity"": ""cycles""}, {""entity"": ""radiotherapy""}, {""entity"": ""Postoperative""}] <|im_end|>","<|im_start|>user Extract the entities contained in the text. Extract only entities contained in the text.
Return the result in a json format: [{""entity"":""entity_name""}]. <<<We present a case of a 32-year-old woman with a history of gradual enlargement of the anterior neck.>>> <|im_end|><|im_start|>assistant [{""entity"": ""present""}, {""entity"": ""history""}, {""entity"": ""enlargement""}] <|im_end|>
<|im_start|>user Extract the entities contained in the text. Extract only entities contained in the text.
Return the result in a json format: [{""entity"":""entity_name""}]. <<<Patient information: a 9-month-old boy presented to the emergency room with a 3-day history of refusal to bear weight on the right lower extremity and febrile peaks of up to 38.5°C for 24 hours.>>> <|im_end|><|im_start|>assistant [{""entity"": ""presented""}, {""entity"": ""refusal""}, {""entity"": ""bear""}, {""entity"": ""peaks""}] <|im_end|>
<|im_start|>user Extract the entities contained in the text. Extract only entities contained in the text.
Return the result in a json format: [{""entity"":""entity_name""}]. <<Postoperative treatment consisted in adjuvant polychemotherapy, with six cycles (cisplatin and etoposide), Followed by loco regional external radiotherapy.>>> <|im_end|><|im_start|>assistant","[{""entity"": ""treatment""}, {""entity"": ""polychemotherapy""}, {""entity"": ""cycles""}, {""entity"": ""radiotherapy""}, {""entity"": ""Postoperative""}] ","[{""entity"": ""treatment""}, {""entity"": ""chemotherapy""}, {""entity"": ""Followed""}, {""entity"": ""radiotherapy"
Mrs B.S. 28 years old multiparous that we had received 02 hours after a vaginal delivery of a newborn alive weighing 2750 grams in a peripheral maternity 3 km away.,"[{'id': '4713', 'offsets': array([46, 54]), 'role': '', 'semantic_type_id': '', 'text': 'received', 'type': 'EVENT'}
 {'id': '4728', 'offsets': array([80, 88]), 'role': '', 'semantic_type_id': '', 'text': 'delivery', 'type': 'EVENT'}
 {'id': '4743', 'offsets': array([108, 116]), 'role': '', 'semantic_type_id': '', 'text': 'weighing', 'type': 'EVENT'}
 {'id': '4571', 'offsets': array([ 0, 33]), 'role': 'PATIENT', 'semantic_type_id': '', 'text': 'Mrs B.S. 28 years old multiparous', 'type': 'ACTOR'}
 {'id': '4578', 'offsets': array([39, 41]), 'role': 'H-PROFESSIONAL', 'semantic_type_id': '', 'text': 'we', 'type': 'ACTOR'}
 {'id': '4585', 'offsets': array([ 92, 107]), 'role': 'OTHER', 'semantic_type_id': '', 'text': 'a newborn alive', 'type': 'ACTOR'}
 {'id': '4641', 'offsets': array([117, 127]), 'role': '', 'semantic_type_id': '', 'text': '2750 grams', 'type': 'RML'}
 {'id': '5660', 'offsets': array([55, 63]), 'role': '', 'semantic_type_id': '', 'text': '02 hours', 'type': 'TIMEX3'}]","Mrs B.S. 28 years old multiparous that we had received 02 hours after a vaginal delivery of a newborn alive weighing 2750 grams in a peripheral maternity 3 km away. It was referred for postpartum hemorrhage. His medical history was featureless.
On admission, she presented hypovolemic shock with blood pressure 76/44 mmHg, regular tachycardia at 136 beats per minute, polypnea to 39 cycles per minute. The obstetrical examination objectified an involuted uterus, an absence of vaginal and perineal cervical lesions, a fluid and red blood originating of endouterine. Furthermore, there was purpura. We therefore concluded a significant postpartum hemorrhage complicated by coagulopathy. Resuscitation measures were taken and an transfusion 1120 ml whole blood, red cell pellets 350 ml and 860 ml fresh frozen plasma have helped to management coagulopathy and anemia. Blood count at admission highlighted severe thrombocytopenia 23 0000 platelets and hemoglobin levels of 3.9 g/dl. The post natal care was also administered.
After seven days of hospitalization, she was going after an amendment to the clinical symptoms and normal laboratory tests. Twenty five days later, she returned to obstetric emergencies for significant bleeding with severe anemia with hemoglobin 9 g/dL without signs of hypovolemic shock. The gynecological examination was normal. The balance sheet of the coagulation was normal including prothrombin to 92% and a normal activated partial thromboplastin time. The treatments were based on oxytocin, tranexamic acid, etamsylate and strict regular monitoring. Transvaginal ultrasound coupled Doppler was normal. In the absence of arterial embolization, she was going with ambulatory monitoring. Two weeks later she presented again rebleeding requiring hospitalization resulting in a total hysterectomy after conditioning of the patient. Histological examination of the surgical specimen objectified in the cervix and uterine body the presence of arterial vessels proliferation homes large and small caliber associated with tissue hemorrhage. The postoperative course was simple.
",EN100340,"<|im_start|>user Extract the entities contained in the text. Extract only entities contained in the text.
Return the result in a json format: [{""entity"":""entity_name""}]. <<Mrs B.S. 28 years old multiparous that we had received 02 hours after a vaginal delivery of a newborn alive weighing 2750 grams in a peripheral maternity 3 km away.>>> <|im_end|><|im_start|>assistant[{""entity"": ""received""}, {""entity"": ""delivery""}, {""entity"": ""weighing""}, {""entity"": ""Mrs B.S. 28 years old multiparous""}, {""entity"": ""we""}, {""entity"": ""a newborn alive""}, {""entity"": ""2750 grams""}, {""entity"": ""02 hours""}] <|im_end|>","<|im_start|>user Extract the entities contained in the text. Extract only entities contained in the text.
Return the result in a json format: [{""entity"":""entity_name""}]. <<<We present a case of a 32-year-old woman with a history of gradual enlargement of the anterior neck.>>> <|im_end|><|im_start|>assistant [{""entity"": ""present""}, {""entity"": ""history""}, {""entity"": ""enlargement""}] <|im_end|>
<|im_start|>user Extract the entities contained in the text. Extract only entities contained in the text.
Return the result in a json format: [{""entity"":""entity_name""}]. <<<Patient information: a 9-month-old boy presented to the emergency room with a 3-day history of refusal to bear weight on the right lower extremity and febrile peaks of up to 38.5°C for 24 hours.>>> <|im_end|><|im_start|>assistant [{""entity"": ""presented""}, {""entity"": ""refusal""}, {""entity"": ""bear""}, {""entity"": ""peaks""}] <|im_end|>
<|im_start|>user Extract the entities contained in the text. Extract only entities contained in the text.
Return the result in a json format: [{""entity"":""entity_name""}]. <<Mrs B.S. 28 years old multiparous that we had received 02 hours after a vaginal delivery of a newborn alive weighing 2750 grams in a peripheral maternity 3 km away.>>> <|im_end|><|im_start|>assistant","[{""entity"": ""received""}, {""entity"": ""delivery""}, {""entity"": ""weighing""}, {""entity"": ""Mrs B.S. 28 years old multiparous""}, {""entity"": ""we""}, {""entity"": ""a newborn alive""}, {""entity"": ""2750 grams""}, {""entity"": ""02 hours""}] ","[{""entity"": ""B.S.""}, {""entity"": ""28 years old""}, {""entity"": ""multiparous""}, {""entity"
It was referred for postpartum hemorrhage.,"[{'id': '4758', 'offsets': array([ 7, 15]), 'role': '', 'semantic_type_id': '', 'text': 'referred', 'type': 'EVENT'}
 {'id': '4773', 'offsets': array([31, 41]), 'role': '', 'semantic_type_id': '', 'text': 'hemorrhage', 'type': 'EVENT'}
 {'id': '5935', 'offsets': array([20, 41]), 'role': '', 'semantic_type_id': 'C0032797', 'text': 'postpartum hemorrhage', 'type': 'CLINENTITY'}
 {'id': '5669', 'offsets': array([20, 30]), 'role': '', 'semantic_type_id': '', 'text': 'postpartum', 'type': 'TIMEX3'}]","Mrs B.S. 28 years old multiparous that we had received 02 hours after a vaginal delivery of a newborn alive weighing 2750 grams in a peripheral maternity 3 km away. It was referred for postpartum hemorrhage. His medical history was featureless.
On admission, she presented hypovolemic shock with blood pressure 76/44 mmHg, regular tachycardia at 136 beats per minute, polypnea to 39 cycles per minute. The obstetrical examination objectified an involuted uterus, an absence of vaginal and perineal cervical lesions, a fluid and red blood originating of endouterine. Furthermore, there was purpura. We therefore concluded a significant postpartum hemorrhage complicated by coagulopathy. Resuscitation measures were taken and an transfusion 1120 ml whole blood, red cell pellets 350 ml and 860 ml fresh frozen plasma have helped to management coagulopathy and anemia. Blood count at admission highlighted severe thrombocytopenia 23 0000 platelets and hemoglobin levels of 3.9 g/dl. The post natal care was also administered.
After seven days of hospitalization, she was going after an amendment to the clinical symptoms and normal laboratory tests. Twenty five days later, she returned to obstetric emergencies for significant bleeding with severe anemia with hemoglobin 9 g/dL without signs of hypovolemic shock. The gynecological examination was normal. The balance sheet of the coagulation was normal including prothrombin to 92% and a normal activated partial thromboplastin time. The treatments were based on oxytocin, tranexamic acid, etamsylate and strict regular monitoring. Transvaginal ultrasound coupled Doppler was normal. In the absence of arterial embolization, she was going with ambulatory monitoring. Two weeks later she presented again rebleeding requiring hospitalization resulting in a total hysterectomy after conditioning of the patient. Histological examination of the surgical specimen objectified in the cervix and uterine body the presence of arterial vessels proliferation homes large and small caliber associated with tissue hemorrhage. The postoperative course was simple.
",EN100340,"<|im_start|>user Extract the entities contained in the text. Extract only entities contained in the text.
Return the result in a json format: [{""entity"":""entity_name""}]. <<It was referred for postpartum hemorrhage.>>> <|im_end|><|im_start|>assistant[{""entity"": ""referred""}, {""entity"": ""hemorrhage""}, {""entity"": ""postpartum hemorrhage""}, {""entity"": ""postpartum""}] <|im_end|>","<|im_start|>user Extract the entities contained in the text. Extract only entities contained in the text.
Return the result in a json format: [{""entity"":""entity_name""}]. <<<We present a case of a 32-year-old woman with a history of gradual enlargement of the anterior neck.>>> <|im_end|><|im_start|>assistant [{""entity"": ""present""}, {""entity"": ""history""}, {""entity"": ""enlargement""}] <|im_end|>
<|im_start|>user Extract the entities contained in the text. Extract only entities contained in the text.
Return the result in a json format: [{""entity"":""entity_name""}]. <<<Patient information: a 9-month-old boy presented to the emergency room with a 3-day history of refusal to bear weight on the right lower extremity and febrile peaks of up to 38.5°C for 24 hours.>>> <|im_end|><|im_start|>assistant [{""entity"": ""presented""}, {""entity"": ""refusal""}, {""entity"": ""bear""}, {""entity"": ""peaks""}] <|im_end|>
<|im_start|>user Extract the entities contained in the text. Extract only entities contained in the text.
Return the result in a json format: [{""entity"":""entity_name""}]. <<It was referred for postpartum hemorrhage.>>> <|im_end|><|im_start|>assistant","[{""entity"": ""referred""}, {""entity"": ""hemorrhage""}, {""entity"": ""postpartum hemorrhage""}, {""entity"": ""postpartum""}] ","[{""entity"": ""referred""}, {""entity"": ""postpartum hemorrhage""}, {""entity"": ""postpartum""}] "
His medical history was featureless.,"[{'id': '4788', 'offsets': array([12, 19]), 'role': '', 'semantic_type_id': '', 'text': 'history', 'type': 'EVENT'}
 {'id': '4803', 'offsets': array([24, 35]), 'role': '', 'semantic_type_id': '', 'text': 'featureless', 'type': 'EVENT'}]","Mrs B.S. 28 years old multiparous that we had received 02 hours after a vaginal delivery of a newborn alive weighing 2750 grams in a peripheral maternity 3 km away. It was referred for postpartum hemorrhage. His medical history was featureless.
On admission, she presented hypovolemic shock with blood pressure 76/44 mmHg, regular tachycardia at 136 beats per minute, polypnea to 39 cycles per minute. The obstetrical examination objectified an involuted uterus, an absence of vaginal and perineal cervical lesions, a fluid and red blood originating of endouterine. Furthermore, there was purpura. We therefore concluded a significant postpartum hemorrhage complicated by coagulopathy. Resuscitation measures were taken and an transfusion 1120 ml whole blood, red cell pellets 350 ml and 860 ml fresh frozen plasma have helped to management coagulopathy and anemia. Blood count at admission highlighted severe thrombocytopenia 23 0000 platelets and hemoglobin levels of 3.9 g/dl. The post natal care was also administered.
After seven days of hospitalization, she was going after an amendment to the clinical symptoms and normal laboratory tests. Twenty five days later, she returned to obstetric emergencies for significant bleeding with severe anemia with hemoglobin 9 g/dL without signs of hypovolemic shock. The gynecological examination was normal. The balance sheet of the coagulation was normal including prothrombin to 92% and a normal activated partial thromboplastin time. The treatments were based on oxytocin, tranexamic acid, etamsylate and strict regular monitoring. Transvaginal ultrasound coupled Doppler was normal. In the absence of arterial embolization, she was going with ambulatory monitoring. Two weeks later she presented again rebleeding requiring hospitalization resulting in a total hysterectomy after conditioning of the patient. Histological examination of the surgical specimen objectified in the cervix and uterine body the presence of arterial vessels proliferation homes large and small caliber associated with tissue hemorrhage. The postoperative course was simple.
",EN100340,"<|im_start|>user Extract the entities contained in the text. Extract only entities contained in the text.
Return the result in a json format: [{""entity"":""entity_name""}]. <<His medical history was featureless.>>> <|im_end|><|im_start|>assistant[{""entity"": ""history""}, {""entity"": ""featureless""}] <|im_end|>","<|im_start|>user Extract the entities contained in the text. Extract only entities contained in the text.
Return the result in a json format: [{""entity"":""entity_name""}]. <<<We present a case of a 32-year-old woman with a history of gradual enlargement of the anterior neck.>>> <|im_end|><|im_start|>assistant [{""entity"": ""present""}, {""entity"": ""history""}, {""entity"": ""enlargement""}] <|im_end|>
<|im_start|>user Extract the entities contained in the text. Extract only entities contained in the text.
Return the result in a json format: [{""entity"":""entity_name""}]. <<<Patient information: a 9-month-old boy presented to the emergency room with a 3-day history of refusal to bear weight on the right lower extremity and febrile peaks of up to 38.5°C for 24 hours.>>> <|im_end|><|im_start|>assistant [{""entity"": ""presented""}, {""entity"": ""refusal""}, {""entity"": ""bear""}, {""entity"": ""peaks""}] <|im_end|>
<|im_start|>user Extract the entities contained in the text. Extract only entities contained in the text.
Return the result in a json format: [{""entity"":""entity_name""}]. <<His medical history was featureless.>>> <|im_end|><|im_start|>assistant","[{""entity"": ""history""}, {""entity"": ""featureless""}] ","[{""entity"": ""history""}, {""entity"": ""featureless""}] <|im_end|><|im_end|><|im_end|><|im_end|><|im_end|><|im_end|><|im_end|><|im_end|><|im_end|><|im_end|><|im_end|><|im_end|>"
"The obstetrical examination objectified an involuted uterus, an absence of vaginal and perineal cervical lesions, a fluid and red blood originating of endouterine.","[{'id': '4893', 'offsets': array([16, 27]), 'role': '', 'semantic_type_id': '', 'text': 'examination', 'type': 'EVENT'}
 {'id': '4908', 'offsets': array([28, 39]), 'role': '', 'semantic_type_id': '', 'text': 'objectified', 'type': 'EVENT'}
 {'id': '4923', 'offsets': array([105, 112]), 'role': '', 'semantic_type_id': '', 'text': 'lesions', 'type': 'EVENT'}
 {'id': '4938', 'offsets': array([136, 147]), 'role': '', 'semantic_type_id': '', 'text': 'originating', 'type': 'EVENT'}
 {'id': '5937', 'offsets': array([43, 59]), 'role': '', 'semantic_type_id': 'C0567168', 'text': 'involuted uterus', 'type': 'CLINENTITY'}
 {'id': '5738', 'offsets': array([40, 59]), 'role': '', 'semantic_type_id': '', 'text': 'an involuted uterus', 'type': 'BODYPART'}
 {'id': '5744', 'offsets': array([114, 135]), 'role': '', 'semantic_type_id': '', 'text': 'a fluid and red blood', 'type': 'BODYPART'}]","Mrs B.S. 28 years old multiparous that we had received 02 hours after a vaginal delivery of a newborn alive weighing 2750 grams in a peripheral maternity 3 km away. It was referred for postpartum hemorrhage. His medical history was featureless.
On admission, she presented hypovolemic shock with blood pressure 76/44 mmHg, regular tachycardia at 136 beats per minute, polypnea to 39 cycles per minute. The obstetrical examination objectified an involuted uterus, an absence of vaginal and perineal cervical lesions, a fluid and red blood originating of endouterine. Furthermore, there was purpura. We therefore concluded a significant postpartum hemorrhage complicated by coagulopathy. Resuscitation measures were taken and an transfusion 1120 ml whole blood, red cell pellets 350 ml and 860 ml fresh frozen plasma have helped to management coagulopathy and anemia. Blood count at admission highlighted severe thrombocytopenia 23 0000 platelets and hemoglobin levels of 3.9 g/dl. The post natal care was also administered.
After seven days of hospitalization, she was going after an amendment to the clinical symptoms and normal laboratory tests. Twenty five days later, she returned to obstetric emergencies for significant bleeding with severe anemia with hemoglobin 9 g/dL without signs of hypovolemic shock. The gynecological examination was normal. The balance sheet of the coagulation was normal including prothrombin to 92% and a normal activated partial thromboplastin time. The treatments were based on oxytocin, tranexamic acid, etamsylate and strict regular monitoring. Transvaginal ultrasound coupled Doppler was normal. In the absence of arterial embolization, she was going with ambulatory monitoring. Two weeks later she presented again rebleeding requiring hospitalization resulting in a total hysterectomy after conditioning of the patient. Histological examination of the surgical specimen objectified in the cervix and uterine body the presence of arterial vessels proliferation homes large and small caliber associated with tissue hemorrhage. The postoperative course was simple.
",EN100340,"<|im_start|>user Extract the entities contained in the text. Extract only entities contained in the text.
Return the result in a json format: [{""entity"":""entity_name""}]. <<The obstetrical examination objectified an involuted uterus, an absence of vaginal and perineal cervical lesions, a fluid and red blood originating of endouterine.>>> <|im_end|><|im_start|>assistant[{""entity"": ""examination""}, {""entity"": ""objectified""}, {""entity"": ""lesions""}, {""entity"": ""originating""}, {""entity"": ""involuted uterus""}, {""entity"": ""an involuted uterus""}, {""entity"": ""a fluid and red blood""}] <|im_end|>","<|im_start|>user Extract the entities contained in the text. Extract only entities contained in the text.
Return the result in a json format: [{""entity"":""entity_name""}]. <<<We present a case of a 32-year-old woman with a history of gradual enlargement of the anterior neck.>>> <|im_end|><|im_start|>assistant [{""entity"": ""present""}, {""entity"": ""history""}, {""entity"": ""enlargement""}] <|im_end|>
<|im_start|>user Extract the entities contained in the text. Extract only entities contained in the text.
Return the result in a json format: [{""entity"":""entity_name""}]. <<<Patient information: a 9-month-old boy presented to the emergency room with a 3-day history of refusal to bear weight on the right lower extremity and febrile peaks of up to 38.5°C for 24 hours.>>> <|im_end|><|im_start|>assistant [{""entity"": ""presented""}, {""entity"": ""refusal""}, {""entity"": ""bear""}, {""entity"": ""peaks""}] <|im_end|>
<|im_start|>user Extract the entities contained in the text. Extract only entities contained in the text.
Return the result in a json format: [{""entity"":""entity_name""}]. <<The obstetrical examination objectified an involuted uterus, an absence of vaginal and perineal cervical lesions, a fluid and red blood originating of endouterine.>>> <|im_end|><|im_start|>assistant","[{""entity"": ""examination""}, {""entity"": ""objectified""}, {""entity"": ""lesions""}, {""entity"": ""originating""}, {""entity"": ""involuted uterus""}, {""entity"": ""an involuted uterus""}, {""entity"": ""a fluid and red blood""}] ","[{""entity"": ""examination""}, {""entity"": ""objectified""}, {""entity"": ""uterus""}, {""entity"": ""lesions"
"Furthermore, there was purpura.","[{'id': '4953', 'offsets': array([23, 30]), 'role': '', 'semantic_type_id': '', 'text': 'purpura', 'type': 'EVENT'}]","Mrs B.S. 28 years old multiparous that we had received 02 hours after a vaginal delivery of a newborn alive weighing 2750 grams in a peripheral maternity 3 km away. It was referred for postpartum hemorrhage. His medical history was featureless.
On admission, she presented hypovolemic shock with blood pressure 76/44 mmHg, regular tachycardia at 136 beats per minute, polypnea to 39 cycles per minute. The obstetrical examination objectified an involuted uterus, an absence of vaginal and perineal cervical lesions, a fluid and red blood originating of endouterine. Furthermore, there was purpura. We therefore concluded a significant postpartum hemorrhage complicated by coagulopathy. Resuscitation measures were taken and an transfusion 1120 ml whole blood, red cell pellets 350 ml and 860 ml fresh frozen plasma have helped to management coagulopathy and anemia. Blood count at admission highlighted severe thrombocytopenia 23 0000 platelets and hemoglobin levels of 3.9 g/dl. The post natal care was also administered.
After seven days of hospitalization, she was going after an amendment to the clinical symptoms and normal laboratory tests. Twenty five days later, she returned to obstetric emergencies for significant bleeding with severe anemia with hemoglobin 9 g/dL without signs of hypovolemic shock. The gynecological examination was normal. The balance sheet of the coagulation was normal including prothrombin to 92% and a normal activated partial thromboplastin time. The treatments were based on oxytocin, tranexamic acid, etamsylate and strict regular monitoring. Transvaginal ultrasound coupled Doppler was normal. In the absence of arterial embolization, she was going with ambulatory monitoring. Two weeks later she presented again rebleeding requiring hospitalization resulting in a total hysterectomy after conditioning of the patient. Histological examination of the surgical specimen objectified in the cervix and uterine body the presence of arterial vessels proliferation homes large and small caliber associated with tissue hemorrhage. The postoperative course was simple.
",EN100340,"<|im_start|>user Extract the entities contained in the text. Extract only entities contained in the text.
Return the result in a json format: [{""entity"":""entity_name""}]. <<Furthermore, there was purpura.>>> <|im_end|><|im_start|>assistant[{""entity"": ""purpura""}] <|im_end|>","<|im_start|>user Extract the entities contained in the text. Extract only entities contained in the text.
Return the result in a json format: [{""entity"":""entity_name""}]. <<<We present a case of a 32-year-old woman with a history of gradual enlargement of the anterior neck.>>> <|im_end|><|im_start|>assistant [{""entity"": ""present""}, {""entity"": ""history""}, {""entity"": ""enlargement""}] <|im_end|>
<|im_start|>user Extract the entities contained in the text. Extract only entities contained in the text.
Return the result in a json format: [{""entity"":""entity_name""}]. <<<Patient information: a 9-month-old boy presented to the emergency room with a 3-day history of refusal to bear weight on the right lower extremity and febrile peaks of up to 38.5°C for 24 hours.>>> <|im_end|><|im_start|>assistant [{""entity"": ""presented""}, {""entity"": ""refusal""}, {""entity"": ""bear""}, {""entity"": ""peaks""}] <|im_end|>
<|im_start|>user Extract the entities contained in the text. Extract only entities contained in the text.
Return the result in a json format: [{""entity"":""entity_name""}]. <<Furthermore, there was purpura.>>> <|im_end|><|im_start|>assistant","[{""entity"": ""purpura""}] ","[{""entity"": ""purpura""}, {""entity"": ""purpura""}] <|im_end|><|im_end|><|im_end|><|im_end|><|im_end|><|im_end|><|im_end|><|im_end|><|im_end|>"
We therefore concluded a significant postpartum hemorrhage complicated by coagulopathy.,"[{'id': '4968', 'offsets': array([13, 22]), 'role': '', 'semantic_type_id': '', 'text': 'concluded', 'type': 'EVENT'}
 {'id': '4983', 'offsets': array([48, 58]), 'role': '', 'semantic_type_id': '', 'text': 'hemorrhage', 'type': 'EVENT'}
 {'id': '4998', 'offsets': array([59, 70]), 'role': '', 'semantic_type_id': '', 'text': 'complicated', 'type': 'EVENT'}
 {'id': '5015', 'offsets': array([74, 86]), 'role': '', 'semantic_type_id': '', 'text': 'coagulopathy', 'type': 'EVENT'}
 {'id': '5938', 'offsets': array([37, 58]), 'role': '', 'semantic_type_id': 'C0032797', 'text': 'postpartum hemorrhage', 'type': 'CLINENTITY'}
 {'id': '5939', 'offsets': array([74, 86]), 'role': '', 'semantic_type_id': 'C0005779', 'text': 'coagulopathy', 'type': 'CLINENTITY'}
 {'id': '4599', 'offsets': array([0, 2]), 'role': 'H-PROFESSIONAL', 'semantic_type_id': '', 'text': 'We', 'type': 'ACTOR'}
 {'id': '5678', 'offsets': array([37, 47]), 'role': '', 'semantic_type_id': '', 'text': 'postpartum', 'type': 'TIMEX3'}]","Mrs B.S. 28 years old multiparous that we had received 02 hours after a vaginal delivery of a newborn alive weighing 2750 grams in a peripheral maternity 3 km away. It was referred for postpartum hemorrhage. His medical history was featureless.
On admission, she presented hypovolemic shock with blood pressure 76/44 mmHg, regular tachycardia at 136 beats per minute, polypnea to 39 cycles per minute. The obstetrical examination objectified an involuted uterus, an absence of vaginal and perineal cervical lesions, a fluid and red blood originating of endouterine. Furthermore, there was purpura. We therefore concluded a significant postpartum hemorrhage complicated by coagulopathy. Resuscitation measures were taken and an transfusion 1120 ml whole blood, red cell pellets 350 ml and 860 ml fresh frozen plasma have helped to management coagulopathy and anemia. Blood count at admission highlighted severe thrombocytopenia 23 0000 platelets and hemoglobin levels of 3.9 g/dl. The post natal care was also administered.
After seven days of hospitalization, she was going after an amendment to the clinical symptoms and normal laboratory tests. Twenty five days later, she returned to obstetric emergencies for significant bleeding with severe anemia with hemoglobin 9 g/dL without signs of hypovolemic shock. The gynecological examination was normal. The balance sheet of the coagulation was normal including prothrombin to 92% and a normal activated partial thromboplastin time. The treatments were based on oxytocin, tranexamic acid, etamsylate and strict regular monitoring. Transvaginal ultrasound coupled Doppler was normal. In the absence of arterial embolization, she was going with ambulatory monitoring. Two weeks later she presented again rebleeding requiring hospitalization resulting in a total hysterectomy after conditioning of the patient. Histological examination of the surgical specimen objectified in the cervix and uterine body the presence of arterial vessels proliferation homes large and small caliber associated with tissue hemorrhage. The postoperative course was simple.
",EN100340,"<|im_start|>user Extract the entities contained in the text. Extract only entities contained in the text.
Return the result in a json format: [{""entity"":""entity_name""}]. <<We therefore concluded a significant postpartum hemorrhage complicated by coagulopathy.>>> <|im_end|><|im_start|>assistant[{""entity"": ""concluded""}, {""entity"": ""hemorrhage""}, {""entity"": ""complicated""}, {""entity"": ""coagulopathy""}, {""entity"": ""postpartum hemorrhage""}, {""entity"": ""coagulopathy""}, {""entity"": ""We""}, {""entity"": ""postpartum""}] <|im_end|>","<|im_start|>user Extract the entities contained in the text. Extract only entities contained in the text.
Return the result in a json format: [{""entity"":""entity_name""}]. <<<We present a case of a 32-year-old woman with a history of gradual enlargement of the anterior neck.>>> <|im_end|><|im_start|>assistant [{""entity"": ""present""}, {""entity"": ""history""}, {""entity"": ""enlargement""}] <|im_end|>
<|im_start|>user Extract the entities contained in the text. Extract only entities contained in the text.
Return the result in a json format: [{""entity"":""entity_name""}]. <<<Patient information: a 9-month-old boy presented to the emergency room with a 3-day history of refusal to bear weight on the right lower extremity and febrile peaks of up to 38.5°C for 24 hours.>>> <|im_end|><|im_start|>assistant [{""entity"": ""presented""}, {""entity"": ""refusal""}, {""entity"": ""bear""}, {""entity"": ""peaks""}] <|im_end|>
<|im_start|>user Extract the entities contained in the text. Extract only entities contained in the text.
Return the result in a json format: [{""entity"":""entity_name""}]. <<We therefore concluded a significant postpartum hemorrhage complicated by coagulopathy.>>> <|im_end|><|im_start|>assistant","[{""entity"": ""concluded""}, {""entity"": ""hemorrhage""}, {""entity"": ""complicated""}, {""entity"": ""coagulopathy""}, {""entity"": ""postpartum hemorrhage""}, {""entity"": ""coagulopathy""}, {""entity"": ""We""}, {""entity"": ""postpartum""}] ","[{""entity"": ""concluded""}, {""entity"": ""bleeding""}, {""entity"": ""coagulopathy""}, {""entity"": """
"Resuscitation measures were taken and an transfusion 1120 ml whole blood, red cell pellets 350 ml and 860 ml fresh frozen plasma have helped to management coagulopathy and anemia.","[{'id': '5030', 'offsets': array([14, 22]), 'role': '', 'semantic_type_id': '', 'text': 'measures', 'type': 'EVENT'}
 {'id': '5045', 'offsets': array([41, 52]), 'role': '', 'semantic_type_id': '', 'text': 'transfusion', 'type': 'EVENT'}
 {'id': '5060', 'offsets': array([134, 140]), 'role': '', 'semantic_type_id': '', 'text': 'helped', 'type': 'EVENT'}
 {'id': '5075', 'offsets': array([144, 154]), 'role': '', 'semantic_type_id': '', 'text': 'management', 'type': 'EVENT'}
 {'id': '5940', 'offsets': array([155, 167]), 'role': '', 'semantic_type_id': 'C0005779', 'text': 'coagulopathy', 'type': 'CLINENTITY'}
 {'id': '5941', 'offsets': array([172, 178]), 'role': '', 'semantic_type_id': 'C0002871', 'text': 'anemia', 'type': 'CLINENTITY'}
 {'id': '5750', 'offsets': array([61, 72]), 'role': '', 'semantic_type_id': '', 'text': 'whole blood', 'type': 'BODYPART'}
 {'id': '5756', 'offsets': array([74, 90]), 'role': '', 'semantic_type_id': '', 'text': 'red cell pellets', 'type': 'BODYPART'}
 {'id': '5762', 'offsets': array([109, 128]), 'role': '', 'semantic_type_id': '', 'text': 'fresh frozen plasma', 'type': 'BODYPART'}]","Mrs B.S. 28 years old multiparous that we had received 02 hours after a vaginal delivery of a newborn alive weighing 2750 grams in a peripheral maternity 3 km away. It was referred for postpartum hemorrhage. His medical history was featureless.
On admission, she presented hypovolemic shock with blood pressure 76/44 mmHg, regular tachycardia at 136 beats per minute, polypnea to 39 cycles per minute. The obstetrical examination objectified an involuted uterus, an absence of vaginal and perineal cervical lesions, a fluid and red blood originating of endouterine. Furthermore, there was purpura. We therefore concluded a significant postpartum hemorrhage complicated by coagulopathy. Resuscitation measures were taken and an transfusion 1120 ml whole blood, red cell pellets 350 ml and 860 ml fresh frozen plasma have helped to management coagulopathy and anemia. Blood count at admission highlighted severe thrombocytopenia 23 0000 platelets and hemoglobin levels of 3.9 g/dl. The post natal care was also administered.
After seven days of hospitalization, she was going after an amendment to the clinical symptoms and normal laboratory tests. Twenty five days later, she returned to obstetric emergencies for significant bleeding with severe anemia with hemoglobin 9 g/dL without signs of hypovolemic shock. The gynecological examination was normal. The balance sheet of the coagulation was normal including prothrombin to 92% and a normal activated partial thromboplastin time. The treatments were based on oxytocin, tranexamic acid, etamsylate and strict regular monitoring. Transvaginal ultrasound coupled Doppler was normal. In the absence of arterial embolization, she was going with ambulatory monitoring. Two weeks later she presented again rebleeding requiring hospitalization resulting in a total hysterectomy after conditioning of the patient. Histological examination of the surgical specimen objectified in the cervix and uterine body the presence of arterial vessels proliferation homes large and small caliber associated with tissue hemorrhage. The postoperative course was simple.
",EN100340,"<|im_start|>user Extract the entities contained in the text. Extract only entities contained in the text.
Return the result in a json format: [{""entity"":""entity_name""}]. <<Resuscitation measures were taken and an transfusion 1120 ml whole blood, red cell pellets 350 ml and 860 ml fresh frozen plasma have helped to management coagulopathy and anemia.>>> <|im_end|><|im_start|>assistant[{""entity"": ""measures""}, {""entity"": ""transfusion""}, {""entity"": ""helped""}, {""entity"": ""management""}, {""entity"": ""coagulopathy""}, {""entity"": ""anemia""}, {""entity"": ""whole blood""}, {""entity"": ""red cell pellets""}, {""entity"": ""fresh frozen plasma""}] <|im_end|>","<|im_start|>user Extract the entities contained in the text. Extract only entities contained in the text.
Return the result in a json format: [{""entity"":""entity_name""}]. <<<We present a case of a 32-year-old woman with a history of gradual enlargement of the anterior neck.>>> <|im_end|><|im_start|>assistant [{""entity"": ""present""}, {""entity"": ""history""}, {""entity"": ""enlargement""}] <|im_end|>
<|im_start|>user Extract the entities contained in the text. Extract only entities contained in the text.
Return the result in a json format: [{""entity"":""entity_name""}]. <<<Patient information: a 9-month-old boy presented to the emergency room with a 3-day history of refusal to bear weight on the right lower extremity and febrile peaks of up to 38.5°C for 24 hours.>>> <|im_end|><|im_start|>assistant [{""entity"": ""presented""}, {""entity"": ""refusal""}, {""entity"": ""bear""}, {""entity"": ""peaks""}] <|im_end|>
<|im_start|>user Extract the entities contained in the text. Extract only entities contained in the text.
Return the result in a json format: [{""entity"":""entity_name""}]. <<Resuscitation measures were taken and an transfusion 1120 ml whole blood, red cell pellets 350 ml and 860 ml fresh frozen plasma have helped to management coagulopathy and anemia.>>> <|im_end|><|im_start|>assistant","[{""entity"": ""measures""}, {""entity"": ""transfusion""}, {""entity"": ""helped""}, {""entity"": ""management""}, {""entity"": ""coagulopathy""}, {""entity"": ""anemia""}, {""entity"": ""whole blood""}, {""entity"": ""red cell pellets""}, {""entity"": ""fresh frozen plasma""}] ","[{""entity"": ""measures""}, {""entity"": ""transfusion""}, {""entity"": ""pellets""}, {""entity"": ""plasma"
Blood count at admission highlighted severe thrombocytopenia 23 0000 platelets and hemoglobin levels of 3.9 g/dl.,"[{'id': '5090', 'offsets': array([ 6, 11]), 'role': '', 'semantic_type_id': '', 'text': 'count', 'type': 'EVENT'}
 {'id': '5105', 'offsets': array([15, 24]), 'role': '', 'semantic_type_id': '', 'text': 'admission', 'type': 'EVENT'}
 {'id': '5120', 'offsets': array([25, 36]), 'role': '', 'semantic_type_id': '', 'text': 'highlighted', 'type': 'EVENT'}
 {'id': '5135', 'offsets': array([44, 60]), 'role': '', 'semantic_type_id': '', 'text': 'thrombocytopenia', 'type': 'EVENT'}
 {'id': '5150', 'offsets': array([ 94, 100]), 'role': '', 'semantic_type_id': '', 'text': 'levels', 'type': 'EVENT'}
 {'id': '5942', 'offsets': array([37, 60]), 'role': '', 'semantic_type_id': 'C1858310', 'text': 'severe thrombocytopenia', 'type': 'CLINENTITY'}
 {'id': '5768', 'offsets': array([0, 5]), 'role': '', 'semantic_type_id': '', 'text': 'Blood', 'type': 'BODYPART'}
 {'id': '5774', 'offsets': array([61, 78]), 'role': '', 'semantic_type_id': '', 'text': '23 0000 platelets', 'type': 'BODYPART'}
 {'id': '4665', 'offsets': array([104, 112]), 'role': '', 'semantic_type_id': '', 'text': '3.9 g/dl', 'type': 'RML'}]","Mrs B.S. 28 years old multiparous that we had received 02 hours after a vaginal delivery of a newborn alive weighing 2750 grams in a peripheral maternity 3 km away. It was referred for postpartum hemorrhage. His medical history was featureless.
On admission, she presented hypovolemic shock with blood pressure 76/44 mmHg, regular tachycardia at 136 beats per minute, polypnea to 39 cycles per minute. The obstetrical examination objectified an involuted uterus, an absence of vaginal and perineal cervical lesions, a fluid and red blood originating of endouterine. Furthermore, there was purpura. We therefore concluded a significant postpartum hemorrhage complicated by coagulopathy. Resuscitation measures were taken and an transfusion 1120 ml whole blood, red cell pellets 350 ml and 860 ml fresh frozen plasma have helped to management coagulopathy and anemia. Blood count at admission highlighted severe thrombocytopenia 23 0000 platelets and hemoglobin levels of 3.9 g/dl. The post natal care was also administered.
After seven days of hospitalization, she was going after an amendment to the clinical symptoms and normal laboratory tests. Twenty five days later, she returned to obstetric emergencies for significant bleeding with severe anemia with hemoglobin 9 g/dL without signs of hypovolemic shock. The gynecological examination was normal. The balance sheet of the coagulation was normal including prothrombin to 92% and a normal activated partial thromboplastin time. The treatments were based on oxytocin, tranexamic acid, etamsylate and strict regular monitoring. Transvaginal ultrasound coupled Doppler was normal. In the absence of arterial embolization, she was going with ambulatory monitoring. Two weeks later she presented again rebleeding requiring hospitalization resulting in a total hysterectomy after conditioning of the patient. Histological examination of the surgical specimen objectified in the cervix and uterine body the presence of arterial vessels proliferation homes large and small caliber associated with tissue hemorrhage. The postoperative course was simple.
",EN100340,"<|im_start|>user Extract the entities contained in the text. Extract only entities contained in the text.
Return the result in a json format: [{""entity"":""entity_name""}]. <<Blood count at admission highlighted severe thrombocytopenia 23 0000 platelets and hemoglobin levels of 3.9 g/dl.>>> <|im_end|><|im_start|>assistant[{""entity"": ""count""}, {""entity"": ""admission""}, {""entity"": ""highlighted""}, {""entity"": ""thrombocytopenia""}, {""entity"": ""levels""}, {""entity"": ""severe thrombocytopenia""}, {""entity"": ""Blood""}, {""entity"": ""23 0000 platelets""}, {""entity"": ""3.9 g/dl""}] <|im_end|>","<|im_start|>user Extract the entities contained in the text. Extract only entities contained in the text.
Return the result in a json format: [{""entity"":""entity_name""}]. <<<We present a case of a 32-year-old woman with a history of gradual enlargement of the anterior neck.>>> <|im_end|><|im_start|>assistant [{""entity"": ""present""}, {""entity"": ""history""}, {""entity"": ""enlargement""}] <|im_end|>
<|im_start|>user Extract the entities contained in the text. Extract only entities contained in the text.
Return the result in a json format: [{""entity"":""entity_name""}]. <<<Patient information: a 9-month-old boy presented to the emergency room with a 3-day history of refusal to bear weight on the right lower extremity and febrile peaks of up to 38.5°C for 24 hours.>>> <|im_end|><|im_start|>assistant [{""entity"": ""presented""}, {""entity"": ""refusal""}, {""entity"": ""bear""}, {""entity"": ""peaks""}] <|im_end|>
<|im_start|>user Extract the entities contained in the text. Extract only entities contained in the text.
Return the result in a json format: [{""entity"":""entity_name""}]. <<Blood count at admission highlighted severe thrombocytopenia 23 0000 platelets and hemoglobin levels of 3.9 g/dl.>>> <|im_end|><|im_start|>assistant","[{""entity"": ""count""}, {""entity"": ""admission""}, {""entity"": ""highlighted""}, {""entity"": ""thrombocytopenia""}, {""entity"": ""levels""}, {""entity"": ""severe thrombocytopenia""}, {""entity"": ""Blood""}, {""entity"": ""23 0000 platelets""}, {""entity"": ""3.9 g/dl""}] ","[{""entity"": ""count""}, {""entity"": ""admission""}, {""entity"": ""highlighted""}, {""entity"": ""thromb"
The post natal care was also administered.,"[{'id': '5165', 'offsets': array([15, 19]), 'role': '', 'semantic_type_id': '', 'text': 'care', 'type': 'EVENT'}
 {'id': '5687', 'offsets': array([ 4, 14]), 'role': '', 'semantic_type_id': '', 'text': 'post natal', 'type': 'TIMEX3'}]","Mrs B.S. 28 years old multiparous that we had received 02 hours after a vaginal delivery of a newborn alive weighing 2750 grams in a peripheral maternity 3 km away. It was referred for postpartum hemorrhage. His medical history was featureless.
On admission, she presented hypovolemic shock with blood pressure 76/44 mmHg, regular tachycardia at 136 beats per minute, polypnea to 39 cycles per minute. The obstetrical examination objectified an involuted uterus, an absence of vaginal and perineal cervical lesions, a fluid and red blood originating of endouterine. Furthermore, there was purpura. We therefore concluded a significant postpartum hemorrhage complicated by coagulopathy. Resuscitation measures were taken and an transfusion 1120 ml whole blood, red cell pellets 350 ml and 860 ml fresh frozen plasma have helped to management coagulopathy and anemia. Blood count at admission highlighted severe thrombocytopenia 23 0000 platelets and hemoglobin levels of 3.9 g/dl. The post natal care was also administered.
After seven days of hospitalization, she was going after an amendment to the clinical symptoms and normal laboratory tests. Twenty five days later, she returned to obstetric emergencies for significant bleeding with severe anemia with hemoglobin 9 g/dL without signs of hypovolemic shock. The gynecological examination was normal. The balance sheet of the coagulation was normal including prothrombin to 92% and a normal activated partial thromboplastin time. The treatments were based on oxytocin, tranexamic acid, etamsylate and strict regular monitoring. Transvaginal ultrasound coupled Doppler was normal. In the absence of arterial embolization, she was going with ambulatory monitoring. Two weeks later she presented again rebleeding requiring hospitalization resulting in a total hysterectomy after conditioning of the patient. Histological examination of the surgical specimen objectified in the cervix and uterine body the presence of arterial vessels proliferation homes large and small caliber associated with tissue hemorrhage. The postoperative course was simple.
",EN100340,"<|im_start|>user Extract the entities contained in the text. Extract only entities contained in the text.
Return the result in a json format: [{""entity"":""entity_name""}]. <<The post natal care was also administered.>>> <|im_end|><|im_start|>assistant[{""entity"": ""care""}, {""entity"": ""post natal""}] <|im_end|>","<|im_start|>user Extract the entities contained in the text. Extract only entities contained in the text.
Return the result in a json format: [{""entity"":""entity_name""}]. <<<We present a case of a 32-year-old woman with a history of gradual enlargement of the anterior neck.>>> <|im_end|><|im_start|>assistant [{""entity"": ""present""}, {""entity"": ""history""}, {""entity"": ""enlargement""}] <|im_end|>
<|im_start|>user Extract the entities contained in the text. Extract only entities contained in the text.
Return the result in a json format: [{""entity"":""entity_name""}]. <<<Patient information: a 9-month-old boy presented to the emergency room with a 3-day history of refusal to bear weight on the right lower extremity and febrile peaks of up to 38.5°C for 24 hours.>>> <|im_end|><|im_start|>assistant [{""entity"": ""presented""}, {""entity"": ""refusal""}, {""entity"": ""bear""}, {""entity"": ""peaks""}] <|im_end|>
<|im_start|>user Extract the entities contained in the text. Extract only entities contained in the text.
Return the result in a json format: [{""entity"":""entity_name""}]. <<The post natal care was also administered.>>> <|im_end|><|im_start|>assistant","[{""entity"": ""care""}, {""entity"": ""post natal""}] ","[{""entity"": ""care""}, {""entity"": ""administered""}] <|im_end|><|im_end|><|im_end|><|im_end|><|im_end|><|im_end|><|im_end|><|im_end|><|im_end|><|im_end|><|im_end|>"
"After seven days of hospitalization, she was going after an amendment to the clinical symptoms and normal laboratory tests.","[{'id': '5180', 'offsets': array([20, 35]), 'role': '', 'semantic_type_id': '', 'text': 'hospitalization', 'type': 'EVENT'}
 {'id': '5195', 'offsets': array([45, 50]), 'role': '', 'semantic_type_id': '', 'text': 'going', 'type': 'EVENT'}
 {'id': '5214', 'offsets': array([60, 69]), 'role': '', 'semantic_type_id': '', 'text': 'amendment', 'type': 'EVENT'}
 {'id': '5231', 'offsets': array([117, 122]), 'role': '', 'semantic_type_id': '', 'text': 'tests', 'type': 'EVENT'}
 {'id': '4606', 'offsets': array([37, 40]), 'role': 'PATIENT', 'semantic_type_id': '', 'text': 'she', 'type': 'ACTOR'}
 {'id': '5696', 'offsets': array([ 6, 16]), 'role': '', 'semantic_type_id': '', 'text': 'seven days', 'type': 'TIMEX3'}]","Mrs B.S. 28 years old multiparous that we had received 02 hours after a vaginal delivery of a newborn alive weighing 2750 grams in a peripheral maternity 3 km away. It was referred for postpartum hemorrhage. His medical history was featureless.
On admission, she presented hypovolemic shock with blood pressure 76/44 mmHg, regular tachycardia at 136 beats per minute, polypnea to 39 cycles per minute. The obstetrical examination objectified an involuted uterus, an absence of vaginal and perineal cervical lesions, a fluid and red blood originating of endouterine. Furthermore, there was purpura. We therefore concluded a significant postpartum hemorrhage complicated by coagulopathy. Resuscitation measures were taken and an transfusion 1120 ml whole blood, red cell pellets 350 ml and 860 ml fresh frozen plasma have helped to management coagulopathy and anemia. Blood count at admission highlighted severe thrombocytopenia 23 0000 platelets and hemoglobin levels of 3.9 g/dl. The post natal care was also administered.
After seven days of hospitalization, she was going after an amendment to the clinical symptoms and normal laboratory tests. Twenty five days later, she returned to obstetric emergencies for significant bleeding with severe anemia with hemoglobin 9 g/dL without signs of hypovolemic shock. The gynecological examination was normal. The balance sheet of the coagulation was normal including prothrombin to 92% and a normal activated partial thromboplastin time. The treatments were based on oxytocin, tranexamic acid, etamsylate and strict regular monitoring. Transvaginal ultrasound coupled Doppler was normal. In the absence of arterial embolization, she was going with ambulatory monitoring. Two weeks later she presented again rebleeding requiring hospitalization resulting in a total hysterectomy after conditioning of the patient. Histological examination of the surgical specimen objectified in the cervix and uterine body the presence of arterial vessels proliferation homes large and small caliber associated with tissue hemorrhage. The postoperative course was simple.
",EN100340,"<|im_start|>user Extract the entities contained in the text. Extract only entities contained in the text.
Return the result in a json format: [{""entity"":""entity_name""}]. <<After seven days of hospitalization, she was going after an amendment to the clinical symptoms and normal laboratory tests.>>> <|im_end|><|im_start|>assistant[{""entity"": ""hospitalization""}, {""entity"": ""going""}, {""entity"": ""amendment""}, {""entity"": ""tests""}, {""entity"": ""she""}, {""entity"": ""seven days""}] <|im_end|>","<|im_start|>user Extract the entities contained in the text. Extract only entities contained in the text.
Return the result in a json format: [{""entity"":""entity_name""}]. <<<We present a case of a 32-year-old woman with a history of gradual enlargement of the anterior neck.>>> <|im_end|><|im_start|>assistant [{""entity"": ""present""}, {""entity"": ""history""}, {""entity"": ""enlargement""}] <|im_end|>
<|im_start|>user Extract the entities contained in the text. Extract only entities contained in the text.
Return the result in a json format: [{""entity"":""entity_name""}]. <<<Patient information: a 9-month-old boy presented to the emergency room with a 3-day history of refusal to bear weight on the right lower extremity and febrile peaks of up to 38.5°C for 24 hours.>>> <|im_end|><|im_start|>assistant [{""entity"": ""presented""}, {""entity"": ""refusal""}, {""entity"": ""bear""}, {""entity"": ""peaks""}] <|im_end|>
<|im_start|>user Extract the entities contained in the text. Extract only entities contained in the text.
Return the result in a json format: [{""entity"":""entity_name""}]. <<After seven days of hospitalization, she was going after an amendment to the clinical symptoms and normal laboratory tests.>>> <|im_end|><|im_start|>assistant","[{""entity"": ""hospitalization""}, {""entity"": ""going""}, {""entity"": ""amendment""}, {""entity"": ""tests""}, {""entity"": ""she""}, {""entity"": ""seven days""}] ","[{""entity"": ""hospitalization""}, {""entity"": ""amendment""}, {""entity"": ""symptoms""}, {""entity"": ""tests""},"
"Twenty five days later, she returned to obstetric emergencies for significant bleeding with severe anemia with hemoglobin 9 g/dL without signs of hypovolemic shock.","[{'id': '5250', 'offsets': array([28, 36]), 'role': '', 'semantic_type_id': '', 'text': 'returned', 'type': 'EVENT'}
 {'id': '5267', 'offsets': array([78, 86]), 'role': '', 'semantic_type_id': '', 'text': 'bleeding', 'type': 'EVENT'}
 {'id': '5282', 'offsets': array([ 99, 105]), 'role': '', 'semantic_type_id': '', 'text': 'anemia', 'type': 'EVENT'}
 {'id': '5297', 'offsets': array([111, 121]), 'role': '', 'semantic_type_id': '', 'text': 'hemoglobin', 'type': 'EVENT'}
 {'id': '5316', 'offsets': array([137, 142]), 'role': '', 'semantic_type_id': '', 'text': 'signs', 'type': 'EVENT'}
 {'id': '5335', 'offsets': array([158, 163]), 'role': '', 'semantic_type_id': '', 'text': 'shock', 'type': 'EVENT'}
 {'id': '5943', 'offsets': array([78, 86]), 'role': '', 'semantic_type_id': 'C0019080', 'text': 'bleeding', 'type': 'CLINENTITY'}
 {'id': '5944', 'offsets': array([ 92, 105]), 'role': '', 'semantic_type_id': 'C0238644', 'text': 'severe anemia', 'type': 'CLINENTITY'}
 {'id': '5945', 'offsets': array([146, 163]), 'role': '', 'semantic_type_id': 'C0020683', 'text': 'hypovolemic shock', 'type': 'CLINENTITY'}
 {'id': '4613', 'offsets': array([24, 27]), 'role': 'PATIENT', 'semantic_type_id': '', 'text': 'she', 'type': 'ACTOR'}
 {'id': '4671', 'offsets': array([122, 128]), 'role': '', 'semantic_type_id': '', 'text': '9 g/dL', 'type': 'RML'}
 {'id': '5705', 'offsets': array([ 0, 22]), 'role': '', 'semantic_type_id': '', 'text': 'Twenty five days later', 'type': 'TIMEX3'}]","Mrs B.S. 28 years old multiparous that we had received 02 hours after a vaginal delivery of a newborn alive weighing 2750 grams in a peripheral maternity 3 km away. It was referred for postpartum hemorrhage. His medical history was featureless.
On admission, she presented hypovolemic shock with blood pressure 76/44 mmHg, regular tachycardia at 136 beats per minute, polypnea to 39 cycles per minute. The obstetrical examination objectified an involuted uterus, an absence of vaginal and perineal cervical lesions, a fluid and red blood originating of endouterine. Furthermore, there was purpura. We therefore concluded a significant postpartum hemorrhage complicated by coagulopathy. Resuscitation measures were taken and an transfusion 1120 ml whole blood, red cell pellets 350 ml and 860 ml fresh frozen plasma have helped to management coagulopathy and anemia. Blood count at admission highlighted severe thrombocytopenia 23 0000 platelets and hemoglobin levels of 3.9 g/dl. The post natal care was also administered.
After seven days of hospitalization, she was going after an amendment to the clinical symptoms and normal laboratory tests. Twenty five days later, she returned to obstetric emergencies for significant bleeding with severe anemia with hemoglobin 9 g/dL without signs of hypovolemic shock. The gynecological examination was normal. The balance sheet of the coagulation was normal including prothrombin to 92% and a normal activated partial thromboplastin time. The treatments were based on oxytocin, tranexamic acid, etamsylate and strict regular monitoring. Transvaginal ultrasound coupled Doppler was normal. In the absence of arterial embolization, she was going with ambulatory monitoring. Two weeks later she presented again rebleeding requiring hospitalization resulting in a total hysterectomy after conditioning of the patient. Histological examination of the surgical specimen objectified in the cervix and uterine body the presence of arterial vessels proliferation homes large and small caliber associated with tissue hemorrhage. The postoperative course was simple.
",EN100340,"<|im_start|>user Extract the entities contained in the text. Extract only entities contained in the text.
Return the result in a json format: [{""entity"":""entity_name""}]. <<Twenty five days later, she returned to obstetric emergencies for significant bleeding with severe anemia with hemoglobin 9 g/dL without signs of hypovolemic shock.>>> <|im_end|><|im_start|>assistant[{""entity"": ""returned""}, {""entity"": ""bleeding""}, {""entity"": ""anemia""}, {""entity"": ""hemoglobin""}, {""entity"": ""signs""}, {""entity"": ""shock""}, {""entity"": ""bleeding""}, {""entity"": ""severe anemia""}, {""entity"": ""hypovolemic shock""}, {""entity"": ""she""}, {""entity"": ""9 g/dL""}, {""entity"": ""Twenty five days later""}] <|im_end|>","<|im_start|>user Extract the entities contained in the text. Extract only entities contained in the text.
Return the result in a json format: [{""entity"":""entity_name""}]. <<<We present a case of a 32-year-old woman with a history of gradual enlargement of the anterior neck.>>> <|im_end|><|im_start|>assistant [{""entity"": ""present""}, {""entity"": ""history""}, {""entity"": ""enlargement""}] <|im_end|>
<|im_start|>user Extract the entities contained in the text. Extract only entities contained in the text.
Return the result in a json format: [{""entity"":""entity_name""}]. <<<Patient information: a 9-month-old boy presented to the emergency room with a 3-day history of refusal to bear weight on the right lower extremity and febrile peaks of up to 38.5°C for 24 hours.>>> <|im_end|><|im_start|>assistant [{""entity"": ""presented""}, {""entity"": ""refusal""}, {""entity"": ""bear""}, {""entity"": ""peaks""}] <|im_end|>
<|im_start|>user Extract the entities contained in the text. Extract only entities contained in the text.
Return the result in a json format: [{""entity"":""entity_name""}]. <<Twenty five days later, she returned to obstetric emergencies for significant bleeding with severe anemia with hemoglobin 9 g/dL without signs of hypovolemic shock.>>> <|im_end|><|im_start|>assistant","[{""entity"": ""returned""}, {""entity"": ""bleeding""}, {""entity"": ""anemia""}, {""entity"": ""hemoglobin""}, {""entity"": ""signs""}, {""entity"": ""shock""}, {""entity"": ""bleeding""}, {""entity"": ""severe anemia""}, {""entity"": ""hypovolemic shock""}, {""entity"": ""she""}, {""entity"": ""9 g/dL""}, {""entity"": ""Twenty five days later""}] ","[{""entity"": ""she""}, {""entity"": ""bleeding""}, {""entity"": ""anemia""}, {""entity"": ""hypovole"
The gynecological examination was normal.,"[{'id': '5354', 'offsets': array([18, 29]), 'role': '', 'semantic_type_id': '', 'text': 'examination', 'type': 'EVENT'}
 {'id': '4680', 'offsets': array([34, 40]), 'role': '', 'semantic_type_id': '', 'text': 'normal', 'type': 'RML'}]","Mrs B.S. 28 years old multiparous that we had received 02 hours after a vaginal delivery of a newborn alive weighing 2750 grams in a peripheral maternity 3 km away. It was referred for postpartum hemorrhage. His medical history was featureless.
On admission, she presented hypovolemic shock with blood pressure 76/44 mmHg, regular tachycardia at 136 beats per minute, polypnea to 39 cycles per minute. The obstetrical examination objectified an involuted uterus, an absence of vaginal and perineal cervical lesions, a fluid and red blood originating of endouterine. Furthermore, there was purpura. We therefore concluded a significant postpartum hemorrhage complicated by coagulopathy. Resuscitation measures were taken and an transfusion 1120 ml whole blood, red cell pellets 350 ml and 860 ml fresh frozen plasma have helped to management coagulopathy and anemia. Blood count at admission highlighted severe thrombocytopenia 23 0000 platelets and hemoglobin levels of 3.9 g/dl. The post natal care was also administered.
After seven days of hospitalization, she was going after an amendment to the clinical symptoms and normal laboratory tests. Twenty five days later, she returned to obstetric emergencies for significant bleeding with severe anemia with hemoglobin 9 g/dL without signs of hypovolemic shock. The gynecological examination was normal. The balance sheet of the coagulation was normal including prothrombin to 92% and a normal activated partial thromboplastin time. The treatments were based on oxytocin, tranexamic acid, etamsylate and strict regular monitoring. Transvaginal ultrasound coupled Doppler was normal. In the absence of arterial embolization, she was going with ambulatory monitoring. Two weeks later she presented again rebleeding requiring hospitalization resulting in a total hysterectomy after conditioning of the patient. Histological examination of the surgical specimen objectified in the cervix and uterine body the presence of arterial vessels proliferation homes large and small caliber associated with tissue hemorrhage. The postoperative course was simple.
",EN100340,"<|im_start|>user Extract the entities contained in the text. Extract only entities contained in the text.
Return the result in a json format: [{""entity"":""entity_name""}]. <<The gynecological examination was normal.>>> <|im_end|><|im_start|>assistant[{""entity"": ""examination""}, {""entity"": ""normal""}] <|im_end|>","<|im_start|>user Extract the entities contained in the text. Extract only entities contained in the text.
Return the result in a json format: [{""entity"":""entity_name""}]. <<<We present a case of a 32-year-old woman with a history of gradual enlargement of the anterior neck.>>> <|im_end|><|im_start|>assistant [{""entity"": ""present""}, {""entity"": ""history""}, {""entity"": ""enlargement""}] <|im_end|>
<|im_start|>user Extract the entities contained in the text. Extract only entities contained in the text.
Return the result in a json format: [{""entity"":""entity_name""}]. <<<Patient information: a 9-month-old boy presented to the emergency room with a 3-day history of refusal to bear weight on the right lower extremity and febrile peaks of up to 38.5°C for 24 hours.>>> <|im_end|><|im_start|>assistant [{""entity"": ""presented""}, {""entity"": ""refusal""}, {""entity"": ""bear""}, {""entity"": ""peaks""}] <|im_end|>
<|im_start|>user Extract the entities contained in the text. Extract only entities contained in the text.
Return the result in a json format: [{""entity"":""entity_name""}]. <<The gynecological examination was normal.>>> <|im_end|><|im_start|>assistant","[{""entity"": ""examination""}, {""entity"": ""normal""}] ","[{""entity"": ""examination""}] <|im_end|><|im_end|><|im_end|><|im_end|><|im_end|><|im_end|><|im_end|><|im_end|><|im_end|><|im_end|><|im_end|><|im_end|><|im_end|><|im_end|><|im_end|><|im_end|><|im_end|><|im_end|>"
The balance sheet of the coagulation was normal including prothrombin to 92% and a normal activated partial thromboplastin time.,"[{'id': '5369', 'offsets': array([12, 17]), 'role': '', 'semantic_type_id': '', 'text': 'sheet', 'type': 'EVENT'}
 {'id': '5388', 'offsets': array([58, 69]), 'role': '', 'semantic_type_id': '', 'text': 'prothrombin', 'type': 'EVENT'}
 {'id': '5403', 'offsets': array([123, 127]), 'role': '', 'semantic_type_id': '', 'text': 'time', 'type': 'EVENT'}
 {'id': '4689', 'offsets': array([41, 47]), 'role': '', 'semantic_type_id': '', 'text': 'normal', 'type': 'RML'}
 {'id': '4695', 'offsets': array([73, 76]), 'role': '', 'semantic_type_id': '', 'text': '92%', 'type': 'RML'}
 {'id': '4701', 'offsets': array([83, 89]), 'role': '', 'semantic_type_id': '', 'text': 'normal', 'type': 'RML'}]","Mrs B.S. 28 years old multiparous that we had received 02 hours after a vaginal delivery of a newborn alive weighing 2750 grams in a peripheral maternity 3 km away. It was referred for postpartum hemorrhage. His medical history was featureless.
On admission, she presented hypovolemic shock with blood pressure 76/44 mmHg, regular tachycardia at 136 beats per minute, polypnea to 39 cycles per minute. The obstetrical examination objectified an involuted uterus, an absence of vaginal and perineal cervical lesions, a fluid and red blood originating of endouterine. Furthermore, there was purpura. We therefore concluded a significant postpartum hemorrhage complicated by coagulopathy. Resuscitation measures were taken and an transfusion 1120 ml whole blood, red cell pellets 350 ml and 860 ml fresh frozen plasma have helped to management coagulopathy and anemia. Blood count at admission highlighted severe thrombocytopenia 23 0000 platelets and hemoglobin levels of 3.9 g/dl. The post natal care was also administered.
After seven days of hospitalization, she was going after an amendment to the clinical symptoms and normal laboratory tests. Twenty five days later, she returned to obstetric emergencies for significant bleeding with severe anemia with hemoglobin 9 g/dL without signs of hypovolemic shock. The gynecological examination was normal. The balance sheet of the coagulation was normal including prothrombin to 92% and a normal activated partial thromboplastin time. The treatments were based on oxytocin, tranexamic acid, etamsylate and strict regular monitoring. Transvaginal ultrasound coupled Doppler was normal. In the absence of arterial embolization, she was going with ambulatory monitoring. Two weeks later she presented again rebleeding requiring hospitalization resulting in a total hysterectomy after conditioning of the patient. Histological examination of the surgical specimen objectified in the cervix and uterine body the presence of arterial vessels proliferation homes large and small caliber associated with tissue hemorrhage. The postoperative course was simple.
",EN100340,"<|im_start|>user Extract the entities contained in the text. Extract only entities contained in the text.
Return the result in a json format: [{""entity"":""entity_name""}]. <<The balance sheet of the coagulation was normal including prothrombin to 92% and a normal activated partial thromboplastin time.>>> <|im_end|><|im_start|>assistant[{""entity"": ""sheet""}, {""entity"": ""prothrombin""}, {""entity"": ""time""}, {""entity"": ""normal""}, {""entity"": ""92%""}, {""entity"": ""normal""}] <|im_end|>","<|im_start|>user Extract the entities contained in the text. Extract only entities contained in the text.
Return the result in a json format: [{""entity"":""entity_name""}]. <<<We present a case of a 32-year-old woman with a history of gradual enlargement of the anterior neck.>>> <|im_end|><|im_start|>assistant [{""entity"": ""present""}, {""entity"": ""history""}, {""entity"": ""enlargement""}] <|im_end|>
<|im_start|>user Extract the entities contained in the text. Extract only entities contained in the text.
Return the result in a json format: [{""entity"":""entity_name""}]. <<<Patient information: a 9-month-old boy presented to the emergency room with a 3-day history of refusal to bear weight on the right lower extremity and febrile peaks of up to 38.5°C for 24 hours.>>> <|im_end|><|im_start|>assistant [{""entity"": ""presented""}, {""entity"": ""refusal""}, {""entity"": ""bear""}, {""entity"": ""peaks""}] <|im_end|>
<|im_start|>user Extract the entities contained in the text. Extract only entities contained in the text.
Return the result in a json format: [{""entity"":""entity_name""}]. <<The balance sheet of the coagulation was normal including prothrombin to 92% and a normal activated partial thromboplastin time.>>> <|im_end|><|im_start|>assistant","[{""entity"": ""sheet""}, {""entity"": ""prothrombin""}, {""entity"": ""time""}, {""entity"": ""normal""}, {""entity"": ""92%""}, {""entity"": ""normal""}] ","[{""entity"": ""sheet""}, {""entity"": ""coagulation""}, {""entity"": ""prothrombin""}, {""entity"": """
"The treatments were based on oxytocin, tranexamic acid, etamsylate and strict regular monitoring.","[{'id': '5418', 'offsets': array([ 4, 14]), 'role': '', 'semantic_type_id': '', 'text': 'treatments', 'type': 'EVENT'}
 {'id': '5433', 'offsets': array([86, 96]), 'role': '', 'semantic_type_id': '', 'text': 'monitoring', 'type': 'EVENT'}]","Mrs B.S. 28 years old multiparous that we had received 02 hours after a vaginal delivery of a newborn alive weighing 2750 grams in a peripheral maternity 3 km away. It was referred for postpartum hemorrhage. His medical history was featureless.
On admission, she presented hypovolemic shock with blood pressure 76/44 mmHg, regular tachycardia at 136 beats per minute, polypnea to 39 cycles per minute. The obstetrical examination objectified an involuted uterus, an absence of vaginal and perineal cervical lesions, a fluid and red blood originating of endouterine. Furthermore, there was purpura. We therefore concluded a significant postpartum hemorrhage complicated by coagulopathy. Resuscitation measures were taken and an transfusion 1120 ml whole blood, red cell pellets 350 ml and 860 ml fresh frozen plasma have helped to management coagulopathy and anemia. Blood count at admission highlighted severe thrombocytopenia 23 0000 platelets and hemoglobin levels of 3.9 g/dl. The post natal care was also administered.
After seven days of hospitalization, she was going after an amendment to the clinical symptoms and normal laboratory tests. Twenty five days later, she returned to obstetric emergencies for significant bleeding with severe anemia with hemoglobin 9 g/dL without signs of hypovolemic shock. The gynecological examination was normal. The balance sheet of the coagulation was normal including prothrombin to 92% and a normal activated partial thromboplastin time. The treatments were based on oxytocin, tranexamic acid, etamsylate and strict regular monitoring. Transvaginal ultrasound coupled Doppler was normal. In the absence of arterial embolization, she was going with ambulatory monitoring. Two weeks later she presented again rebleeding requiring hospitalization resulting in a total hysterectomy after conditioning of the patient. Histological examination of the surgical specimen objectified in the cervix and uterine body the presence of arterial vessels proliferation homes large and small caliber associated with tissue hemorrhage. The postoperative course was simple.
",EN100340,"<|im_start|>user Extract the entities contained in the text. Extract only entities contained in the text.
Return the result in a json format: [{""entity"":""entity_name""}]. <<The treatments were based on oxytocin, tranexamic acid, etamsylate and strict regular monitoring.>>> <|im_end|><|im_start|>assistant[{""entity"": ""treatments""}, {""entity"": ""monitoring""}] <|im_end|>","<|im_start|>user Extract the entities contained in the text. Extract only entities contained in the text.
Return the result in a json format: [{""entity"":""entity_name""}]. <<<We present a case of a 32-year-old woman with a history of gradual enlargement of the anterior neck.>>> <|im_end|><|im_start|>assistant [{""entity"": ""present""}, {""entity"": ""history""}, {""entity"": ""enlargement""}] <|im_end|>
<|im_start|>user Extract the entities contained in the text. Extract only entities contained in the text.
Return the result in a json format: [{""entity"":""entity_name""}]. <<<Patient information: a 9-month-old boy presented to the emergency room with a 3-day history of refusal to bear weight on the right lower extremity and febrile peaks of up to 38.5°C for 24 hours.>>> <|im_end|><|im_start|>assistant [{""entity"": ""presented""}, {""entity"": ""refusal""}, {""entity"": ""bear""}, {""entity"": ""peaks""}] <|im_end|>
<|im_start|>user Extract the entities contained in the text. Extract only entities contained in the text.
Return the result in a json format: [{""entity"":""entity_name""}]. <<The treatments were based on oxytocin, tranexamic acid, etamsylate and strict regular monitoring.>>> <|im_end|><|im_start|>assistant","[{""entity"": ""treatments""}, {""entity"": ""monitoring""}] ","[{""entity"": ""treatments""}, {""entity"": ""based""}, {""entity"": ""oxytocin""}, {""entity"": ""tran"
Transvaginal ultrasound coupled Doppler was normal.,"[{'id': '5448', 'offsets': array([32, 39]), 'role': '', 'semantic_type_id': '', 'text': 'Doppler', 'type': 'EVENT'}
 {'id': '4707', 'offsets': array([44, 50]), 'role': '', 'semantic_type_id': '', 'text': 'normal', 'type': 'RML'}]","Mrs B.S. 28 years old multiparous that we had received 02 hours after a vaginal delivery of a newborn alive weighing 2750 grams in a peripheral maternity 3 km away. It was referred for postpartum hemorrhage. His medical history was featureless.
On admission, she presented hypovolemic shock with blood pressure 76/44 mmHg, regular tachycardia at 136 beats per minute, polypnea to 39 cycles per minute. The obstetrical examination objectified an involuted uterus, an absence of vaginal and perineal cervical lesions, a fluid and red blood originating of endouterine. Furthermore, there was purpura. We therefore concluded a significant postpartum hemorrhage complicated by coagulopathy. Resuscitation measures were taken and an transfusion 1120 ml whole blood, red cell pellets 350 ml and 860 ml fresh frozen plasma have helped to management coagulopathy and anemia. Blood count at admission highlighted severe thrombocytopenia 23 0000 platelets and hemoglobin levels of 3.9 g/dl. The post natal care was also administered.
After seven days of hospitalization, she was going after an amendment to the clinical symptoms and normal laboratory tests. Twenty five days later, she returned to obstetric emergencies for significant bleeding with severe anemia with hemoglobin 9 g/dL without signs of hypovolemic shock. The gynecological examination was normal. The balance sheet of the coagulation was normal including prothrombin to 92% and a normal activated partial thromboplastin time. The treatments were based on oxytocin, tranexamic acid, etamsylate and strict regular monitoring. Transvaginal ultrasound coupled Doppler was normal. In the absence of arterial embolization, she was going with ambulatory monitoring. Two weeks later she presented again rebleeding requiring hospitalization resulting in a total hysterectomy after conditioning of the patient. Histological examination of the surgical specimen objectified in the cervix and uterine body the presence of arterial vessels proliferation homes large and small caliber associated with tissue hemorrhage. The postoperative course was simple.
",EN100340,"<|im_start|>user Extract the entities contained in the text. Extract only entities contained in the text.
Return the result in a json format: [{""entity"":""entity_name""}]. <<Transvaginal ultrasound coupled Doppler was normal.>>> <|im_end|><|im_start|>assistant[{""entity"": ""Doppler""}, {""entity"": ""normal""}] <|im_end|>","<|im_start|>user Extract the entities contained in the text. Extract only entities contained in the text.
Return the result in a json format: [{""entity"":""entity_name""}]. <<<We present a case of a 32-year-old woman with a history of gradual enlargement of the anterior neck.>>> <|im_end|><|im_start|>assistant [{""entity"": ""present""}, {""entity"": ""history""}, {""entity"": ""enlargement""}] <|im_end|>
<|im_start|>user Extract the entities contained in the text. Extract only entities contained in the text.
Return the result in a json format: [{""entity"":""entity_name""}]. <<<Patient information: a 9-month-old boy presented to the emergency room with a 3-day history of refusal to bear weight on the right lower extremity and febrile peaks of up to 38.5°C for 24 hours.>>> <|im_end|><|im_start|>assistant [{""entity"": ""presented""}, {""entity"": ""refusal""}, {""entity"": ""bear""}, {""entity"": ""peaks""}] <|im_end|>
<|im_start|>user Extract the entities contained in the text. Extract only entities contained in the text.
Return the result in a json format: [{""entity"":""entity_name""}]. <<Transvaginal ultrasound coupled Doppler was normal.>>> <|im_end|><|im_start|>assistant","[{""entity"": ""Doppler""}, {""entity"": ""normal""}] ","[{""entity"": ""ultrasound""}, {""entity"": ""coupled""}, {""entity"": ""Doppler""}] <|im_end|><|im_end|><|im_end|>"
"In the absence of arterial embolization, she was going with ambulatory monitoring.","[{'id': '5463', 'offsets': array([27, 39]), 'role': '', 'semantic_type_id': '', 'text': 'embolization', 'type': 'EVENT'}
 {'id': '5478', 'offsets': array([71, 81]), 'role': '', 'semantic_type_id': '', 'text': 'monitoring', 'type': 'EVENT'}
 {'id': '4620', 'offsets': array([41, 44]), 'role': 'PATIENT', 'semantic_type_id': '', 'text': 'she', 'type': 'ACTOR'}]","Mrs B.S. 28 years old multiparous that we had received 02 hours after a vaginal delivery of a newborn alive weighing 2750 grams in a peripheral maternity 3 km away. It was referred for postpartum hemorrhage. His medical history was featureless.
On admission, she presented hypovolemic shock with blood pressure 76/44 mmHg, regular tachycardia at 136 beats per minute, polypnea to 39 cycles per minute. The obstetrical examination objectified an involuted uterus, an absence of vaginal and perineal cervical lesions, a fluid and red blood originating of endouterine. Furthermore, there was purpura. We therefore concluded a significant postpartum hemorrhage complicated by coagulopathy. Resuscitation measures were taken and an transfusion 1120 ml whole blood, red cell pellets 350 ml and 860 ml fresh frozen plasma have helped to management coagulopathy and anemia. Blood count at admission highlighted severe thrombocytopenia 23 0000 platelets and hemoglobin levels of 3.9 g/dl. The post natal care was also administered.
After seven days of hospitalization, she was going after an amendment to the clinical symptoms and normal laboratory tests. Twenty five days later, she returned to obstetric emergencies for significant bleeding with severe anemia with hemoglobin 9 g/dL without signs of hypovolemic shock. The gynecological examination was normal. The balance sheet of the coagulation was normal including prothrombin to 92% and a normal activated partial thromboplastin time. The treatments were based on oxytocin, tranexamic acid, etamsylate and strict regular monitoring. Transvaginal ultrasound coupled Doppler was normal. In the absence of arterial embolization, she was going with ambulatory monitoring. Two weeks later she presented again rebleeding requiring hospitalization resulting in a total hysterectomy after conditioning of the patient. Histological examination of the surgical specimen objectified in the cervix and uterine body the presence of arterial vessels proliferation homes large and small caliber associated with tissue hemorrhage. The postoperative course was simple.
",EN100340,"<|im_start|>user Extract the entities contained in the text. Extract only entities contained in the text.
Return the result in a json format: [{""entity"":""entity_name""}]. <<In the absence of arterial embolization, she was going with ambulatory monitoring.>>> <|im_end|><|im_start|>assistant[{""entity"": ""embolization""}, {""entity"": ""monitoring""}, {""entity"": ""she""}] <|im_end|>","<|im_start|>user Extract the entities contained in the text. Extract only entities contained in the text.
Return the result in a json format: [{""entity"":""entity_name""}]. <<<We present a case of a 32-year-old woman with a history of gradual enlargement of the anterior neck.>>> <|im_end|><|im_start|>assistant [{""entity"": ""present""}, {""entity"": ""history""}, {""entity"": ""enlargement""}] <|im_end|>
<|im_start|>user Extract the entities contained in the text. Extract only entities contained in the text.
Return the result in a json format: [{""entity"":""entity_name""}]. <<<Patient information: a 9-month-old boy presented to the emergency room with a 3-day history of refusal to bear weight on the right lower extremity and febrile peaks of up to 38.5°C for 24 hours.>>> <|im_end|><|im_start|>assistant [{""entity"": ""presented""}, {""entity"": ""refusal""}, {""entity"": ""bear""}, {""entity"": ""peaks""}] <|im_end|>
<|im_start|>user Extract the entities contained in the text. Extract only entities contained in the text.
Return the result in a json format: [{""entity"":""entity_name""}]. <<In the absence of arterial embolization, she was going with ambulatory monitoring.>>> <|im_end|><|im_start|>assistant","[{""entity"": ""embolization""}, {""entity"": ""monitoring""}, {""entity"": ""she""}] ","[{""entity"": ""absence""}, {""entity"": ""embolization""}, {""entity"": ""monitoring""}, {""entity"": ""arter"
Two weeks later she presented again rebleeding requiring hospitalization resulting in a total hysterectomy after conditioning of the patient.,"[{'id': '5493', 'offsets': array([20, 29]), 'role': '', 'semantic_type_id': '', 'text': 'presented', 'type': 'EVENT'}
 {'id': '5508', 'offsets': array([36, 46]), 'role': '', 'semantic_type_id': '', 'text': 'rebleeding', 'type': 'EVENT'}
 {'id': '5523', 'offsets': array([57, 72]), 'role': '', 'semantic_type_id': '', 'text': 'hospitalization', 'type': 'EVENT'}
 {'id': '5538', 'offsets': array([ 94, 106]), 'role': '', 'semantic_type_id': '', 'text': 'hysterectomy', 'type': 'EVENT'}
 {'id': '5553', 'offsets': array([113, 125]), 'role': '', 'semantic_type_id': '', 'text': 'conditioning', 'type': 'EVENT'}
 {'id': '5946', 'offsets': array([36, 46]), 'role': '', 'semantic_type_id': 'C0019080', 'text': 'rebleeding', 'type': 'CLINENTITY'}
 {'id': '4627', 'offsets': array([16, 19]), 'role': 'PATIENT', 'semantic_type_id': '', 'text': 'she', 'type': 'ACTOR'}
 {'id': '4634', 'offsets': array([129, 140]), 'role': 'PATIENT', 'semantic_type_id': '', 'text': 'the patient', 'type': 'ACTOR'}
 {'id': '5714', 'offsets': array([ 0, 15]), 'role': '', 'semantic_type_id': '', 'text': 'Two weeks later', 'type': 'TIMEX3'}]","Mrs B.S. 28 years old multiparous that we had received 02 hours after a vaginal delivery of a newborn alive weighing 2750 grams in a peripheral maternity 3 km away. It was referred for postpartum hemorrhage. His medical history was featureless.
On admission, she presented hypovolemic shock with blood pressure 76/44 mmHg, regular tachycardia at 136 beats per minute, polypnea to 39 cycles per minute. The obstetrical examination objectified an involuted uterus, an absence of vaginal and perineal cervical lesions, a fluid and red blood originating of endouterine. Furthermore, there was purpura. We therefore concluded a significant postpartum hemorrhage complicated by coagulopathy. Resuscitation measures were taken and an transfusion 1120 ml whole blood, red cell pellets 350 ml and 860 ml fresh frozen plasma have helped to management coagulopathy and anemia. Blood count at admission highlighted severe thrombocytopenia 23 0000 platelets and hemoglobin levels of 3.9 g/dl. The post natal care was also administered.
After seven days of hospitalization, she was going after an amendment to the clinical symptoms and normal laboratory tests. Twenty five days later, she returned to obstetric emergencies for significant bleeding with severe anemia with hemoglobin 9 g/dL without signs of hypovolemic shock. The gynecological examination was normal. The balance sheet of the coagulation was normal including prothrombin to 92% and a normal activated partial thromboplastin time. The treatments were based on oxytocin, tranexamic acid, etamsylate and strict regular monitoring. Transvaginal ultrasound coupled Doppler was normal. In the absence of arterial embolization, she was going with ambulatory monitoring. Two weeks later she presented again rebleeding requiring hospitalization resulting in a total hysterectomy after conditioning of the patient. Histological examination of the surgical specimen objectified in the cervix and uterine body the presence of arterial vessels proliferation homes large and small caliber associated with tissue hemorrhage. The postoperative course was simple.
",EN100340,"<|im_start|>user Extract the entities contained in the text. Extract only entities contained in the text.
Return the result in a json format: [{""entity"":""entity_name""}]. <<Two weeks later she presented again rebleeding requiring hospitalization resulting in a total hysterectomy after conditioning of the patient.>>> <|im_end|><|im_start|>assistant[{""entity"": ""presented""}, {""entity"": ""rebleeding""}, {""entity"": ""hospitalization""}, {""entity"": ""hysterectomy""}, {""entity"": ""conditioning""}, {""entity"": ""rebleeding""}, {""entity"": ""she""}, {""entity"": ""the patient""}, {""entity"": ""Two weeks later""}] <|im_end|>","<|im_start|>user Extract the entities contained in the text. Extract only entities contained in the text.
Return the result in a json format: [{""entity"":""entity_name""}]. <<<We present a case of a 32-year-old woman with a history of gradual enlargement of the anterior neck.>>> <|im_end|><|im_start|>assistant [{""entity"": ""present""}, {""entity"": ""history""}, {""entity"": ""enlargement""}] <|im_end|>
<|im_start|>user Extract the entities contained in the text. Extract only entities contained in the text.
Return the result in a json format: [{""entity"":""entity_name""}]. <<<Patient information: a 9-month-old boy presented to the emergency room with a 3-day history of refusal to bear weight on the right lower extremity and febrile peaks of up to 38.5°C for 24 hours.>>> <|im_end|><|im_start|>assistant [{""entity"": ""presented""}, {""entity"": ""refusal""}, {""entity"": ""bear""}, {""entity"": ""peaks""}] <|im_end|>
<|im_start|>user Extract the entities contained in the text. Extract only entities contained in the text.
Return the result in a json format: [{""entity"":""entity_name""}]. <<Two weeks later she presented again rebleeding requiring hospitalization resulting in a total hysterectomy after conditioning of the patient.>>> <|im_end|><|im_start|>assistant","[{""entity"": ""presented""}, {""entity"": ""rebleeding""}, {""entity"": ""hospitalization""}, {""entity"": ""hysterectomy""}, {""entity"": ""conditioning""}, {""entity"": ""rebleeding""}, {""entity"": ""she""}, {""entity"": ""the patient""}, {""entity"": ""Two weeks later""}] ","[{""entity"": ""she""}, {""entity"": ""Two weeks later""}, {""entity"": ""again""}, {""entity"": ""rebleeding"
Histological examination of the surgical specimen objectified in the cervix and uterine body the presence of arterial vessels proliferation homes large and small caliber associated with tissue hemorrhage.,"[{'id': '5568', 'offsets': array([13, 24]), 'role': '', 'semantic_type_id': '', 'text': 'examination', 'type': 'EVENT'}
 {'id': '5583', 'offsets': array([50, 61]), 'role': '', 'semantic_type_id': '', 'text': 'objectified', 'type': 'EVENT'}
 {'id': '5598', 'offsets': array([126, 139]), 'role': '', 'semantic_type_id': '', 'text': 'proliferation', 'type': 'EVENT'}
 {'id': '5613', 'offsets': array([193, 203]), 'role': '', 'semantic_type_id': '', 'text': 'hemorrhage', 'type': 'EVENT'}
 {'id': '5947', 'offsets': array([193, 203]), 'role': '', 'semantic_type_id': 'C0019080', 'text': 'hemorrhage', 'type': 'CLINENTITY'}
 {'id': '5780', 'offsets': array([65, 75]), 'role': '', 'semantic_type_id': '', 'text': 'the cervix', 'type': 'BODYPART'}
 {'id': '5786', 'offsets': array([80, 92]), 'role': '', 'semantic_type_id': '', 'text': 'uterine body', 'type': 'BODYPART'}
 {'id': '5792', 'offsets': array([109, 125]), 'role': '', 'semantic_type_id': '', 'text': 'arterial vessels', 'type': 'BODYPART'}
 {'id': '5798', 'offsets': array([186, 192]), 'role': '', 'semantic_type_id': '', 'text': 'tissue', 'type': 'BODYPART'}]","Mrs B.S. 28 years old multiparous that we had received 02 hours after a vaginal delivery of a newborn alive weighing 2750 grams in a peripheral maternity 3 km away. It was referred for postpartum hemorrhage. His medical history was featureless.
On admission, she presented hypovolemic shock with blood pressure 76/44 mmHg, regular tachycardia at 136 beats per minute, polypnea to 39 cycles per minute. The obstetrical examination objectified an involuted uterus, an absence of vaginal and perineal cervical lesions, a fluid and red blood originating of endouterine. Furthermore, there was purpura. We therefore concluded a significant postpartum hemorrhage complicated by coagulopathy. Resuscitation measures were taken and an transfusion 1120 ml whole blood, red cell pellets 350 ml and 860 ml fresh frozen plasma have helped to management coagulopathy and anemia. Blood count at admission highlighted severe thrombocytopenia 23 0000 platelets and hemoglobin levels of 3.9 g/dl. The post natal care was also administered.
After seven days of hospitalization, she was going after an amendment to the clinical symptoms and normal laboratory tests. Twenty five days later, she returned to obstetric emergencies for significant bleeding with severe anemia with hemoglobin 9 g/dL without signs of hypovolemic shock. The gynecological examination was normal. The balance sheet of the coagulation was normal including prothrombin to 92% and a normal activated partial thromboplastin time. The treatments were based on oxytocin, tranexamic acid, etamsylate and strict regular monitoring. Transvaginal ultrasound coupled Doppler was normal. In the absence of arterial embolization, she was going with ambulatory monitoring. Two weeks later she presented again rebleeding requiring hospitalization resulting in a total hysterectomy after conditioning of the patient. Histological examination of the surgical specimen objectified in the cervix and uterine body the presence of arterial vessels proliferation homes large and small caliber associated with tissue hemorrhage. The postoperative course was simple.
",EN100340,"<|im_start|>user Extract the entities contained in the text. Extract only entities contained in the text.
Return the result in a json format: [{""entity"":""entity_name""}]. <<Histological examination of the surgical specimen objectified in the cervix and uterine body the presence of arterial vessels proliferation homes large and small caliber associated with tissue hemorrhage.>>> <|im_end|><|im_start|>assistant[{""entity"": ""examination""}, {""entity"": ""objectified""}, {""entity"": ""proliferation""}, {""entity"": ""hemorrhage""}, {""entity"": ""hemorrhage""}, {""entity"": ""the cervix""}, {""entity"": ""uterine body""}, {""entity"": ""arterial vessels""}, {""entity"": ""tissue""}] <|im_end|>","<|im_start|>user Extract the entities contained in the text. Extract only entities contained in the text.
Return the result in a json format: [{""entity"":""entity_name""}]. <<<We present a case of a 32-year-old woman with a history of gradual enlargement of the anterior neck.>>> <|im_end|><|im_start|>assistant [{""entity"": ""present""}, {""entity"": ""history""}, {""entity"": ""enlargement""}] <|im_end|>
<|im_start|>user Extract the entities contained in the text. Extract only entities contained in the text.
Return the result in a json format: [{""entity"":""entity_name""}]. <<<Patient information: a 9-month-old boy presented to the emergency room with a 3-day history of refusal to bear weight on the right lower extremity and febrile peaks of up to 38.5°C for 24 hours.>>> <|im_end|><|im_start|>assistant [{""entity"": ""presented""}, {""entity"": ""refusal""}, {""entity"": ""bear""}, {""entity"": ""peaks""}] <|im_end|>
<|im_start|>user Extract the entities contained in the text. Extract only entities contained in the text.
Return the result in a json format: [{""entity"":""entity_name""}]. <<Histological examination of the surgical specimen objectified in the cervix and uterine body the presence of arterial vessels proliferation homes large and small caliber associated with tissue hemorrhage.>>> <|im_end|><|im_start|>assistant","[{""entity"": ""examination""}, {""entity"": ""objectified""}, {""entity"": ""proliferation""}, {""entity"": ""hemorrhage""}, {""entity"": ""hemorrhage""}, {""entity"": ""the cervix""}, {""entity"": ""uterine body""}, {""entity"": ""arterial vessels""}, {""entity"": ""tissue""}] ","[{""entity"": ""examination""}, {""entity"": ""objectified""}, {""entity"": ""the cervix and uterine body""},"
The postoperative course was simple.,"[{'id': '5630', 'offsets': array([18, 24]), 'role': '', 'semantic_type_id': '', 'text': 'course', 'type': 'EVENT'}
 {'id': '5645', 'offsets': array([29, 35]), 'role': '', 'semantic_type_id': '', 'text': 'simple', 'type': 'EVENT'}
 {'id': '5723', 'offsets': array([ 4, 17]), 'role': '', 'semantic_type_id': '', 'text': 'postoperative', 'type': 'TIMEX3'}]","Mrs B.S. 28 years old multiparous that we had received 02 hours after a vaginal delivery of a newborn alive weighing 2750 grams in a peripheral maternity 3 km away. It was referred for postpartum hemorrhage. His medical history was featureless.
On admission, she presented hypovolemic shock with blood pressure 76/44 mmHg, regular tachycardia at 136 beats per minute, polypnea to 39 cycles per minute. The obstetrical examination objectified an involuted uterus, an absence of vaginal and perineal cervical lesions, a fluid and red blood originating of endouterine. Furthermore, there was purpura. We therefore concluded a significant postpartum hemorrhage complicated by coagulopathy. Resuscitation measures were taken and an transfusion 1120 ml whole blood, red cell pellets 350 ml and 860 ml fresh frozen plasma have helped to management coagulopathy and anemia. Blood count at admission highlighted severe thrombocytopenia 23 0000 platelets and hemoglobin levels of 3.9 g/dl. The post natal care was also administered.
After seven days of hospitalization, she was going after an amendment to the clinical symptoms and normal laboratory tests. Twenty five days later, she returned to obstetric emergencies for significant bleeding with severe anemia with hemoglobin 9 g/dL without signs of hypovolemic shock. The gynecological examination was normal. The balance sheet of the coagulation was normal including prothrombin to 92% and a normal activated partial thromboplastin time. The treatments were based on oxytocin, tranexamic acid, etamsylate and strict regular monitoring. Transvaginal ultrasound coupled Doppler was normal. In the absence of arterial embolization, she was going with ambulatory monitoring. Two weeks later she presented again rebleeding requiring hospitalization resulting in a total hysterectomy after conditioning of the patient. Histological examination of the surgical specimen objectified in the cervix and uterine body the presence of arterial vessels proliferation homes large and small caliber associated with tissue hemorrhage. The postoperative course was simple.
",EN100340,"<|im_start|>user Extract the entities contained in the text. Extract only entities contained in the text.
Return the result in a json format: [{""entity"":""entity_name""}]. <<The postoperative course was simple.>>> <|im_end|><|im_start|>assistant[{""entity"": ""course""}, {""entity"": ""simple""}, {""entity"": ""postoperative""}] <|im_end|>","<|im_start|>user Extract the entities contained in the text. Extract only entities contained in the text.
Return the result in a json format: [{""entity"":""entity_name""}]. <<<We present a case of a 32-year-old woman with a history of gradual enlargement of the anterior neck.>>> <|im_end|><|im_start|>assistant [{""entity"": ""present""}, {""entity"": ""history""}, {""entity"": ""enlargement""}] <|im_end|>
<|im_start|>user Extract the entities contained in the text. Extract only entities contained in the text.
Return the result in a json format: [{""entity"":""entity_name""}]. <<<Patient information: a 9-month-old boy presented to the emergency room with a 3-day history of refusal to bear weight on the right lower extremity and febrile peaks of up to 38.5°C for 24 hours.>>> <|im_end|><|im_start|>assistant [{""entity"": ""presented""}, {""entity"": ""refusal""}, {""entity"": ""bear""}, {""entity"": ""peaks""}] <|im_end|>
<|im_start|>user Extract the entities contained in the text. Extract only entities contained in the text.
Return the result in a json format: [{""entity"":""entity_name""}]. <<The postoperative course was simple.>>> <|im_end|><|im_start|>assistant","[{""entity"": ""course""}, {""entity"": ""simple""}, {""entity"": ""postoperative""}] ","[{""entity"": ""course""}] <|im_end|><|im_end|><|im_end|><|im_end|><|im_end|><|im_end|><|im_end|><|im_end|><|im_end|><|im_end|><|im_end|><|im_end|><|im_end|><|im_end|><|im_end|><|im_end|><|im_end|><|im_end|><|im_end|>"
"A 24-year-old African-American man presented to our Emergency Department with a one-week history of fever, dyspnea, cough, and abdominal pain.","[{'id': '1552', 'offsets': array([35, 44]), 'role': '', 'semantic_type_id': '', 'text': 'presented', 'type': 'EVENT'}
 {'id': '1567', 'offsets': array([100, 105]), 'role': '', 'semantic_type_id': '', 'text': 'fever', 'type': 'EVENT'}
 {'id': '1582', 'offsets': array([107, 114]), 'role': '', 'semantic_type_id': '', 'text': 'dyspnea', 'type': 'EVENT'}
 {'id': '1597', 'offsets': array([116, 121]), 'role': '', 'semantic_type_id': '', 'text': 'cough', 'type': 'EVENT'}
 {'id': '1612', 'offsets': array([137, 141]), 'role': '', 'semantic_type_id': '', 'text': 'pain', 'type': 'EVENT'}
 {'id': '1888', 'offsets': array([127, 141]), 'role': '', 'semantic_type_id': 'C0000737', 'text': 'abdominal pain', 'type': 'CLINENTITY'}
 {'id': '1952', 'offsets': array([ 2, 34]), 'role': 'PATIENT', 'semantic_type_id': '', 'text': '24-year-old African-American man', 'type': 'ACTOR'}
 {'id': '1980', 'offsets': array([80, 88]), 'role': '', 'semantic_type_id': '', 'text': 'one-week', 'type': 'TIMEX3'}]","A 24-year-old African-American man presented to our Emergency Department with a one-week history of fever, dyspnea, cough, and abdominal pain. A computed tomography scan of his chest and abdomen revealed bilateral lower lobe pneumonia and two retained Jackson-Pratt drains in the right upper quadrant. He was taken to the operating room for drain removal, a right hemicolectomy, debridement of a duodenal injury, a Roux-en-y duodenojejunostomy, and an end ileostomy. He subsequently became increasing hypoxemic in the intensive care unit and a bronchoperitoneal fistula was diagnosed. He required high-frequency oscillatory ventilation followed by lung isolation, and was successfully resuscitated using these techniques.
",EN107559,"<|im_start|>user Extract the entities contained in the text. Extract only entities contained in the text.
Return the result in a json format: [{""entity"":""entity_name""}]. <<A 24-year-old African-American man presented to our Emergency Department with a one-week history of fever, dyspnea, cough, and abdominal pain.>>> <|im_end|><|im_start|>assistant[{""entity"": ""presented""}, {""entity"": ""fever""}, {""entity"": ""dyspnea""}, {""entity"": ""cough""}, {""entity"": ""pain""}, {""entity"": ""abdominal pain""}, {""entity"": ""24-year-old African-American man""}, {""entity"": ""one-week""}] <|im_end|>","<|im_start|>user Extract the entities contained in the text. Extract only entities contained in the text.
Return the result in a json format: [{""entity"":""entity_name""}]. <<<We present a case of a 32-year-old woman with a history of gradual enlargement of the anterior neck.>>> <|im_end|><|im_start|>assistant [{""entity"": ""present""}, {""entity"": ""history""}, {""entity"": ""enlargement""}] <|im_end|>
<|im_start|>user Extract the entities contained in the text. Extract only entities contained in the text.
Return the result in a json format: [{""entity"":""entity_name""}]. <<<Patient information: a 9-month-old boy presented to the emergency room with a 3-day history of refusal to bear weight on the right lower extremity and febrile peaks of up to 38.5°C for 24 hours.>>> <|im_end|><|im_start|>assistant [{""entity"": ""presented""}, {""entity"": ""refusal""}, {""entity"": ""bear""}, {""entity"": ""peaks""}] <|im_end|>
<|im_start|>user Extract the entities contained in the text. Extract only entities contained in the text.
Return the result in a json format: [{""entity"":""entity_name""}]. <<A 24-year-old African-American man presented to our Emergency Department with a one-week history of fever, dyspnea, cough, and abdominal pain.>>> <|im_end|><|im_start|>assistant","[{""entity"": ""presented""}, {""entity"": ""fever""}, {""entity"": ""dyspnea""}, {""entity"": ""cough""}, {""entity"": ""pain""}, {""entity"": ""abdominal pain""}, {""entity"": ""24-year-old African-American man""}, {""entity"": ""one-week""}] ","[{""entity"": ""presented""}, {""entity"": ""fever""}, {""entity"": ""dyspnea""}, {""entity"": """
A computed tomography scan of his chest and abdomen revealed bilateral lower lobe pneumonia and two retained Jackson-Pratt drains in the right upper quadrant.,"[{'id': '1627', 'offsets': array([22, 26]), 'role': '', 'semantic_type_id': '', 'text': 'scan', 'type': 'EVENT'}
 {'id': '1642', 'offsets': array([52, 60]), 'role': '', 'semantic_type_id': '', 'text': 'revealed', 'type': 'EVENT'}
 {'id': '1657', 'offsets': array([82, 91]), 'role': '', 'semantic_type_id': '', 'text': 'pneumonia', 'type': 'EVENT'}
 {'id': '1672', 'offsets': array([123, 129]), 'role': '', 'semantic_type_id': '', 'text': 'drains', 'type': 'EVENT'}
 {'id': '1895', 'offsets': array([61, 91]), 'role': '', 'semantic_type_id': 'C1960025', 'text': 'bilateral lower lobe pneumonia', 'type': 'CLINENTITY'}
 {'id': '1916', 'offsets': array([34, 39]), 'role': '', 'semantic_type_id': '', 'text': 'chest', 'type': 'BODYPART'}
 {'id': '1922', 'offsets': array([44, 51]), 'role': '', 'semantic_type_id': '', 'text': 'abdomen', 'type': 'BODYPART'}
 {'id': '1928', 'offsets': array([77, 81]), 'role': '', 'semantic_type_id': '', 'text': 'lobe', 'type': 'BODYPART'}
 {'id': '1934', 'offsets': array([137, 157]), 'role': '', 'semantic_type_id': '', 'text': 'right upper quadrant', 'type': 'BODYPART'}]","A 24-year-old African-American man presented to our Emergency Department with a one-week history of fever, dyspnea, cough, and abdominal pain. A computed tomography scan of his chest and abdomen revealed bilateral lower lobe pneumonia and two retained Jackson-Pratt drains in the right upper quadrant. He was taken to the operating room for drain removal, a right hemicolectomy, debridement of a duodenal injury, a Roux-en-y duodenojejunostomy, and an end ileostomy. He subsequently became increasing hypoxemic in the intensive care unit and a bronchoperitoneal fistula was diagnosed. He required high-frequency oscillatory ventilation followed by lung isolation, and was successfully resuscitated using these techniques.
",EN107559,"<|im_start|>user Extract the entities contained in the text. Extract only entities contained in the text.
Return the result in a json format: [{""entity"":""entity_name""}]. <<A computed tomography scan of his chest and abdomen revealed bilateral lower lobe pneumonia and two retained Jackson-Pratt drains in the right upper quadrant.>>> <|im_end|><|im_start|>assistant[{""entity"": ""scan""}, {""entity"": ""revealed""}, {""entity"": ""pneumonia""}, {""entity"": ""drains""}, {""entity"": ""bilateral lower lobe pneumonia""}, {""entity"": ""chest""}, {""entity"": ""abdomen""}, {""entity"": ""lobe""}, {""entity"": ""right upper quadrant""}] <|im_end|>","<|im_start|>user Extract the entities contained in the text. Extract only entities contained in the text.
Return the result in a json format: [{""entity"":""entity_name""}]. <<<We present a case of a 32-year-old woman with a history of gradual enlargement of the anterior neck.>>> <|im_end|><|im_start|>assistant [{""entity"": ""present""}, {""entity"": ""history""}, {""entity"": ""enlargement""}] <|im_end|>
<|im_start|>user Extract the entities contained in the text. Extract only entities contained in the text.
Return the result in a json format: [{""entity"":""entity_name""}]. <<<Patient information: a 9-month-old boy presented to the emergency room with a 3-day history of refusal to bear weight on the right lower extremity and febrile peaks of up to 38.5°C for 24 hours.>>> <|im_end|><|im_start|>assistant [{""entity"": ""presented""}, {""entity"": ""refusal""}, {""entity"": ""bear""}, {""entity"": ""peaks""}] <|im_end|>
<|im_start|>user Extract the entities contained in the text. Extract only entities contained in the text.
Return the result in a json format: [{""entity"":""entity_name""}]. <<A computed tomography scan of his chest and abdomen revealed bilateral lower lobe pneumonia and two retained Jackson-Pratt drains in the right upper quadrant.>>> <|im_end|><|im_start|>assistant","[{""entity"": ""scan""}, {""entity"": ""revealed""}, {""entity"": ""pneumonia""}, {""entity"": ""drains""}, {""entity"": ""bilateral lower lobe pneumonia""}, {""entity"": ""chest""}, {""entity"": ""abdomen""}, {""entity"": ""lobe""}, {""entity"": ""right upper quadrant""}] ","[{""entity"": ""scan""}, {""entity"": ""revealed""}, {""entity"": ""pneumonia""}, {""entity"": ""dr"
"He was taken to the operating room for drain removal, a right hemicolectomy, debridement of a duodenal injury, a Roux-en-y duodenojejunostomy, and an end ileostomy.","[{'id': '1687', 'offsets': array([30, 34]), 'role': '', 'semantic_type_id': '', 'text': 'room', 'type': 'EVENT'}
 {'id': '1702', 'offsets': array([45, 52]), 'role': '', 'semantic_type_id': '', 'text': 'removal', 'type': 'EVENT'}
 {'id': '1717', 'offsets': array([62, 75]), 'role': '', 'semantic_type_id': '', 'text': 'hemicolectomy', 'type': 'EVENT'}
 {'id': '1732', 'offsets': array([77, 88]), 'role': '', 'semantic_type_id': '', 'text': 'debridement', 'type': 'EVENT'}
 {'id': '1747', 'offsets': array([154, 163]), 'role': '', 'semantic_type_id': '', 'text': 'ileostomy', 'type': 'EVENT'}
 {'id': '1959', 'offsets': array([0, 2]), 'role': 'PATIENT', 'semantic_type_id': '', 'text': 'He', 'type': 'ACTOR'}]","A 24-year-old African-American man presented to our Emergency Department with a one-week history of fever, dyspnea, cough, and abdominal pain. A computed tomography scan of his chest and abdomen revealed bilateral lower lobe pneumonia and two retained Jackson-Pratt drains in the right upper quadrant. He was taken to the operating room for drain removal, a right hemicolectomy, debridement of a duodenal injury, a Roux-en-y duodenojejunostomy, and an end ileostomy. He subsequently became increasing hypoxemic in the intensive care unit and a bronchoperitoneal fistula was diagnosed. He required high-frequency oscillatory ventilation followed by lung isolation, and was successfully resuscitated using these techniques.
",EN107559,"<|im_start|>user Extract the entities contained in the text. Extract only entities contained in the text.
Return the result in a json format: [{""entity"":""entity_name""}]. <<He was taken to the operating room for drain removal, a right hemicolectomy, debridement of a duodenal injury, a Roux-en-y duodenojejunostomy, and an end ileostomy.>>> <|im_end|><|im_start|>assistant[{""entity"": ""room""}, {""entity"": ""removal""}, {""entity"": ""hemicolectomy""}, {""entity"": ""debridement""}, {""entity"": ""ileostomy""}, {""entity"": ""He""}] <|im_end|>","<|im_start|>user Extract the entities contained in the text. Extract only entities contained in the text.
Return the result in a json format: [{""entity"":""entity_name""}]. <<<We present a case of a 32-year-old woman with a history of gradual enlargement of the anterior neck.>>> <|im_end|><|im_start|>assistant [{""entity"": ""present""}, {""entity"": ""history""}, {""entity"": ""enlargement""}] <|im_end|>
<|im_start|>user Extract the entities contained in the text. Extract only entities contained in the text.
Return the result in a json format: [{""entity"":""entity_name""}]. <<<Patient information: a 9-month-old boy presented to the emergency room with a 3-day history of refusal to bear weight on the right lower extremity and febrile peaks of up to 38.5°C for 24 hours.>>> <|im_end|><|im_start|>assistant [{""entity"": ""presented""}, {""entity"": ""refusal""}, {""entity"": ""bear""}, {""entity"": ""peaks""}] <|im_end|>
<|im_start|>user Extract the entities contained in the text. Extract only entities contained in the text.
Return the result in a json format: [{""entity"":""entity_name""}]. <<He was taken to the operating room for drain removal, a right hemicolectomy, debridement of a duodenal injury, a Roux-en-y duodenojejunostomy, and an end ileostomy.>>> <|im_end|><|im_start|>assistant","[{""entity"": ""room""}, {""entity"": ""removal""}, {""entity"": ""hemicolectomy""}, {""entity"": ""debridement""}, {""entity"": ""ileostomy""}, {""entity"": ""He""}] ","[{""entity"": ""taken""}, {""entity"": ""removal""}, {""entity"": ""hemicolectomy""}, {""entity"": ""de"
"He required high-frequency oscillatory ventilation followed by lung isolation, and was successfully resuscitated using these techniques.","[{'id': '1807', 'offsets': array([ 3, 11]), 'role': '', 'semantic_type_id': '', 'text': 'required', 'type': 'EVENT'}
 {'id': '1822', 'offsets': array([39, 50]), 'role': '', 'semantic_type_id': '', 'text': 'ventilation', 'type': 'EVENT'}
 {'id': '1837', 'offsets': array([68, 77]), 'role': '', 'semantic_type_id': '', 'text': 'isolation', 'type': 'EVENT'}
 {'id': '1852', 'offsets': array([100, 112]), 'role': '', 'semantic_type_id': '', 'text': 'resuscitated', 'type': 'EVENT'}
 {'id': '1946', 'offsets': array([63, 67]), 'role': '', 'semantic_type_id': '', 'text': 'lung', 'type': 'BODYPART'}
 {'id': '1973', 'offsets': array([0, 2]), 'role': 'PATIENT', 'semantic_type_id': '', 'text': 'He', 'type': 'ACTOR'}
 {'id': '1998', 'offsets': array([51, 59]), 'role': '', 'semantic_type_id': '', 'text': 'followed', 'type': 'TIMEX3'}]","A 24-year-old African-American man presented to our Emergency Department with a one-week history of fever, dyspnea, cough, and abdominal pain. A computed tomography scan of his chest and abdomen revealed bilateral lower lobe pneumonia and two retained Jackson-Pratt drains in the right upper quadrant. He was taken to the operating room for drain removal, a right hemicolectomy, debridement of a duodenal injury, a Roux-en-y duodenojejunostomy, and an end ileostomy. He subsequently became increasing hypoxemic in the intensive care unit and a bronchoperitoneal fistula was diagnosed. He required high-frequency oscillatory ventilation followed by lung isolation, and was successfully resuscitated using these techniques.
",EN107559,"<|im_start|>user Extract the entities contained in the text. Extract only entities contained in the text.
Return the result in a json format: [{""entity"":""entity_name""}]. <<He required high-frequency oscillatory ventilation followed by lung isolation, and was successfully resuscitated using these techniques.>>> <|im_end|><|im_start|>assistant[{""entity"": ""required""}, {""entity"": ""ventilation""}, {""entity"": ""isolation""}, {""entity"": ""resuscitated""}, {""entity"": ""lung""}, {""entity"": ""He""}, {""entity"": ""followed""}] <|im_end|>","<|im_start|>user Extract the entities contained in the text. Extract only entities contained in the text.
Return the result in a json format: [{""entity"":""entity_name""}]. <<<We present a case of a 32-year-old woman with a history of gradual enlargement of the anterior neck.>>> <|im_end|><|im_start|>assistant [{""entity"": ""present""}, {""entity"": ""history""}, {""entity"": ""enlargement""}] <|im_end|>
<|im_start|>user Extract the entities contained in the text. Extract only entities contained in the text.
Return the result in a json format: [{""entity"":""entity_name""}]. <<<Patient information: a 9-month-old boy presented to the emergency room with a 3-day history of refusal to bear weight on the right lower extremity and febrile peaks of up to 38.5°C for 24 hours.>>> <|im_end|><|im_start|>assistant [{""entity"": ""presented""}, {""entity"": ""refusal""}, {""entity"": ""bear""}, {""entity"": ""peaks""}] <|im_end|>
<|im_start|>user Extract the entities contained in the text. Extract only entities contained in the text.
Return the result in a json format: [{""entity"":""entity_name""}]. <<He required high-frequency oscillatory ventilation followed by lung isolation, and was successfully resuscitated using these techniques.>>> <|im_end|><|im_start|>assistant","[{""entity"": ""required""}, {""entity"": ""ventilation""}, {""entity"": ""isolation""}, {""entity"": ""resuscitated""}, {""entity"": ""lung""}, {""entity"": ""He""}, {""entity"": ""followed""}] ","[{""entity"": ""ventilation""}, {""entity"": ""isolation""}, {""entity"": ""resuscitated""}, {""entity"": ""He"
A 29-year-old man was admitted to our hospital with an unidentified fever.,"[{'id': '1679', 'offsets': array([22, 30]), 'role': '', 'semantic_type_id': '', 'text': 'admitted', 'type': 'EVENT'}
 {'id': '1694', 'offsets': array([68, 73]), 'role': '', 'semantic_type_id': '', 'text': 'fever', 'type': 'EVENT'}
 {'id': '2061', 'offsets': array([ 0, 17]), 'role': 'PATIENT', 'semantic_type_id': '', 'text': 'A 29-year-old man', 'type': 'ACTOR'}]","A 29-year-old man was admitted to our hospital with an unidentified fever. He was diagnosed with malignant lymphoma (extra-nodal NK/T cell lymphoma nasal type), and chemotherapy was administered. After chemotherapy, nodular lung shadows along with new brain, cervical, and myocardial abscesses appeared, despite anti-bacterial/fungal therapy. Gene analysis of the cervical abscess biopsy revealed the presence of Aspergillus fumigatus species, and the transesophageal echocardiogram showed a mobile mural vegetation in the left ventricle (22 × 8 mm). He underwent surgical resection of this mural vegetation. His postoperative course was uneventful. He remains healthy at 28 months after surgery with continued oral antifungal therapy.
",EN101114,"<|im_start|>user Extract the entities contained in the text. Extract only entities contained in the text.
Return the result in a json format: [{""entity"":""entity_name""}]. <<A 29-year-old man was admitted to our hospital with an unidentified fever.>>> <|im_end|><|im_start|>assistant[{""entity"": ""admitted""}, {""entity"": ""fever""}, {""entity"": ""A 29-year-old man""}] <|im_end|>","<|im_start|>user Extract the entities contained in the text. Extract only entities contained in the text.
Return the result in a json format: [{""entity"":""entity_name""}]. <<<We present a case of a 32-year-old woman with a history of gradual enlargement of the anterior neck.>>> <|im_end|><|im_start|>assistant [{""entity"": ""present""}, {""entity"": ""history""}, {""entity"": ""enlargement""}] <|im_end|>
<|im_start|>user Extract the entities contained in the text. Extract only entities contained in the text.
Return the result in a json format: [{""entity"":""entity_name""}]. <<<Patient information: a 9-month-old boy presented to the emergency room with a 3-day history of refusal to bear weight on the right lower extremity and febrile peaks of up to 38.5°C for 24 hours.>>> <|im_end|><|im_start|>assistant [{""entity"": ""presented""}, {""entity"": ""refusal""}, {""entity"": ""bear""}, {""entity"": ""peaks""}] <|im_end|>
<|im_start|>user Extract the entities contained in the text. Extract only entities contained in the text.
Return the result in a json format: [{""entity"":""entity_name""}]. <<A 29-year-old man was admitted to our hospital with an unidentified fever.>>> <|im_end|><|im_start|>assistant","[{""entity"": ""admitted""}, {""entity"": ""fever""}, {""entity"": ""A 29-year-old man""}] ","[{""entity"": ""admitted""}, {""entity"": ""fever""}, {""entity"": ""A 29-year-old man""}]"
"He was diagnosed with malignant lymphoma (extra-nodal NK/T cell lymphoma nasal type), and chemotherapy was administered.","[{'id': '1709', 'offsets': array([ 7, 16]), 'role': '', 'semantic_type_id': '', 'text': 'diagnosed', 'type': 'EVENT'}
 {'id': '1724', 'offsets': array([32, 40]), 'role': '', 'semantic_type_id': '', 'text': 'lymphoma', 'type': 'EVENT'}
 {'id': '1739', 'offsets': array([ 90, 102]), 'role': '', 'semantic_type_id': '', 'text': 'chemotherapy', 'type': 'EVENT'}
 {'id': '1986', 'offsets': array([22, 40]), 'role': '', 'semantic_type_id': 'C0334633', 'text': 'malignant lymphoma', 'type': 'CLINENTITY'}
 {'id': '1993', 'offsets': array([42, 84]), 'role': '', 'semantic_type_id': 'C0392788', 'text': 'extra-nodal NK/T cell lymphoma nasal type)', 'type': 'CLINENTITY'}
 {'id': '2068', 'offsets': array([0, 2]), 'role': 'PATIENT', 'semantic_type_id': '', 'text': 'He', 'type': 'ACTOR'}]","A 29-year-old man was admitted to our hospital with an unidentified fever. He was diagnosed with malignant lymphoma (extra-nodal NK/T cell lymphoma nasal type), and chemotherapy was administered. After chemotherapy, nodular lung shadows along with new brain, cervical, and myocardial abscesses appeared, despite anti-bacterial/fungal therapy. Gene analysis of the cervical abscess biopsy revealed the presence of Aspergillus fumigatus species, and the transesophageal echocardiogram showed a mobile mural vegetation in the left ventricle (22 × 8 mm). He underwent surgical resection of this mural vegetation. His postoperative course was uneventful. He remains healthy at 28 months after surgery with continued oral antifungal therapy.
",EN101114,"<|im_start|>user Extract the entities contained in the text. Extract only entities contained in the text.
Return the result in a json format: [{""entity"":""entity_name""}]. <<He was diagnosed with malignant lymphoma (extra-nodal NK/T cell lymphoma nasal type), and chemotherapy was administered.>>> <|im_end|><|im_start|>assistant[{""entity"": ""diagnosed""}, {""entity"": ""lymphoma""}, {""entity"": ""chemotherapy""}, {""entity"": ""malignant lymphoma""}, {""entity"": ""extra-nodal NK/T cell lymphoma nasal type)""}, {""entity"": ""He""}] <|im_end|>","<|im_start|>user Extract the entities contained in the text. Extract only entities contained in the text.
Return the result in a json format: [{""entity"":""entity_name""}]. <<<We present a case of a 32-year-old woman with a history of gradual enlargement of the anterior neck.>>> <|im_end|><|im_start|>assistant [{""entity"": ""present""}, {""entity"": ""history""}, {""entity"": ""enlargement""}] <|im_end|>
<|im_start|>user Extract the entities contained in the text. Extract only entities contained in the text.
Return the result in a json format: [{""entity"":""entity_name""}]. <<<Patient information: a 9-month-old boy presented to the emergency room with a 3-day history of refusal to bear weight on the right lower extremity and febrile peaks of up to 38.5°C for 24 hours.>>> <|im_end|><|im_start|>assistant [{""entity"": ""presented""}, {""entity"": ""refusal""}, {""entity"": ""bear""}, {""entity"": ""peaks""}] <|im_end|>
<|im_start|>user Extract the entities contained in the text. Extract only entities contained in the text.
Return the result in a json format: [{""entity"":""entity_name""}]. <<He was diagnosed with malignant lymphoma (extra-nodal NK/T cell lymphoma nasal type), and chemotherapy was administered.>>> <|im_end|><|im_start|>assistant","[{""entity"": ""diagnosed""}, {""entity"": ""lymphoma""}, {""entity"": ""chemotherapy""}, {""entity"": ""malignant lymphoma""}, {""entity"": ""extra-nodal NK/T cell lymphoma nasal type)""}, {""entity"": ""He""}] ","[{""entity"": ""diagnosed""}, {""entity"": ""lymphoma""}, {""entity"": ""chemotherapy""}, {""entity"": """
"After chemotherapy, nodular lung shadows along with new brain, cervical, and myocardial abscesses appeared, despite anti-bacterial/fungal therapy.","[{'id': '1754', 'offsets': array([ 6, 18]), 'role': '', 'semantic_type_id': '', 'text': 'chemotherapy', 'type': 'EVENT'}
 {'id': '1769', 'offsets': array([ 98, 106]), 'role': '', 'semantic_type_id': '', 'text': 'appeared', 'type': 'EVENT'}
 {'id': '2000', 'offsets': array([28, 40]), 'role': '', 'semantic_type_id': 'C0476367', 'text': 'lung shadows', 'type': 'CLINENTITY'}
 {'id': '2007', 'offsets': array([56, 97]), 'role': '', 'semantic_type_id': 'C0006105', 'text': 'brain, cervical, and myocardial abscesses', 'type': 'CLINENTITY'}
 {'id': '2014', 'offsets': array([63, 97]), 'role': '', 'semantic_type_id': 'C0702176', 'text': 'cervical, and myocardial abscesses', 'type': 'CLINENTITY'}
 {'id': '2021', 'offsets': array([77, 97]), 'role': '', 'semantic_type_id': 'CUILESS', 'text': 'myocardial abscesses', 'type': 'CLINENTITY'}
 {'id': '2049', 'offsets': array([20, 97]), 'role': '', 'semantic_type_id': '', 'text': 'nodular lung shadows along with new brain, cervical, and myocardial abscesses', 'type': 'BODYPART'}]","A 29-year-old man was admitted to our hospital with an unidentified fever. He was diagnosed with malignant lymphoma (extra-nodal NK/T cell lymphoma nasal type), and chemotherapy was administered. After chemotherapy, nodular lung shadows along with new brain, cervical, and myocardial abscesses appeared, despite anti-bacterial/fungal therapy. Gene analysis of the cervical abscess biopsy revealed the presence of Aspergillus fumigatus species, and the transesophageal echocardiogram showed a mobile mural vegetation in the left ventricle (22 × 8 mm). He underwent surgical resection of this mural vegetation. His postoperative course was uneventful. He remains healthy at 28 months after surgery with continued oral antifungal therapy.
",EN101114,"<|im_start|>user Extract the entities contained in the text. Extract only entities contained in the text.
Return the result in a json format: [{""entity"":""entity_name""}]. <<After chemotherapy, nodular lung shadows along with new brain, cervical, and myocardial abscesses appeared, despite anti-bacterial/fungal therapy.>>> <|im_end|><|im_start|>assistant[{""entity"": ""chemotherapy""}, {""entity"": ""appeared""}, {""entity"": ""lung shadows""}, {""entity"": ""brain, cervical, and myocardial abscesses""}, {""entity"": ""cervical, and myocardial abscesses""}, {""entity"": ""myocardial abscesses""}, {""entity"": ""nodular lung shadows along with new brain, cervical, and myocardial abscesses""}] <|im_end|>","<|im_start|>user Extract the entities contained in the text. Extract only entities contained in the text.
Return the result in a json format: [{""entity"":""entity_name""}]. <<<We present a case of a 32-year-old woman with a history of gradual enlargement of the anterior neck.>>> <|im_end|><|im_start|>assistant [{""entity"": ""present""}, {""entity"": ""history""}, {""entity"": ""enlargement""}] <|im_end|>
<|im_start|>user Extract the entities contained in the text. Extract only entities contained in the text.
Return the result in a json format: [{""entity"":""entity_name""}]. <<<Patient information: a 9-month-old boy presented to the emergency room with a 3-day history of refusal to bear weight on the right lower extremity and febrile peaks of up to 38.5°C for 24 hours.>>> <|im_end|><|im_start|>assistant [{""entity"": ""presented""}, {""entity"": ""refusal""}, {""entity"": ""bear""}, {""entity"": ""peaks""}] <|im_end|>
<|im_start|>user Extract the entities contained in the text. Extract only entities contained in the text.
Return the result in a json format: [{""entity"":""entity_name""}]. <<After chemotherapy, nodular lung shadows along with new brain, cervical, and myocardial abscesses appeared, despite anti-bacterial/fungal therapy.>>> <|im_end|><|im_start|>assistant","[{""entity"": ""chemotherapy""}, {""entity"": ""appeared""}, {""entity"": ""lung shadows""}, {""entity"": ""brain, cervical, and myocardial abscesses""}, {""entity"": ""cervical, and myocardial abscesses""}, {""entity"": ""myocardial abscesses""}, {""entity"": ""nodular lung shadows along with new brain, cervical, and myocardial abscesses""}] ","[{""entity"": ""chemotherapy""}, {""entity"": ""shadows""}, {""entity"": ""appeared""}, {""entity"": ""therapy""}, {"""
He underwent surgical resection of this mural vegetation.,"[{'id': '1874', 'offsets': array([22, 31]), 'role': '', 'semantic_type_id': '', 'text': 'resection', 'type': 'EVENT'}
 {'id': '2042', 'offsets': array([46, 56]), 'role': '', 'semantic_type_id': 'C1285498', 'text': 'vegetation', 'type': 'CLINENTITY'}
 {'id': '2075', 'offsets': array([0, 2]), 'role': 'PATIENT', 'semantic_type_id': '', 'text': 'He', 'type': 'ACTOR'}]","A 29-year-old man was admitted to our hospital with an unidentified fever. He was diagnosed with malignant lymphoma (extra-nodal NK/T cell lymphoma nasal type), and chemotherapy was administered. After chemotherapy, nodular lung shadows along with new brain, cervical, and myocardial abscesses appeared, despite anti-bacterial/fungal therapy. Gene analysis of the cervical abscess biopsy revealed the presence of Aspergillus fumigatus species, and the transesophageal echocardiogram showed a mobile mural vegetation in the left ventricle (22 × 8 mm). He underwent surgical resection of this mural vegetation. His postoperative course was uneventful. He remains healthy at 28 months after surgery with continued oral antifungal therapy.
",EN101114,"<|im_start|>user Extract the entities contained in the text. Extract only entities contained in the text.
Return the result in a json format: [{""entity"":""entity_name""}]. <<He underwent surgical resection of this mural vegetation.>>> <|im_end|><|im_start|>assistant[{""entity"": ""resection""}, {""entity"": ""vegetation""}, {""entity"": ""He""}] <|im_end|>","<|im_start|>user Extract the entities contained in the text. Extract only entities contained in the text.
Return the result in a json format: [{""entity"":""entity_name""}]. <<<We present a case of a 32-year-old woman with a history of gradual enlargement of the anterior neck.>>> <|im_end|><|im_start|>assistant [{""entity"": ""present""}, {""entity"": ""history""}, {""entity"": ""enlargement""}] <|im_end|>
<|im_start|>user Extract the entities contained in the text. Extract only entities contained in the text.
Return the result in a json format: [{""entity"":""entity_name""}]. <<<Patient information: a 9-month-old boy presented to the emergency room with a 3-day history of refusal to bear weight on the right lower extremity and febrile peaks of up to 38.5°C for 24 hours.>>> <|im_end|><|im_start|>assistant [{""entity"": ""presented""}, {""entity"": ""refusal""}, {""entity"": ""bear""}, {""entity"": ""peaks""}] <|im_end|>
<|im_start|>user Extract the entities contained in the text. Extract only entities contained in the text.
Return the result in a json format: [{""entity"":""entity_name""}]. <<He underwent surgical resection of this mural vegetation.>>> <|im_end|><|im_start|>assistant","[{""entity"": ""resection""}, {""entity"": ""vegetation""}, {""entity"": ""He""}] ","[{""entity"": ""resection""}, {""entity"": ""vegetation""}, {""entity"": ""mural vegetation""}, {""entity"": ""He"
His postoperative course was uneventful.,"[{'id': '1889', 'offsets': array([18, 24]), 'role': '', 'semantic_type_id': '', 'text': 'course', 'type': 'EVENT'}
 {'id': '2089', 'offsets': array([ 4, 17]), 'role': '', 'semantic_type_id': '', 'text': 'postoperative', 'type': 'TIMEX3'}]","A 29-year-old man was admitted to our hospital with an unidentified fever. He was diagnosed with malignant lymphoma (extra-nodal NK/T cell lymphoma nasal type), and chemotherapy was administered. After chemotherapy, nodular lung shadows along with new brain, cervical, and myocardial abscesses appeared, despite anti-bacterial/fungal therapy. Gene analysis of the cervical abscess biopsy revealed the presence of Aspergillus fumigatus species, and the transesophageal echocardiogram showed a mobile mural vegetation in the left ventricle (22 × 8 mm). He underwent surgical resection of this mural vegetation. His postoperative course was uneventful. He remains healthy at 28 months after surgery with continued oral antifungal therapy.
",EN101114,"<|im_start|>user Extract the entities contained in the text. Extract only entities contained in the text.
Return the result in a json format: [{""entity"":""entity_name""}]. <<His postoperative course was uneventful.>>> <|im_end|><|im_start|>assistant[{""entity"": ""course""}, {""entity"": ""postoperative""}] <|im_end|>","<|im_start|>user Extract the entities contained in the text. Extract only entities contained in the text.
Return the result in a json format: [{""entity"":""entity_name""}]. <<<We present a case of a 32-year-old woman with a history of gradual enlargement of the anterior neck.>>> <|im_end|><|im_start|>assistant [{""entity"": ""present""}, {""entity"": ""history""}, {""entity"": ""enlargement""}] <|im_end|>
<|im_start|>user Extract the entities contained in the text. Extract only entities contained in the text.
Return the result in a json format: [{""entity"":""entity_name""}]. <<<Patient information: a 9-month-old boy presented to the emergency room with a 3-day history of refusal to bear weight on the right lower extremity and febrile peaks of up to 38.5°C for 24 hours.>>> <|im_end|><|im_start|>assistant [{""entity"": ""presented""}, {""entity"": ""refusal""}, {""entity"": ""bear""}, {""entity"": ""peaks""}] <|im_end|>
<|im_start|>user Extract the entities contained in the text. Extract only entities contained in the text.
Return the result in a json format: [{""entity"":""entity_name""}]. <<His postoperative course was uneventful.>>> <|im_end|><|im_start|>assistant","[{""entity"": ""course""}, {""entity"": ""postoperative""}] ","[{""entity"": ""course""}, {""entity"": ""uneventful""}, {""entity"": ""postoperative""}] <|im_end|><|im_end|><|im_end|><|im_end|>"
A 19-year-old healthy man was admitted to our cardiology department following a syncopal episode.,"[{'id': '4832', 'offsets': array([30, 38]), 'role': '', 'semantic_type_id': '', 'text': 'admitted', 'type': 'EVENT'}
 {'id': '4847', 'offsets': array([89, 96]), 'role': '', 'semantic_type_id': '', 'text': 'episode', 'type': 'EVENT'}
 {'id': '6244', 'offsets': array([80, 96]), 'role': '', 'semantic_type_id': 'C0751534', 'text': 'syncopal episode', 'type': 'CLINENTITY'}
 {'id': '4776', 'offsets': array([ 0, 25]), 'role': 'PATIENT', 'semantic_type_id': '', 'text': 'A 19-year-old healthy man', 'type': 'ACTOR'}]","A 19-year-old healthy man was admitted to our cardiology department following a syncopal episode. His past medical history was unremarkable. He no family history of heart disease or sudden death. Two-days prior the syncope, he developed chest pain and an influenza-like illness consisting of fevers, rhinorrhea, and sore throat. At the physical exam, the patient was febrile at 39°C. He had an inflamed throat, bradycardia at cardiac auscultation and there were no signs of heart failure. The electrocardiogram (EKG) showed grade III atrioventricular (AV) bloc with a ventricular rate of 38 beats per minute. Laboratory studies were remarkable for a HS-troponin level 181ng/L, a white blood cell count of 14270/mm³ with 48% lymphocytes, and elevated C-reactive protein at 90mg/L. Serum electrolytes, kidney and liver functions were within normal limits. A chest X-ray showed an appropriate cardiac size. The initial transthoracic echocardiography (TTE) showed a normal global left ventricular function (left ventricular ejection fraction (LVEF) 60%) and wall motion abnormalities (anteroseptal hypokinesia), with reduced left ventricular global longitudinal strain (LV GLS= -14.1%). Cardiac magnetic resonance (CMR) showed increased signal intensity at the mid-lateral wall on T2-weighted images. Late enhancement revealed a patchy subepicardial hyperenhancement of the medio-distal segments of the anterior and anterolateral walls which confirm the diagnosis of myocarditis. The patient was treated with cefotaxime and doxycycline. All serological tests (chlamydia, coxiella, mycoplasma, rickettsia, lyme and bartonella) obtained during the hospitalization were negative. Five days later, the patient was asymptomatic. The 24 hours ECG monitoring showed a sinus rhythm. The TTE revealed a normal LVEF and an improvement in the LVGLS with segmental reduced values concordant with the CMR abnormalities. At one-month follow-up the patient made a full recovery without any recurring cardiovascular symptoms or abnormal electrocardiographic or echocardiographic findings.
",EN100682,"<|im_start|>user Extract the entities contained in the text. Extract only entities contained in the text.
Return the result in a json format: [{""entity"":""entity_name""}]. <<A 19-year-old healthy man was admitted to our cardiology department following a syncopal episode.>>> <|im_end|><|im_start|>assistant[{""entity"": ""admitted""}, {""entity"": ""episode""}, {""entity"": ""syncopal episode""}, {""entity"": ""A 19-year-old healthy man""}] <|im_end|>","<|im_start|>user Extract the entities contained in the text. Extract only entities contained in the text.
Return the result in a json format: [{""entity"":""entity_name""}]. <<<We present a case of a 32-year-old woman with a history of gradual enlargement of the anterior neck.>>> <|im_end|><|im_start|>assistant [{""entity"": ""present""}, {""entity"": ""history""}, {""entity"": ""enlargement""}] <|im_end|>
<|im_start|>user Extract the entities contained in the text. Extract only entities contained in the text.
Return the result in a json format: [{""entity"":""entity_name""}]. <<<Patient information: a 9-month-old boy presented to the emergency room with a 3-day history of refusal to bear weight on the right lower extremity and febrile peaks of up to 38.5°C for 24 hours.>>> <|im_end|><|im_start|>assistant [{""entity"": ""presented""}, {""entity"": ""refusal""}, {""entity"": ""bear""}, {""entity"": ""peaks""}] <|im_end|>
<|im_start|>user Extract the entities contained in the text. Extract only entities contained in the text.
Return the result in a json format: [{""entity"":""entity_name""}]. <<A 19-year-old healthy man was admitted to our cardiology department following a syncopal episode.>>> <|im_end|><|im_start|>assistant","[{""entity"": ""admitted""}, {""entity"": ""episode""}, {""entity"": ""syncopal episode""}, {""entity"": ""A 19-year-old healthy man""}] ","[{""entity"": ""admitted""}, {""entity"": ""episode""}, {""entity"": ""syncopal""}, {""entity"": ""A 1"
He no family history of heart disease or sudden death.,"[{'id': '4892', 'offsets': array([30, 37]), 'role': '', 'semantic_type_id': '', 'text': 'disease', 'type': 'EVENT'}
 {'id': '4907', 'offsets': array([48, 53]), 'role': '', 'semantic_type_id': '', 'text': 'death', 'type': 'EVENT'}
 {'id': '6245', 'offsets': array([24, 37]), 'role': '', 'semantic_type_id': 'C0018799', 'text': 'heart disease', 'type': 'CLINENTITY'}
 {'id': '6246', 'offsets': array([41, 53]), 'role': '', 'semantic_type_id': 'C0011071', 'text': 'sudden death', 'type': 'CLINENTITY'}
 {'id': '6005', 'offsets': array([24, 29]), 'role': '', 'semantic_type_id': '', 'text': 'heart', 'type': 'BODYPART'}
 {'id': '4783', 'offsets': array([0, 2]), 'role': 'PATIENT', 'semantic_type_id': '', 'text': 'He', 'type': 'ACTOR'}]","A 19-year-old healthy man was admitted to our cardiology department following a syncopal episode. His past medical history was unremarkable. He no family history of heart disease or sudden death. Two-days prior the syncope, he developed chest pain and an influenza-like illness consisting of fevers, rhinorrhea, and sore throat. At the physical exam, the patient was febrile at 39°C. He had an inflamed throat, bradycardia at cardiac auscultation and there were no signs of heart failure. The electrocardiogram (EKG) showed grade III atrioventricular (AV) bloc with a ventricular rate of 38 beats per minute. Laboratory studies were remarkable for a HS-troponin level 181ng/L, a white blood cell count of 14270/mm³ with 48% lymphocytes, and elevated C-reactive protein at 90mg/L. Serum electrolytes, kidney and liver functions were within normal limits. A chest X-ray showed an appropriate cardiac size. The initial transthoracic echocardiography (TTE) showed a normal global left ventricular function (left ventricular ejection fraction (LVEF) 60%) and wall motion abnormalities (anteroseptal hypokinesia), with reduced left ventricular global longitudinal strain (LV GLS= -14.1%). Cardiac magnetic resonance (CMR) showed increased signal intensity at the mid-lateral wall on T2-weighted images. Late enhancement revealed a patchy subepicardial hyperenhancement of the medio-distal segments of the anterior and anterolateral walls which confirm the diagnosis of myocarditis. The patient was treated with cefotaxime and doxycycline. All serological tests (chlamydia, coxiella, mycoplasma, rickettsia, lyme and bartonella) obtained during the hospitalization were negative. Five days later, the patient was asymptomatic. The 24 hours ECG monitoring showed a sinus rhythm. The TTE revealed a normal LVEF and an improvement in the LVGLS with segmental reduced values concordant with the CMR abnormalities. At one-month follow-up the patient made a full recovery without any recurring cardiovascular symptoms or abnormal electrocardiographic or echocardiographic findings.
",EN100682,"<|im_start|>user Extract the entities contained in the text. Extract only entities contained in the text.
Return the result in a json format: [{""entity"":""entity_name""}]. <<He no family history of heart disease or sudden death.>>> <|im_end|><|im_start|>assistant[{""entity"": ""disease""}, {""entity"": ""death""}, {""entity"": ""heart disease""}, {""entity"": ""sudden death""}, {""entity"": ""heart""}, {""entity"": ""He""}] <|im_end|>","<|im_start|>user Extract the entities contained in the text. Extract only entities contained in the text.
Return the result in a json format: [{""entity"":""entity_name""}]. <<<We present a case of a 32-year-old woman with a history of gradual enlargement of the anterior neck.>>> <|im_end|><|im_start|>assistant [{""entity"": ""present""}, {""entity"": ""history""}, {""entity"": ""enlargement""}] <|im_end|>
<|im_start|>user Extract the entities contained in the text. Extract only entities contained in the text.
Return the result in a json format: [{""entity"":""entity_name""}]. <<<Patient information: a 9-month-old boy presented to the emergency room with a 3-day history of refusal to bear weight on the right lower extremity and febrile peaks of up to 38.5°C for 24 hours.>>> <|im_end|><|im_start|>assistant [{""entity"": ""presented""}, {""entity"": ""refusal""}, {""entity"": ""bear""}, {""entity"": ""peaks""}] <|im_end|>
<|im_start|>user Extract the entities contained in the text. Extract only entities contained in the text.
Return the result in a json format: [{""entity"":""entity_name""}]. <<He no family history of heart disease or sudden death.>>> <|im_end|><|im_start|>assistant","[{""entity"": ""disease""}, {""entity"": ""death""}, {""entity"": ""heart disease""}, {""entity"": ""sudden death""}, {""entity"": ""heart""}, {""entity"": ""He""}] ","[{""entity"": ""history""}, {""entity"": ""disease""}, {""entity"": ""death""}, {""entity"": ""heart""}, {""entity"
"Two-days prior the syncope, he developed chest pain and an influenza-like illness consisting of fevers, rhinorrhea, and sore throat.","[{'id': '4922', 'offsets': array([19, 26]), 'role': '', 'semantic_type_id': '', 'text': 'syncope', 'type': 'EVENT'}
 {'id': '4937', 'offsets': array([47, 51]), 'role': '', 'semantic_type_id': '', 'text': 'pain', 'type': 'EVENT'}
 {'id': '4952', 'offsets': array([74, 81]), 'role': '', 'semantic_type_id': '', 'text': 'illness', 'type': 'EVENT'}
 {'id': '4967', 'offsets': array([ 96, 102]), 'role': '', 'semantic_type_id': '', 'text': 'fevers', 'type': 'EVENT'}
 {'id': '4982', 'offsets': array([104, 114]), 'role': '', 'semantic_type_id': '', 'text': 'rhinorrhea', 'type': 'EVENT'}
 {'id': '6247', 'offsets': array([19, 26]), 'role': '', 'semantic_type_id': 'C0039070', 'text': 'syncope', 'type': 'CLINENTITY'}
 {'id': '6248', 'offsets': array([41, 51]), 'role': '', 'semantic_type_id': 'C0008031', 'text': 'chest pain', 'type': 'CLINENTITY'}
 {'id': '6249', 'offsets': array([ 96, 102]), 'role': '', 'semantic_type_id': 'C0015967', 'text': 'fevers', 'type': 'CLINENTITY'}
 {'id': '6250', 'offsets': array([104, 114]), 'role': '', 'semantic_type_id': 'C1260880', 'text': 'rhinorrhea', 'type': 'CLINENTITY'}
 {'id': '6251', 'offsets': array([120, 131]), 'role': '', 'semantic_type_id': 'C0242429', 'text': 'sore throat', 'type': 'CLINENTITY'}
 {'id': '6011', 'offsets': array([41, 46]), 'role': '', 'semantic_type_id': '', 'text': 'chest', 'type': 'BODYPART'}
 {'id': '6017', 'offsets': array([120, 131]), 'role': '', 'semantic_type_id': '', 'text': 'sore throat', 'type': 'BODYPART'}
 {'id': '4790', 'offsets': array([28, 30]), 'role': 'PATIENT', 'semantic_type_id': '', 'text': 'he', 'type': 'ACTOR'}
 {'id': '6077', 'offsets': array([0, 8]), 'role': '', 'semantic_type_id': '', 'text': 'Two-days', 'type': 'TIMEX3'}]","A 19-year-old healthy man was admitted to our cardiology department following a syncopal episode. His past medical history was unremarkable. He no family history of heart disease or sudden death. Two-days prior the syncope, he developed chest pain and an influenza-like illness consisting of fevers, rhinorrhea, and sore throat. At the physical exam, the patient was febrile at 39°C. He had an inflamed throat, bradycardia at cardiac auscultation and there were no signs of heart failure. The electrocardiogram (EKG) showed grade III atrioventricular (AV) bloc with a ventricular rate of 38 beats per minute. Laboratory studies were remarkable for a HS-troponin level 181ng/L, a white blood cell count of 14270/mm³ with 48% lymphocytes, and elevated C-reactive protein at 90mg/L. Serum electrolytes, kidney and liver functions were within normal limits. A chest X-ray showed an appropriate cardiac size. The initial transthoracic echocardiography (TTE) showed a normal global left ventricular function (left ventricular ejection fraction (LVEF) 60%) and wall motion abnormalities (anteroseptal hypokinesia), with reduced left ventricular global longitudinal strain (LV GLS= -14.1%). Cardiac magnetic resonance (CMR) showed increased signal intensity at the mid-lateral wall on T2-weighted images. Late enhancement revealed a patchy subepicardial hyperenhancement of the medio-distal segments of the anterior and anterolateral walls which confirm the diagnosis of myocarditis. The patient was treated with cefotaxime and doxycycline. All serological tests (chlamydia, coxiella, mycoplasma, rickettsia, lyme and bartonella) obtained during the hospitalization were negative. Five days later, the patient was asymptomatic. The 24 hours ECG monitoring showed a sinus rhythm. The TTE revealed a normal LVEF and an improvement in the LVGLS with segmental reduced values concordant with the CMR abnormalities. At one-month follow-up the patient made a full recovery without any recurring cardiovascular symptoms or abnormal electrocardiographic or echocardiographic findings.
",EN100682,"<|im_start|>user Extract the entities contained in the text. Extract only entities contained in the text.
Return the result in a json format: [{""entity"":""entity_name""}]. <<Two-days prior the syncope, he developed chest pain and an influenza-like illness consisting of fevers, rhinorrhea, and sore throat.>>> <|im_end|><|im_start|>assistant[{""entity"": ""syncope""}, {""entity"": ""pain""}, {""entity"": ""illness""}, {""entity"": ""fevers""}, {""entity"": ""rhinorrhea""}, {""entity"": ""syncope""}, {""entity"": ""chest pain""}, {""entity"": ""fevers""}, {""entity"": ""rhinorrhea""}, {""entity"": ""sore throat""}, {""entity"": ""chest""}, {""entity"": ""sore throat""}, {""entity"": ""he""}, {""entity"": ""Two-days""}] <|im_end|>","<|im_start|>user Extract the entities contained in the text. Extract only entities contained in the text.
Return the result in a json format: [{""entity"":""entity_name""}]. <<<We present a case of a 32-year-old woman with a history of gradual enlargement of the anterior neck.>>> <|im_end|><|im_start|>assistant [{""entity"": ""present""}, {""entity"": ""history""}, {""entity"": ""enlargement""}] <|im_end|>
<|im_start|>user Extract the entities contained in the text. Extract only entities contained in the text.
Return the result in a json format: [{""entity"":""entity_name""}]. <<<Patient information: a 9-month-old boy presented to the emergency room with a 3-day history of refusal to bear weight on the right lower extremity and febrile peaks of up to 38.5°C for 24 hours.>>> <|im_end|><|im_start|>assistant [{""entity"": ""presented""}, {""entity"": ""refusal""}, {""entity"": ""bear""}, {""entity"": ""peaks""}] <|im_end|>
<|im_start|>user Extract the entities contained in the text. Extract only entities contained in the text.
Return the result in a json format: [{""entity"":""entity_name""}]. <<Two-days prior the syncope, he developed chest pain and an influenza-like illness consisting of fevers, rhinorrhea, and sore throat.>>> <|im_end|><|im_start|>assistant","[{""entity"": ""syncope""}, {""entity"": ""pain""}, {""entity"": ""illness""}, {""entity"": ""fevers""}, {""entity"": ""rhinorrhea""}, {""entity"": ""syncope""}, {""entity"": ""chest pain""}, {""entity"": ""fevers""}, {""entity"": ""rhinorrhea""}, {""entity"": ""sore throat""}, {""entity"": ""chest""}, {""entity"": ""sore throat""}, {""entity"": ""he""}, {""entity"": ""Two-days""}] ","[{""entity"": ""syncope""}, {""entity"": ""pain""}, {""entity"": ""illness""}, {""entity"": ""fevers""},"
"At the physical exam, the patient was febrile at 39°C.","[{'id': '4997', 'offsets': array([16, 20]), 'role': '', 'semantic_type_id': '', 'text': 'exam', 'type': 'EVENT'}
 {'id': '5012', 'offsets': array([38, 45]), 'role': '', 'semantic_type_id': '', 'text': 'febrile', 'type': 'EVENT'}
 {'id': '6252', 'offsets': array([38, 45]), 'role': '', 'semantic_type_id': 'C0015967', 'text': 'febrile', 'type': 'CLINENTITY'}
 {'id': '4797', 'offsets': array([22, 33]), 'role': 'PATIENT', 'semantic_type_id': '', 'text': 'the patient', 'type': 'ACTOR'}
 {'id': '4722', 'offsets': array([49, 53]), 'role': '', 'semantic_type_id': '', 'text': '39°C', 'type': 'RML'}]","A 19-year-old healthy man was admitted to our cardiology department following a syncopal episode. His past medical history was unremarkable. He no family history of heart disease or sudden death. Two-days prior the syncope, he developed chest pain and an influenza-like illness consisting of fevers, rhinorrhea, and sore throat. At the physical exam, the patient was febrile at 39°C. He had an inflamed throat, bradycardia at cardiac auscultation and there were no signs of heart failure. The electrocardiogram (EKG) showed grade III atrioventricular (AV) bloc with a ventricular rate of 38 beats per minute. Laboratory studies were remarkable for a HS-troponin level 181ng/L, a white blood cell count of 14270/mm³ with 48% lymphocytes, and elevated C-reactive protein at 90mg/L. Serum electrolytes, kidney and liver functions were within normal limits. A chest X-ray showed an appropriate cardiac size. The initial transthoracic echocardiography (TTE) showed a normal global left ventricular function (left ventricular ejection fraction (LVEF) 60%) and wall motion abnormalities (anteroseptal hypokinesia), with reduced left ventricular global longitudinal strain (LV GLS= -14.1%). Cardiac magnetic resonance (CMR) showed increased signal intensity at the mid-lateral wall on T2-weighted images. Late enhancement revealed a patchy subepicardial hyperenhancement of the medio-distal segments of the anterior and anterolateral walls which confirm the diagnosis of myocarditis. The patient was treated with cefotaxime and doxycycline. All serological tests (chlamydia, coxiella, mycoplasma, rickettsia, lyme and bartonella) obtained during the hospitalization were negative. Five days later, the patient was asymptomatic. The 24 hours ECG monitoring showed a sinus rhythm. The TTE revealed a normal LVEF and an improvement in the LVGLS with segmental reduced values concordant with the CMR abnormalities. At one-month follow-up the patient made a full recovery without any recurring cardiovascular symptoms or abnormal electrocardiographic or echocardiographic findings.
",EN100682,"<|im_start|>user Extract the entities contained in the text. Extract only entities contained in the text.
Return the result in a json format: [{""entity"":""entity_name""}]. <<At the physical exam, the patient was febrile at 39°C.>>> <|im_end|><|im_start|>assistant[{""entity"": ""exam""}, {""entity"": ""febrile""}, {""entity"": ""febrile""}, {""entity"": ""the patient""}, {""entity"": ""39°C""}] <|im_end|>","<|im_start|>user Extract the entities contained in the text. Extract only entities contained in the text.
Return the result in a json format: [{""entity"":""entity_name""}]. <<<We present a case of a 32-year-old woman with a history of gradual enlargement of the anterior neck.>>> <|im_end|><|im_start|>assistant [{""entity"": ""present""}, {""entity"": ""history""}, {""entity"": ""enlargement""}] <|im_end|>
<|im_start|>user Extract the entities contained in the text. Extract only entities contained in the text.
Return the result in a json format: [{""entity"":""entity_name""}]. <<<Patient information: a 9-month-old boy presented to the emergency room with a 3-day history of refusal to bear weight on the right lower extremity and febrile peaks of up to 38.5°C for 24 hours.>>> <|im_end|><|im_start|>assistant [{""entity"": ""presented""}, {""entity"": ""refusal""}, {""entity"": ""bear""}, {""entity"": ""peaks""}] <|im_end|>
<|im_start|>user Extract the entities contained in the text. Extract only entities contained in the text.
Return the result in a json format: [{""entity"":""entity_name""}]. <<At the physical exam, the patient was febrile at 39°C.>>> <|im_end|><|im_start|>assistant","[{""entity"": ""exam""}, {""entity"": ""febrile""}, {""entity"": ""febrile""}, {""entity"": ""the patient""}, {""entity"": ""39°C""}] ","[{""entity"": ""exam""}, {""entity"": ""febrile""}, {""entity"": ""the patient""}, {""entity"": ""39"
"He had an inflamed throat, bradycardia at cardiac auscultation and there were no signs of heart failure.","[{'id': '5027', 'offsets': array([27, 38]), 'role': '', 'semantic_type_id': '', 'text': 'bradycardia', 'type': 'EVENT'}
 {'id': '5042', 'offsets': array([50, 62]), 'role': '', 'semantic_type_id': '', 'text': 'auscultation', 'type': 'EVENT'}
 {'id': '5057', 'offsets': array([81, 86]), 'role': '', 'semantic_type_id': '', 'text': 'signs', 'type': 'EVENT'}
 {'id': '5072', 'offsets': array([ 96, 103]), 'role': '', 'semantic_type_id': '', 'text': 'failure', 'type': 'EVENT'}
 {'id': '6253', 'offsets': array([10, 25]), 'role': '', 'semantic_type_id': '', 'text': 'inflamed throat', 'type': 'CLINENTITY'}
 {'id': '6254', 'offsets': array([27, 38]), 'role': '', 'semantic_type_id': 'C0428977', 'text': 'bradycardia', 'type': 'CLINENTITY'}
 {'id': '6255', 'offsets': array([ 90, 103]), 'role': '', 'semantic_type_id': '', 'text': 'heart failure', 'type': 'CLINENTITY'}
 {'id': '6023', 'offsets': array([ 7, 25]), 'role': '', 'semantic_type_id': '', 'text': 'an inflamed throat', 'type': 'BODYPART'}
 {'id': '6029', 'offsets': array([90, 95]), 'role': '', 'semantic_type_id': '', 'text': 'heart', 'type': 'BODYPART'}
 {'id': '4804', 'offsets': array([0, 2]), 'role': 'PATIENT', 'semantic_type_id': '', 'text': 'He', 'type': 'ACTOR'}]","A 19-year-old healthy man was admitted to our cardiology department following a syncopal episode. His past medical history was unremarkable. He no family history of heart disease or sudden death. Two-days prior the syncope, he developed chest pain and an influenza-like illness consisting of fevers, rhinorrhea, and sore throat. At the physical exam, the patient was febrile at 39°C. He had an inflamed throat, bradycardia at cardiac auscultation and there were no signs of heart failure. The electrocardiogram (EKG) showed grade III atrioventricular (AV) bloc with a ventricular rate of 38 beats per minute. Laboratory studies were remarkable for a HS-troponin level 181ng/L, a white blood cell count of 14270/mm³ with 48% lymphocytes, and elevated C-reactive protein at 90mg/L. Serum electrolytes, kidney and liver functions were within normal limits. A chest X-ray showed an appropriate cardiac size. The initial transthoracic echocardiography (TTE) showed a normal global left ventricular function (left ventricular ejection fraction (LVEF) 60%) and wall motion abnormalities (anteroseptal hypokinesia), with reduced left ventricular global longitudinal strain (LV GLS= -14.1%). Cardiac magnetic resonance (CMR) showed increased signal intensity at the mid-lateral wall on T2-weighted images. Late enhancement revealed a patchy subepicardial hyperenhancement of the medio-distal segments of the anterior and anterolateral walls which confirm the diagnosis of myocarditis. The patient was treated with cefotaxime and doxycycline. All serological tests (chlamydia, coxiella, mycoplasma, rickettsia, lyme and bartonella) obtained during the hospitalization were negative. Five days later, the patient was asymptomatic. The 24 hours ECG monitoring showed a sinus rhythm. The TTE revealed a normal LVEF and an improvement in the LVGLS with segmental reduced values concordant with the CMR abnormalities. At one-month follow-up the patient made a full recovery without any recurring cardiovascular symptoms or abnormal electrocardiographic or echocardiographic findings.
",EN100682,"<|im_start|>user Extract the entities contained in the text. Extract only entities contained in the text.
Return the result in a json format: [{""entity"":""entity_name""}]. <<He had an inflamed throat, bradycardia at cardiac auscultation and there were no signs of heart failure.>>> <|im_end|><|im_start|>assistant[{""entity"": ""bradycardia""}, {""entity"": ""auscultation""}, {""entity"": ""signs""}, {""entity"": ""failure""}, {""entity"": ""inflamed throat""}, {""entity"": ""bradycardia""}, {""entity"": ""heart failure""}, {""entity"": ""an inflamed throat""}, {""entity"": ""heart""}, {""entity"": ""He""}] <|im_end|>","<|im_start|>user Extract the entities contained in the text. Extract only entities contained in the text.
Return the result in a json format: [{""entity"":""entity_name""}]. <<<We present a case of a 32-year-old woman with a history of gradual enlargement of the anterior neck.>>> <|im_end|><|im_start|>assistant [{""entity"": ""present""}, {""entity"": ""history""}, {""entity"": ""enlargement""}] <|im_end|>
<|im_start|>user Extract the entities contained in the text. Extract only entities contained in the text.
Return the result in a json format: [{""entity"":""entity_name""}]. <<<Patient information: a 9-month-old boy presented to the emergency room with a 3-day history of refusal to bear weight on the right lower extremity and febrile peaks of up to 38.5°C for 24 hours.>>> <|im_end|><|im_start|>assistant [{""entity"": ""presented""}, {""entity"": ""refusal""}, {""entity"": ""bear""}, {""entity"": ""peaks""}] <|im_end|>
<|im_start|>user Extract the entities contained in the text. Extract only entities contained in the text.
Return the result in a json format: [{""entity"":""entity_name""}]. <<He had an inflamed throat, bradycardia at cardiac auscultation and there were no signs of heart failure.>>> <|im_end|><|im_start|>assistant","[{""entity"": ""bradycardia""}, {""entity"": ""auscultation""}, {""entity"": ""signs""}, {""entity"": ""failure""}, {""entity"": ""inflamed throat""}, {""entity"": ""bradycardia""}, {""entity"": ""heart failure""}, {""entity"": ""an inflamed throat""}, {""entity"": ""heart""}, {""entity"": ""He""}] ","[{""entity"": ""throat""}, {""entity"": ""auscultation""}, {""entity"": ""signs""}, {""entity"": ""failure""},"
The electrocardiogram (EKG) showed grade III atrioventricular (AV) bloc with a ventricular rate of 38 beats per minute.,"[{'id': '5087', 'offsets': array([ 4, 21]), 'role': '', 'semantic_type_id': '', 'text': 'electrocardiogram', 'type': 'EVENT'}
 {'id': '5102', 'offsets': array([23, 26]), 'role': '', 'semantic_type_id': '', 'text': 'EKG', 'type': 'EVENT'}
 {'id': '5117', 'offsets': array([28, 34]), 'role': '', 'semantic_type_id': '', 'text': 'showed', 'type': 'EVENT'}
 {'id': '5132', 'offsets': array([67, 71]), 'role': '', 'semantic_type_id': '', 'text': 'bloc', 'type': 'EVENT'}
 {'id': '5147', 'offsets': array([91, 95]), 'role': '', 'semantic_type_id': '', 'text': 'rate', 'type': 'EVENT'}
 {'id': '6256', 'offsets': array([35, 71]), 'role': '', 'semantic_type_id': 'C0151517', 'text': 'grade III atrioventricular (AV) bloc', 'type': 'CLINENTITY'}
 {'id': '6257', 'offsets': array([63, 65]), 'role': '', 'semantic_type_id': 'C0151517', 'text': 'AV', 'type': 'CLINENTITY'}
 {'id': '4728', 'offsets': array([ 99, 118]), 'role': '', 'semantic_type_id': '', 'text': '38 beats per minute', 'type': 'RML'}]","A 19-year-old healthy man was admitted to our cardiology department following a syncopal episode. His past medical history was unremarkable. He no family history of heart disease or sudden death. Two-days prior the syncope, he developed chest pain and an influenza-like illness consisting of fevers, rhinorrhea, and sore throat. At the physical exam, the patient was febrile at 39°C. He had an inflamed throat, bradycardia at cardiac auscultation and there were no signs of heart failure. The electrocardiogram (EKG) showed grade III atrioventricular (AV) bloc with a ventricular rate of 38 beats per minute. Laboratory studies were remarkable for a HS-troponin level 181ng/L, a white blood cell count of 14270/mm³ with 48% lymphocytes, and elevated C-reactive protein at 90mg/L. Serum electrolytes, kidney and liver functions were within normal limits. A chest X-ray showed an appropriate cardiac size. The initial transthoracic echocardiography (TTE) showed a normal global left ventricular function (left ventricular ejection fraction (LVEF) 60%) and wall motion abnormalities (anteroseptal hypokinesia), with reduced left ventricular global longitudinal strain (LV GLS= -14.1%). Cardiac magnetic resonance (CMR) showed increased signal intensity at the mid-lateral wall on T2-weighted images. Late enhancement revealed a patchy subepicardial hyperenhancement of the medio-distal segments of the anterior and anterolateral walls which confirm the diagnosis of myocarditis. The patient was treated with cefotaxime and doxycycline. All serological tests (chlamydia, coxiella, mycoplasma, rickettsia, lyme and bartonella) obtained during the hospitalization were negative. Five days later, the patient was asymptomatic. The 24 hours ECG monitoring showed a sinus rhythm. The TTE revealed a normal LVEF and an improvement in the LVGLS with segmental reduced values concordant with the CMR abnormalities. At one-month follow-up the patient made a full recovery without any recurring cardiovascular symptoms or abnormal electrocardiographic or echocardiographic findings.
",EN100682,"<|im_start|>user Extract the entities contained in the text. Extract only entities contained in the text.
Return the result in a json format: [{""entity"":""entity_name""}]. <<The electrocardiogram (EKG) showed grade III atrioventricular (AV) bloc with a ventricular rate of 38 beats per minute.>>> <|im_end|><|im_start|>assistant[{""entity"": ""electrocardiogram""}, {""entity"": ""EKG""}, {""entity"": ""showed""}, {""entity"": ""bloc""}, {""entity"": ""rate""}, {""entity"": ""grade III atrioventricular (AV) bloc""}, {""entity"": ""AV""}, {""entity"": ""38 beats per minute""}] <|im_end|>","<|im_start|>user Extract the entities contained in the text. Extract only entities contained in the text.
Return the result in a json format: [{""entity"":""entity_name""}]. <<<We present a case of a 32-year-old woman with a history of gradual enlargement of the anterior neck.>>> <|im_end|><|im_start|>assistant [{""entity"": ""present""}, {""entity"": ""history""}, {""entity"": ""enlargement""}] <|im_end|>
<|im_start|>user Extract the entities contained in the text. Extract only entities contained in the text.
Return the result in a json format: [{""entity"":""entity_name""}]. <<<Patient information: a 9-month-old boy presented to the emergency room with a 3-day history of refusal to bear weight on the right lower extremity and febrile peaks of up to 38.5°C for 24 hours.>>> <|im_end|><|im_start|>assistant [{""entity"": ""presented""}, {""entity"": ""refusal""}, {""entity"": ""bear""}, {""entity"": ""peaks""}] <|im_end|>
<|im_start|>user Extract the entities contained in the text. Extract only entities contained in the text.
Return the result in a json format: [{""entity"":""entity_name""}]. <<The electrocardiogram (EKG) showed grade III atrioventricular (AV) bloc with a ventricular rate of 38 beats per minute.>>> <|im_end|><|im_start|>assistant","[{""entity"": ""electrocardiogram""}, {""entity"": ""EKG""}, {""entity"": ""showed""}, {""entity"": ""bloc""}, {""entity"": ""rate""}, {""entity"": ""grade III atrioventricular (AV) bloc""}, {""entity"": ""AV""}, {""entity"": ""38 beats per minute""}] ","[{""entity"": ""electrocardiogram""}, {""entity"": ""showed""}, {""entity"": ""bloc""}, {""entity"":"
"Laboratory studies were remarkable for a HS-troponin level 181ng/L, a white blood cell count of 14270/mm³ with 48% lymphocytes, and elevated C-reactive protein at 90mg/L.","[{'id': '5162', 'offsets': array([11, 18]), 'role': '', 'semantic_type_id': '', 'text': 'studies', 'type': 'EVENT'}
 {'id': '5177', 'offsets': array([53, 58]), 'role': '', 'semantic_type_id': '', 'text': 'level', 'type': 'EVENT'}
 {'id': '5192', 'offsets': array([87, 92]), 'role': '', 'semantic_type_id': '', 'text': 'count', 'type': 'EVENT'}
 {'id': '5207', 'offsets': array([115, 126]), 'role': '', 'semantic_type_id': '', 'text': 'lymphocytes', 'type': 'EVENT'}
 {'id': '5226', 'offsets': array([152, 159]), 'role': '', 'semantic_type_id': '', 'text': 'protein', 'type': 'EVENT'}
 {'id': '6035', 'offsets': array([70, 86]), 'role': '', 'semantic_type_id': '', 'text': 'white blood cell', 'type': 'BODYPART'}
 {'id': '4734', 'offsets': array([59, 66]), 'role': '', 'semantic_type_id': '', 'text': '181ng/L', 'type': 'RML'}
 {'id': '4740', 'offsets': array([ 96, 105]), 'role': '', 'semantic_type_id': '', 'text': '14270/mm³', 'type': 'RML'}
 {'id': '4746', 'offsets': array([111, 114]), 'role': '', 'semantic_type_id': '', 'text': '48%', 'type': 'RML'}
 {'id': '4752', 'offsets': array([163, 169]), 'role': '', 'semantic_type_id': '', 'text': '90mg/L', 'type': 'RML'}]","A 19-year-old healthy man was admitted to our cardiology department following a syncopal episode. His past medical history was unremarkable. He no family history of heart disease or sudden death. Two-days prior the syncope, he developed chest pain and an influenza-like illness consisting of fevers, rhinorrhea, and sore throat. At the physical exam, the patient was febrile at 39°C. He had an inflamed throat, bradycardia at cardiac auscultation and there were no signs of heart failure. The electrocardiogram (EKG) showed grade III atrioventricular (AV) bloc with a ventricular rate of 38 beats per minute. Laboratory studies were remarkable for a HS-troponin level 181ng/L, a white blood cell count of 14270/mm³ with 48% lymphocytes, and elevated C-reactive protein at 90mg/L. Serum electrolytes, kidney and liver functions were within normal limits. A chest X-ray showed an appropriate cardiac size. The initial transthoracic echocardiography (TTE) showed a normal global left ventricular function (left ventricular ejection fraction (LVEF) 60%) and wall motion abnormalities (anteroseptal hypokinesia), with reduced left ventricular global longitudinal strain (LV GLS= -14.1%). Cardiac magnetic resonance (CMR) showed increased signal intensity at the mid-lateral wall on T2-weighted images. Late enhancement revealed a patchy subepicardial hyperenhancement of the medio-distal segments of the anterior and anterolateral walls which confirm the diagnosis of myocarditis. The patient was treated with cefotaxime and doxycycline. All serological tests (chlamydia, coxiella, mycoplasma, rickettsia, lyme and bartonella) obtained during the hospitalization were negative. Five days later, the patient was asymptomatic. The 24 hours ECG monitoring showed a sinus rhythm. The TTE revealed a normal LVEF and an improvement in the LVGLS with segmental reduced values concordant with the CMR abnormalities. At one-month follow-up the patient made a full recovery without any recurring cardiovascular symptoms or abnormal electrocardiographic or echocardiographic findings.
",EN100682,"<|im_start|>user Extract the entities contained in the text. Extract only entities contained in the text.
Return the result in a json format: [{""entity"":""entity_name""}]. <<Laboratory studies were remarkable for a HS-troponin level 181ng/L, a white blood cell count of 14270/mm³ with 48% lymphocytes, and elevated C-reactive protein at 90mg/L.>>> <|im_end|><|im_start|>assistant[{""entity"": ""studies""}, {""entity"": ""level""}, {""entity"": ""count""}, {""entity"": ""lymphocytes""}, {""entity"": ""protein""}, {""entity"": ""white blood cell""}, {""entity"": ""181ng/L""}, {""entity"": ""14270/mm³""}, {""entity"": ""48%""}, {""entity"": ""90mg/L""}] <|im_end|>","<|im_start|>user Extract the entities contained in the text. Extract only entities contained in the text.
Return the result in a json format: [{""entity"":""entity_name""}]. <<<We present a case of a 32-year-old woman with a history of gradual enlargement of the anterior neck.>>> <|im_end|><|im_start|>assistant [{""entity"": ""present""}, {""entity"": ""history""}, {""entity"": ""enlargement""}] <|im_end|>
<|im_start|>user Extract the entities contained in the text. Extract only entities contained in the text.
Return the result in a json format: [{""entity"":""entity_name""}]. <<<Patient information: a 9-month-old boy presented to the emergency room with a 3-day history of refusal to bear weight on the right lower extremity and febrile peaks of up to 38.5°C for 24 hours.>>> <|im_end|><|im_start|>assistant [{""entity"": ""presented""}, {""entity"": ""refusal""}, {""entity"": ""bear""}, {""entity"": ""peaks""}] <|im_end|>
<|im_start|>user Extract the entities contained in the text. Extract only entities contained in the text.
Return the result in a json format: [{""entity"":""entity_name""}]. <<Laboratory studies were remarkable for a HS-troponin level 181ng/L, a white blood cell count of 14270/mm³ with 48% lymphocytes, and elevated C-reactive protein at 90mg/L.>>> <|im_end|><|im_start|>assistant","[{""entity"": ""studies""}, {""entity"": ""level""}, {""entity"": ""count""}, {""entity"": ""lymphocytes""}, {""entity"": ""protein""}, {""entity"": ""white blood cell""}, {""entity"": ""181ng/L""}, {""entity"": ""14270/mm³""}, {""entity"": ""48%""}, {""entity"": ""90mg/L""}] ","[{""entity"": ""studies""}, {""entity"": ""remarkable""}, {""entity"": ""level""}, {""entity"": ""count""}, {"""
A chest X-ray showed an appropriate cardiac size.,"[{'id': '5292', 'offsets': array([ 8, 13]), 'role': '', 'semantic_type_id': '', 'text': 'X-ray', 'type': 'EVENT'}
 {'id': '5307', 'offsets': array([14, 20]), 'role': '', 'semantic_type_id': '', 'text': 'showed', 'type': 'EVENT'}
 {'id': '5322', 'offsets': array([44, 48]), 'role': '', 'semantic_type_id': '', 'text': 'size', 'type': 'EVENT'}
 {'id': '6053', 'offsets': array([2, 7]), 'role': '', 'semantic_type_id': '', 'text': 'chest', 'type': 'BODYPART'}]","A 19-year-old healthy man was admitted to our cardiology department following a syncopal episode. His past medical history was unremarkable. He no family history of heart disease or sudden death. Two-days prior the syncope, he developed chest pain and an influenza-like illness consisting of fevers, rhinorrhea, and sore throat. At the physical exam, the patient was febrile at 39°C. He had an inflamed throat, bradycardia at cardiac auscultation and there were no signs of heart failure. The electrocardiogram (EKG) showed grade III atrioventricular (AV) bloc with a ventricular rate of 38 beats per minute. Laboratory studies were remarkable for a HS-troponin level 181ng/L, a white blood cell count of 14270/mm³ with 48% lymphocytes, and elevated C-reactive protein at 90mg/L. Serum electrolytes, kidney and liver functions were within normal limits. A chest X-ray showed an appropriate cardiac size. The initial transthoracic echocardiography (TTE) showed a normal global left ventricular function (left ventricular ejection fraction (LVEF) 60%) and wall motion abnormalities (anteroseptal hypokinesia), with reduced left ventricular global longitudinal strain (LV GLS= -14.1%). Cardiac magnetic resonance (CMR) showed increased signal intensity at the mid-lateral wall on T2-weighted images. Late enhancement revealed a patchy subepicardial hyperenhancement of the medio-distal segments of the anterior and anterolateral walls which confirm the diagnosis of myocarditis. The patient was treated with cefotaxime and doxycycline. All serological tests (chlamydia, coxiella, mycoplasma, rickettsia, lyme and bartonella) obtained during the hospitalization were negative. Five days later, the patient was asymptomatic. The 24 hours ECG monitoring showed a sinus rhythm. The TTE revealed a normal LVEF and an improvement in the LVGLS with segmental reduced values concordant with the CMR abnormalities. At one-month follow-up the patient made a full recovery without any recurring cardiovascular symptoms or abnormal electrocardiographic or echocardiographic findings.
",EN100682,"<|im_start|>user Extract the entities contained in the text. Extract only entities contained in the text.
Return the result in a json format: [{""entity"":""entity_name""}]. <<A chest X-ray showed an appropriate cardiac size.>>> <|im_end|><|im_start|>assistant[{""entity"": ""X-ray""}, {""entity"": ""showed""}, {""entity"": ""size""}, {""entity"": ""chest""}] <|im_end|>","<|im_start|>user Extract the entities contained in the text. Extract only entities contained in the text.
Return the result in a json format: [{""entity"":""entity_name""}]. <<<We present a case of a 32-year-old woman with a history of gradual enlargement of the anterior neck.>>> <|im_end|><|im_start|>assistant [{""entity"": ""present""}, {""entity"": ""history""}, {""entity"": ""enlargement""}] <|im_end|>
<|im_start|>user Extract the entities contained in the text. Extract only entities contained in the text.
Return the result in a json format: [{""entity"":""entity_name""}]. <<<Patient information: a 9-month-old boy presented to the emergency room with a 3-day history of refusal to bear weight on the right lower extremity and febrile peaks of up to 38.5°C for 24 hours.>>> <|im_end|><|im_start|>assistant [{""entity"": ""presented""}, {""entity"": ""refusal""}, {""entity"": ""bear""}, {""entity"": ""peaks""}] <|im_end|>
<|im_start|>user Extract the entities contained in the text. Extract only entities contained in the text.
Return the result in a json format: [{""entity"":""entity_name""}]. <<A chest X-ray showed an appropriate cardiac size.>>> <|im_end|><|im_start|>assistant","[{""entity"": ""X-ray""}, {""entity"": ""showed""}, {""entity"": ""size""}, {""entity"": ""chest""}] ","[{""entity"": ""X-ray""}, {""entity"": ""showed""}, {""entity"": ""size""}, {""entity"": ""cardiac""},"
"The initial transthoracic echocardiography (TTE) showed a normal global left ventricular function (left ventricular ejection fraction (LVEF) 60%) and wall motion abnormalities (anteroseptal hypokinesia), with reduced left ventricular global longitudinal strain (LV GLS= -14.1%).","[{'id': '5337', 'offsets': array([26, 42]), 'role': '', 'semantic_type_id': '', 'text': 'echocardiography', 'type': 'EVENT'}
 {'id': '5352', 'offsets': array([44, 47]), 'role': '', 'semantic_type_id': '', 'text': 'TTE', 'type': 'EVENT'}
 {'id': '5367', 'offsets': array([49, 55]), 'role': '', 'semantic_type_id': '', 'text': 'showed', 'type': 'EVENT'}
 {'id': '5382', 'offsets': array([89, 97]), 'role': '', 'semantic_type_id': '', 'text': 'function', 'type': 'EVENT'}
 {'id': '5397', 'offsets': array([125, 133]), 'role': '', 'semantic_type_id': '', 'text': 'fraction', 'type': 'EVENT'}
 {'id': '5412', 'offsets': array([135, 139]), 'role': '', 'semantic_type_id': '', 'text': 'LVEF', 'type': 'EVENT'}
 {'id': '5427', 'offsets': array([162, 175]), 'role': '', 'semantic_type_id': '', 'text': 'abnormalities', 'type': 'EVENT'}
 {'id': '5442', 'offsets': array([190, 201]), 'role': '', 'semantic_type_id': '', 'text': 'hypokinesia', 'type': 'EVENT'}
 {'id': '5457', 'offsets': array([254, 260]), 'role': '', 'semantic_type_id': '', 'text': 'strain', 'type': 'EVENT'}
 {'id': '5472', 'offsets': array([265, 268]), 'role': '', 'semantic_type_id': '', 'text': 'GLS', 'type': 'EVENT'}
 {'id': '6258', 'offsets': array([190, 201]), 'role': '', 'semantic_type_id': 'C0086439', 'text': 'hypokinesia', 'type': 'CLINENTITY'}
 {'id': '6059', 'offsets': array([150, 154]), 'role': '', 'semantic_type_id': '', 'text': 'wall', 'type': 'BODYPART'}
 {'id': '4758', 'offsets': array([141, 144]), 'role': '', 'semantic_type_id': '', 'text': '60%', 'type': 'RML'}
 {'id': '4764', 'offsets': array([270, 276]), 'role': '', 'semantic_type_id': '', 'text': '-14.1%', 'type': 'RML'}]","A 19-year-old healthy man was admitted to our cardiology department following a syncopal episode. His past medical history was unremarkable. He no family history of heart disease or sudden death. Two-days prior the syncope, he developed chest pain and an influenza-like illness consisting of fevers, rhinorrhea, and sore throat. At the physical exam, the patient was febrile at 39°C. He had an inflamed throat, bradycardia at cardiac auscultation and there were no signs of heart failure. The electrocardiogram (EKG) showed grade III atrioventricular (AV) bloc with a ventricular rate of 38 beats per minute. Laboratory studies were remarkable for a HS-troponin level 181ng/L, a white blood cell count of 14270/mm³ with 48% lymphocytes, and elevated C-reactive protein at 90mg/L. Serum electrolytes, kidney and liver functions were within normal limits. A chest X-ray showed an appropriate cardiac size. The initial transthoracic echocardiography (TTE) showed a normal global left ventricular function (left ventricular ejection fraction (LVEF) 60%) and wall motion abnormalities (anteroseptal hypokinesia), with reduced left ventricular global longitudinal strain (LV GLS= -14.1%). Cardiac magnetic resonance (CMR) showed increased signal intensity at the mid-lateral wall on T2-weighted images. Late enhancement revealed a patchy subepicardial hyperenhancement of the medio-distal segments of the anterior and anterolateral walls which confirm the diagnosis of myocarditis. The patient was treated with cefotaxime and doxycycline. All serological tests (chlamydia, coxiella, mycoplasma, rickettsia, lyme and bartonella) obtained during the hospitalization were negative. Five days later, the patient was asymptomatic. The 24 hours ECG monitoring showed a sinus rhythm. The TTE revealed a normal LVEF and an improvement in the LVGLS with segmental reduced values concordant with the CMR abnormalities. At one-month follow-up the patient made a full recovery without any recurring cardiovascular symptoms or abnormal electrocardiographic or echocardiographic findings.
",EN100682,"<|im_start|>user Extract the entities contained in the text. Extract only entities contained in the text.
Return the result in a json format: [{""entity"":""entity_name""}]. <<The initial transthoracic echocardiography (TTE) showed a normal global left ventricular function (left ventricular ejection fraction (LVEF) 60%) and wall motion abnormalities (anteroseptal hypokinesia), with reduced left ventricular global longitudinal strain (LV GLS= -14.1%).>>> <|im_end|><|im_start|>assistant[{""entity"": ""echocardiography""}, {""entity"": ""TTE""}, {""entity"": ""showed""}, {""entity"": ""function""}, {""entity"": ""fraction""}, {""entity"": ""LVEF""}, {""entity"": ""abnormalities""}, {""entity"": ""hypokinesia""}, {""entity"": ""strain""}, {""entity"": ""GLS""}, {""entity"": ""hypokinesia""}, {""entity"": ""wall""}, {""entity"": ""60%""}, {""entity"": ""-14.1%""}] <|im_end|>","<|im_start|>user Extract the entities contained in the text. Extract only entities contained in the text.
Return the result in a json format: [{""entity"":""entity_name""}]. <<<We present a case of a 32-year-old woman with a history of gradual enlargement of the anterior neck.>>> <|im_end|><|im_start|>assistant [{""entity"": ""present""}, {""entity"": ""history""}, {""entity"": ""enlargement""}] <|im_end|>
<|im_start|>user Extract the entities contained in the text. Extract only entities contained in the text.
Return the result in a json format: [{""entity"":""entity_name""}]. <<<Patient information: a 9-month-old boy presented to the emergency room with a 3-day history of refusal to bear weight on the right lower extremity and febrile peaks of up to 38.5°C for 24 hours.>>> <|im_end|><|im_start|>assistant [{""entity"": ""presented""}, {""entity"": ""refusal""}, {""entity"": ""bear""}, {""entity"": ""peaks""}] <|im_end|>
<|im_start|>user Extract the entities contained in the text. Extract only entities contained in the text.
Return the result in a json format: [{""entity"":""entity_name""}]. <<The initial transthoracic echocardiography (TTE) showed a normal global left ventricular function (left ventricular ejection fraction (LVEF) 60%) and wall motion abnormalities (anteroseptal hypokinesia), with reduced left ventricular global longitudinal strain (LV GLS= -14.1%).>>> <|im_end|><|im_start|>assistant","[{""entity"": ""echocardiography""}, {""entity"": ""TTE""}, {""entity"": ""showed""}, {""entity"": ""function""}, {""entity"": ""fraction""}, {""entity"": ""LVEF""}, {""entity"": ""abnormalities""}, {""entity"": ""hypokinesia""}, {""entity"": ""strain""}, {""entity"": ""GLS""}, {""entity"": ""hypokinesia""}, {""entity"": ""wall""}, {""entity"": ""60%""}, {""entity"": ""-14.1%""}] ","[{""entity"": ""echocardiography""}, {""entity"": ""showed""}, {""entity"": ""function""}, {""entity"": ""fraction"
Cardiac magnetic resonance (CMR) showed increased signal intensity at the mid-lateral wall on T2-weighted images.,"[{'id': '5487', 'offsets': array([17, 26]), 'role': '', 'semantic_type_id': '', 'text': 'resonance', 'type': 'EVENT'}
 {'id': '5502', 'offsets': array([28, 31]), 'role': '', 'semantic_type_id': '', 'text': 'CMR', 'type': 'EVENT'}
 {'id': '5517', 'offsets': array([33, 39]), 'role': '', 'semantic_type_id': '', 'text': 'showed', 'type': 'EVENT'}
 {'id': '5532', 'offsets': array([57, 66]), 'role': '', 'semantic_type_id': '', 'text': 'intensity', 'type': 'EVENT'}
 {'id': '6065', 'offsets': array([70, 90]), 'role': '', 'semantic_type_id': '', 'text': 'the mid-lateral wall', 'type': 'BODYPART'}]","A 19-year-old healthy man was admitted to our cardiology department following a syncopal episode. His past medical history was unremarkable. He no family history of heart disease or sudden death. Two-days prior the syncope, he developed chest pain and an influenza-like illness consisting of fevers, rhinorrhea, and sore throat. At the physical exam, the patient was febrile at 39°C. He had an inflamed throat, bradycardia at cardiac auscultation and there were no signs of heart failure. The electrocardiogram (EKG) showed grade III atrioventricular (AV) bloc with a ventricular rate of 38 beats per minute. Laboratory studies were remarkable for a HS-troponin level 181ng/L, a white blood cell count of 14270/mm³ with 48% lymphocytes, and elevated C-reactive protein at 90mg/L. Serum electrolytes, kidney and liver functions were within normal limits. A chest X-ray showed an appropriate cardiac size. The initial transthoracic echocardiography (TTE) showed a normal global left ventricular function (left ventricular ejection fraction (LVEF) 60%) and wall motion abnormalities (anteroseptal hypokinesia), with reduced left ventricular global longitudinal strain (LV GLS= -14.1%). Cardiac magnetic resonance (CMR) showed increased signal intensity at the mid-lateral wall on T2-weighted images. Late enhancement revealed a patchy subepicardial hyperenhancement of the medio-distal segments of the anterior and anterolateral walls which confirm the diagnosis of myocarditis. The patient was treated with cefotaxime and doxycycline. All serological tests (chlamydia, coxiella, mycoplasma, rickettsia, lyme and bartonella) obtained during the hospitalization were negative. Five days later, the patient was asymptomatic. The 24 hours ECG monitoring showed a sinus rhythm. The TTE revealed a normal LVEF and an improvement in the LVGLS with segmental reduced values concordant with the CMR abnormalities. At one-month follow-up the patient made a full recovery without any recurring cardiovascular symptoms or abnormal electrocardiographic or echocardiographic findings.
",EN100682,"<|im_start|>user Extract the entities contained in the text. Extract only entities contained in the text.
Return the result in a json format: [{""entity"":""entity_name""}]. <<Cardiac magnetic resonance (CMR) showed increased signal intensity at the mid-lateral wall on T2-weighted images.>>> <|im_end|><|im_start|>assistant[{""entity"": ""resonance""}, {""entity"": ""CMR""}, {""entity"": ""showed""}, {""entity"": ""intensity""}, {""entity"": ""the mid-lateral wall""}] <|im_end|>","<|im_start|>user Extract the entities contained in the text. Extract only entities contained in the text.
Return the result in a json format: [{""entity"":""entity_name""}]. <<<We present a case of a 32-year-old woman with a history of gradual enlargement of the anterior neck.>>> <|im_end|><|im_start|>assistant [{""entity"": ""present""}, {""entity"": ""history""}, {""entity"": ""enlargement""}] <|im_end|>
<|im_start|>user Extract the entities contained in the text. Extract only entities contained in the text.
Return the result in a json format: [{""entity"":""entity_name""}]. <<<Patient information: a 9-month-old boy presented to the emergency room with a 3-day history of refusal to bear weight on the right lower extremity and febrile peaks of up to 38.5°C for 24 hours.>>> <|im_end|><|im_start|>assistant [{""entity"": ""presented""}, {""entity"": ""refusal""}, {""entity"": ""bear""}, {""entity"": ""peaks""}] <|im_end|>
<|im_start|>user Extract the entities contained in the text. Extract only entities contained in the text.
Return the result in a json format: [{""entity"":""entity_name""}]. <<Cardiac magnetic resonance (CMR) showed increased signal intensity at the mid-lateral wall on T2-weighted images.>>> <|im_end|><|im_start|>assistant","[{""entity"": ""resonance""}, {""entity"": ""CMR""}, {""entity"": ""showed""}, {""entity"": ""intensity""}, {""entity"": ""the mid-lateral wall""}] ","[{""entity"": ""CMR""}, {""entity"": ""showed""}, {""entity"": ""intensity""}, {""entity"": ""images""},"
Late enhancement revealed a patchy subepicardial hyperenhancement of the medio-distal segments of the anterior and anterolateral walls which confirm the diagnosis of myocarditis.,"[{'id': '5547', 'offsets': array([ 5, 16]), 'role': '', 'semantic_type_id': '', 'text': 'enhancement', 'type': 'EVENT'}
 {'id': '5562', 'offsets': array([17, 25]), 'role': '', 'semantic_type_id': '', 'text': 'revealed', 'type': 'EVENT'}
 {'id': '5577', 'offsets': array([49, 65]), 'role': '', 'semantic_type_id': '', 'text': 'hyperenhancement', 'type': 'EVENT'}
 {'id': '5592', 'offsets': array([141, 148]), 'role': '', 'semantic_type_id': '', 'text': 'confirm', 'type': 'EVENT'}
 {'id': '5607', 'offsets': array([166, 177]), 'role': '', 'semantic_type_id': '', 'text': 'myocarditis', 'type': 'EVENT'}
 {'id': '6259', 'offsets': array([166, 177]), 'role': '', 'semantic_type_id': 'C0027059', 'text': 'myocarditis', 'type': 'CLINENTITY'}
 {'id': '6071', 'offsets': array([ 69, 134]), 'role': '', 'semantic_type_id': '', 'text': 'the medio-distal segments of the anterior and anterolateral walls', 'type': 'BODYPART'}]","A 19-year-old healthy man was admitted to our cardiology department following a syncopal episode. His past medical history was unremarkable. He no family history of heart disease or sudden death. Two-days prior the syncope, he developed chest pain and an influenza-like illness consisting of fevers, rhinorrhea, and sore throat. At the physical exam, the patient was febrile at 39°C. He had an inflamed throat, bradycardia at cardiac auscultation and there were no signs of heart failure. The electrocardiogram (EKG) showed grade III atrioventricular (AV) bloc with a ventricular rate of 38 beats per minute. Laboratory studies were remarkable for a HS-troponin level 181ng/L, a white blood cell count of 14270/mm³ with 48% lymphocytes, and elevated C-reactive protein at 90mg/L. Serum electrolytes, kidney and liver functions were within normal limits. A chest X-ray showed an appropriate cardiac size. The initial transthoracic echocardiography (TTE) showed a normal global left ventricular function (left ventricular ejection fraction (LVEF) 60%) and wall motion abnormalities (anteroseptal hypokinesia), with reduced left ventricular global longitudinal strain (LV GLS= -14.1%). Cardiac magnetic resonance (CMR) showed increased signal intensity at the mid-lateral wall on T2-weighted images. Late enhancement revealed a patchy subepicardial hyperenhancement of the medio-distal segments of the anterior and anterolateral walls which confirm the diagnosis of myocarditis. The patient was treated with cefotaxime and doxycycline. All serological tests (chlamydia, coxiella, mycoplasma, rickettsia, lyme and bartonella) obtained during the hospitalization were negative. Five days later, the patient was asymptomatic. The 24 hours ECG monitoring showed a sinus rhythm. The TTE revealed a normal LVEF and an improvement in the LVGLS with segmental reduced values concordant with the CMR abnormalities. At one-month follow-up the patient made a full recovery without any recurring cardiovascular symptoms or abnormal electrocardiographic or echocardiographic findings.
",EN100682,"<|im_start|>user Extract the entities contained in the text. Extract only entities contained in the text.
Return the result in a json format: [{""entity"":""entity_name""}]. <<Late enhancement revealed a patchy subepicardial hyperenhancement of the medio-distal segments of the anterior and anterolateral walls which confirm the diagnosis of myocarditis.>>> <|im_end|><|im_start|>assistant[{""entity"": ""enhancement""}, {""entity"": ""revealed""}, {""entity"": ""hyperenhancement""}, {""entity"": ""confirm""}, {""entity"": ""myocarditis""}, {""entity"": ""myocarditis""}, {""entity"": ""the medio-distal segments of the anterior and anterolateral walls""}] <|im_end|>","<|im_start|>user Extract the entities contained in the text. Extract only entities contained in the text.
Return the result in a json format: [{""entity"":""entity_name""}]. <<<We present a case of a 32-year-old woman with a history of gradual enlargement of the anterior neck.>>> <|im_end|><|im_start|>assistant [{""entity"": ""present""}, {""entity"": ""history""}, {""entity"": ""enlargement""}] <|im_end|>
<|im_start|>user Extract the entities contained in the text. Extract only entities contained in the text.
Return the result in a json format: [{""entity"":""entity_name""}]. <<<Patient information: a 9-month-old boy presented to the emergency room with a 3-day history of refusal to bear weight on the right lower extremity and febrile peaks of up to 38.5°C for 24 hours.>>> <|im_end|><|im_start|>assistant [{""entity"": ""presented""}, {""entity"": ""refusal""}, {""entity"": ""bear""}, {""entity"": ""peaks""}] <|im_end|>
<|im_start|>user Extract the entities contained in the text. Extract only entities contained in the text.
Return the result in a json format: [{""entity"":""entity_name""}]. <<Late enhancement revealed a patchy subepicardial hyperenhancement of the medio-distal segments of the anterior and anterolateral walls which confirm the diagnosis of myocarditis.>>> <|im_end|><|im_start|>assistant","[{""entity"": ""enhancement""}, {""entity"": ""revealed""}, {""entity"": ""hyperenhancement""}, {""entity"": ""confirm""}, {""entity"": ""myocarditis""}, {""entity"": ""myocarditis""}, {""entity"": ""the medio-distal segments of the anterior and anterolateral walls""}] ","[{""entity"": ""enhancement""}, {""entity"": ""revealed""}, {""entity"": ""hyperenhancement""}, {""entity"": ""confirm"
The patient was treated with cefotaxime and doxycycline.,"[{'id': '5622', 'offsets': array([16, 23]), 'role': '', 'semantic_type_id': '', 'text': 'treated', 'type': 'EVENT'}
 {'id': '4811', 'offsets': array([ 0, 11]), 'role': 'PATIENT', 'semantic_type_id': '', 'text': 'The patient', 'type': 'ACTOR'}]","A 19-year-old healthy man was admitted to our cardiology department following a syncopal episode. His past medical history was unremarkable. He no family history of heart disease or sudden death. Two-days prior the syncope, he developed chest pain and an influenza-like illness consisting of fevers, rhinorrhea, and sore throat. At the physical exam, the patient was febrile at 39°C. He had an inflamed throat, bradycardia at cardiac auscultation and there were no signs of heart failure. The electrocardiogram (EKG) showed grade III atrioventricular (AV) bloc with a ventricular rate of 38 beats per minute. Laboratory studies were remarkable for a HS-troponin level 181ng/L, a white blood cell count of 14270/mm³ with 48% lymphocytes, and elevated C-reactive protein at 90mg/L. Serum electrolytes, kidney and liver functions were within normal limits. A chest X-ray showed an appropriate cardiac size. The initial transthoracic echocardiography (TTE) showed a normal global left ventricular function (left ventricular ejection fraction (LVEF) 60%) and wall motion abnormalities (anteroseptal hypokinesia), with reduced left ventricular global longitudinal strain (LV GLS= -14.1%). Cardiac magnetic resonance (CMR) showed increased signal intensity at the mid-lateral wall on T2-weighted images. Late enhancement revealed a patchy subepicardial hyperenhancement of the medio-distal segments of the anterior and anterolateral walls which confirm the diagnosis of myocarditis. The patient was treated with cefotaxime and doxycycline. All serological tests (chlamydia, coxiella, mycoplasma, rickettsia, lyme and bartonella) obtained during the hospitalization were negative. Five days later, the patient was asymptomatic. The 24 hours ECG monitoring showed a sinus rhythm. The TTE revealed a normal LVEF and an improvement in the LVGLS with segmental reduced values concordant with the CMR abnormalities. At one-month follow-up the patient made a full recovery without any recurring cardiovascular symptoms or abnormal electrocardiographic or echocardiographic findings.
",EN100682,"<|im_start|>user Extract the entities contained in the text. Extract only entities contained in the text.
Return the result in a json format: [{""entity"":""entity_name""}]. <<The patient was treated with cefotaxime and doxycycline.>>> <|im_end|><|im_start|>assistant[{""entity"": ""treated""}, {""entity"": ""The patient""}] <|im_end|>","<|im_start|>user Extract the entities contained in the text. Extract only entities contained in the text.
Return the result in a json format: [{""entity"":""entity_name""}]. <<<We present a case of a 32-year-old woman with a history of gradual enlargement of the anterior neck.>>> <|im_end|><|im_start|>assistant [{""entity"": ""present""}, {""entity"": ""history""}, {""entity"": ""enlargement""}] <|im_end|>
<|im_start|>user Extract the entities contained in the text. Extract only entities contained in the text.
Return the result in a json format: [{""entity"":""entity_name""}]. <<<Patient information: a 9-month-old boy presented to the emergency room with a 3-day history of refusal to bear weight on the right lower extremity and febrile peaks of up to 38.5°C for 24 hours.>>> <|im_end|><|im_start|>assistant [{""entity"": ""presented""}, {""entity"": ""refusal""}, {""entity"": ""bear""}, {""entity"": ""peaks""}] <|im_end|>
<|im_start|>user Extract the entities contained in the text. Extract only entities contained in the text.
Return the result in a json format: [{""entity"":""entity_name""}]. <<The patient was treated with cefotaxime and doxycycline.>>> <|im_end|><|im_start|>assistant","[{""entity"": ""treated""}, {""entity"": ""The patient""}] ","[{""entity"": ""treated""}] <|im_end|><|im_end|><|im_end|><|im_end|><|im_end|><|im_end|><|im_end|><|im_end|><|im_end|><|im_end|><|im_end|><|im_end|><|im_end|><|im_end|><|im_end|><|im_end|><|im_end|><|im_end|>"
"All serological tests (chlamydia, coxiella, mycoplasma, rickettsia, lyme and bartonella) obtained during the hospitalization were negative.","[{'id': '5637', 'offsets': array([16, 21]), 'role': '', 'semantic_type_id': '', 'text': 'tests', 'type': 'EVENT'}
 {'id': '5652', 'offsets': array([23, 32]), 'role': '', 'semantic_type_id': '', 'text': 'chlamydia', 'type': 'EVENT'}
 {'id': '5671', 'offsets': array([34, 42]), 'role': '', 'semantic_type_id': '', 'text': 'coxiella', 'type': 'EVENT'}
 {'id': '5690', 'offsets': array([44, 54]), 'role': '', 'semantic_type_id': '', 'text': 'mycoplasma', 'type': 'EVENT'}
 {'id': '5709', 'offsets': array([56, 66]), 'role': '', 'semantic_type_id': '', 'text': 'rickettsia', 'type': 'EVENT'}
 {'id': '5728', 'offsets': array([68, 72]), 'role': '', 'semantic_type_id': '', 'text': 'lyme', 'type': 'EVENT'}
 {'id': '5747', 'offsets': array([77, 87]), 'role': '', 'semantic_type_id': '', 'text': 'bartonella', 'type': 'EVENT'}
 {'id': '5766', 'offsets': array([109, 124]), 'role': '', 'semantic_type_id': '', 'text': 'hospitalization', 'type': 'EVENT'}
 {'id': '4770', 'offsets': array([130, 138]), 'role': '', 'semantic_type_id': '', 'text': 'negative', 'type': 'RML'}]","A 19-year-old healthy man was admitted to our cardiology department following a syncopal episode. His past medical history was unremarkable. He no family history of heart disease or sudden death. Two-days prior the syncope, he developed chest pain and an influenza-like illness consisting of fevers, rhinorrhea, and sore throat. At the physical exam, the patient was febrile at 39°C. He had an inflamed throat, bradycardia at cardiac auscultation and there were no signs of heart failure. The electrocardiogram (EKG) showed grade III atrioventricular (AV) bloc with a ventricular rate of 38 beats per minute. Laboratory studies were remarkable for a HS-troponin level 181ng/L, a white blood cell count of 14270/mm³ with 48% lymphocytes, and elevated C-reactive protein at 90mg/L. Serum electrolytes, kidney and liver functions were within normal limits. A chest X-ray showed an appropriate cardiac size. The initial transthoracic echocardiography (TTE) showed a normal global left ventricular function (left ventricular ejection fraction (LVEF) 60%) and wall motion abnormalities (anteroseptal hypokinesia), with reduced left ventricular global longitudinal strain (LV GLS= -14.1%). Cardiac magnetic resonance (CMR) showed increased signal intensity at the mid-lateral wall on T2-weighted images. Late enhancement revealed a patchy subepicardial hyperenhancement of the medio-distal segments of the anterior and anterolateral walls which confirm the diagnosis of myocarditis. The patient was treated with cefotaxime and doxycycline. All serological tests (chlamydia, coxiella, mycoplasma, rickettsia, lyme and bartonella) obtained during the hospitalization were negative. Five days later, the patient was asymptomatic. The 24 hours ECG monitoring showed a sinus rhythm. The TTE revealed a normal LVEF and an improvement in the LVGLS with segmental reduced values concordant with the CMR abnormalities. At one-month follow-up the patient made a full recovery without any recurring cardiovascular symptoms or abnormal electrocardiographic or echocardiographic findings.
",EN100682,"<|im_start|>user Extract the entities contained in the text. Extract only entities contained in the text.
Return the result in a json format: [{""entity"":""entity_name""}]. <<All serological tests (chlamydia, coxiella, mycoplasma, rickettsia, lyme and bartonella) obtained during the hospitalization were negative.>>> <|im_end|><|im_start|>assistant[{""entity"": ""tests""}, {""entity"": ""chlamydia""}, {""entity"": ""coxiella""}, {""entity"": ""mycoplasma""}, {""entity"": ""rickettsia""}, {""entity"": ""lyme""}, {""entity"": ""bartonella""}, {""entity"": ""hospitalization""}, {""entity"": ""negative""}] <|im_end|>","<|im_start|>user Extract the entities contained in the text. Extract only entities contained in the text.
Return the result in a json format: [{""entity"":""entity_name""}]. <<<We present a case of a 32-year-old woman with a history of gradual enlargement of the anterior neck.>>> <|im_end|><|im_start|>assistant [{""entity"": ""present""}, {""entity"": ""history""}, {""entity"": ""enlargement""}] <|im_end|>
<|im_start|>user Extract the entities contained in the text. Extract only entities contained in the text.
Return the result in a json format: [{""entity"":""entity_name""}]. <<<Patient information: a 9-month-old boy presented to the emergency room with a 3-day history of refusal to bear weight on the right lower extremity and febrile peaks of up to 38.5°C for 24 hours.>>> <|im_end|><|im_start|>assistant [{""entity"": ""presented""}, {""entity"": ""refusal""}, {""entity"": ""bear""}, {""entity"": ""peaks""}] <|im_end|>
<|im_start|>user Extract the entities contained in the text. Extract only entities contained in the text.
Return the result in a json format: [{""entity"":""entity_name""}]. <<All serological tests (chlamydia, coxiella, mycoplasma, rickettsia, lyme and bartonella) obtained during the hospitalization were negative.>>> <|im_end|><|im_start|>assistant","[{""entity"": ""tests""}, {""entity"": ""chlamydia""}, {""entity"": ""coxiella""}, {""entity"": ""mycoplasma""}, {""entity"": ""rickettsia""}, {""entity"": ""lyme""}, {""entity"": ""bartonella""}, {""entity"": ""hospitalization""}, {""entity"": ""negative""}] ","[{""entity"": ""tests""}, {""entity"": ""chlamydia""}, {""entity"": ""coxiella""}, {""entity"": """
The TTE revealed a normal LVEF and an improvement in the LVGLS with segmental reduced values concordant with the CMR abnormalities.,"[{'id': '5841', 'offsets': array([4, 7]), 'role': '', 'semantic_type_id': '', 'text': 'TTE', 'type': 'EVENT'}
 {'id': '5856', 'offsets': array([ 8, 16]), 'role': '', 'semantic_type_id': '', 'text': 'revealed', 'type': 'EVENT'}
 {'id': '5871', 'offsets': array([26, 30]), 'role': '', 'semantic_type_id': '', 'text': 'LVEF', 'type': 'EVENT'}
 {'id': '5890', 'offsets': array([38, 49]), 'role': '', 'semantic_type_id': '', 'text': 'improvement', 'type': 'EVENT'}
 {'id': '5907', 'offsets': array([86, 92]), 'role': '', 'semantic_type_id': '', 'text': 'values', 'type': 'EVENT'}
 {'id': '5926', 'offsets': array([117, 130]), 'role': '', 'semantic_type_id': '', 'text': 'abnormalities', 'type': 'EVENT'}]","A 19-year-old healthy man was admitted to our cardiology department following a syncopal episode. His past medical history was unremarkable. He no family history of heart disease or sudden death. Two-days prior the syncope, he developed chest pain and an influenza-like illness consisting of fevers, rhinorrhea, and sore throat. At the physical exam, the patient was febrile at 39°C. He had an inflamed throat, bradycardia at cardiac auscultation and there were no signs of heart failure. The electrocardiogram (EKG) showed grade III atrioventricular (AV) bloc with a ventricular rate of 38 beats per minute. Laboratory studies were remarkable for a HS-troponin level 181ng/L, a white blood cell count of 14270/mm³ with 48% lymphocytes, and elevated C-reactive protein at 90mg/L. Serum electrolytes, kidney and liver functions were within normal limits. A chest X-ray showed an appropriate cardiac size. The initial transthoracic echocardiography (TTE) showed a normal global left ventricular function (left ventricular ejection fraction (LVEF) 60%) and wall motion abnormalities (anteroseptal hypokinesia), with reduced left ventricular global longitudinal strain (LV GLS= -14.1%). Cardiac magnetic resonance (CMR) showed increased signal intensity at the mid-lateral wall on T2-weighted images. Late enhancement revealed a patchy subepicardial hyperenhancement of the medio-distal segments of the anterior and anterolateral walls which confirm the diagnosis of myocarditis. The patient was treated with cefotaxime and doxycycline. All serological tests (chlamydia, coxiella, mycoplasma, rickettsia, lyme and bartonella) obtained during the hospitalization were negative. Five days later, the patient was asymptomatic. The 24 hours ECG monitoring showed a sinus rhythm. The TTE revealed a normal LVEF and an improvement in the LVGLS with segmental reduced values concordant with the CMR abnormalities. At one-month follow-up the patient made a full recovery without any recurring cardiovascular symptoms or abnormal electrocardiographic or echocardiographic findings.
",EN100682,"<|im_start|>user Extract the entities contained in the text. Extract only entities contained in the text.
Return the result in a json format: [{""entity"":""entity_name""}]. <<The TTE revealed a normal LVEF and an improvement in the LVGLS with segmental reduced values concordant with the CMR abnormalities.>>> <|im_end|><|im_start|>assistant[{""entity"": ""TTE""}, {""entity"": ""revealed""}, {""entity"": ""LVEF""}, {""entity"": ""improvement""}, {""entity"": ""values""}, {""entity"": ""abnormalities""}] <|im_end|>","<|im_start|>user Extract the entities contained in the text. Extract only entities contained in the text.
Return the result in a json format: [{""entity"":""entity_name""}]. <<<We present a case of a 32-year-old woman with a history of gradual enlargement of the anterior neck.>>> <|im_end|><|im_start|>assistant [{""entity"": ""present""}, {""entity"": ""history""}, {""entity"": ""enlargement""}] <|im_end|>
<|im_start|>user Extract the entities contained in the text. Extract only entities contained in the text.
Return the result in a json format: [{""entity"":""entity_name""}]. <<<Patient information: a 9-month-old boy presented to the emergency room with a 3-day history of refusal to bear weight on the right lower extremity and febrile peaks of up to 38.5°C for 24 hours.>>> <|im_end|><|im_start|>assistant [{""entity"": ""presented""}, {""entity"": ""refusal""}, {""entity"": ""bear""}, {""entity"": ""peaks""}] <|im_end|>
<|im_start|>user Extract the entities contained in the text. Extract only entities contained in the text.
Return the result in a json format: [{""entity"":""entity_name""}]. <<The TTE revealed a normal LVEF and an improvement in the LVGLS with segmental reduced values concordant with the CMR abnormalities.>>> <|im_end|><|im_start|>assistant","[{""entity"": ""TTE""}, {""entity"": ""revealed""}, {""entity"": ""LVEF""}, {""entity"": ""improvement""}, {""entity"": ""values""}, {""entity"": ""abnormalities""}] ","[{""entity"": ""TTE""}, {""entity"": ""revealed""}, {""entity"": ""LVEF""}, {""entity"": ""im"
At one-month follow-up the patient made a full recovery without any recurring cardiovascular symptoms or abnormal electrocardiographic or echocardiographic findings.,"[{'id': '5941', 'offsets': array([13, 22]), 'role': '', 'semantic_type_id': '', 'text': 'follow-up', 'type': 'EVENT'}
 {'id': '5956', 'offsets': array([47, 55]), 'role': '', 'semantic_type_id': '', 'text': 'recovery', 'type': 'EVENT'}
 {'id': '5975', 'offsets': array([ 93, 101]), 'role': '', 'semantic_type_id': '', 'text': 'symptoms', 'type': 'EVENT'}
 {'id': '5990', 'offsets': array([156, 164]), 'role': '', 'semantic_type_id': '', 'text': 'findings', 'type': 'EVENT'}
 {'id': '6260', 'offsets': array([ 78, 101]), 'role': '', 'semantic_type_id': '', 'text': 'cardiovascular symptoms', 'type': 'CLINENTITY'}
 {'id': '4825', 'offsets': array([23, 34]), 'role': 'PATIENT', 'semantic_type_id': '', 'text': 'the patient', 'type': 'ACTOR'}
 {'id': '6104', 'offsets': array([ 3, 12]), 'role': '', 'semantic_type_id': '', 'text': 'one-month', 'type': 'TIMEX3'}]","A 19-year-old healthy man was admitted to our cardiology department following a syncopal episode. His past medical history was unremarkable. He no family history of heart disease or sudden death. Two-days prior the syncope, he developed chest pain and an influenza-like illness consisting of fevers, rhinorrhea, and sore throat. At the physical exam, the patient was febrile at 39°C. He had an inflamed throat, bradycardia at cardiac auscultation and there were no signs of heart failure. The electrocardiogram (EKG) showed grade III atrioventricular (AV) bloc with a ventricular rate of 38 beats per minute. Laboratory studies were remarkable for a HS-troponin level 181ng/L, a white blood cell count of 14270/mm³ with 48% lymphocytes, and elevated C-reactive protein at 90mg/L. Serum electrolytes, kidney and liver functions were within normal limits. A chest X-ray showed an appropriate cardiac size. The initial transthoracic echocardiography (TTE) showed a normal global left ventricular function (left ventricular ejection fraction (LVEF) 60%) and wall motion abnormalities (anteroseptal hypokinesia), with reduced left ventricular global longitudinal strain (LV GLS= -14.1%). Cardiac magnetic resonance (CMR) showed increased signal intensity at the mid-lateral wall on T2-weighted images. Late enhancement revealed a patchy subepicardial hyperenhancement of the medio-distal segments of the anterior and anterolateral walls which confirm the diagnosis of myocarditis. The patient was treated with cefotaxime and doxycycline. All serological tests (chlamydia, coxiella, mycoplasma, rickettsia, lyme and bartonella) obtained during the hospitalization were negative. Five days later, the patient was asymptomatic. The 24 hours ECG monitoring showed a sinus rhythm. The TTE revealed a normal LVEF and an improvement in the LVGLS with segmental reduced values concordant with the CMR abnormalities. At one-month follow-up the patient made a full recovery without any recurring cardiovascular symptoms or abnormal electrocardiographic or echocardiographic findings.
",EN100682,"<|im_start|>user Extract the entities contained in the text. Extract only entities contained in the text.
Return the result in a json format: [{""entity"":""entity_name""}]. <<At one-month follow-up the patient made a full recovery without any recurring cardiovascular symptoms or abnormal electrocardiographic or echocardiographic findings.>>> <|im_end|><|im_start|>assistant[{""entity"": ""follow-up""}, {""entity"": ""recovery""}, {""entity"": ""symptoms""}, {""entity"": ""findings""}, {""entity"": ""cardiovascular symptoms""}, {""entity"": ""the patient""}, {""entity"": ""one-month""}] <|im_end|>","<|im_start|>user Extract the entities contained in the text. Extract only entities contained in the text.
Return the result in a json format: [{""entity"":""entity_name""}]. <<<We present a case of a 32-year-old woman with a history of gradual enlargement of the anterior neck.>>> <|im_end|><|im_start|>assistant [{""entity"": ""present""}, {""entity"": ""history""}, {""entity"": ""enlargement""}] <|im_end|>
<|im_start|>user Extract the entities contained in the text. Extract only entities contained in the text.
Return the result in a json format: [{""entity"":""entity_name""}]. <<<Patient information: a 9-month-old boy presented to the emergency room with a 3-day history of refusal to bear weight on the right lower extremity and febrile peaks of up to 38.5°C for 24 hours.>>> <|im_end|><|im_start|>assistant [{""entity"": ""presented""}, {""entity"": ""refusal""}, {""entity"": ""bear""}, {""entity"": ""peaks""}] <|im_end|>
<|im_start|>user Extract the entities contained in the text. Extract only entities contained in the text.
Return the result in a json format: [{""entity"":""entity_name""}]. <<At one-month follow-up the patient made a full recovery without any recurring cardiovascular symptoms or abnormal electrocardiographic or echocardiographic findings.>>> <|im_end|><|im_start|>assistant","[{""entity"": ""follow-up""}, {""entity"": ""recovery""}, {""entity"": ""symptoms""}, {""entity"": ""findings""}, {""entity"": ""cardiovascular symptoms""}, {""entity"": ""the patient""}, {""entity"": ""one-month""}] ","[{""entity"": ""follow-up""}, {""entity"": ""recovery""}, {""entity"": ""symptoms""}, {""entity"": ""findings"
"A 33-year man working in Gulf, presented with hemetemesis 15 days ago in the month of February this year.","[{'id': '5041', 'offsets': array([31, 40]), 'role': '', 'semantic_type_id': '', 'text': 'presented', 'type': 'EVENT'}
 {'id': '5056', 'offsets': array([46, 57]), 'role': '', 'semantic_type_id': '', 'text': 'hemetemesis', 'type': 'EVENT'}
 {'id': '6244', 'offsets': array([ 0, 13]), 'role': 'PATIENT', 'semantic_type_id': '', 'text': 'A 33-year man', 'type': 'ACTOR'}
 {'id': '6359', 'offsets': array([ 58, 104]), 'role': '', 'semantic_type_id': '', 'text': '15 days ago in the month of February this year', 'type': 'TIMEX3'}]","A 33-year man working in Gulf, presented with hemetemesis 15 days ago in the month of February this year. This was preceeded by low grade fever, bone pain, generalised bodyache, low back ache and generalised macular skin rashes. There was no history of abdominal pain, jaundice or features of chronic liver disease. He gave history of intake of analgesics for backache. After symptomatic treatment he returned back. He came to our OPD with Complete blood count which showed a haemoglobin of 8g/dl, total count 6700/mm3 platelet count 24000/mm3 and ESR 55mm/hr. On examination patient was pale with non pruritic macular rashes and mild splenomegaly. Residing in Middle East with background history of fever, backache, skin rash, splenomegaly and a low platelet count possibility of atypical infection like Brucellosis with NSAID induced gi bleed was considered. He was admitted for further evaluation and endoscopy done showed a nodular ulcerative lesions in the antrum of stomach and histopathologic examination confirmed adenocarcinoma of stomach. Liver function tests showed a high ALP (1536 U/l), elevated INR (2.15) though bilirubin, transaminases and serum proteins were normal. Brucella agglutination test was negative. Xray Chest was normal. Ultrasound of abdomen showed normal echotexture of liver, no SOL, normal portal vein and no IHBRD. CT scan of the abdomen revealed gross pylorus thickening with regional lymphadenopathy and skeletal metastasis with sclerotic foci involving vertebrae and pelvic bones and lytic areas in bilateral iliac blades with no liver metastasis or ascites. A skeletal survey was done which showed lytic lesions in the iliac and femoral bones. Bone marrow aspirate showed decreased red cells and platelets and marrow biopsy done was reported as metastasis from adenocarcinoma. Coagulation profile done was suggestive of DIC due to the raised levels of FDP (5,170 ng/dl) and a low fibrinogen \(152mg/dl). He was transferred to Medical Oncology department for subsequent management and was treated with chemotherapy. He succumbed to his illness within 10 months of diagnosis.
",EN100046,"<|im_start|>user Extract the entities contained in the text. Extract only entities contained in the text.
Return the result in a json format: [{""entity"":""entity_name""}]. <<A 33-year man working in Gulf, presented with hemetemesis 15 days ago in the month of February this year.>>> <|im_end|><|im_start|>assistant[{""entity"": ""presented""}, {""entity"": ""hemetemesis""}, {""entity"": ""A 33-year man""}, {""entity"": ""15 days ago in the month of February this year""}] <|im_end|>","<|im_start|>user Extract the entities contained in the text. Extract only entities contained in the text.
Return the result in a json format: [{""entity"":""entity_name""}]. <<<We present a case of a 32-year-old woman with a history of gradual enlargement of the anterior neck.>>> <|im_end|><|im_start|>assistant [{""entity"": ""present""}, {""entity"": ""history""}, {""entity"": ""enlargement""}] <|im_end|>
<|im_start|>user Extract the entities contained in the text. Extract only entities contained in the text.
Return the result in a json format: [{""entity"":""entity_name""}]. <<<Patient information: a 9-month-old boy presented to the emergency room with a 3-day history of refusal to bear weight on the right lower extremity and febrile peaks of up to 38.5°C for 24 hours.>>> <|im_end|><|im_start|>assistant [{""entity"": ""presented""}, {""entity"": ""refusal""}, {""entity"": ""bear""}, {""entity"": ""peaks""}] <|im_end|>
<|im_start|>user Extract the entities contained in the text. Extract only entities contained in the text.
Return the result in a json format: [{""entity"":""entity_name""}]. <<A 33-year man working in Gulf, presented with hemetemesis 15 days ago in the month of February this year.>>> <|im_end|><|im_start|>assistant","[{""entity"": ""presented""}, {""entity"": ""hemetemesis""}, {""entity"": ""A 33-year man""}, {""entity"": ""15 days ago in the month of February this year""}] ","[{""entity"": ""hemetemesis""}, {""entity"": ""A 33-year man""}] <|im_end|><|im_end|><|im_end|><|im_end|><|im_end|>"
"There was no history of abdominal pain, jaundice or features of chronic liver disease.","[{'id': '5146', 'offsets': array([13, 20]), 'role': '', 'semantic_type_id': '', 'text': 'history', 'type': 'EVENT'}
 {'id': '5161', 'offsets': array([34, 38]), 'role': '', 'semantic_type_id': '', 'text': 'pain', 'type': 'EVENT'}
 {'id': '5176', 'offsets': array([78, 85]), 'role': '', 'semantic_type_id': '', 'text': 'disease', 'type': 'EVENT'}
 {'id': '6006', 'offsets': array([24, 38]), 'role': '', 'semantic_type_id': 'C0000737', 'text': 'abdominal pain', 'type': 'CLINENTITY'}
 {'id': '6013', 'offsets': array([40, 48]), 'role': '', 'semantic_type_id': 'C0022346', 'text': 'jaundice', 'type': 'CLINENTITY'}
 {'id': '6020', 'offsets': array([64, 85]), 'role': '', 'semantic_type_id': 'C0341439', 'text': 'chronic liver disease', 'type': 'CLINENTITY'}
 {'id': '6172', 'offsets': array([72, 77]), 'role': '', 'semantic_type_id': '', 'text': 'liver', 'type': 'BODYPART'}]","A 33-year man working in Gulf, presented with hemetemesis 15 days ago in the month of February this year. This was preceeded by low grade fever, bone pain, generalised bodyache, low back ache and generalised macular skin rashes. There was no history of abdominal pain, jaundice or features of chronic liver disease. He gave history of intake of analgesics for backache. After symptomatic treatment he returned back. He came to our OPD with Complete blood count which showed a haemoglobin of 8g/dl, total count 6700/mm3 platelet count 24000/mm3 and ESR 55mm/hr. On examination patient was pale with non pruritic macular rashes and mild splenomegaly. Residing in Middle East with background history of fever, backache, skin rash, splenomegaly and a low platelet count possibility of atypical infection like Brucellosis with NSAID induced gi bleed was considered. He was admitted for further evaluation and endoscopy done showed a nodular ulcerative lesions in the antrum of stomach and histopathologic examination confirmed adenocarcinoma of stomach. Liver function tests showed a high ALP (1536 U/l), elevated INR (2.15) though bilirubin, transaminases and serum proteins were normal. Brucella agglutination test was negative. Xray Chest was normal. Ultrasound of abdomen showed normal echotexture of liver, no SOL, normal portal vein and no IHBRD. CT scan of the abdomen revealed gross pylorus thickening with regional lymphadenopathy and skeletal metastasis with sclerotic foci involving vertebrae and pelvic bones and lytic areas in bilateral iliac blades with no liver metastasis or ascites. A skeletal survey was done which showed lytic lesions in the iliac and femoral bones. Bone marrow aspirate showed decreased red cells and platelets and marrow biopsy done was reported as metastasis from adenocarcinoma. Coagulation profile done was suggestive of DIC due to the raised levels of FDP (5,170 ng/dl) and a low fibrinogen \(152mg/dl). He was transferred to Medical Oncology department for subsequent management and was treated with chemotherapy. He succumbed to his illness within 10 months of diagnosis.
",EN100046,"<|im_start|>user Extract the entities contained in the text. Extract only entities contained in the text.
Return the result in a json format: [{""entity"":""entity_name""}]. <<There was no history of abdominal pain, jaundice or features of chronic liver disease.>>> <|im_end|><|im_start|>assistant[{""entity"": ""history""}, {""entity"": ""pain""}, {""entity"": ""disease""}, {""entity"": ""abdominal pain""}, {""entity"": ""jaundice""}, {""entity"": ""chronic liver disease""}, {""entity"": ""liver""}] <|im_end|>","<|im_start|>user Extract the entities contained in the text. Extract only entities contained in the text.
Return the result in a json format: [{""entity"":""entity_name""}]. <<<We present a case of a 32-year-old woman with a history of gradual enlargement of the anterior neck.>>> <|im_end|><|im_start|>assistant [{""entity"": ""present""}, {""entity"": ""history""}, {""entity"": ""enlargement""}] <|im_end|>
<|im_start|>user Extract the entities contained in the text. Extract only entities contained in the text.
Return the result in a json format: [{""entity"":""entity_name""}]. <<<Patient information: a 9-month-old boy presented to the emergency room with a 3-day history of refusal to bear weight on the right lower extremity and febrile peaks of up to 38.5°C for 24 hours.>>> <|im_end|><|im_start|>assistant [{""entity"": ""presented""}, {""entity"": ""refusal""}, {""entity"": ""bear""}, {""entity"": ""peaks""}] <|im_end|>
<|im_start|>user Extract the entities contained in the text. Extract only entities contained in the text.
Return the result in a json format: [{""entity"":""entity_name""}]. <<There was no history of abdominal pain, jaundice or features of chronic liver disease.>>> <|im_end|><|im_start|>assistant","[{""entity"": ""history""}, {""entity"": ""pain""}, {""entity"": ""disease""}, {""entity"": ""abdominal pain""}, {""entity"": ""jaundice""}, {""entity"": ""chronic liver disease""}, {""entity"": ""liver""}] ","[{""entity"": ""pain""}, {""entity"": ""jaundice""}, {""entity"": ""disease""}, {""entity"": ""abdom"
He gave history of intake of analgesics for backache.,"[{'id': '5191', 'offsets': array([ 8, 15]), 'role': '', 'semantic_type_id': '', 'text': 'history', 'type': 'EVENT'}
 {'id': '6027', 'offsets': array([44, 52]), 'role': '', 'semantic_type_id': 'C0004604', 'text': 'backache', 'type': 'CLINENTITY'}
 {'id': '6251', 'offsets': array([0, 2]), 'role': 'PATIENT', 'semantic_type_id': '', 'text': 'He', 'type': 'ACTOR'}]","A 33-year man working in Gulf, presented with hemetemesis 15 days ago in the month of February this year. This was preceeded by low grade fever, bone pain, generalised bodyache, low back ache and generalised macular skin rashes. There was no history of abdominal pain, jaundice or features of chronic liver disease. He gave history of intake of analgesics for backache. After symptomatic treatment he returned back. He came to our OPD with Complete blood count which showed a haemoglobin of 8g/dl, total count 6700/mm3 platelet count 24000/mm3 and ESR 55mm/hr. On examination patient was pale with non pruritic macular rashes and mild splenomegaly. Residing in Middle East with background history of fever, backache, skin rash, splenomegaly and a low platelet count possibility of atypical infection like Brucellosis with NSAID induced gi bleed was considered. He was admitted for further evaluation and endoscopy done showed a nodular ulcerative lesions in the antrum of stomach and histopathologic examination confirmed adenocarcinoma of stomach. Liver function tests showed a high ALP (1536 U/l), elevated INR (2.15) though bilirubin, transaminases and serum proteins were normal. Brucella agglutination test was negative. Xray Chest was normal. Ultrasound of abdomen showed normal echotexture of liver, no SOL, normal portal vein and no IHBRD. CT scan of the abdomen revealed gross pylorus thickening with regional lymphadenopathy and skeletal metastasis with sclerotic foci involving vertebrae and pelvic bones and lytic areas in bilateral iliac blades with no liver metastasis or ascites. A skeletal survey was done which showed lytic lesions in the iliac and femoral bones. Bone marrow aspirate showed decreased red cells and platelets and marrow biopsy done was reported as metastasis from adenocarcinoma. Coagulation profile done was suggestive of DIC due to the raised levels of FDP (5,170 ng/dl) and a low fibrinogen \(152mg/dl). He was transferred to Medical Oncology department for subsequent management and was treated with chemotherapy. He succumbed to his illness within 10 months of diagnosis.
",EN100046,"<|im_start|>user Extract the entities contained in the text. Extract only entities contained in the text.
Return the result in a json format: [{""entity"":""entity_name""}]. <<He gave history of intake of analgesics for backache.>>> <|im_end|><|im_start|>assistant[{""entity"": ""history""}, {""entity"": ""backache""}, {""entity"": ""He""}] <|im_end|>","<|im_start|>user Extract the entities contained in the text. Extract only entities contained in the text.
Return the result in a json format: [{""entity"":""entity_name""}]. <<<We present a case of a 32-year-old woman with a history of gradual enlargement of the anterior neck.>>> <|im_end|><|im_start|>assistant [{""entity"": ""present""}, {""entity"": ""history""}, {""entity"": ""enlargement""}] <|im_end|>
<|im_start|>user Extract the entities contained in the text. Extract only entities contained in the text.
Return the result in a json format: [{""entity"":""entity_name""}]. <<<Patient information: a 9-month-old boy presented to the emergency room with a 3-day history of refusal to bear weight on the right lower extremity and febrile peaks of up to 38.5°C for 24 hours.>>> <|im_end|><|im_start|>assistant [{""entity"": ""presented""}, {""entity"": ""refusal""}, {""entity"": ""bear""}, {""entity"": ""peaks""}] <|im_end|>
<|im_start|>user Extract the entities contained in the text. Extract only entities contained in the text.
Return the result in a json format: [{""entity"":""entity_name""}]. <<He gave history of intake of analgesics for backache.>>> <|im_end|><|im_start|>assistant","[{""entity"": ""history""}, {""entity"": ""backache""}, {""entity"": ""He""}] ","[{""entity"": ""gave""}, {""entity"": ""history""}, {""entity"": ""intake""}, {""entity"": ""backache""},"
After symptomatic treatment he returned back.,"[{'id': '5206', 'offsets': array([18, 27]), 'role': '', 'semantic_type_id': '', 'text': 'treatment', 'type': 'EVENT'}]","A 33-year man working in Gulf, presented with hemetemesis 15 days ago in the month of February this year. This was preceeded by low grade fever, bone pain, generalised bodyache, low back ache and generalised macular skin rashes. There was no history of abdominal pain, jaundice or features of chronic liver disease. He gave history of intake of analgesics for backache. After symptomatic treatment he returned back. He came to our OPD with Complete blood count which showed a haemoglobin of 8g/dl, total count 6700/mm3 platelet count 24000/mm3 and ESR 55mm/hr. On examination patient was pale with non pruritic macular rashes and mild splenomegaly. Residing in Middle East with background history of fever, backache, skin rash, splenomegaly and a low platelet count possibility of atypical infection like Brucellosis with NSAID induced gi bleed was considered. He was admitted for further evaluation and endoscopy done showed a nodular ulcerative lesions in the antrum of stomach and histopathologic examination confirmed adenocarcinoma of stomach. Liver function tests showed a high ALP (1536 U/l), elevated INR (2.15) though bilirubin, transaminases and serum proteins were normal. Brucella agglutination test was negative. Xray Chest was normal. Ultrasound of abdomen showed normal echotexture of liver, no SOL, normal portal vein and no IHBRD. CT scan of the abdomen revealed gross pylorus thickening with regional lymphadenopathy and skeletal metastasis with sclerotic foci involving vertebrae and pelvic bones and lytic areas in bilateral iliac blades with no liver metastasis or ascites. A skeletal survey was done which showed lytic lesions in the iliac and femoral bones. Bone marrow aspirate showed decreased red cells and platelets and marrow biopsy done was reported as metastasis from adenocarcinoma. Coagulation profile done was suggestive of DIC due to the raised levels of FDP (5,170 ng/dl) and a low fibrinogen \(152mg/dl). He was transferred to Medical Oncology department for subsequent management and was treated with chemotherapy. He succumbed to his illness within 10 months of diagnosis.
",EN100046,"<|im_start|>user Extract the entities contained in the text. Extract only entities contained in the text.
Return the result in a json format: [{""entity"":""entity_name""}]. <<After symptomatic treatment he returned back.>>> <|im_end|><|im_start|>assistant[{""entity"": ""treatment""}] <|im_end|>","<|im_start|>user Extract the entities contained in the text. Extract only entities contained in the text.
Return the result in a json format: [{""entity"":""entity_name""}]. <<<We present a case of a 32-year-old woman with a history of gradual enlargement of the anterior neck.>>> <|im_end|><|im_start|>assistant [{""entity"": ""present""}, {""entity"": ""history""}, {""entity"": ""enlargement""}] <|im_end|>
<|im_start|>user Extract the entities contained in the text. Extract only entities contained in the text.
Return the result in a json format: [{""entity"":""entity_name""}]. <<<Patient information: a 9-month-old boy presented to the emergency room with a 3-day history of refusal to bear weight on the right lower extremity and febrile peaks of up to 38.5°C for 24 hours.>>> <|im_end|><|im_start|>assistant [{""entity"": ""presented""}, {""entity"": ""refusal""}, {""entity"": ""bear""}, {""entity"": ""peaks""}] <|im_end|>
<|im_start|>user Extract the entities contained in the text. Extract only entities contained in the text.
Return the result in a json format: [{""entity"":""entity_name""}]. <<After symptomatic treatment he returned back.>>> <|im_end|><|im_start|>assistant","[{""entity"": ""treatment""}] ","[{""entity"": ""treatment""}, {""entity"": ""returned""}] <|im_end|><|im_end|><|im_end|><|im_end|><|im_end|><|im_end|><|im_end|><|im_end|><|im_end|><|im_end|><|im_end|><|im_end|>"
On examination patient was pale with non pruritic macular rashes and mild splenomegaly.,"[{'id': '5326', 'offsets': array([ 3, 14]), 'role': '', 'semantic_type_id': '', 'text': 'examination', 'type': 'EVENT'}
 {'id': '5341', 'offsets': array([74, 86]), 'role': '', 'semantic_type_id': '', 'text': 'splenomegaly', 'type': 'EVENT'}
 {'id': '6034', 'offsets': array([50, 64]), 'role': '', 'semantic_type_id': 'C0221201', 'text': 'macular rashes', 'type': 'CLINENTITY'}
 {'id': '6041', 'offsets': array([74, 86]), 'role': '', 'semantic_type_id': 'C0038002', 'text': 'splenomegaly', 'type': 'CLINENTITY'}
 {'id': '6178', 'offsets': array([50, 64]), 'role': '', 'semantic_type_id': '', 'text': 'macular rashes', 'type': 'BODYPART'}
 {'id': '6265', 'offsets': array([15, 22]), 'role': 'PATIENT', 'semantic_type_id': '', 'text': 'patient', 'type': 'ACTOR'}]","A 33-year man working in Gulf, presented with hemetemesis 15 days ago in the month of February this year. This was preceeded by low grade fever, bone pain, generalised bodyache, low back ache and generalised macular skin rashes. There was no history of abdominal pain, jaundice or features of chronic liver disease. He gave history of intake of analgesics for backache. After symptomatic treatment he returned back. He came to our OPD with Complete blood count which showed a haemoglobin of 8g/dl, total count 6700/mm3 platelet count 24000/mm3 and ESR 55mm/hr. On examination patient was pale with non pruritic macular rashes and mild splenomegaly. Residing in Middle East with background history of fever, backache, skin rash, splenomegaly and a low platelet count possibility of atypical infection like Brucellosis with NSAID induced gi bleed was considered. He was admitted for further evaluation and endoscopy done showed a nodular ulcerative lesions in the antrum of stomach and histopathologic examination confirmed adenocarcinoma of stomach. Liver function tests showed a high ALP (1536 U/l), elevated INR (2.15) though bilirubin, transaminases and serum proteins were normal. Brucella agglutination test was negative. Xray Chest was normal. Ultrasound of abdomen showed normal echotexture of liver, no SOL, normal portal vein and no IHBRD. CT scan of the abdomen revealed gross pylorus thickening with regional lymphadenopathy and skeletal metastasis with sclerotic foci involving vertebrae and pelvic bones and lytic areas in bilateral iliac blades with no liver metastasis or ascites. A skeletal survey was done which showed lytic lesions in the iliac and femoral bones. Bone marrow aspirate showed decreased red cells and platelets and marrow biopsy done was reported as metastasis from adenocarcinoma. Coagulation profile done was suggestive of DIC due to the raised levels of FDP (5,170 ng/dl) and a low fibrinogen \(152mg/dl). He was transferred to Medical Oncology department for subsequent management and was treated with chemotherapy. He succumbed to his illness within 10 months of diagnosis.
",EN100046,"<|im_start|>user Extract the entities contained in the text. Extract only entities contained in the text.
Return the result in a json format: [{""entity"":""entity_name""}]. <<On examination patient was pale with non pruritic macular rashes and mild splenomegaly.>>> <|im_end|><|im_start|>assistant[{""entity"": ""examination""}, {""entity"": ""splenomegaly""}, {""entity"": ""macular rashes""}, {""entity"": ""splenomegaly""}, {""entity"": ""macular rashes""}, {""entity"": ""patient""}] <|im_end|>","<|im_start|>user Extract the entities contained in the text. Extract only entities contained in the text.
Return the result in a json format: [{""entity"":""entity_name""}]. <<<We present a case of a 32-year-old woman with a history of gradual enlargement of the anterior neck.>>> <|im_end|><|im_start|>assistant [{""entity"": ""present""}, {""entity"": ""history""}, {""entity"": ""enlargement""}] <|im_end|>
<|im_start|>user Extract the entities contained in the text. Extract only entities contained in the text.
Return the result in a json format: [{""entity"":""entity_name""}]. <<<Patient information: a 9-month-old boy presented to the emergency room with a 3-day history of refusal to bear weight on the right lower extremity and febrile peaks of up to 38.5°C for 24 hours.>>> <|im_end|><|im_start|>assistant [{""entity"": ""presented""}, {""entity"": ""refusal""}, {""entity"": ""bear""}, {""entity"": ""peaks""}] <|im_end|>
<|im_start|>user Extract the entities contained in the text. Extract only entities contained in the text.
Return the result in a json format: [{""entity"":""entity_name""}]. <<On examination patient was pale with non pruritic macular rashes and mild splenomegaly.>>> <|im_end|><|im_start|>assistant","[{""entity"": ""examination""}, {""entity"": ""splenomegaly""}, {""entity"": ""macular rashes""}, {""entity"": ""splenomegaly""}, {""entity"": ""macular rashes""}, {""entity"": ""patient""}] ","[{""entity"": ""examination""}, {""entity"": ""pale""}, {""entity"": ""rashes""}, {""entity"": ""splen"
"Residing in Middle East with background history of fever, backache, skin rash, splenomegaly and a low platelet count possibility of atypical infection like Brucellosis with NSAID induced gi bleed was considered.","[{'id': '6048', 'offsets': array([51, 56]), 'role': '', 'semantic_type_id': 'C0015967', 'text': 'fever', 'type': 'CLINENTITY'}
 {'id': '6055', 'offsets': array([58, 66]), 'role': '', 'semantic_type_id': 'C0004604', 'text': 'backache', 'type': 'CLINENTITY'}
 {'id': '6062', 'offsets': array([68, 77]), 'role': '', 'semantic_type_id': 'C0015230', 'text': 'skin rash', 'type': 'CLINENTITY'}
 {'id': '6069', 'offsets': array([79, 91]), 'role': '', 'semantic_type_id': 'C0038002', 'text': 'splenomegaly', 'type': 'CLINENTITY'}
 {'id': '6076', 'offsets': array([156, 167]), 'role': '', 'semantic_type_id': 'C0006309', 'text': 'Brucellosis', 'type': 'CLINENTITY'}
 {'id': '6083', 'offsets': array([187, 195]), 'role': '', 'semantic_type_id': 'C0017181', 'text': 'gi bleed', 'type': 'CLINENTITY'}]","A 33-year man working in Gulf, presented with hemetemesis 15 days ago in the month of February this year. This was preceeded by low grade fever, bone pain, generalised bodyache, low back ache and generalised macular skin rashes. There was no history of abdominal pain, jaundice or features of chronic liver disease. He gave history of intake of analgesics for backache. After symptomatic treatment he returned back. He came to our OPD with Complete blood count which showed a haemoglobin of 8g/dl, total count 6700/mm3 platelet count 24000/mm3 and ESR 55mm/hr. On examination patient was pale with non pruritic macular rashes and mild splenomegaly. Residing in Middle East with background history of fever, backache, skin rash, splenomegaly and a low platelet count possibility of atypical infection like Brucellosis with NSAID induced gi bleed was considered. He was admitted for further evaluation and endoscopy done showed a nodular ulcerative lesions in the antrum of stomach and histopathologic examination confirmed adenocarcinoma of stomach. Liver function tests showed a high ALP (1536 U/l), elevated INR (2.15) though bilirubin, transaminases and serum proteins were normal. Brucella agglutination test was negative. Xray Chest was normal. Ultrasound of abdomen showed normal echotexture of liver, no SOL, normal portal vein and no IHBRD. CT scan of the abdomen revealed gross pylorus thickening with regional lymphadenopathy and skeletal metastasis with sclerotic foci involving vertebrae and pelvic bones and lytic areas in bilateral iliac blades with no liver metastasis or ascites. A skeletal survey was done which showed lytic lesions in the iliac and femoral bones. Bone marrow aspirate showed decreased red cells and platelets and marrow biopsy done was reported as metastasis from adenocarcinoma. Coagulation profile done was suggestive of DIC due to the raised levels of FDP (5,170 ng/dl) and a low fibrinogen \(152mg/dl). He was transferred to Medical Oncology department for subsequent management and was treated with chemotherapy. He succumbed to his illness within 10 months of diagnosis.
",EN100046,"<|im_start|>user Extract the entities contained in the text. Extract only entities contained in the text.
Return the result in a json format: [{""entity"":""entity_name""}]. <<Residing in Middle East with background history of fever, backache, skin rash, splenomegaly and a low platelet count possibility of atypical infection like Brucellosis with NSAID induced gi bleed was considered.>>> <|im_end|><|im_start|>assistant[{""entity"": ""fever""}, {""entity"": ""backache""}, {""entity"": ""skin rash""}, {""entity"": ""splenomegaly""}, {""entity"": ""Brucellosis""}, {""entity"": ""gi bleed""}] <|im_end|>","<|im_start|>user Extract the entities contained in the text. Extract only entities contained in the text.
Return the result in a json format: [{""entity"":""entity_name""}]. <<<We present a case of a 32-year-old woman with a history of gradual enlargement of the anterior neck.>>> <|im_end|><|im_start|>assistant [{""entity"": ""present""}, {""entity"": ""history""}, {""entity"": ""enlargement""}] <|im_end|>
<|im_start|>user Extract the entities contained in the text. Extract only entities contained in the text.
Return the result in a json format: [{""entity"":""entity_name""}]. <<<Patient information: a 9-month-old boy presented to the emergency room with a 3-day history of refusal to bear weight on the right lower extremity and febrile peaks of up to 38.5°C for 24 hours.>>> <|im_end|><|im_start|>assistant [{""entity"": ""presented""}, {""entity"": ""refusal""}, {""entity"": ""bear""}, {""entity"": ""peaks""}] <|im_end|>
<|im_start|>user Extract the entities contained in the text. Extract only entities contained in the text.
Return the result in a json format: [{""entity"":""entity_name""}]. <<Residing in Middle East with background history of fever, backache, skin rash, splenomegaly and a low platelet count possibility of atypical infection like Brucellosis with NSAID induced gi bleed was considered.>>> <|im_end|><|im_start|>assistant","[{""entity"": ""fever""}, {""entity"": ""backache""}, {""entity"": ""skin rash""}, {""entity"": ""splenomegaly""}, {""entity"": ""Brucellosis""}, {""entity"": ""gi bleed""}] ","[{""entity"": ""Residing""}, {""entity"": ""history""}, {""entity"": ""fever""}, {""entity"": ""backache""},"
He was admitted for further evaluation and endoscopy done showed a nodular ulcerative lesions in the antrum of stomach and histopathologic examination confirmed adenocarcinoma of stomach.,"[{'id': '5356', 'offsets': array([ 7, 15]), 'role': '', 'semantic_type_id': '', 'text': 'admitted', 'type': 'EVENT'}
 {'id': '5371', 'offsets': array([28, 38]), 'role': '', 'semantic_type_id': '', 'text': 'evaluation', 'type': 'EVENT'}
 {'id': '5386', 'offsets': array([43, 52]), 'role': '', 'semantic_type_id': '', 'text': 'endoscopy', 'type': 'EVENT'}
 {'id': '5401', 'offsets': array([58, 64]), 'role': '', 'semantic_type_id': '', 'text': 'showed', 'type': 'EVENT'}
 {'id': '5416', 'offsets': array([86, 93]), 'role': '', 'semantic_type_id': '', 'text': 'lesions', 'type': 'EVENT'}
 {'id': '5431', 'offsets': array([139, 150]), 'role': '', 'semantic_type_id': '', 'text': 'examination', 'type': 'EVENT'}
 {'id': '5446', 'offsets': array([151, 160]), 'role': '', 'semantic_type_id': '', 'text': 'confirmed', 'type': 'EVENT'}
 {'id': '5461', 'offsets': array([161, 175]), 'role': '', 'semantic_type_id': '', 'text': 'adenocarcinoma', 'type': 'EVENT'}
 {'id': '6090', 'offsets': array([67, 93]), 'role': '', 'semantic_type_id': 'C1518345', 'text': 'nodular ulcerative lesions', 'type': 'CLINENTITY'}
 {'id': '6097', 'offsets': array([161, 186]), 'role': '', 'semantic_type_id': 'C0278701', 'text': 'adenocarcinoma of stomach', 'type': 'CLINENTITY'}
 {'id': '6184', 'offsets': array([ 97, 118]), 'role': '', 'semantic_type_id': '', 'text': 'the antrum of stomach', 'type': 'BODYPART'}
 {'id': '6190', 'offsets': array([179, 186]), 'role': '', 'semantic_type_id': '', 'text': 'stomach', 'type': 'BODYPART'}
 {'id': '6272', 'offsets': array([0, 2]), 'role': 'PATIENT', 'semantic_type_id': '', 'text': 'He', 'type': 'ACTOR'}]","A 33-year man working in Gulf, presented with hemetemesis 15 days ago in the month of February this year. This was preceeded by low grade fever, bone pain, generalised bodyache, low back ache and generalised macular skin rashes. There was no history of abdominal pain, jaundice or features of chronic liver disease. He gave history of intake of analgesics for backache. After symptomatic treatment he returned back. He came to our OPD with Complete blood count which showed a haemoglobin of 8g/dl, total count 6700/mm3 platelet count 24000/mm3 and ESR 55mm/hr. On examination patient was pale with non pruritic macular rashes and mild splenomegaly. Residing in Middle East with background history of fever, backache, skin rash, splenomegaly and a low platelet count possibility of atypical infection like Brucellosis with NSAID induced gi bleed was considered. He was admitted for further evaluation and endoscopy done showed a nodular ulcerative lesions in the antrum of stomach and histopathologic examination confirmed adenocarcinoma of stomach. Liver function tests showed a high ALP (1536 U/l), elevated INR (2.15) though bilirubin, transaminases and serum proteins were normal. Brucella agglutination test was negative. Xray Chest was normal. Ultrasound of abdomen showed normal echotexture of liver, no SOL, normal portal vein and no IHBRD. CT scan of the abdomen revealed gross pylorus thickening with regional lymphadenopathy and skeletal metastasis with sclerotic foci involving vertebrae and pelvic bones and lytic areas in bilateral iliac blades with no liver metastasis or ascites. A skeletal survey was done which showed lytic lesions in the iliac and femoral bones. Bone marrow aspirate showed decreased red cells and platelets and marrow biopsy done was reported as metastasis from adenocarcinoma. Coagulation profile done was suggestive of DIC due to the raised levels of FDP (5,170 ng/dl) and a low fibrinogen \(152mg/dl). He was transferred to Medical Oncology department for subsequent management and was treated with chemotherapy. He succumbed to his illness within 10 months of diagnosis.
",EN100046,"<|im_start|>user Extract the entities contained in the text. Extract only entities contained in the text.
Return the result in a json format: [{""entity"":""entity_name""}]. <<He was admitted for further evaluation and endoscopy done showed a nodular ulcerative lesions in the antrum of stomach and histopathologic examination confirmed adenocarcinoma of stomach.>>> <|im_end|><|im_start|>assistant[{""entity"": ""admitted""}, {""entity"": ""evaluation""}, {""entity"": ""endoscopy""}, {""entity"": ""showed""}, {""entity"": ""lesions""}, {""entity"": ""examination""}, {""entity"": ""confirmed""}, {""entity"": ""adenocarcinoma""}, {""entity"": ""nodular ulcerative lesions""}, {""entity"": ""adenocarcinoma of stomach""}, {""entity"": ""the antrum of stomach""}, {""entity"": ""stomach""}, {""entity"": ""He""}] <|im_end|>","<|im_start|>user Extract the entities contained in the text. Extract only entities contained in the text.
Return the result in a json format: [{""entity"":""entity_name""}]. <<<We present a case of a 32-year-old woman with a history of gradual enlargement of the anterior neck.>>> <|im_end|><|im_start|>assistant [{""entity"": ""present""}, {""entity"": ""history""}, {""entity"": ""enlargement""}] <|im_end|>
<|im_start|>user Extract the entities contained in the text. Extract only entities contained in the text.
Return the result in a json format: [{""entity"":""entity_name""}]. <<<Patient information: a 9-month-old boy presented to the emergency room with a 3-day history of refusal to bear weight on the right lower extremity and febrile peaks of up to 38.5°C for 24 hours.>>> <|im_end|><|im_start|>assistant [{""entity"": ""presented""}, {""entity"": ""refusal""}, {""entity"": ""bear""}, {""entity"": ""peaks""}] <|im_end|>
<|im_start|>user Extract the entities contained in the text. Extract only entities contained in the text.
Return the result in a json format: [{""entity"":""entity_name""}]. <<He was admitted for further evaluation and endoscopy done showed a nodular ulcerative lesions in the antrum of stomach and histopathologic examination confirmed adenocarcinoma of stomach.>>> <|im_end|><|im_start|>assistant","[{""entity"": ""admitted""}, {""entity"": ""evaluation""}, {""entity"": ""endoscopy""}, {""entity"": ""showed""}, {""entity"": ""lesions""}, {""entity"": ""examination""}, {""entity"": ""confirmed""}, {""entity"": ""adenocarcinoma""}, {""entity"": ""nodular ulcerative lesions""}, {""entity"": ""adenocarcinoma of stomach""}, {""entity"": ""the antrum of stomach""}, {""entity"": ""stomach""}, {""entity"": ""He""}] ","[{""entity"": ""admitted""}, {""entity"": ""endoscopy""}, {""entity"": ""showed""}, {""entity"": ""les"
"Liver function tests showed a high ALP (1536 U/l), elevated INR (2.15) though bilirubin, transaminases and serum proteins were normal.","[{'id': '5476', 'offsets': array([15, 20]), 'role': '', 'semantic_type_id': '', 'text': 'tests', 'type': 'EVENT'}
 {'id': '5491', 'offsets': array([21, 27]), 'role': '', 'semantic_type_id': '', 'text': 'showed', 'type': 'EVENT'}
 {'id': '5506', 'offsets': array([35, 38]), 'role': '', 'semantic_type_id': '', 'text': 'ALP', 'type': 'EVENT'}
 {'id': '5521', 'offsets': array([60, 63]), 'role': '', 'semantic_type_id': '', 'text': 'INR', 'type': 'EVENT'}
 {'id': '5536', 'offsets': array([113, 121]), 'role': '', 'semantic_type_id': '', 'text': 'proteins', 'type': 'EVENT'}
 {'id': '6317', 'offsets': array([30, 34]), 'role': '', 'semantic_type_id': '', 'text': 'high', 'type': 'RML'}
 {'id': '6323', 'offsets': array([40, 48]), 'role': '', 'semantic_type_id': '', 'text': '1536 U/l', 'type': 'RML'}
 {'id': '6329', 'offsets': array([51, 59]), 'role': '', 'semantic_type_id': '', 'text': 'elevated', 'type': 'RML'}
 {'id': '6335', 'offsets': array([65, 69]), 'role': '', 'semantic_type_id': '', 'text': '2.15', 'type': 'RML'}]","A 33-year man working in Gulf, presented with hemetemesis 15 days ago in the month of February this year. This was preceeded by low grade fever, bone pain, generalised bodyache, low back ache and generalised macular skin rashes. There was no history of abdominal pain, jaundice or features of chronic liver disease. He gave history of intake of analgesics for backache. After symptomatic treatment he returned back. He came to our OPD with Complete blood count which showed a haemoglobin of 8g/dl, total count 6700/mm3 platelet count 24000/mm3 and ESR 55mm/hr. On examination patient was pale with non pruritic macular rashes and mild splenomegaly. Residing in Middle East with background history of fever, backache, skin rash, splenomegaly and a low platelet count possibility of atypical infection like Brucellosis with NSAID induced gi bleed was considered. He was admitted for further evaluation and endoscopy done showed a nodular ulcerative lesions in the antrum of stomach and histopathologic examination confirmed adenocarcinoma of stomach. Liver function tests showed a high ALP (1536 U/l), elevated INR (2.15) though bilirubin, transaminases and serum proteins were normal. Brucella agglutination test was negative. Xray Chest was normal. Ultrasound of abdomen showed normal echotexture of liver, no SOL, normal portal vein and no IHBRD. CT scan of the abdomen revealed gross pylorus thickening with regional lymphadenopathy and skeletal metastasis with sclerotic foci involving vertebrae and pelvic bones and lytic areas in bilateral iliac blades with no liver metastasis or ascites. A skeletal survey was done which showed lytic lesions in the iliac and femoral bones. Bone marrow aspirate showed decreased red cells and platelets and marrow biopsy done was reported as metastasis from adenocarcinoma. Coagulation profile done was suggestive of DIC due to the raised levels of FDP (5,170 ng/dl) and a low fibrinogen \(152mg/dl). He was transferred to Medical Oncology department for subsequent management and was treated with chemotherapy. He succumbed to his illness within 10 months of diagnosis.
",EN100046,"<|im_start|>user Extract the entities contained in the text. Extract only entities contained in the text.
Return the result in a json format: [{""entity"":""entity_name""}]. <<Liver function tests showed a high ALP (1536 U/l), elevated INR (2.15) though bilirubin, transaminases and serum proteins were normal.>>> <|im_end|><|im_start|>assistant[{""entity"": ""tests""}, {""entity"": ""showed""}, {""entity"": ""ALP""}, {""entity"": ""INR""}, {""entity"": ""proteins""}, {""entity"": ""high""}, {""entity"": ""1536 U/l""}, {""entity"": ""elevated""}, {""entity"": ""2.15""}] <|im_end|>","<|im_start|>user Extract the entities contained in the text. Extract only entities contained in the text.
Return the result in a json format: [{""entity"":""entity_name""}]. <<<We present a case of a 32-year-old woman with a history of gradual enlargement of the anterior neck.>>> <|im_end|><|im_start|>assistant [{""entity"": ""present""}, {""entity"": ""history""}, {""entity"": ""enlargement""}] <|im_end|>
<|im_start|>user Extract the entities contained in the text. Extract only entities contained in the text.
Return the result in a json format: [{""entity"":""entity_name""}]. <<<Patient information: a 9-month-old boy presented to the emergency room with a 3-day history of refusal to bear weight on the right lower extremity and febrile peaks of up to 38.5°C for 24 hours.>>> <|im_end|><|im_start|>assistant [{""entity"": ""presented""}, {""entity"": ""refusal""}, {""entity"": ""bear""}, {""entity"": ""peaks""}] <|im_end|>
<|im_start|>user Extract the entities contained in the text. Extract only entities contained in the text.
Return the result in a json format: [{""entity"":""entity_name""}]. <<Liver function tests showed a high ALP (1536 U/l), elevated INR (2.15) though bilirubin, transaminases and serum proteins were normal.>>> <|im_end|><|im_start|>assistant","[{""entity"": ""tests""}, {""entity"": ""showed""}, {""entity"": ""ALP""}, {""entity"": ""INR""}, {""entity"": ""proteins""}, {""entity"": ""high""}, {""entity"": ""1536 U/l""}, {""entity"": ""elevated""}, {""entity"": ""2.15""}] ","[{""entity"": ""tests""}, {""entity"": ""showed""}, {""entity"": ""ALP""}, {""entity"": ""INR""},"
Brucella agglutination test was negative.,"[{'id': '5551', 'offsets': array([23, 27]), 'role': '', 'semantic_type_id': '', 'text': 'test', 'type': 'EVENT'}]","A 33-year man working in Gulf, presented with hemetemesis 15 days ago in the month of February this year. This was preceeded by low grade fever, bone pain, generalised bodyache, low back ache and generalised macular skin rashes. There was no history of abdominal pain, jaundice or features of chronic liver disease. He gave history of intake of analgesics for backache. After symptomatic treatment he returned back. He came to our OPD with Complete blood count which showed a haemoglobin of 8g/dl, total count 6700/mm3 platelet count 24000/mm3 and ESR 55mm/hr. On examination patient was pale with non pruritic macular rashes and mild splenomegaly. Residing in Middle East with background history of fever, backache, skin rash, splenomegaly and a low platelet count possibility of atypical infection like Brucellosis with NSAID induced gi bleed was considered. He was admitted for further evaluation and endoscopy done showed a nodular ulcerative lesions in the antrum of stomach and histopathologic examination confirmed adenocarcinoma of stomach. Liver function tests showed a high ALP (1536 U/l), elevated INR (2.15) though bilirubin, transaminases and serum proteins were normal. Brucella agglutination test was negative. Xray Chest was normal. Ultrasound of abdomen showed normal echotexture of liver, no SOL, normal portal vein and no IHBRD. CT scan of the abdomen revealed gross pylorus thickening with regional lymphadenopathy and skeletal metastasis with sclerotic foci involving vertebrae and pelvic bones and lytic areas in bilateral iliac blades with no liver metastasis or ascites. A skeletal survey was done which showed lytic lesions in the iliac and femoral bones. Bone marrow aspirate showed decreased red cells and platelets and marrow biopsy done was reported as metastasis from adenocarcinoma. Coagulation profile done was suggestive of DIC due to the raised levels of FDP (5,170 ng/dl) and a low fibrinogen \(152mg/dl). He was transferred to Medical Oncology department for subsequent management and was treated with chemotherapy. He succumbed to his illness within 10 months of diagnosis.
",EN100046,"<|im_start|>user Extract the entities contained in the text. Extract only entities contained in the text.
Return the result in a json format: [{""entity"":""entity_name""}]. <<Brucella agglutination test was negative.>>> <|im_end|><|im_start|>assistant[{""entity"": ""test""}] <|im_end|>","<|im_start|>user Extract the entities contained in the text. Extract only entities contained in the text.
Return the result in a json format: [{""entity"":""entity_name""}]. <<<We present a case of a 32-year-old woman with a history of gradual enlargement of the anterior neck.>>> <|im_end|><|im_start|>assistant [{""entity"": ""present""}, {""entity"": ""history""}, {""entity"": ""enlargement""}] <|im_end|>
<|im_start|>user Extract the entities contained in the text. Extract only entities contained in the text.
Return the result in a json format: [{""entity"":""entity_name""}]. <<<Patient information: a 9-month-old boy presented to the emergency room with a 3-day history of refusal to bear weight on the right lower extremity and febrile peaks of up to 38.5°C for 24 hours.>>> <|im_end|><|im_start|>assistant [{""entity"": ""presented""}, {""entity"": ""refusal""}, {""entity"": ""bear""}, {""entity"": ""peaks""}] <|im_end|>
<|im_start|>user Extract the entities contained in the text. Extract only entities contained in the text.
Return the result in a json format: [{""entity"":""entity_name""}]. <<Brucella agglutination test was negative.>>> <|im_end|><|im_start|>assistant","[{""entity"": ""test""}] ","[{""entity"": ""test""}, {""entity"": ""negative""}] <|im_end|><|im_end|><|im_end|><|im_end|><|im_end|><|im_end|><|im_end|><|im_end|><|im_end|><|im_end|><|im_end|><|im_end|><|im_end|>"
"Ultrasound of abdomen showed normal echotexture of liver, no SOL, normal portal vein and no IHBRD.","[{'id': '5581', 'offsets': array([ 0, 10]), 'role': '', 'semantic_type_id': '', 'text': 'Ultrasound', 'type': 'EVENT'}
 {'id': '5596', 'offsets': array([22, 28]), 'role': '', 'semantic_type_id': '', 'text': 'showed', 'type': 'EVENT'}
 {'id': '5611', 'offsets': array([36, 47]), 'role': '', 'semantic_type_id': '', 'text': 'echotexture', 'type': 'EVENT'}
 {'id': '5626', 'offsets': array([61, 64]), 'role': '', 'semantic_type_id': '', 'text': 'SOL', 'type': 'EVENT'}
 {'id': '5641', 'offsets': array([92, 97]), 'role': '', 'semantic_type_id': '', 'text': 'IHBRD', 'type': 'EVENT'}
 {'id': '6196', 'offsets': array([14, 21]), 'role': '', 'semantic_type_id': '', 'text': 'abdomen', 'type': 'BODYPART'}]","A 33-year man working in Gulf, presented with hemetemesis 15 days ago in the month of February this year. This was preceeded by low grade fever, bone pain, generalised bodyache, low back ache and generalised macular skin rashes. There was no history of abdominal pain, jaundice or features of chronic liver disease. He gave history of intake of analgesics for backache. After symptomatic treatment he returned back. He came to our OPD with Complete blood count which showed a haemoglobin of 8g/dl, total count 6700/mm3 platelet count 24000/mm3 and ESR 55mm/hr. On examination patient was pale with non pruritic macular rashes and mild splenomegaly. Residing in Middle East with background history of fever, backache, skin rash, splenomegaly and a low platelet count possibility of atypical infection like Brucellosis with NSAID induced gi bleed was considered. He was admitted for further evaluation and endoscopy done showed a nodular ulcerative lesions in the antrum of stomach and histopathologic examination confirmed adenocarcinoma of stomach. Liver function tests showed a high ALP (1536 U/l), elevated INR (2.15) though bilirubin, transaminases and serum proteins were normal. Brucella agglutination test was negative. Xray Chest was normal. Ultrasound of abdomen showed normal echotexture of liver, no SOL, normal portal vein and no IHBRD. CT scan of the abdomen revealed gross pylorus thickening with regional lymphadenopathy and skeletal metastasis with sclerotic foci involving vertebrae and pelvic bones and lytic areas in bilateral iliac blades with no liver metastasis or ascites. A skeletal survey was done which showed lytic lesions in the iliac and femoral bones. Bone marrow aspirate showed decreased red cells and platelets and marrow biopsy done was reported as metastasis from adenocarcinoma. Coagulation profile done was suggestive of DIC due to the raised levels of FDP (5,170 ng/dl) and a low fibrinogen \(152mg/dl). He was transferred to Medical Oncology department for subsequent management and was treated with chemotherapy. He succumbed to his illness within 10 months of diagnosis.
",EN100046,"<|im_start|>user Extract the entities contained in the text. Extract only entities contained in the text.
Return the result in a json format: [{""entity"":""entity_name""}]. <<Ultrasound of abdomen showed normal echotexture of liver, no SOL, normal portal vein and no IHBRD.>>> <|im_end|><|im_start|>assistant[{""entity"": ""Ultrasound""}, {""entity"": ""showed""}, {""entity"": ""echotexture""}, {""entity"": ""SOL""}, {""entity"": ""IHBRD""}, {""entity"": ""abdomen""}] <|im_end|>","<|im_start|>user Extract the entities contained in the text. Extract only entities contained in the text.
Return the result in a json format: [{""entity"":""entity_name""}]. <<<We present a case of a 32-year-old woman with a history of gradual enlargement of the anterior neck.>>> <|im_end|><|im_start|>assistant [{""entity"": ""present""}, {""entity"": ""history""}, {""entity"": ""enlargement""}] <|im_end|>
<|im_start|>user Extract the entities contained in the text. Extract only entities contained in the text.
Return the result in a json format: [{""entity"":""entity_name""}]. <<<Patient information: a 9-month-old boy presented to the emergency room with a 3-day history of refusal to bear weight on the right lower extremity and febrile peaks of up to 38.5°C for 24 hours.>>> <|im_end|><|im_start|>assistant [{""entity"": ""presented""}, {""entity"": ""refusal""}, {""entity"": ""bear""}, {""entity"": ""peaks""}] <|im_end|>
<|im_start|>user Extract the entities contained in the text. Extract only entities contained in the text.
Return the result in a json format: [{""entity"":""entity_name""}]. <<Ultrasound of abdomen showed normal echotexture of liver, no SOL, normal portal vein and no IHBRD.>>> <|im_end|><|im_start|>assistant","[{""entity"": ""Ultrasound""}, {""entity"": ""showed""}, {""entity"": ""echotexture""}, {""entity"": ""SOL""}, {""entity"": ""IHBRD""}, {""entity"": ""abdomen""}] ","[{""entity"": ""ultrasound""}, {""entity"": ""showed""}, {""entity"": ""echotexture""}, {""entity"": """
CT scan of the abdomen revealed gross pylorus thickening with regional lymphadenopathy and skeletal metastasis with sclerotic foci involving vertebrae and pelvic bones and lytic areas in bilateral iliac blades with no liver metastasis or ascites.,"[{'id': '5656', 'offsets': array([3, 7]), 'role': '', 'semantic_type_id': '', 'text': 'scan', 'type': 'EVENT'}
 {'id': '5671', 'offsets': array([23, 31]), 'role': '', 'semantic_type_id': '', 'text': 'revealed', 'type': 'EVENT'}
 {'id': '5686', 'offsets': array([46, 56]), 'role': '', 'semantic_type_id': '', 'text': 'thickening', 'type': 'EVENT'}
 {'id': '5701', 'offsets': array([224, 234]), 'role': '', 'semantic_type_id': '', 'text': 'metastasis', 'type': 'EVENT'}
 {'id': '5716', 'offsets': array([238, 245]), 'role': '', 'semantic_type_id': '', 'text': 'ascites', 'type': 'EVENT'}
 {'id': '6104', 'offsets': array([38, 56]), 'role': '', 'semantic_type_id': 'C1110652', 'text': 'pylorus thickening', 'type': 'CLINENTITY'}
 {'id': '6111', 'offsets': array([71, 86]), 'role': '', 'semantic_type_id': 'C0497156', 'text': 'lymphadenopathy', 'type': 'CLINENTITY'}
 {'id': '6118', 'offsets': array([100, 110]), 'role': '', 'semantic_type_id': 'C4255448', 'text': 'metastasis', 'type': 'CLINENTITY'}
 {'id': '6125', 'offsets': array([218, 234]), 'role': '', 'semantic_type_id': 'C0494165', 'text': 'liver metastasis', 'type': 'CLINENTITY'}
 {'id': '6132', 'offsets': array([238, 245]), 'role': '', 'semantic_type_id': 'C0003962', 'text': 'ascites', 'type': 'CLINENTITY'}
 {'id': '6202', 'offsets': array([141, 150]), 'role': '', 'semantic_type_id': '', 'text': 'vertebrae', 'type': 'BODYPART'}
 {'id': '6208', 'offsets': array([155, 167]), 'role': '', 'semantic_type_id': '', 'text': 'pelvic bones', 'type': 'BODYPART'}
 {'id': '6214', 'offsets': array([172, 209]), 'role': '', 'semantic_type_id': '', 'text': 'lytic areas in bilateral iliac blades', 'type': 'BODYPART'}]","A 33-year man working in Gulf, presented with hemetemesis 15 days ago in the month of February this year. This was preceeded by low grade fever, bone pain, generalised bodyache, low back ache and generalised macular skin rashes. There was no history of abdominal pain, jaundice or features of chronic liver disease. He gave history of intake of analgesics for backache. After symptomatic treatment he returned back. He came to our OPD with Complete blood count which showed a haemoglobin of 8g/dl, total count 6700/mm3 platelet count 24000/mm3 and ESR 55mm/hr. On examination patient was pale with non pruritic macular rashes and mild splenomegaly. Residing in Middle East with background history of fever, backache, skin rash, splenomegaly and a low platelet count possibility of atypical infection like Brucellosis with NSAID induced gi bleed was considered. He was admitted for further evaluation and endoscopy done showed a nodular ulcerative lesions in the antrum of stomach and histopathologic examination confirmed adenocarcinoma of stomach. Liver function tests showed a high ALP (1536 U/l), elevated INR (2.15) though bilirubin, transaminases and serum proteins were normal. Brucella agglutination test was negative. Xray Chest was normal. Ultrasound of abdomen showed normal echotexture of liver, no SOL, normal portal vein and no IHBRD. CT scan of the abdomen revealed gross pylorus thickening with regional lymphadenopathy and skeletal metastasis with sclerotic foci involving vertebrae and pelvic bones and lytic areas in bilateral iliac blades with no liver metastasis or ascites. A skeletal survey was done which showed lytic lesions in the iliac and femoral bones. Bone marrow aspirate showed decreased red cells and platelets and marrow biopsy done was reported as metastasis from adenocarcinoma. Coagulation profile done was suggestive of DIC due to the raised levels of FDP (5,170 ng/dl) and a low fibrinogen \(152mg/dl). He was transferred to Medical Oncology department for subsequent management and was treated with chemotherapy. He succumbed to his illness within 10 months of diagnosis.
",EN100046,"<|im_start|>user Extract the entities contained in the text. Extract only entities contained in the text.
Return the result in a json format: [{""entity"":""entity_name""}]. <<CT scan of the abdomen revealed gross pylorus thickening with regional lymphadenopathy and skeletal metastasis with sclerotic foci involving vertebrae and pelvic bones and lytic areas in bilateral iliac blades with no liver metastasis or ascites.>>> <|im_end|><|im_start|>assistant[{""entity"": ""scan""}, {""entity"": ""revealed""}, {""entity"": ""thickening""}, {""entity"": ""metastasis""}, {""entity"": ""ascites""}, {""entity"": ""pylorus thickening""}, {""entity"": ""lymphadenopathy""}, {""entity"": ""metastasis""}, {""entity"": ""liver metastasis""}, {""entity"": ""ascites""}, {""entity"": ""vertebrae""}, {""entity"": ""pelvic bones""}, {""entity"": ""lytic areas in bilateral iliac blades""}] <|im_end|>","<|im_start|>user Extract the entities contained in the text. Extract only entities contained in the text.
Return the result in a json format: [{""entity"":""entity_name""}]. <<<We present a case of a 32-year-old woman with a history of gradual enlargement of the anterior neck.>>> <|im_end|><|im_start|>assistant [{""entity"": ""present""}, {""entity"": ""history""}, {""entity"": ""enlargement""}] <|im_end|>
<|im_start|>user Extract the entities contained in the text. Extract only entities contained in the text.
Return the result in a json format: [{""entity"":""entity_name""}]. <<<Patient information: a 9-month-old boy presented to the emergency room with a 3-day history of refusal to bear weight on the right lower extremity and febrile peaks of up to 38.5°C for 24 hours.>>> <|im_end|><|im_start|>assistant [{""entity"": ""presented""}, {""entity"": ""refusal""}, {""entity"": ""bear""}, {""entity"": ""peaks""}] <|im_end|>
<|im_start|>user Extract the entities contained in the text. Extract only entities contained in the text.
Return the result in a json format: [{""entity"":""entity_name""}]. <<CT scan of the abdomen revealed gross pylorus thickening with regional lymphadenopathy and skeletal metastasis with sclerotic foci involving vertebrae and pelvic bones and lytic areas in bilateral iliac blades with no liver metastasis or ascites.>>> <|im_end|><|im_start|>assistant","[{""entity"": ""scan""}, {""entity"": ""revealed""}, {""entity"": ""thickening""}, {""entity"": ""metastasis""}, {""entity"": ""ascites""}, {""entity"": ""pylorus thickening""}, {""entity"": ""lymphadenopathy""}, {""entity"": ""metastasis""}, {""entity"": ""liver metastasis""}, {""entity"": ""ascites""}, {""entity"": ""vertebrae""}, {""entity"": ""pelvic bones""}, {""entity"": ""lytic areas in bilateral iliac blades""}] ","[{""entity"": ""scan""}, {""entity"": ""revealed""}, {""entity"": ""thickening""}, {""entity"": ""metast"
A skeletal survey was done which showed lytic lesions in the iliac and femoral bones.,"[{'id': '5731', 'offsets': array([11, 17]), 'role': '', 'semantic_type_id': '', 'text': 'survey', 'type': 'EVENT'}
 {'id': '5746', 'offsets': array([33, 39]), 'role': '', 'semantic_type_id': '', 'text': 'showed', 'type': 'EVENT'}
 {'id': '5761', 'offsets': array([46, 53]), 'role': '', 'semantic_type_id': '', 'text': 'lesions', 'type': 'EVENT'}
 {'id': '6139', 'offsets': array([40, 53]), 'role': '', 'semantic_type_id': 'C0221204', 'text': 'lytic lesions', 'type': 'CLINENTITY'}
 {'id': '6220', 'offsets': array([61, 66]), 'role': '', 'semantic_type_id': '', 'text': 'iliac', 'type': 'BODYPART'}
 {'id': '6226', 'offsets': array([71, 84]), 'role': '', 'semantic_type_id': '', 'text': 'femoral bones', 'type': 'BODYPART'}]","A 33-year man working in Gulf, presented with hemetemesis 15 days ago in the month of February this year. This was preceeded by low grade fever, bone pain, generalised bodyache, low back ache and generalised macular skin rashes. There was no history of abdominal pain, jaundice or features of chronic liver disease. He gave history of intake of analgesics for backache. After symptomatic treatment he returned back. He came to our OPD with Complete blood count which showed a haemoglobin of 8g/dl, total count 6700/mm3 platelet count 24000/mm3 and ESR 55mm/hr. On examination patient was pale with non pruritic macular rashes and mild splenomegaly. Residing in Middle East with background history of fever, backache, skin rash, splenomegaly and a low platelet count possibility of atypical infection like Brucellosis with NSAID induced gi bleed was considered. He was admitted for further evaluation and endoscopy done showed a nodular ulcerative lesions in the antrum of stomach and histopathologic examination confirmed adenocarcinoma of stomach. Liver function tests showed a high ALP (1536 U/l), elevated INR (2.15) though bilirubin, transaminases and serum proteins were normal. Brucella agglutination test was negative. Xray Chest was normal. Ultrasound of abdomen showed normal echotexture of liver, no SOL, normal portal vein and no IHBRD. CT scan of the abdomen revealed gross pylorus thickening with regional lymphadenopathy and skeletal metastasis with sclerotic foci involving vertebrae and pelvic bones and lytic areas in bilateral iliac blades with no liver metastasis or ascites. A skeletal survey was done which showed lytic lesions in the iliac and femoral bones. Bone marrow aspirate showed decreased red cells and platelets and marrow biopsy done was reported as metastasis from adenocarcinoma. Coagulation profile done was suggestive of DIC due to the raised levels of FDP (5,170 ng/dl) and a low fibrinogen \(152mg/dl). He was transferred to Medical Oncology department for subsequent management and was treated with chemotherapy. He succumbed to his illness within 10 months of diagnosis.
",EN100046,"<|im_start|>user Extract the entities contained in the text. Extract only entities contained in the text.
Return the result in a json format: [{""entity"":""entity_name""}]. <<A skeletal survey was done which showed lytic lesions in the iliac and femoral bones.>>> <|im_end|><|im_start|>assistant[{""entity"": ""survey""}, {""entity"": ""showed""}, {""entity"": ""lesions""}, {""entity"": ""lytic lesions""}, {""entity"": ""iliac""}, {""entity"": ""femoral bones""}] <|im_end|>","<|im_start|>user Extract the entities contained in the text. Extract only entities contained in the text.
Return the result in a json format: [{""entity"":""entity_name""}]. <<<We present a case of a 32-year-old woman with a history of gradual enlargement of the anterior neck.>>> <|im_end|><|im_start|>assistant [{""entity"": ""present""}, {""entity"": ""history""}, {""entity"": ""enlargement""}] <|im_end|>
<|im_start|>user Extract the entities contained in the text. Extract only entities contained in the text.
Return the result in a json format: [{""entity"":""entity_name""}]. <<<Patient information: a 9-month-old boy presented to the emergency room with a 3-day history of refusal to bear weight on the right lower extremity and febrile peaks of up to 38.5°C for 24 hours.>>> <|im_end|><|im_start|>assistant [{""entity"": ""presented""}, {""entity"": ""refusal""}, {""entity"": ""bear""}, {""entity"": ""peaks""}] <|im_end|>
<|im_start|>user Extract the entities contained in the text. Extract only entities contained in the text.
Return the result in a json format: [{""entity"":""entity_name""}]. <<A skeletal survey was done which showed lytic lesions in the iliac and femoral bones.>>> <|im_end|><|im_start|>assistant","[{""entity"": ""survey""}, {""entity"": ""showed""}, {""entity"": ""lesions""}, {""entity"": ""lytic lesions""}, {""entity"": ""iliac""}, {""entity"": ""femoral bones""}] ","[{""entity"": ""survey""}, {""entity"": ""showed""}, {""entity"": ""lesions""}, {""entity"": ""lytic lesions"
Bone marrow aspirate showed decreased red cells and platelets and marrow biopsy done was reported as metastasis from adenocarcinoma.,"[{'id': '5776', 'offsets': array([12, 20]), 'role': '', 'semantic_type_id': '', 'text': 'aspirate', 'type': 'EVENT'}
 {'id': '5791', 'offsets': array([21, 27]), 'role': '', 'semantic_type_id': '', 'text': 'showed', 'type': 'EVENT'}
 {'id': '5806', 'offsets': array([73, 79]), 'role': '', 'semantic_type_id': '', 'text': 'biopsy', 'type': 'EVENT'}
 {'id': '5821', 'offsets': array([89, 97]), 'role': '', 'semantic_type_id': '', 'text': 'reported', 'type': 'EVENT'}
 {'id': '5836', 'offsets': array([117, 131]), 'role': '', 'semantic_type_id': '', 'text': 'adenocarcinoma', 'type': 'EVENT'}
 {'id': '6146', 'offsets': array([101, 111]), 'role': '', 'semantic_type_id': 'C0027627', 'text': 'metastasis', 'type': 'CLINENTITY'}
 {'id': '6153', 'offsets': array([117, 131]), 'role': '', 'semantic_type_id': 'C0001418', 'text': 'adenocarcinoma', 'type': 'CLINENTITY'}
 {'id': '6232', 'offsets': array([38, 47]), 'role': '', 'semantic_type_id': '', 'text': 'red cells', 'type': 'BODYPART'}
 {'id': '6238', 'offsets': array([52, 61]), 'role': '', 'semantic_type_id': '', 'text': 'platelets', 'type': 'BODYPART'}]","A 33-year man working in Gulf, presented with hemetemesis 15 days ago in the month of February this year. This was preceeded by low grade fever, bone pain, generalised bodyache, low back ache and generalised macular skin rashes. There was no history of abdominal pain, jaundice or features of chronic liver disease. He gave history of intake of analgesics for backache. After symptomatic treatment he returned back. He came to our OPD with Complete blood count which showed a haemoglobin of 8g/dl, total count 6700/mm3 platelet count 24000/mm3 and ESR 55mm/hr. On examination patient was pale with non pruritic macular rashes and mild splenomegaly. Residing in Middle East with background history of fever, backache, skin rash, splenomegaly and a low platelet count possibility of atypical infection like Brucellosis with NSAID induced gi bleed was considered. He was admitted for further evaluation and endoscopy done showed a nodular ulcerative lesions in the antrum of stomach and histopathologic examination confirmed adenocarcinoma of stomach. Liver function tests showed a high ALP (1536 U/l), elevated INR (2.15) though bilirubin, transaminases and serum proteins were normal. Brucella agglutination test was negative. Xray Chest was normal. Ultrasound of abdomen showed normal echotexture of liver, no SOL, normal portal vein and no IHBRD. CT scan of the abdomen revealed gross pylorus thickening with regional lymphadenopathy and skeletal metastasis with sclerotic foci involving vertebrae and pelvic bones and lytic areas in bilateral iliac blades with no liver metastasis or ascites. A skeletal survey was done which showed lytic lesions in the iliac and femoral bones. Bone marrow aspirate showed decreased red cells and platelets and marrow biopsy done was reported as metastasis from adenocarcinoma. Coagulation profile done was suggestive of DIC due to the raised levels of FDP (5,170 ng/dl) and a low fibrinogen \(152mg/dl). He was transferred to Medical Oncology department for subsequent management and was treated with chemotherapy. He succumbed to his illness within 10 months of diagnosis.
",EN100046,"<|im_start|>user Extract the entities contained in the text. Extract only entities contained in the text.
Return the result in a json format: [{""entity"":""entity_name""}]. <<Bone marrow aspirate showed decreased red cells and platelets and marrow biopsy done was reported as metastasis from adenocarcinoma.>>> <|im_end|><|im_start|>assistant[{""entity"": ""aspirate""}, {""entity"": ""showed""}, {""entity"": ""biopsy""}, {""entity"": ""reported""}, {""entity"": ""adenocarcinoma""}, {""entity"": ""metastasis""}, {""entity"": ""adenocarcinoma""}, {""entity"": ""red cells""}, {""entity"": ""platelets""}] <|im_end|>","<|im_start|>user Extract the entities contained in the text. Extract only entities contained in the text.
Return the result in a json format: [{""entity"":""entity_name""}]. <<<We present a case of a 32-year-old woman with a history of gradual enlargement of the anterior neck.>>> <|im_end|><|im_start|>assistant [{""entity"": ""present""}, {""entity"": ""history""}, {""entity"": ""enlargement""}] <|im_end|>
<|im_start|>user Extract the entities contained in the text. Extract only entities contained in the text.
Return the result in a json format: [{""entity"":""entity_name""}]. <<<Patient information: a 9-month-old boy presented to the emergency room with a 3-day history of refusal to bear weight on the right lower extremity and febrile peaks of up to 38.5°C for 24 hours.>>> <|im_end|><|im_start|>assistant [{""entity"": ""presented""}, {""entity"": ""refusal""}, {""entity"": ""bear""}, {""entity"": ""peaks""}] <|im_end|>
<|im_start|>user Extract the entities contained in the text. Extract only entities contained in the text.
Return the result in a json format: [{""entity"":""entity_name""}]. <<Bone marrow aspirate showed decreased red cells and platelets and marrow biopsy done was reported as metastasis from adenocarcinoma.>>> <|im_end|><|im_start|>assistant","[{""entity"": ""aspirate""}, {""entity"": ""showed""}, {""entity"": ""biopsy""}, {""entity"": ""reported""}, {""entity"": ""adenocarcinoma""}, {""entity"": ""metastasis""}, {""entity"": ""adenocarcinoma""}, {""entity"": ""red cells""}, {""entity"": ""platelets""}] ","[{""entity"": ""aspirate""}, {""entity"": ""showed""}, {""entity"": ""biopsy""}, {""entity"": ""met"
"Coagulation profile done was suggestive of DIC due to the raised levels of FDP (5,170 ng/dl) and a low fibrinogen \(152mg/dl).","[{'id': '5851', 'offsets': array([12, 19]), 'role': '', 'semantic_type_id': '', 'text': 'profile', 'type': 'EVENT'}
 {'id': '5866', 'offsets': array([29, 39]), 'role': '', 'semantic_type_id': '', 'text': 'suggestive', 'type': 'EVENT'}
 {'id': '5881', 'offsets': array([75, 78]), 'role': '', 'semantic_type_id': '', 'text': 'FDP', 'type': 'EVENT'}
 {'id': '5896', 'offsets': array([103, 113]), 'role': '', 'semantic_type_id': '', 'text': 'fibrinogen', 'type': 'EVENT'}
 {'id': '6341', 'offsets': array([80, 91]), 'role': '', 'semantic_type_id': '', 'text': '5,170 ng/dl', 'type': 'RML'}
 {'id': '6347', 'offsets': array([ 99, 102]), 'role': '', 'semantic_type_id': '', 'text': 'low', 'type': 'RML'}
 {'id': '6353', 'offsets': array([116, 124]), 'role': '', 'semantic_type_id': '', 'text': '152mg/dl', 'type': 'RML'}]","A 33-year man working in Gulf, presented with hemetemesis 15 days ago in the month of February this year. This was preceeded by low grade fever, bone pain, generalised bodyache, low back ache and generalised macular skin rashes. There was no history of abdominal pain, jaundice or features of chronic liver disease. He gave history of intake of analgesics for backache. After symptomatic treatment he returned back. He came to our OPD with Complete blood count which showed a haemoglobin of 8g/dl, total count 6700/mm3 platelet count 24000/mm3 and ESR 55mm/hr. On examination patient was pale with non pruritic macular rashes and mild splenomegaly. Residing in Middle East with background history of fever, backache, skin rash, splenomegaly and a low platelet count possibility of atypical infection like Brucellosis with NSAID induced gi bleed was considered. He was admitted for further evaluation and endoscopy done showed a nodular ulcerative lesions in the antrum of stomach and histopathologic examination confirmed adenocarcinoma of stomach. Liver function tests showed a high ALP (1536 U/l), elevated INR (2.15) though bilirubin, transaminases and serum proteins were normal. Brucella agglutination test was negative. Xray Chest was normal. Ultrasound of abdomen showed normal echotexture of liver, no SOL, normal portal vein and no IHBRD. CT scan of the abdomen revealed gross pylorus thickening with regional lymphadenopathy and skeletal metastasis with sclerotic foci involving vertebrae and pelvic bones and lytic areas in bilateral iliac blades with no liver metastasis or ascites. A skeletal survey was done which showed lytic lesions in the iliac and femoral bones. Bone marrow aspirate showed decreased red cells and platelets and marrow biopsy done was reported as metastasis from adenocarcinoma. Coagulation profile done was suggestive of DIC due to the raised levels of FDP (5,170 ng/dl) and a low fibrinogen \(152mg/dl). He was transferred to Medical Oncology department for subsequent management and was treated with chemotherapy. He succumbed to his illness within 10 months of diagnosis.
",EN100046,"<|im_start|>user Extract the entities contained in the text. Extract only entities contained in the text.
Return the result in a json format: [{""entity"":""entity_name""}]. <<Coagulation profile done was suggestive of DIC due to the raised levels of FDP (5,170 ng/dl) and a low fibrinogen \(152mg/dl).>>> <|im_end|><|im_start|>assistant[{""entity"": ""profile""}, {""entity"": ""suggestive""}, {""entity"": ""FDP""}, {""entity"": ""fibrinogen""}, {""entity"": ""5,170 ng/dl""}, {""entity"": ""low""}, {""entity"": ""152mg/dl""}] <|im_end|>","<|im_start|>user Extract the entities contained in the text. Extract only entities contained in the text.
Return the result in a json format: [{""entity"":""entity_name""}]. <<<We present a case of a 32-year-old woman with a history of gradual enlargement of the anterior neck.>>> <|im_end|><|im_start|>assistant [{""entity"": ""present""}, {""entity"": ""history""}, {""entity"": ""enlargement""}] <|im_end|>
<|im_start|>user Extract the entities contained in the text. Extract only entities contained in the text.
Return the result in a json format: [{""entity"":""entity_name""}]. <<<Patient information: a 9-month-old boy presented to the emergency room with a 3-day history of refusal to bear weight on the right lower extremity and febrile peaks of up to 38.5°C for 24 hours.>>> <|im_end|><|im_start|>assistant [{""entity"": ""presented""}, {""entity"": ""refusal""}, {""entity"": ""bear""}, {""entity"": ""peaks""}] <|im_end|>
<|im_start|>user Extract the entities contained in the text. Extract only entities contained in the text.
Return the result in a json format: [{""entity"":""entity_name""}]. <<Coagulation profile done was suggestive of DIC due to the raised levels of FDP (5,170 ng/dl) and a low fibrinogen \(152mg/dl).>>> <|im_end|><|im_start|>assistant","[{""entity"": ""profile""}, {""entity"": ""suggestive""}, {""entity"": ""FDP""}, {""entity"": ""fibrinogen""}, {""entity"": ""5,170 ng/dl""}, {""entity"": ""low""}, {""entity"": ""152mg/dl""}] ","[{""entity"": ""profile""}, {""entity"": ""DIC""}, {""entity"": ""levels""}, {""entity"": ""FDP""}, {""entity"
He was transferred to Medical Oncology department for subsequent management and was treated with chemotherapy.,"[{'id': '5911', 'offsets': array([ 7, 18]), 'role': '', 'semantic_type_id': '', 'text': 'transferred', 'type': 'EVENT'}
 {'id': '5926', 'offsets': array([65, 75]), 'role': '', 'semantic_type_id': '', 'text': 'management', 'type': 'EVENT'}
 {'id': '5941', 'offsets': array([84, 91]), 'role': '', 'semantic_type_id': '', 'text': 'treated', 'type': 'EVENT'}
 {'id': '6279', 'offsets': array([0, 2]), 'role': 'PATIENT', 'semantic_type_id': '', 'text': 'He', 'type': 'ACTOR'}]","A 33-year man working in Gulf, presented with hemetemesis 15 days ago in the month of February this year. This was preceeded by low grade fever, bone pain, generalised bodyache, low back ache and generalised macular skin rashes. There was no history of abdominal pain, jaundice or features of chronic liver disease. He gave history of intake of analgesics for backache. After symptomatic treatment he returned back. He came to our OPD with Complete blood count which showed a haemoglobin of 8g/dl, total count 6700/mm3 platelet count 24000/mm3 and ESR 55mm/hr. On examination patient was pale with non pruritic macular rashes and mild splenomegaly. Residing in Middle East with background history of fever, backache, skin rash, splenomegaly and a low platelet count possibility of atypical infection like Brucellosis with NSAID induced gi bleed was considered. He was admitted for further evaluation and endoscopy done showed a nodular ulcerative lesions in the antrum of stomach and histopathologic examination confirmed adenocarcinoma of stomach. Liver function tests showed a high ALP (1536 U/l), elevated INR (2.15) though bilirubin, transaminases and serum proteins were normal. Brucella agglutination test was negative. Xray Chest was normal. Ultrasound of abdomen showed normal echotexture of liver, no SOL, normal portal vein and no IHBRD. CT scan of the abdomen revealed gross pylorus thickening with regional lymphadenopathy and skeletal metastasis with sclerotic foci involving vertebrae and pelvic bones and lytic areas in bilateral iliac blades with no liver metastasis or ascites. A skeletal survey was done which showed lytic lesions in the iliac and femoral bones. Bone marrow aspirate showed decreased red cells and platelets and marrow biopsy done was reported as metastasis from adenocarcinoma. Coagulation profile done was suggestive of DIC due to the raised levels of FDP (5,170 ng/dl) and a low fibrinogen \(152mg/dl). He was transferred to Medical Oncology department for subsequent management and was treated with chemotherapy. He succumbed to his illness within 10 months of diagnosis.
",EN100046,"<|im_start|>user Extract the entities contained in the text. Extract only entities contained in the text.
Return the result in a json format: [{""entity"":""entity_name""}]. <<He was transferred to Medical Oncology department for subsequent management and was treated with chemotherapy.>>> <|im_end|><|im_start|>assistant[{""entity"": ""transferred""}, {""entity"": ""management""}, {""entity"": ""treated""}, {""entity"": ""He""}] <|im_end|>","<|im_start|>user Extract the entities contained in the text. Extract only entities contained in the text.
Return the result in a json format: [{""entity"":""entity_name""}]. <<<We present a case of a 32-year-old woman with a history of gradual enlargement of the anterior neck.>>> <|im_end|><|im_start|>assistant [{""entity"": ""present""}, {""entity"": ""history""}, {""entity"": ""enlargement""}] <|im_end|>
<|im_start|>user Extract the entities contained in the text. Extract only entities contained in the text.
Return the result in a json format: [{""entity"":""entity_name""}]. <<<Patient information: a 9-month-old boy presented to the emergency room with a 3-day history of refusal to bear weight on the right lower extremity and febrile peaks of up to 38.5°C for 24 hours.>>> <|im_end|><|im_start|>assistant [{""entity"": ""presented""}, {""entity"": ""refusal""}, {""entity"": ""bear""}, {""entity"": ""peaks""}] <|im_end|>
<|im_start|>user Extract the entities contained in the text. Extract only entities contained in the text.
Return the result in a json format: [{""entity"":""entity_name""}]. <<He was transferred to Medical Oncology department for subsequent management and was treated with chemotherapy.>>> <|im_end|><|im_start|>assistant","[{""entity"": ""transferred""}, {""entity"": ""management""}, {""entity"": ""treated""}, {""entity"": ""He""}] ","[{""entity"": ""transferred""}, {""entity"": ""management""}, {""entity"": ""chemotherapy""}, {""entity"": ""He""}]"
He succumbed to his illness within 10 months of diagnosis.,"[{'id': '5956', 'offsets': array([ 3, 12]), 'role': '', 'semantic_type_id': '', 'text': 'succumbed', 'type': 'EVENT'}
 {'id': '6286', 'offsets': array([0, 2]), 'role': 'PATIENT', 'semantic_type_id': '', 'text': 'He', 'type': 'ACTOR'}
 {'id': '6368', 'offsets': array([35, 44]), 'role': '', 'semantic_type_id': '', 'text': '10 months', 'type': 'TIMEX3'}]","A 33-year man working in Gulf, presented with hemetemesis 15 days ago in the month of February this year. This was preceeded by low grade fever, bone pain, generalised bodyache, low back ache and generalised macular skin rashes. There was no history of abdominal pain, jaundice or features of chronic liver disease. He gave history of intake of analgesics for backache. After symptomatic treatment he returned back. He came to our OPD with Complete blood count which showed a haemoglobin of 8g/dl, total count 6700/mm3 platelet count 24000/mm3 and ESR 55mm/hr. On examination patient was pale with non pruritic macular rashes and mild splenomegaly. Residing in Middle East with background history of fever, backache, skin rash, splenomegaly and a low platelet count possibility of atypical infection like Brucellosis with NSAID induced gi bleed was considered. He was admitted for further evaluation and endoscopy done showed a nodular ulcerative lesions in the antrum of stomach and histopathologic examination confirmed adenocarcinoma of stomach. Liver function tests showed a high ALP (1536 U/l), elevated INR (2.15) though bilirubin, transaminases and serum proteins were normal. Brucella agglutination test was negative. Xray Chest was normal. Ultrasound of abdomen showed normal echotexture of liver, no SOL, normal portal vein and no IHBRD. CT scan of the abdomen revealed gross pylorus thickening with regional lymphadenopathy and skeletal metastasis with sclerotic foci involving vertebrae and pelvic bones and lytic areas in bilateral iliac blades with no liver metastasis or ascites. A skeletal survey was done which showed lytic lesions in the iliac and femoral bones. Bone marrow aspirate showed decreased red cells and platelets and marrow biopsy done was reported as metastasis from adenocarcinoma. Coagulation profile done was suggestive of DIC due to the raised levels of FDP (5,170 ng/dl) and a low fibrinogen \(152mg/dl). He was transferred to Medical Oncology department for subsequent management and was treated with chemotherapy. He succumbed to his illness within 10 months of diagnosis.
",EN100046,"<|im_start|>user Extract the entities contained in the text. Extract only entities contained in the text.
Return the result in a json format: [{""entity"":""entity_name""}]. <<He succumbed to his illness within 10 months of diagnosis.>>> <|im_end|><|im_start|>assistant[{""entity"": ""succumbed""}, {""entity"": ""He""}, {""entity"": ""10 months""}] <|im_end|>","<|im_start|>user Extract the entities contained in the text. Extract only entities contained in the text.
Return the result in a json format: [{""entity"":""entity_name""}]. <<<We present a case of a 32-year-old woman with a history of gradual enlargement of the anterior neck.>>> <|im_end|><|im_start|>assistant [{""entity"": ""present""}, {""entity"": ""history""}, {""entity"": ""enlargement""}] <|im_end|>
<|im_start|>user Extract the entities contained in the text. Extract only entities contained in the text.
Return the result in a json format: [{""entity"":""entity_name""}]. <<<Patient information: a 9-month-old boy presented to the emergency room with a 3-day history of refusal to bear weight on the right lower extremity and febrile peaks of up to 38.5°C for 24 hours.>>> <|im_end|><|im_start|>assistant [{""entity"": ""presented""}, {""entity"": ""refusal""}, {""entity"": ""bear""}, {""entity"": ""peaks""}] <|im_end|>
<|im_start|>user Extract the entities contained in the text. Extract only entities contained in the text.
Return the result in a json format: [{""entity"":""entity_name""}]. <<He succumbed to his illness within 10 months of diagnosis.>>> <|im_end|><|im_start|>assistant","[{""entity"": ""succumbed""}, {""entity"": ""He""}, {""entity"": ""10 months""}] ","[{""entity"": ""illness""}, {""entity"": ""diagnosis""}, {""entity"": ""He""}, {""entity"": ""10 months"
A 26-year-old pregnant patient with a history of two previous cesarean deliveries was referred to our tertiary clinic.,"[{'id': '6800', 'offsets': array([71, 81]), 'role': '', 'semantic_type_id': '', 'text': 'deliveries', 'type': 'EVENT'}
 {'id': '6815', 'offsets': array([86, 94]), 'role': '', 'semantic_type_id': '', 'text': 'referred', 'type': 'EVENT'}
 {'id': '7937', 'offsets': array([ 0, 30]), 'role': 'PATIENT', 'semantic_type_id': '', 'text': 'A 26-year-old pregnant patient', 'type': 'ACTOR'}]","A 26-year-old pregnant patient with a history of two previous cesarean deliveries was referred to our tertiary clinic. The patient was having severe right sided abdominal pain with sudden onset. She was in the 18 th week of her pregnancy based on last menstrual period. Obstetric ultrasound measurements revealed a live pregnancy compatible with 18 weeks gestation without any abnormality. However, a 15x12cm in size edematous multicystic adnexal mass occupying the mid and upper right abdomen without vascularity was identified. The mass was suspected to originate from right ovary. It was pushing the pregnant uterus into the left and anterior direction. There was no ultrasonographic evidence of malignancy. Considering the severe sudden pain complaint and adnexal mass finding, explorative laparotomy was planned for the suspected diagnosis of adnexal torsion. A mediolateral (near vertical) skin incision was made originated from infra-umbilical level on the lateral side of right rectus muscle. Specifically, the starting point for this slightly oblique incision was at 3cm lateral to the midline and near to lateral one third of the rectus muscle. The skin and fascia incisions were approximately 4cm and 2.5cm in length, respectively and this difference was due to the thick subcutaneous fat tissue. The oblique paramedian incision of the anterior rectus sheath was approximately 2cm medial to the lateral border of the rectus muscle and it was extended to caudal-lateral direction, down to 1/2cm to the lateral border of rectus muscle. The lateral edge of anterior rectus sheath incision was dissected off from the rectus muscle laterally up to semilunar line of rectus muscle in 1cm width. Then, the rectus muscle was retracted medially to expose the posterior sheath of rectus (below the arcuate line, only the transversalis fascia and parietal peritoneum are exposed). An oblique incision was made on the posterior sheath of rectus and peritoneum behind the rectus muscle, in a projection of the anterior sheath incision. In this manner, the abdominal wall incisions were located at anterior and posterior sheaths of rectus muscle at least 1/2cm medial to the semilunar line and to the lateral border of rectus. In other words, incision was not made from fascial layers' merging point or by muscle splitting dissection. Therefore, traction forces from enlarging uterus in advancing pregnant abdomen could be minimized. A large edematous, necrotic and dark purple torsion of a right adnexal mass was observed. It was pulled out and was partially dissected from its surface layer following a 2cm incision. The cystic structure was aspirated and right salpingo-ooferectomy was performed. The operation was completed by avoiding the manipulation of the pregnant uterus. Frozen section pathology of the removed specimen was reported as benign (necrotic tissues, teratoma) and final pathology was mucinous cystadenoma. Follow up on the pregnant patient was uneventful a month later.
",EN100668,"<|im_start|>user Extract the entities contained in the text. Extract only entities contained in the text.
Return the result in a json format: [{""entity"":""entity_name""}]. <<A 26-year-old pregnant patient with a history of two previous cesarean deliveries was referred to our tertiary clinic.>>> <|im_end|><|im_start|>assistant[{""entity"": ""deliveries""}, {""entity"": ""referred""}, {""entity"": ""A 26-year-old pregnant patient""}] <|im_end|>","<|im_start|>user Extract the entities contained in the text. Extract only entities contained in the text.
Return the result in a json format: [{""entity"":""entity_name""}]. <<<We present a case of a 32-year-old woman with a history of gradual enlargement of the anterior neck.>>> <|im_end|><|im_start|>assistant [{""entity"": ""present""}, {""entity"": ""history""}, {""entity"": ""enlargement""}] <|im_end|>
<|im_start|>user Extract the entities contained in the text. Extract only entities contained in the text.
Return the result in a json format: [{""entity"":""entity_name""}]. <<<Patient information: a 9-month-old boy presented to the emergency room with a 3-day history of refusal to bear weight on the right lower extremity and febrile peaks of up to 38.5°C for 24 hours.>>> <|im_end|><|im_start|>assistant [{""entity"": ""presented""}, {""entity"": ""refusal""}, {""entity"": ""bear""}, {""entity"": ""peaks""}] <|im_end|>
<|im_start|>user Extract the entities contained in the text. Extract only entities contained in the text.
Return the result in a json format: [{""entity"":""entity_name""}]. <<A 26-year-old pregnant patient with a history of two previous cesarean deliveries was referred to our tertiary clinic.>>> <|im_end|><|im_start|>assistant","[{""entity"": ""deliveries""}, {""entity"": ""referred""}, {""entity"": ""A 26-year-old pregnant patient""}] ","[{""entity"": ""information""}, {""entity"": ""history""}, {""entity"": ""deliveries""}, {""entity"": ""referred""}, {"""
The patient was having severe right sided abdominal pain with sudden onset.,"[{'id': '6830', 'offsets': array([52, 56]), 'role': '', 'semantic_type_id': '', 'text': 'pain', 'type': 'EVENT'}
 {'id': '7685', 'offsets': array([30, 56]), 'role': '', 'semantic_type_id': 'C0563277', 'text': 'right sided abdominal pain', 'type': 'CLINENTITY'}
 {'id': '7944', 'offsets': array([ 0, 11]), 'role': 'PATIENT', 'semantic_type_id': '', 'text': 'The patient', 'type': 'ACTOR'}]","A 26-year-old pregnant patient with a history of two previous cesarean deliveries was referred to our tertiary clinic. The patient was having severe right sided abdominal pain with sudden onset. She was in the 18 th week of her pregnancy based on last menstrual period. Obstetric ultrasound measurements revealed a live pregnancy compatible with 18 weeks gestation without any abnormality. However, a 15x12cm in size edematous multicystic adnexal mass occupying the mid and upper right abdomen without vascularity was identified. The mass was suspected to originate from right ovary. It was pushing the pregnant uterus into the left and anterior direction. There was no ultrasonographic evidence of malignancy. Considering the severe sudden pain complaint and adnexal mass finding, explorative laparotomy was planned for the suspected diagnosis of adnexal torsion. A mediolateral (near vertical) skin incision was made originated from infra-umbilical level on the lateral side of right rectus muscle. Specifically, the starting point for this slightly oblique incision was at 3cm lateral to the midline and near to lateral one third of the rectus muscle. The skin and fascia incisions were approximately 4cm and 2.5cm in length, respectively and this difference was due to the thick subcutaneous fat tissue. The oblique paramedian incision of the anterior rectus sheath was approximately 2cm medial to the lateral border of the rectus muscle and it was extended to caudal-lateral direction, down to 1/2cm to the lateral border of rectus muscle. The lateral edge of anterior rectus sheath incision was dissected off from the rectus muscle laterally up to semilunar line of rectus muscle in 1cm width. Then, the rectus muscle was retracted medially to expose the posterior sheath of rectus (below the arcuate line, only the transversalis fascia and parietal peritoneum are exposed). An oblique incision was made on the posterior sheath of rectus and peritoneum behind the rectus muscle, in a projection of the anterior sheath incision. In this manner, the abdominal wall incisions were located at anterior and posterior sheaths of rectus muscle at least 1/2cm medial to the semilunar line and to the lateral border of rectus. In other words, incision was not made from fascial layers' merging point or by muscle splitting dissection. Therefore, traction forces from enlarging uterus in advancing pregnant abdomen could be minimized. A large edematous, necrotic and dark purple torsion of a right adnexal mass was observed. It was pulled out and was partially dissected from its surface layer following a 2cm incision. The cystic structure was aspirated and right salpingo-ooferectomy was performed. The operation was completed by avoiding the manipulation of the pregnant uterus. Frozen section pathology of the removed specimen was reported as benign (necrotic tissues, teratoma) and final pathology was mucinous cystadenoma. Follow up on the pregnant patient was uneventful a month later.
",EN100668,"<|im_start|>user Extract the entities contained in the text. Extract only entities contained in the text.
Return the result in a json format: [{""entity"":""entity_name""}]. <<The patient was having severe right sided abdominal pain with sudden onset.>>> <|im_end|><|im_start|>assistant[{""entity"": ""pain""}, {""entity"": ""right sided abdominal pain""}, {""entity"": ""The patient""}] <|im_end|>","<|im_start|>user Extract the entities contained in the text. Extract only entities contained in the text.
Return the result in a json format: [{""entity"":""entity_name""}]. <<<We present a case of a 32-year-old woman with a history of gradual enlargement of the anterior neck.>>> <|im_end|><|im_start|>assistant [{""entity"": ""present""}, {""entity"": ""history""}, {""entity"": ""enlargement""}] <|im_end|>
<|im_start|>user Extract the entities contained in the text. Extract only entities contained in the text.
Return the result in a json format: [{""entity"":""entity_name""}]. <<<Patient information: a 9-month-old boy presented to the emergency room with a 3-day history of refusal to bear weight on the right lower extremity and febrile peaks of up to 38.5°C for 24 hours.>>> <|im_end|><|im_start|>assistant [{""entity"": ""presented""}, {""entity"": ""refusal""}, {""entity"": ""bear""}, {""entity"": ""peaks""}] <|im_end|>
<|im_start|>user Extract the entities contained in the text. Extract only entities contained in the text.
Return the result in a json format: [{""entity"":""entity_name""}]. <<The patient was having severe right sided abdominal pain with sudden onset.>>> <|im_end|><|im_start|>assistant","[{""entity"": ""pain""}, {""entity"": ""right sided abdominal pain""}, {""entity"": ""The patient""}] ","[{""entity"": ""pain""}, {""entity"": ""The patient""}] <|im_end|><|im_end|><|im_end|><|im_end|><|im_end|><|im_end|><|im_end|><|im_end|><|im_end|><|im_end|><|im_end|><|im_end|>"
She was in the 18 th week of her pregnancy based on last menstrual period.,"[{'id': '6845', 'offsets': array([33, 42]), 'role': '', 'semantic_type_id': '', 'text': 'pregnancy', 'type': 'EVENT'}
 {'id': '6860', 'offsets': array([67, 73]), 'role': '', 'semantic_type_id': '', 'text': 'period', 'type': 'EVENT'}
 {'id': '7951', 'offsets': array([0, 3]), 'role': 'PATIENT', 'semantic_type_id': '', 'text': 'She', 'type': 'ACTOR'}
 {'id': '7995', 'offsets': array([11, 25]), 'role': '', 'semantic_type_id': '', 'text': 'the 18 th week', 'type': 'TIMEX3'}]","A 26-year-old pregnant patient with a history of two previous cesarean deliveries was referred to our tertiary clinic. The patient was having severe right sided abdominal pain with sudden onset. She was in the 18 th week of her pregnancy based on last menstrual period. Obstetric ultrasound measurements revealed a live pregnancy compatible with 18 weeks gestation without any abnormality. However, a 15x12cm in size edematous multicystic adnexal mass occupying the mid and upper right abdomen without vascularity was identified. The mass was suspected to originate from right ovary. It was pushing the pregnant uterus into the left and anterior direction. There was no ultrasonographic evidence of malignancy. Considering the severe sudden pain complaint and adnexal mass finding, explorative laparotomy was planned for the suspected diagnosis of adnexal torsion. A mediolateral (near vertical) skin incision was made originated from infra-umbilical level on the lateral side of right rectus muscle. Specifically, the starting point for this slightly oblique incision was at 3cm lateral to the midline and near to lateral one third of the rectus muscle. The skin and fascia incisions were approximately 4cm and 2.5cm in length, respectively and this difference was due to the thick subcutaneous fat tissue. The oblique paramedian incision of the anterior rectus sheath was approximately 2cm medial to the lateral border of the rectus muscle and it was extended to caudal-lateral direction, down to 1/2cm to the lateral border of rectus muscle. The lateral edge of anterior rectus sheath incision was dissected off from the rectus muscle laterally up to semilunar line of rectus muscle in 1cm width. Then, the rectus muscle was retracted medially to expose the posterior sheath of rectus (below the arcuate line, only the transversalis fascia and parietal peritoneum are exposed). An oblique incision was made on the posterior sheath of rectus and peritoneum behind the rectus muscle, in a projection of the anterior sheath incision. In this manner, the abdominal wall incisions were located at anterior and posterior sheaths of rectus muscle at least 1/2cm medial to the semilunar line and to the lateral border of rectus. In other words, incision was not made from fascial layers' merging point or by muscle splitting dissection. Therefore, traction forces from enlarging uterus in advancing pregnant abdomen could be minimized. A large edematous, necrotic and dark purple torsion of a right adnexal mass was observed. It was pulled out and was partially dissected from its surface layer following a 2cm incision. The cystic structure was aspirated and right salpingo-ooferectomy was performed. The operation was completed by avoiding the manipulation of the pregnant uterus. Frozen section pathology of the removed specimen was reported as benign (necrotic tissues, teratoma) and final pathology was mucinous cystadenoma. Follow up on the pregnant patient was uneventful a month later.
",EN100668,"<|im_start|>user Extract the entities contained in the text. Extract only entities contained in the text.
Return the result in a json format: [{""entity"":""entity_name""}]. <<She was in the 18 th week of her pregnancy based on last menstrual period.>>> <|im_end|><|im_start|>assistant[{""entity"": ""pregnancy""}, {""entity"": ""period""}, {""entity"": ""She""}, {""entity"": ""the 18 th week""}] <|im_end|>","<|im_start|>user Extract the entities contained in the text. Extract only entities contained in the text.
Return the result in a json format: [{""entity"":""entity_name""}]. <<<We present a case of a 32-year-old woman with a history of gradual enlargement of the anterior neck.>>> <|im_end|><|im_start|>assistant [{""entity"": ""present""}, {""entity"": ""history""}, {""entity"": ""enlargement""}] <|im_end|>
<|im_start|>user Extract the entities contained in the text. Extract only entities contained in the text.
Return the result in a json format: [{""entity"":""entity_name""}]. <<<Patient information: a 9-month-old boy presented to the emergency room with a 3-day history of refusal to bear weight on the right lower extremity and febrile peaks of up to 38.5°C for 24 hours.>>> <|im_end|><|im_start|>assistant [{""entity"": ""presented""}, {""entity"": ""refusal""}, {""entity"": ""bear""}, {""entity"": ""peaks""}] <|im_end|>
<|im_start|>user Extract the entities contained in the text. Extract only entities contained in the text.
Return the result in a json format: [{""entity"":""entity_name""}]. <<She was in the 18 th week of her pregnancy based on last menstrual period.>>> <|im_end|><|im_start|>assistant","[{""entity"": ""pregnancy""}, {""entity"": ""period""}, {""entity"": ""She""}, {""entity"": ""the 18 th week""}] ","[{""entity"": ""pregnancy""}, {""entity"": ""based""}, {""entity"": ""period""}, {""entity"": ""She""}, {"""
"However, a 15x12cm in size edematous multicystic adnexal mass occupying the mid and upper right abdomen without vascularity was identified.","[{'id': '6950', 'offsets': array([57, 61]), 'role': '', 'semantic_type_id': '', 'text': 'mass', 'type': 'EVENT'}
 {'id': '6965', 'offsets': array([112, 123]), 'role': '', 'semantic_type_id': '', 'text': 'vascularity', 'type': 'EVENT'}
 {'id': '6980', 'offsets': array([128, 138]), 'role': '', 'semantic_type_id': '', 'text': 'identified', 'type': 'EVENT'}
 {'id': '7692', 'offsets': array([49, 61]), 'role': '', 'semantic_type_id': 'C0149614', 'text': 'adnexal mass', 'type': 'CLINENTITY'}
 {'id': '7727', 'offsets': array([ 72, 103]), 'role': '', 'semantic_type_id': '', 'text': 'the mid and upper right abdomen', 'type': 'BODYPART'}
 {'id': '7965', 'offsets': array([11, 18]), 'role': '', 'semantic_type_id': '', 'text': '15x12cm', 'type': 'RML'}]","A 26-year-old pregnant patient with a history of two previous cesarean deliveries was referred to our tertiary clinic. The patient was having severe right sided abdominal pain with sudden onset. She was in the 18 th week of her pregnancy based on last menstrual period. Obstetric ultrasound measurements revealed a live pregnancy compatible with 18 weeks gestation without any abnormality. However, a 15x12cm in size edematous multicystic adnexal mass occupying the mid and upper right abdomen without vascularity was identified. The mass was suspected to originate from right ovary. It was pushing the pregnant uterus into the left and anterior direction. There was no ultrasonographic evidence of malignancy. Considering the severe sudden pain complaint and adnexal mass finding, explorative laparotomy was planned for the suspected diagnosis of adnexal torsion. A mediolateral (near vertical) skin incision was made originated from infra-umbilical level on the lateral side of right rectus muscle. Specifically, the starting point for this slightly oblique incision was at 3cm lateral to the midline and near to lateral one third of the rectus muscle. The skin and fascia incisions were approximately 4cm and 2.5cm in length, respectively and this difference was due to the thick subcutaneous fat tissue. The oblique paramedian incision of the anterior rectus sheath was approximately 2cm medial to the lateral border of the rectus muscle and it was extended to caudal-lateral direction, down to 1/2cm to the lateral border of rectus muscle. The lateral edge of anterior rectus sheath incision was dissected off from the rectus muscle laterally up to semilunar line of rectus muscle in 1cm width. Then, the rectus muscle was retracted medially to expose the posterior sheath of rectus (below the arcuate line, only the transversalis fascia and parietal peritoneum are exposed). An oblique incision was made on the posterior sheath of rectus and peritoneum behind the rectus muscle, in a projection of the anterior sheath incision. In this manner, the abdominal wall incisions were located at anterior and posterior sheaths of rectus muscle at least 1/2cm medial to the semilunar line and to the lateral border of rectus. In other words, incision was not made from fascial layers' merging point or by muscle splitting dissection. Therefore, traction forces from enlarging uterus in advancing pregnant abdomen could be minimized. A large edematous, necrotic and dark purple torsion of a right adnexal mass was observed. It was pulled out and was partially dissected from its surface layer following a 2cm incision. The cystic structure was aspirated and right salpingo-ooferectomy was performed. The operation was completed by avoiding the manipulation of the pregnant uterus. Frozen section pathology of the removed specimen was reported as benign (necrotic tissues, teratoma) and final pathology was mucinous cystadenoma. Follow up on the pregnant patient was uneventful a month later.
",EN100668,"<|im_start|>user Extract the entities contained in the text. Extract only entities contained in the text.
Return the result in a json format: [{""entity"":""entity_name""}]. <<However, a 15x12cm in size edematous multicystic adnexal mass occupying the mid and upper right abdomen without vascularity was identified.>>> <|im_end|><|im_start|>assistant[{""entity"": ""mass""}, {""entity"": ""vascularity""}, {""entity"": ""identified""}, {""entity"": ""adnexal mass""}, {""entity"": ""the mid and upper right abdomen""}, {""entity"": ""15x12cm""}] <|im_end|>","<|im_start|>user Extract the entities contained in the text. Extract only entities contained in the text.
Return the result in a json format: [{""entity"":""entity_name""}]. <<<We present a case of a 32-year-old woman with a history of gradual enlargement of the anterior neck.>>> <|im_end|><|im_start|>assistant [{""entity"": ""present""}, {""entity"": ""history""}, {""entity"": ""enlargement""}] <|im_end|>
<|im_start|>user Extract the entities contained in the text. Extract only entities contained in the text.
Return the result in a json format: [{""entity"":""entity_name""}]. <<<Patient information: a 9-month-old boy presented to the emergency room with a 3-day history of refusal to bear weight on the right lower extremity and febrile peaks of up to 38.5°C for 24 hours.>>> <|im_end|><|im_start|>assistant [{""entity"": ""presented""}, {""entity"": ""refusal""}, {""entity"": ""bear""}, {""entity"": ""peaks""}] <|im_end|>
<|im_start|>user Extract the entities contained in the text. Extract only entities contained in the text.
Return the result in a json format: [{""entity"":""entity_name""}]. <<However, a 15x12cm in size edematous multicystic adnexal mass occupying the mid and upper right abdomen without vascularity was identified.>>> <|im_end|><|im_start|>assistant","[{""entity"": ""mass""}, {""entity"": ""vascularity""}, {""entity"": ""identified""}, {""entity"": ""adnexal mass""}, {""entity"": ""the mid and upper right abdomen""}, {""entity"": ""15x12cm""}] ","[{""entity"": ""identified""}, {""entity"": ""adnexal mass""}, {""entity"": ""the mid and upper right abdomen""}, {"""
The mass was suspected to originate from right ovary.,"[{'id': '6995', 'offsets': array([4, 8]), 'role': '', 'semantic_type_id': '', 'text': 'mass', 'type': 'EVENT'}
 {'id': '7010', 'offsets': array([13, 22]), 'role': '', 'semantic_type_id': '', 'text': 'suspected', 'type': 'EVENT'}
 {'id': '7025', 'offsets': array([26, 35]), 'role': '', 'semantic_type_id': '', 'text': 'originate', 'type': 'EVENT'}
 {'id': '7733', 'offsets': array([41, 52]), 'role': '', 'semantic_type_id': '', 'text': 'right ovary', 'type': 'BODYPART'}]","A 26-year-old pregnant patient with a history of two previous cesarean deliveries was referred to our tertiary clinic. The patient was having severe right sided abdominal pain with sudden onset. She was in the 18 th week of her pregnancy based on last menstrual period. Obstetric ultrasound measurements revealed a live pregnancy compatible with 18 weeks gestation without any abnormality. However, a 15x12cm in size edematous multicystic adnexal mass occupying the mid and upper right abdomen without vascularity was identified. The mass was suspected to originate from right ovary. It was pushing the pregnant uterus into the left and anterior direction. There was no ultrasonographic evidence of malignancy. Considering the severe sudden pain complaint and adnexal mass finding, explorative laparotomy was planned for the suspected diagnosis of adnexal torsion. A mediolateral (near vertical) skin incision was made originated from infra-umbilical level on the lateral side of right rectus muscle. Specifically, the starting point for this slightly oblique incision was at 3cm lateral to the midline and near to lateral one third of the rectus muscle. The skin and fascia incisions were approximately 4cm and 2.5cm in length, respectively and this difference was due to the thick subcutaneous fat tissue. The oblique paramedian incision of the anterior rectus sheath was approximately 2cm medial to the lateral border of the rectus muscle and it was extended to caudal-lateral direction, down to 1/2cm to the lateral border of rectus muscle. The lateral edge of anterior rectus sheath incision was dissected off from the rectus muscle laterally up to semilunar line of rectus muscle in 1cm width. Then, the rectus muscle was retracted medially to expose the posterior sheath of rectus (below the arcuate line, only the transversalis fascia and parietal peritoneum are exposed). An oblique incision was made on the posterior sheath of rectus and peritoneum behind the rectus muscle, in a projection of the anterior sheath incision. In this manner, the abdominal wall incisions were located at anterior and posterior sheaths of rectus muscle at least 1/2cm medial to the semilunar line and to the lateral border of rectus. In other words, incision was not made from fascial layers' merging point or by muscle splitting dissection. Therefore, traction forces from enlarging uterus in advancing pregnant abdomen could be minimized. A large edematous, necrotic and dark purple torsion of a right adnexal mass was observed. It was pulled out and was partially dissected from its surface layer following a 2cm incision. The cystic structure was aspirated and right salpingo-ooferectomy was performed. The operation was completed by avoiding the manipulation of the pregnant uterus. Frozen section pathology of the removed specimen was reported as benign (necrotic tissues, teratoma) and final pathology was mucinous cystadenoma. Follow up on the pregnant patient was uneventful a month later.
",EN100668,"<|im_start|>user Extract the entities contained in the text. Extract only entities contained in the text.
Return the result in a json format: [{""entity"":""entity_name""}]. <<The mass was suspected to originate from right ovary.>>> <|im_end|><|im_start|>assistant[{""entity"": ""mass""}, {""entity"": ""suspected""}, {""entity"": ""originate""}, {""entity"": ""right ovary""}] <|im_end|>","<|im_start|>user Extract the entities contained in the text. Extract only entities contained in the text.
Return the result in a json format: [{""entity"":""entity_name""}]. <<<We present a case of a 32-year-old woman with a history of gradual enlargement of the anterior neck.>>> <|im_end|><|im_start|>assistant [{""entity"": ""present""}, {""entity"": ""history""}, {""entity"": ""enlargement""}] <|im_end|>
<|im_start|>user Extract the entities contained in the text. Extract only entities contained in the text.
Return the result in a json format: [{""entity"":""entity_name""}]. <<<Patient information: a 9-month-old boy presented to the emergency room with a 3-day history of refusal to bear weight on the right lower extremity and febrile peaks of up to 38.5°C for 24 hours.>>> <|im_end|><|im_start|>assistant [{""entity"": ""presented""}, {""entity"": ""refusal""}, {""entity"": ""bear""}, {""entity"": ""peaks""}] <|im_end|>
<|im_start|>user Extract the entities contained in the text. Extract only entities contained in the text.
Return the result in a json format: [{""entity"":""entity_name""}]. <<The mass was suspected to originate from right ovary.>>> <|im_end|><|im_start|>assistant","[{""entity"": ""mass""}, {""entity"": ""suspected""}, {""entity"": ""originate""}, {""entity"": ""right ovary""}] ","[{""entity"": ""suspected""}, {""entity"": ""originate""}, {""entity"": ""right ovary""}, {""entity"": ""The"
It was pushing the pregnant uterus into the left and anterior direction.,"[{'id': '7040', 'offsets': array([ 7, 14]), 'role': '', 'semantic_type_id': '', 'text': 'pushing', 'type': 'EVENT'}
 {'id': '7739', 'offsets': array([15, 34]), 'role': '', 'semantic_type_id': '', 'text': 'the pregnant uterus', 'type': 'BODYPART'}]","A 26-year-old pregnant patient with a history of two previous cesarean deliveries was referred to our tertiary clinic. The patient was having severe right sided abdominal pain with sudden onset. She was in the 18 th week of her pregnancy based on last menstrual period. Obstetric ultrasound measurements revealed a live pregnancy compatible with 18 weeks gestation without any abnormality. However, a 15x12cm in size edematous multicystic adnexal mass occupying the mid and upper right abdomen without vascularity was identified. The mass was suspected to originate from right ovary. It was pushing the pregnant uterus into the left and anterior direction. There was no ultrasonographic evidence of malignancy. Considering the severe sudden pain complaint and adnexal mass finding, explorative laparotomy was planned for the suspected diagnosis of adnexal torsion. A mediolateral (near vertical) skin incision was made originated from infra-umbilical level on the lateral side of right rectus muscle. Specifically, the starting point for this slightly oblique incision was at 3cm lateral to the midline and near to lateral one third of the rectus muscle. The skin and fascia incisions were approximately 4cm and 2.5cm in length, respectively and this difference was due to the thick subcutaneous fat tissue. The oblique paramedian incision of the anterior rectus sheath was approximately 2cm medial to the lateral border of the rectus muscle and it was extended to caudal-lateral direction, down to 1/2cm to the lateral border of rectus muscle. The lateral edge of anterior rectus sheath incision was dissected off from the rectus muscle laterally up to semilunar line of rectus muscle in 1cm width. Then, the rectus muscle was retracted medially to expose the posterior sheath of rectus (below the arcuate line, only the transversalis fascia and parietal peritoneum are exposed). An oblique incision was made on the posterior sheath of rectus and peritoneum behind the rectus muscle, in a projection of the anterior sheath incision. In this manner, the abdominal wall incisions were located at anterior and posterior sheaths of rectus muscle at least 1/2cm medial to the semilunar line and to the lateral border of rectus. In other words, incision was not made from fascial layers' merging point or by muscle splitting dissection. Therefore, traction forces from enlarging uterus in advancing pregnant abdomen could be minimized. A large edematous, necrotic and dark purple torsion of a right adnexal mass was observed. It was pulled out and was partially dissected from its surface layer following a 2cm incision. The cystic structure was aspirated and right salpingo-ooferectomy was performed. The operation was completed by avoiding the manipulation of the pregnant uterus. Frozen section pathology of the removed specimen was reported as benign (necrotic tissues, teratoma) and final pathology was mucinous cystadenoma. Follow up on the pregnant patient was uneventful a month later.
",EN100668,"<|im_start|>user Extract the entities contained in the text. Extract only entities contained in the text.
Return the result in a json format: [{""entity"":""entity_name""}]. <<It was pushing the pregnant uterus into the left and anterior direction.>>> <|im_end|><|im_start|>assistant[{""entity"": ""pushing""}, {""entity"": ""the pregnant uterus""}] <|im_end|>","<|im_start|>user Extract the entities contained in the text. Extract only entities contained in the text.
Return the result in a json format: [{""entity"":""entity_name""}]. <<<We present a case of a 32-year-old woman with a history of gradual enlargement of the anterior neck.>>> <|im_end|><|im_start|>assistant [{""entity"": ""present""}, {""entity"": ""history""}, {""entity"": ""enlargement""}] <|im_end|>
<|im_start|>user Extract the entities contained in the text. Extract only entities contained in the text.
Return the result in a json format: [{""entity"":""entity_name""}]. <<<Patient information: a 9-month-old boy presented to the emergency room with a 3-day history of refusal to bear weight on the right lower extremity and febrile peaks of up to 38.5°C for 24 hours.>>> <|im_end|><|im_start|>assistant [{""entity"": ""presented""}, {""entity"": ""refusal""}, {""entity"": ""bear""}, {""entity"": ""peaks""}] <|im_end|>
<|im_start|>user Extract the entities contained in the text. Extract only entities contained in the text.
Return the result in a json format: [{""entity"":""entity_name""}]. <<It was pushing the pregnant uterus into the left and anterior direction.>>> <|im_end|><|im_start|>assistant","[{""entity"": ""pushing""}, {""entity"": ""the pregnant uterus""}] ","[{""entity"": ""pushing""}, {""entity"": ""the pregnant uterus""}, {""entity"": ""the left and anterior direction""}] "
There was no ultrasonographic evidence of malignancy.,"[{'id': '7055', 'offsets': array([30, 38]), 'role': '', 'semantic_type_id': '', 'text': 'evidence', 'type': 'EVENT'}
 {'id': '7070', 'offsets': array([42, 52]), 'role': '', 'semantic_type_id': '', 'text': 'malignancy', 'type': 'EVENT'}
 {'id': '7699', 'offsets': array([42, 52]), 'role': '', 'semantic_type_id': 'C0006826', 'text': 'malignancy', 'type': 'CLINENTITY'}]","A 26-year-old pregnant patient with a history of two previous cesarean deliveries was referred to our tertiary clinic. The patient was having severe right sided abdominal pain with sudden onset. She was in the 18 th week of her pregnancy based on last menstrual period. Obstetric ultrasound measurements revealed a live pregnancy compatible with 18 weeks gestation without any abnormality. However, a 15x12cm in size edematous multicystic adnexal mass occupying the mid and upper right abdomen without vascularity was identified. The mass was suspected to originate from right ovary. It was pushing the pregnant uterus into the left and anterior direction. There was no ultrasonographic evidence of malignancy. Considering the severe sudden pain complaint and adnexal mass finding, explorative laparotomy was planned for the suspected diagnosis of adnexal torsion. A mediolateral (near vertical) skin incision was made originated from infra-umbilical level on the lateral side of right rectus muscle. Specifically, the starting point for this slightly oblique incision was at 3cm lateral to the midline and near to lateral one third of the rectus muscle. The skin and fascia incisions were approximately 4cm and 2.5cm in length, respectively and this difference was due to the thick subcutaneous fat tissue. The oblique paramedian incision of the anterior rectus sheath was approximately 2cm medial to the lateral border of the rectus muscle and it was extended to caudal-lateral direction, down to 1/2cm to the lateral border of rectus muscle. The lateral edge of anterior rectus sheath incision was dissected off from the rectus muscle laterally up to semilunar line of rectus muscle in 1cm width. Then, the rectus muscle was retracted medially to expose the posterior sheath of rectus (below the arcuate line, only the transversalis fascia and parietal peritoneum are exposed). An oblique incision was made on the posterior sheath of rectus and peritoneum behind the rectus muscle, in a projection of the anterior sheath incision. In this manner, the abdominal wall incisions were located at anterior and posterior sheaths of rectus muscle at least 1/2cm medial to the semilunar line and to the lateral border of rectus. In other words, incision was not made from fascial layers' merging point or by muscle splitting dissection. Therefore, traction forces from enlarging uterus in advancing pregnant abdomen could be minimized. A large edematous, necrotic and dark purple torsion of a right adnexal mass was observed. It was pulled out and was partially dissected from its surface layer following a 2cm incision. The cystic structure was aspirated and right salpingo-ooferectomy was performed. The operation was completed by avoiding the manipulation of the pregnant uterus. Frozen section pathology of the removed specimen was reported as benign (necrotic tissues, teratoma) and final pathology was mucinous cystadenoma. Follow up on the pregnant patient was uneventful a month later.
",EN100668,"<|im_start|>user Extract the entities contained in the text. Extract only entities contained in the text.
Return the result in a json format: [{""entity"":""entity_name""}]. <<There was no ultrasonographic evidence of malignancy.>>> <|im_end|><|im_start|>assistant[{""entity"": ""evidence""}, {""entity"": ""malignancy""}, {""entity"": ""malignancy""}] <|im_end|>","<|im_start|>user Extract the entities contained in the text. Extract only entities contained in the text.
Return the result in a json format: [{""entity"":""entity_name""}]. <<<We present a case of a 32-year-old woman with a history of gradual enlargement of the anterior neck.>>> <|im_end|><|im_start|>assistant [{""entity"": ""present""}, {""entity"": ""history""}, {""entity"": ""enlargement""}] <|im_end|>
<|im_start|>user Extract the entities contained in the text. Extract only entities contained in the text.
Return the result in a json format: [{""entity"":""entity_name""}]. <<<Patient information: a 9-month-old boy presented to the emergency room with a 3-day history of refusal to bear weight on the right lower extremity and febrile peaks of up to 38.5°C for 24 hours.>>> <|im_end|><|im_start|>assistant [{""entity"": ""presented""}, {""entity"": ""refusal""}, {""entity"": ""bear""}, {""entity"": ""peaks""}] <|im_end|>
<|im_start|>user Extract the entities contained in the text. Extract only entities contained in the text.
Return the result in a json format: [{""entity"":""entity_name""}]. <<There was no ultrasonographic evidence of malignancy.>>> <|im_end|><|im_start|>assistant","[{""entity"": ""evidence""}, {""entity"": ""malignancy""}, {""entity"": ""malignancy""}] ","[{""entity"": ""evidence""}, {""entity"": ""malignancy""}, {""entity"": ""malignancy""}, {""entity"": """
"Considering the severe sudden pain complaint and adnexal mass finding, explorative laparotomy was planned for the suspected diagnosis of adnexal torsion.","[{'id': '7085', 'offsets': array([30, 34]), 'role': '', 'semantic_type_id': '', 'text': 'pain', 'type': 'EVENT'}
 {'id': '7100', 'offsets': array([35, 44]), 'role': '', 'semantic_type_id': '', 'text': 'complaint', 'type': 'EVENT'}
 {'id': '7115', 'offsets': array([62, 69]), 'role': '', 'semantic_type_id': '', 'text': 'finding', 'type': 'EVENT'}
 {'id': '7130', 'offsets': array([83, 93]), 'role': '', 'semantic_type_id': '', 'text': 'laparotomy', 'type': 'EVENT'}
 {'id': '7145', 'offsets': array([ 98, 105]), 'role': '', 'semantic_type_id': '', 'text': 'planned', 'type': 'EVENT'}
 {'id': '7160', 'offsets': array([145, 152]), 'role': '', 'semantic_type_id': '', 'text': 'torsion', 'type': 'EVENT'}
 {'id': '7706', 'offsets': array([49, 61]), 'role': '', 'semantic_type_id': 'C0149614', 'text': 'adnexal mass', 'type': 'CLINENTITY'}
 {'id': '7713', 'offsets': array([137, 152]), 'role': '', 'semantic_type_id': 'C0404472', 'text': 'adnexal torsion', 'type': 'CLINENTITY'}]","A 26-year-old pregnant patient with a history of two previous cesarean deliveries was referred to our tertiary clinic. The patient was having severe right sided abdominal pain with sudden onset. She was in the 18 th week of her pregnancy based on last menstrual period. Obstetric ultrasound measurements revealed a live pregnancy compatible with 18 weeks gestation without any abnormality. However, a 15x12cm in size edematous multicystic adnexal mass occupying the mid and upper right abdomen without vascularity was identified. The mass was suspected to originate from right ovary. It was pushing the pregnant uterus into the left and anterior direction. There was no ultrasonographic evidence of malignancy. Considering the severe sudden pain complaint and adnexal mass finding, explorative laparotomy was planned for the suspected diagnosis of adnexal torsion. A mediolateral (near vertical) skin incision was made originated from infra-umbilical level on the lateral side of right rectus muscle. Specifically, the starting point for this slightly oblique incision was at 3cm lateral to the midline and near to lateral one third of the rectus muscle. The skin and fascia incisions were approximately 4cm and 2.5cm in length, respectively and this difference was due to the thick subcutaneous fat tissue. The oblique paramedian incision of the anterior rectus sheath was approximately 2cm medial to the lateral border of the rectus muscle and it was extended to caudal-lateral direction, down to 1/2cm to the lateral border of rectus muscle. The lateral edge of anterior rectus sheath incision was dissected off from the rectus muscle laterally up to semilunar line of rectus muscle in 1cm width. Then, the rectus muscle was retracted medially to expose the posterior sheath of rectus (below the arcuate line, only the transversalis fascia and parietal peritoneum are exposed). An oblique incision was made on the posterior sheath of rectus and peritoneum behind the rectus muscle, in a projection of the anterior sheath incision. In this manner, the abdominal wall incisions were located at anterior and posterior sheaths of rectus muscle at least 1/2cm medial to the semilunar line and to the lateral border of rectus. In other words, incision was not made from fascial layers' merging point or by muscle splitting dissection. Therefore, traction forces from enlarging uterus in advancing pregnant abdomen could be minimized. A large edematous, necrotic and dark purple torsion of a right adnexal mass was observed. It was pulled out and was partially dissected from its surface layer following a 2cm incision. The cystic structure was aspirated and right salpingo-ooferectomy was performed. The operation was completed by avoiding the manipulation of the pregnant uterus. Frozen section pathology of the removed specimen was reported as benign (necrotic tissues, teratoma) and final pathology was mucinous cystadenoma. Follow up on the pregnant patient was uneventful a month later.
",EN100668,"<|im_start|>user Extract the entities contained in the text. Extract only entities contained in the text.
Return the result in a json format: [{""entity"":""entity_name""}]. <<Considering the severe sudden pain complaint and adnexal mass finding, explorative laparotomy was planned for the suspected diagnosis of adnexal torsion.>>> <|im_end|><|im_start|>assistant[{""entity"": ""pain""}, {""entity"": ""complaint""}, {""entity"": ""finding""}, {""entity"": ""laparotomy""}, {""entity"": ""planned""}, {""entity"": ""torsion""}, {""entity"": ""adnexal mass""}, {""entity"": ""adnexal torsion""}] <|im_end|>","<|im_start|>user Extract the entities contained in the text. Extract only entities contained in the text.
Return the result in a json format: [{""entity"":""entity_name""}]. <<<We present a case of a 32-year-old woman with a history of gradual enlargement of the anterior neck.>>> <|im_end|><|im_start|>assistant [{""entity"": ""present""}, {""entity"": ""history""}, {""entity"": ""enlargement""}] <|im_end|>
<|im_start|>user Extract the entities contained in the text. Extract only entities contained in the text.
Return the result in a json format: [{""entity"":""entity_name""}]. <<<Patient information: a 9-month-old boy presented to the emergency room with a 3-day history of refusal to bear weight on the right lower extremity and febrile peaks of up to 38.5°C for 24 hours.>>> <|im_end|><|im_start|>assistant [{""entity"": ""presented""}, {""entity"": ""refusal""}, {""entity"": ""bear""}, {""entity"": ""peaks""}] <|im_end|>
<|im_start|>user Extract the entities contained in the text. Extract only entities contained in the text.
Return the result in a json format: [{""entity"":""entity_name""}]. <<Considering the severe sudden pain complaint and adnexal mass finding, explorative laparotomy was planned for the suspected diagnosis of adnexal torsion.>>> <|im_end|><|im_start|>assistant","[{""entity"": ""pain""}, {""entity"": ""complaint""}, {""entity"": ""finding""}, {""entity"": ""laparotomy""}, {""entity"": ""planned""}, {""entity"": ""torsion""}, {""entity"": ""adnexal mass""}, {""entity"": ""adnexal torsion""}] ","[{""entity"": ""pain""}, {""entity"": ""adnexal mass""}, {""entity"": ""laparotomy""}, {""entity"": """
"The skin and fascia incisions were approximately 4cm and 2.5cm in length, respectively and this difference was due to the thick subcutaneous fat tissue.","[{'id': '7220', 'offsets': array([20, 29]), 'role': '', 'semantic_type_id': '', 'text': 'incisions', 'type': 'EVENT'}
 {'id': '7235', 'offsets': array([ 96, 106]), 'role': '', 'semantic_type_id': '', 'text': 'difference', 'type': 'EVENT'}
 {'id': '7769', 'offsets': array([4, 8]), 'role': '', 'semantic_type_id': '', 'text': 'skin', 'type': 'BODYPART'}
 {'id': '7775', 'offsets': array([13, 19]), 'role': '', 'semantic_type_id': '', 'text': 'fascia', 'type': 'BODYPART'}
 {'id': '7781', 'offsets': array([118, 151]), 'role': '', 'semantic_type_id': '', 'text': 'the thick subcutaneous fat tissue', 'type': 'BODYPART'}
 {'id': '7971', 'offsets': array([49, 52]), 'role': '', 'semantic_type_id': '', 'text': '4cm', 'type': 'RML'}
 {'id': '7977', 'offsets': array([57, 62]), 'role': '', 'semantic_type_id': '', 'text': '2.5cm', 'type': 'RML'}]","A 26-year-old pregnant patient with a history of two previous cesarean deliveries was referred to our tertiary clinic. The patient was having severe right sided abdominal pain with sudden onset. She was in the 18 th week of her pregnancy based on last menstrual period. Obstetric ultrasound measurements revealed a live pregnancy compatible with 18 weeks gestation without any abnormality. However, a 15x12cm in size edematous multicystic adnexal mass occupying the mid and upper right abdomen without vascularity was identified. The mass was suspected to originate from right ovary. It was pushing the pregnant uterus into the left and anterior direction. There was no ultrasonographic evidence of malignancy. Considering the severe sudden pain complaint and adnexal mass finding, explorative laparotomy was planned for the suspected diagnosis of adnexal torsion. A mediolateral (near vertical) skin incision was made originated from infra-umbilical level on the lateral side of right rectus muscle. Specifically, the starting point for this slightly oblique incision was at 3cm lateral to the midline and near to lateral one third of the rectus muscle. The skin and fascia incisions were approximately 4cm and 2.5cm in length, respectively and this difference was due to the thick subcutaneous fat tissue. The oblique paramedian incision of the anterior rectus sheath was approximately 2cm medial to the lateral border of the rectus muscle and it was extended to caudal-lateral direction, down to 1/2cm to the lateral border of rectus muscle. The lateral edge of anterior rectus sheath incision was dissected off from the rectus muscle laterally up to semilunar line of rectus muscle in 1cm width. Then, the rectus muscle was retracted medially to expose the posterior sheath of rectus (below the arcuate line, only the transversalis fascia and parietal peritoneum are exposed). An oblique incision was made on the posterior sheath of rectus and peritoneum behind the rectus muscle, in a projection of the anterior sheath incision. In this manner, the abdominal wall incisions were located at anterior and posterior sheaths of rectus muscle at least 1/2cm medial to the semilunar line and to the lateral border of rectus. In other words, incision was not made from fascial layers' merging point or by muscle splitting dissection. Therefore, traction forces from enlarging uterus in advancing pregnant abdomen could be minimized. A large edematous, necrotic and dark purple torsion of a right adnexal mass was observed. It was pulled out and was partially dissected from its surface layer following a 2cm incision. The cystic structure was aspirated and right salpingo-ooferectomy was performed. The operation was completed by avoiding the manipulation of the pregnant uterus. Frozen section pathology of the removed specimen was reported as benign (necrotic tissues, teratoma) and final pathology was mucinous cystadenoma. Follow up on the pregnant patient was uneventful a month later.
",EN100668,"<|im_start|>user Extract the entities contained in the text. Extract only entities contained in the text.
Return the result in a json format: [{""entity"":""entity_name""}]. <<The skin and fascia incisions were approximately 4cm and 2.5cm in length, respectively and this difference was due to the thick subcutaneous fat tissue.>>> <|im_end|><|im_start|>assistant[{""entity"": ""incisions""}, {""entity"": ""difference""}, {""entity"": ""skin""}, {""entity"": ""fascia""}, {""entity"": ""the thick subcutaneous fat tissue""}, {""entity"": ""4cm""}, {""entity"": ""2.5cm""}] <|im_end|>","<|im_start|>user Extract the entities contained in the text. Extract only entities contained in the text.
Return the result in a json format: [{""entity"":""entity_name""}]. <<<We present a case of a 32-year-old woman with a history of gradual enlargement of the anterior neck.>>> <|im_end|><|im_start|>assistant [{""entity"": ""present""}, {""entity"": ""history""}, {""entity"": ""enlargement""}] <|im_end|>
<|im_start|>user Extract the entities contained in the text. Extract only entities contained in the text.
Return the result in a json format: [{""entity"":""entity_name""}]. <<<Patient information: a 9-month-old boy presented to the emergency room with a 3-day history of refusal to bear weight on the right lower extremity and febrile peaks of up to 38.5°C for 24 hours.>>> <|im_end|><|im_start|>assistant [{""entity"": ""presented""}, {""entity"": ""refusal""}, {""entity"": ""bear""}, {""entity"": ""peaks""}] <|im_end|>
<|im_start|>user Extract the entities contained in the text. Extract only entities contained in the text.
Return the result in a json format: [{""entity"":""entity_name""}]. <<The skin and fascia incisions were approximately 4cm and 2.5cm in length, respectively and this difference was due to the thick subcutaneous fat tissue.>>> <|im_end|><|im_start|>assistant","[{""entity"": ""incisions""}, {""entity"": ""difference""}, {""entity"": ""skin""}, {""entity"": ""fascia""}, {""entity"": ""the thick subcutaneous fat tissue""}, {""entity"": ""4cm""}, {""entity"": ""2.5cm""}] ","[{""entity"": ""incisions""}, {""entity"": ""difference""}, {""entity"": ""due""}, {""entity"": ""tissue""}, {"""
"The oblique paramedian incision of the anterior rectus sheath was approximately 2cm medial to the lateral border of the rectus muscle and it was extended to caudal-lateral direction, down to 1/2cm to the lateral border of rectus muscle.","[{'id': '7250', 'offsets': array([23, 31]), 'role': '', 'semantic_type_id': '', 'text': 'incision', 'type': 'EVENT'}
 {'id': '7265', 'offsets': array([145, 153]), 'role': '', 'semantic_type_id': '', 'text': 'extended', 'type': 'EVENT'}
 {'id': '7787', 'offsets': array([35, 61]), 'role': '', 'semantic_type_id': '', 'text': 'the anterior rectus sheath', 'type': 'BODYPART'}
 {'id': '7793', 'offsets': array([ 94, 133]), 'role': '', 'semantic_type_id': '', 'text': 'the lateral border of the rectus muscle', 'type': 'BODYPART'}
 {'id': '7799', 'offsets': array([200, 235]), 'role': '', 'semantic_type_id': '', 'text': 'the lateral border of rectus muscle', 'type': 'BODYPART'}
 {'id': '7983', 'offsets': array([80, 90]), 'role': '', 'semantic_type_id': '', 'text': '2cm medial', 'type': 'RML'}]","A 26-year-old pregnant patient with a history of two previous cesarean deliveries was referred to our tertiary clinic. The patient was having severe right sided abdominal pain with sudden onset. She was in the 18 th week of her pregnancy based on last menstrual period. Obstetric ultrasound measurements revealed a live pregnancy compatible with 18 weeks gestation without any abnormality. However, a 15x12cm in size edematous multicystic adnexal mass occupying the mid and upper right abdomen without vascularity was identified. The mass was suspected to originate from right ovary. It was pushing the pregnant uterus into the left and anterior direction. There was no ultrasonographic evidence of malignancy. Considering the severe sudden pain complaint and adnexal mass finding, explorative laparotomy was planned for the suspected diagnosis of adnexal torsion. A mediolateral (near vertical) skin incision was made originated from infra-umbilical level on the lateral side of right rectus muscle. Specifically, the starting point for this slightly oblique incision was at 3cm lateral to the midline and near to lateral one third of the rectus muscle. The skin and fascia incisions were approximately 4cm and 2.5cm in length, respectively and this difference was due to the thick subcutaneous fat tissue. The oblique paramedian incision of the anterior rectus sheath was approximately 2cm medial to the lateral border of the rectus muscle and it was extended to caudal-lateral direction, down to 1/2cm to the lateral border of rectus muscle. The lateral edge of anterior rectus sheath incision was dissected off from the rectus muscle laterally up to semilunar line of rectus muscle in 1cm width. Then, the rectus muscle was retracted medially to expose the posterior sheath of rectus (below the arcuate line, only the transversalis fascia and parietal peritoneum are exposed). An oblique incision was made on the posterior sheath of rectus and peritoneum behind the rectus muscle, in a projection of the anterior sheath incision. In this manner, the abdominal wall incisions were located at anterior and posterior sheaths of rectus muscle at least 1/2cm medial to the semilunar line and to the lateral border of rectus. In other words, incision was not made from fascial layers' merging point or by muscle splitting dissection. Therefore, traction forces from enlarging uterus in advancing pregnant abdomen could be minimized. A large edematous, necrotic and dark purple torsion of a right adnexal mass was observed. It was pulled out and was partially dissected from its surface layer following a 2cm incision. The cystic structure was aspirated and right salpingo-ooferectomy was performed. The operation was completed by avoiding the manipulation of the pregnant uterus. Frozen section pathology of the removed specimen was reported as benign (necrotic tissues, teratoma) and final pathology was mucinous cystadenoma. Follow up on the pregnant patient was uneventful a month later.
",EN100668,"<|im_start|>user Extract the entities contained in the text. Extract only entities contained in the text.
Return the result in a json format: [{""entity"":""entity_name""}]. <<The oblique paramedian incision of the anterior rectus sheath was approximately 2cm medial to the lateral border of the rectus muscle and it was extended to caudal-lateral direction, down to 1/2cm to the lateral border of rectus muscle.>>> <|im_end|><|im_start|>assistant[{""entity"": ""incision""}, {""entity"": ""extended""}, {""entity"": ""the anterior rectus sheath""}, {""entity"": ""the lateral border of the rectus muscle""}, {""entity"": ""the lateral border of rectus muscle""}, {""entity"": ""2cm medial""}] <|im_end|>","<|im_start|>user Extract the entities contained in the text. Extract only entities contained in the text.
Return the result in a json format: [{""entity"":""entity_name""}]. <<<We present a case of a 32-year-old woman with a history of gradual enlargement of the anterior neck.>>> <|im_end|><|im_start|>assistant [{""entity"": ""present""}, {""entity"": ""history""}, {""entity"": ""enlargement""}] <|im_end|>
<|im_start|>user Extract the entities contained in the text. Extract only entities contained in the text.
Return the result in a json format: [{""entity"":""entity_name""}]. <<<Patient information: a 9-month-old boy presented to the emergency room with a 3-day history of refusal to bear weight on the right lower extremity and febrile peaks of up to 38.5°C for 24 hours.>>> <|im_end|><|im_start|>assistant [{""entity"": ""presented""}, {""entity"": ""refusal""}, {""entity"": ""bear""}, {""entity"": ""peaks""}] <|im_end|>
<|im_start|>user Extract the entities contained in the text. Extract only entities contained in the text.
Return the result in a json format: [{""entity"":""entity_name""}]. <<The oblique paramedian incision of the anterior rectus sheath was approximately 2cm medial to the lateral border of the rectus muscle and it was extended to caudal-lateral direction, down to 1/2cm to the lateral border of rectus muscle.>>> <|im_end|><|im_start|>assistant","[{""entity"": ""incision""}, {""entity"": ""extended""}, {""entity"": ""the anterior rectus sheath""}, {""entity"": ""the lateral border of the rectus muscle""}, {""entity"": ""the lateral border of rectus muscle""}, {""entity"": ""2cm medial""}] ","[{""entity"": ""incision""}, {""entity"": ""extended""}, {""entity"": ""the anterior rectus sheath""}, {""entity"":"
The lateral edge of anterior rectus sheath incision was dissected off from the rectus muscle laterally up to semilunar line of rectus muscle in 1cm width.,"[{'id': '7280', 'offsets': array([43, 51]), 'role': '', 'semantic_type_id': '', 'text': 'incision', 'type': 'EVENT'}
 {'id': '7295', 'offsets': array([56, 65]), 'role': '', 'semantic_type_id': '', 'text': 'dissected', 'type': 'EVENT'}
 {'id': '7805', 'offsets': array([ 4, 42]), 'role': '', 'semantic_type_id': '', 'text': 'lateral edge of anterior rectus sheath', 'type': 'BODYPART'}
 {'id': '7811', 'offsets': array([75, 92]), 'role': '', 'semantic_type_id': '', 'text': 'the rectus muscle', 'type': 'BODYPART'}
 {'id': '7817', 'offsets': array([109, 140]), 'role': '', 'semantic_type_id': '', 'text': 'semilunar line of rectus muscle', 'type': 'BODYPART'}]","A 26-year-old pregnant patient with a history of two previous cesarean deliveries was referred to our tertiary clinic. The patient was having severe right sided abdominal pain with sudden onset. She was in the 18 th week of her pregnancy based on last menstrual period. Obstetric ultrasound measurements revealed a live pregnancy compatible with 18 weeks gestation without any abnormality. However, a 15x12cm in size edematous multicystic adnexal mass occupying the mid and upper right abdomen without vascularity was identified. The mass was suspected to originate from right ovary. It was pushing the pregnant uterus into the left and anterior direction. There was no ultrasonographic evidence of malignancy. Considering the severe sudden pain complaint and adnexal mass finding, explorative laparotomy was planned for the suspected diagnosis of adnexal torsion. A mediolateral (near vertical) skin incision was made originated from infra-umbilical level on the lateral side of right rectus muscle. Specifically, the starting point for this slightly oblique incision was at 3cm lateral to the midline and near to lateral one third of the rectus muscle. The skin and fascia incisions were approximately 4cm and 2.5cm in length, respectively and this difference was due to the thick subcutaneous fat tissue. The oblique paramedian incision of the anterior rectus sheath was approximately 2cm medial to the lateral border of the rectus muscle and it was extended to caudal-lateral direction, down to 1/2cm to the lateral border of rectus muscle. The lateral edge of anterior rectus sheath incision was dissected off from the rectus muscle laterally up to semilunar line of rectus muscle in 1cm width. Then, the rectus muscle was retracted medially to expose the posterior sheath of rectus (below the arcuate line, only the transversalis fascia and parietal peritoneum are exposed). An oblique incision was made on the posterior sheath of rectus and peritoneum behind the rectus muscle, in a projection of the anterior sheath incision. In this manner, the abdominal wall incisions were located at anterior and posterior sheaths of rectus muscle at least 1/2cm medial to the semilunar line and to the lateral border of rectus. In other words, incision was not made from fascial layers' merging point or by muscle splitting dissection. Therefore, traction forces from enlarging uterus in advancing pregnant abdomen could be minimized. A large edematous, necrotic and dark purple torsion of a right adnexal mass was observed. It was pulled out and was partially dissected from its surface layer following a 2cm incision. The cystic structure was aspirated and right salpingo-ooferectomy was performed. The operation was completed by avoiding the manipulation of the pregnant uterus. Frozen section pathology of the removed specimen was reported as benign (necrotic tissues, teratoma) and final pathology was mucinous cystadenoma. Follow up on the pregnant patient was uneventful a month later.
",EN100668,"<|im_start|>user Extract the entities contained in the text. Extract only entities contained in the text.
Return the result in a json format: [{""entity"":""entity_name""}]. <<The lateral edge of anterior rectus sheath incision was dissected off from the rectus muscle laterally up to semilunar line of rectus muscle in 1cm width.>>> <|im_end|><|im_start|>assistant[{""entity"": ""incision""}, {""entity"": ""dissected""}, {""entity"": ""lateral edge of anterior rectus sheath""}, {""entity"": ""the rectus muscle""}, {""entity"": ""semilunar line of rectus muscle""}] <|im_end|>","<|im_start|>user Extract the entities contained in the text. Extract only entities contained in the text.
Return the result in a json format: [{""entity"":""entity_name""}]. <<<We present a case of a 32-year-old woman with a history of gradual enlargement of the anterior neck.>>> <|im_end|><|im_start|>assistant [{""entity"": ""present""}, {""entity"": ""history""}, {""entity"": ""enlargement""}] <|im_end|>
<|im_start|>user Extract the entities contained in the text. Extract only entities contained in the text.
Return the result in a json format: [{""entity"":""entity_name""}]. <<<Patient information: a 9-month-old boy presented to the emergency room with a 3-day history of refusal to bear weight on the right lower extremity and febrile peaks of up to 38.5°C for 24 hours.>>> <|im_end|><|im_start|>assistant [{""entity"": ""presented""}, {""entity"": ""refusal""}, {""entity"": ""bear""}, {""entity"": ""peaks""}] <|im_end|>
<|im_start|>user Extract the entities contained in the text. Extract only entities contained in the text.
Return the result in a json format: [{""entity"":""entity_name""}]. <<The lateral edge of anterior rectus sheath incision was dissected off from the rectus muscle laterally up to semilunar line of rectus muscle in 1cm width.>>> <|im_end|><|im_start|>assistant","[{""entity"": ""incision""}, {""entity"": ""dissected""}, {""entity"": ""lateral edge of anterior rectus sheath""}, {""entity"": ""the rectus muscle""}, {""entity"": ""semilunar line of rectus muscle""}] ","[{""entity"": ""incision""}, {""entity"": ""dissected""}, {""entity"": ""the rectus muscle laterally up to"
"Then, the rectus muscle was retracted medially to expose the posterior sheath of rectus (below the arcuate line, only the transversalis fascia and parietal peritoneum are exposed).","[{'id': '7310', 'offsets': array([28, 37]), 'role': '', 'semantic_type_id': '', 'text': 'retracted', 'type': 'EVENT'}
 {'id': '7325', 'offsets': array([50, 56]), 'role': '', 'semantic_type_id': '', 'text': 'expose', 'type': 'EVENT'}
 {'id': '7340', 'offsets': array([171, 178]), 'role': '', 'semantic_type_id': '', 'text': 'exposed', 'type': 'EVENT'}
 {'id': '7823', 'offsets': array([ 6, 23]), 'role': '', 'semantic_type_id': '', 'text': 'the rectus muscle', 'type': 'BODYPART'}
 {'id': '7829', 'offsets': array([57, 87]), 'role': '', 'semantic_type_id': '', 'text': 'the posterior sheath of rectus', 'type': 'BODYPART'}
 {'id': '7835', 'offsets': array([ 95, 111]), 'role': '', 'semantic_type_id': '', 'text': 'the arcuate line', 'type': 'BODYPART'}
 {'id': '7841', 'offsets': array([118, 142]), 'role': '', 'semantic_type_id': '', 'text': 'the transversalis fascia', 'type': 'BODYPART'}
 {'id': '7847', 'offsets': array([147, 166]), 'role': '', 'semantic_type_id': '', 'text': 'parietal peritoneum', 'type': 'BODYPART'}]","A 26-year-old pregnant patient with a history of two previous cesarean deliveries was referred to our tertiary clinic. The patient was having severe right sided abdominal pain with sudden onset. She was in the 18 th week of her pregnancy based on last menstrual period. Obstetric ultrasound measurements revealed a live pregnancy compatible with 18 weeks gestation without any abnormality. However, a 15x12cm in size edematous multicystic adnexal mass occupying the mid and upper right abdomen without vascularity was identified. The mass was suspected to originate from right ovary. It was pushing the pregnant uterus into the left and anterior direction. There was no ultrasonographic evidence of malignancy. Considering the severe sudden pain complaint and adnexal mass finding, explorative laparotomy was planned for the suspected diagnosis of adnexal torsion. A mediolateral (near vertical) skin incision was made originated from infra-umbilical level on the lateral side of right rectus muscle. Specifically, the starting point for this slightly oblique incision was at 3cm lateral to the midline and near to lateral one third of the rectus muscle. The skin and fascia incisions were approximately 4cm and 2.5cm in length, respectively and this difference was due to the thick subcutaneous fat tissue. The oblique paramedian incision of the anterior rectus sheath was approximately 2cm medial to the lateral border of the rectus muscle and it was extended to caudal-lateral direction, down to 1/2cm to the lateral border of rectus muscle. The lateral edge of anterior rectus sheath incision was dissected off from the rectus muscle laterally up to semilunar line of rectus muscle in 1cm width. Then, the rectus muscle was retracted medially to expose the posterior sheath of rectus (below the arcuate line, only the transversalis fascia and parietal peritoneum are exposed). An oblique incision was made on the posterior sheath of rectus and peritoneum behind the rectus muscle, in a projection of the anterior sheath incision. In this manner, the abdominal wall incisions were located at anterior and posterior sheaths of rectus muscle at least 1/2cm medial to the semilunar line and to the lateral border of rectus. In other words, incision was not made from fascial layers' merging point or by muscle splitting dissection. Therefore, traction forces from enlarging uterus in advancing pregnant abdomen could be minimized. A large edematous, necrotic and dark purple torsion of a right adnexal mass was observed. It was pulled out and was partially dissected from its surface layer following a 2cm incision. The cystic structure was aspirated and right salpingo-ooferectomy was performed. The operation was completed by avoiding the manipulation of the pregnant uterus. Frozen section pathology of the removed specimen was reported as benign (necrotic tissues, teratoma) and final pathology was mucinous cystadenoma. Follow up on the pregnant patient was uneventful a month later.
",EN100668,"<|im_start|>user Extract the entities contained in the text. Extract only entities contained in the text.
Return the result in a json format: [{""entity"":""entity_name""}]. <<Then, the rectus muscle was retracted medially to expose the posterior sheath of rectus (below the arcuate line, only the transversalis fascia and parietal peritoneum are exposed).>>> <|im_end|><|im_start|>assistant[{""entity"": ""retracted""}, {""entity"": ""expose""}, {""entity"": ""exposed""}, {""entity"": ""the rectus muscle""}, {""entity"": ""the posterior sheath of rectus""}, {""entity"": ""the arcuate line""}, {""entity"": ""the transversalis fascia""}, {""entity"": ""parietal peritoneum""}] <|im_end|>","<|im_start|>user Extract the entities contained in the text. Extract only entities contained in the text.
Return the result in a json format: [{""entity"":""entity_name""}]. <<<We present a case of a 32-year-old woman with a history of gradual enlargement of the anterior neck.>>> <|im_end|><|im_start|>assistant [{""entity"": ""present""}, {""entity"": ""history""}, {""entity"": ""enlargement""}] <|im_end|>
<|im_start|>user Extract the entities contained in the text. Extract only entities contained in the text.
Return the result in a json format: [{""entity"":""entity_name""}]. <<<Patient information: a 9-month-old boy presented to the emergency room with a 3-day history of refusal to bear weight on the right lower extremity and febrile peaks of up to 38.5°C for 24 hours.>>> <|im_end|><|im_start|>assistant [{""entity"": ""presented""}, {""entity"": ""refusal""}, {""entity"": ""bear""}, {""entity"": ""peaks""}] <|im_end|>
<|im_start|>user Extract the entities contained in the text. Extract only entities contained in the text.
Return the result in a json format: [{""entity"":""entity_name""}]. <<Then, the rectus muscle was retracted medially to expose the posterior sheath of rectus (below the arcuate line, only the transversalis fascia and parietal peritoneum are exposed).>>> <|im_end|><|im_start|>assistant","[{""entity"": ""retracted""}, {""entity"": ""expose""}, {""entity"": ""exposed""}, {""entity"": ""the rectus muscle""}, {""entity"": ""the posterior sheath of rectus""}, {""entity"": ""the arcuate line""}, {""entity"": ""the transversalis fascia""}, {""entity"": ""parietal peritoneum""}] ","[{""entity"": ""retracted""}, {""entity"": ""expose""}, {""entity"": ""sheath""}, {""entity"": ""the posterior"
"In other words, incision was not made from fascial layers' merging point or by muscle splitting dissection.","[{'id': '7400', 'offsets': array([16, 24]), 'role': '', 'semantic_type_id': '', 'text': 'incision', 'type': 'EVENT'}
 {'id': '7415', 'offsets': array([ 96, 106]), 'role': '', 'semantic_type_id': '', 'text': 'dissection', 'type': 'EVENT'}
 {'id': '7901', 'offsets': array([43, 57]), 'role': '', 'semantic_type_id': '', 'text': 'fascial layers', 'type': 'BODYPART'}
 {'id': '7907', 'offsets': array([79, 85]), 'role': '', 'semantic_type_id': '', 'text': 'muscle', 'type': 'BODYPART'}]","A 26-year-old pregnant patient with a history of two previous cesarean deliveries was referred to our tertiary clinic. The patient was having severe right sided abdominal pain with sudden onset. She was in the 18 th week of her pregnancy based on last menstrual period. Obstetric ultrasound measurements revealed a live pregnancy compatible with 18 weeks gestation without any abnormality. However, a 15x12cm in size edematous multicystic adnexal mass occupying the mid and upper right abdomen without vascularity was identified. The mass was suspected to originate from right ovary. It was pushing the pregnant uterus into the left and anterior direction. There was no ultrasonographic evidence of malignancy. Considering the severe sudden pain complaint and adnexal mass finding, explorative laparotomy was planned for the suspected diagnosis of adnexal torsion. A mediolateral (near vertical) skin incision was made originated from infra-umbilical level on the lateral side of right rectus muscle. Specifically, the starting point for this slightly oblique incision was at 3cm lateral to the midline and near to lateral one third of the rectus muscle. The skin and fascia incisions were approximately 4cm and 2.5cm in length, respectively and this difference was due to the thick subcutaneous fat tissue. The oblique paramedian incision of the anterior rectus sheath was approximately 2cm medial to the lateral border of the rectus muscle and it was extended to caudal-lateral direction, down to 1/2cm to the lateral border of rectus muscle. The lateral edge of anterior rectus sheath incision was dissected off from the rectus muscle laterally up to semilunar line of rectus muscle in 1cm width. Then, the rectus muscle was retracted medially to expose the posterior sheath of rectus (below the arcuate line, only the transversalis fascia and parietal peritoneum are exposed). An oblique incision was made on the posterior sheath of rectus and peritoneum behind the rectus muscle, in a projection of the anterior sheath incision. In this manner, the abdominal wall incisions were located at anterior and posterior sheaths of rectus muscle at least 1/2cm medial to the semilunar line and to the lateral border of rectus. In other words, incision was not made from fascial layers' merging point or by muscle splitting dissection. Therefore, traction forces from enlarging uterus in advancing pregnant abdomen could be minimized. A large edematous, necrotic and dark purple torsion of a right adnexal mass was observed. It was pulled out and was partially dissected from its surface layer following a 2cm incision. The cystic structure was aspirated and right salpingo-ooferectomy was performed. The operation was completed by avoiding the manipulation of the pregnant uterus. Frozen section pathology of the removed specimen was reported as benign (necrotic tissues, teratoma) and final pathology was mucinous cystadenoma. Follow up on the pregnant patient was uneventful a month later.
",EN100668,"<|im_start|>user Extract the entities contained in the text. Extract only entities contained in the text.
Return the result in a json format: [{""entity"":""entity_name""}]. <<In other words, incision was not made from fascial layers' merging point or by muscle splitting dissection.>>> <|im_end|><|im_start|>assistant[{""entity"": ""incision""}, {""entity"": ""dissection""}, {""entity"": ""fascial layers""}, {""entity"": ""muscle""}] <|im_end|>","<|im_start|>user Extract the entities contained in the text. Extract only entities contained in the text.
Return the result in a json format: [{""entity"":""entity_name""}]. <<<We present a case of a 32-year-old woman with a history of gradual enlargement of the anterior neck.>>> <|im_end|><|im_start|>assistant [{""entity"": ""present""}, {""entity"": ""history""}, {""entity"": ""enlargement""}] <|im_end|>
<|im_start|>user Extract the entities contained in the text. Extract only entities contained in the text.
Return the result in a json format: [{""entity"":""entity_name""}]. <<<Patient information: a 9-month-old boy presented to the emergency room with a 3-day history of refusal to bear weight on the right lower extremity and febrile peaks of up to 38.5°C for 24 hours.>>> <|im_end|><|im_start|>assistant [{""entity"": ""presented""}, {""entity"": ""refusal""}, {""entity"": ""bear""}, {""entity"": ""peaks""}] <|im_end|>
<|im_start|>user Extract the entities contained in the text. Extract only entities contained in the text.
Return the result in a json format: [{""entity"":""entity_name""}]. <<In other words, incision was not made from fascial layers' merging point or by muscle splitting dissection.>>> <|im_end|><|im_start|>assistant","[{""entity"": ""incision""}, {""entity"": ""dissection""}, {""entity"": ""fascial layers""}, {""entity"": ""muscle""}] ","[{""entity"": ""incision""}, {""entity"": ""made""}, {""entity"": ""point""}, {""entity"": ""splitting""}, {"""
"Therefore, traction forces from enlarging uterus in advancing pregnant abdomen could be minimized.","[{'id': '7430', 'offsets': array([88, 97]), 'role': '', 'semantic_type_id': '', 'text': 'minimized', 'type': 'EVENT'}
 {'id': '7913', 'offsets': array([32, 48]), 'role': '', 'semantic_type_id': '', 'text': 'enlarging uterus', 'type': 'BODYPART'}
 {'id': '7919', 'offsets': array([52, 78]), 'role': '', 'semantic_type_id': '', 'text': 'advancing pregnant abdomen', 'type': 'BODYPART'}]","A 26-year-old pregnant patient with a history of two previous cesarean deliveries was referred to our tertiary clinic. The patient was having severe right sided abdominal pain with sudden onset. She was in the 18 th week of her pregnancy based on last menstrual period. Obstetric ultrasound measurements revealed a live pregnancy compatible with 18 weeks gestation without any abnormality. However, a 15x12cm in size edematous multicystic adnexal mass occupying the mid and upper right abdomen without vascularity was identified. The mass was suspected to originate from right ovary. It was pushing the pregnant uterus into the left and anterior direction. There was no ultrasonographic evidence of malignancy. Considering the severe sudden pain complaint and adnexal mass finding, explorative laparotomy was planned for the suspected diagnosis of adnexal torsion. A mediolateral (near vertical) skin incision was made originated from infra-umbilical level on the lateral side of right rectus muscle. Specifically, the starting point for this slightly oblique incision was at 3cm lateral to the midline and near to lateral one third of the rectus muscle. The skin and fascia incisions were approximately 4cm and 2.5cm in length, respectively and this difference was due to the thick subcutaneous fat tissue. The oblique paramedian incision of the anterior rectus sheath was approximately 2cm medial to the lateral border of the rectus muscle and it was extended to caudal-lateral direction, down to 1/2cm to the lateral border of rectus muscle. The lateral edge of anterior rectus sheath incision was dissected off from the rectus muscle laterally up to semilunar line of rectus muscle in 1cm width. Then, the rectus muscle was retracted medially to expose the posterior sheath of rectus (below the arcuate line, only the transversalis fascia and parietal peritoneum are exposed). An oblique incision was made on the posterior sheath of rectus and peritoneum behind the rectus muscle, in a projection of the anterior sheath incision. In this manner, the abdominal wall incisions were located at anterior and posterior sheaths of rectus muscle at least 1/2cm medial to the semilunar line and to the lateral border of rectus. In other words, incision was not made from fascial layers' merging point or by muscle splitting dissection. Therefore, traction forces from enlarging uterus in advancing pregnant abdomen could be minimized. A large edematous, necrotic and dark purple torsion of a right adnexal mass was observed. It was pulled out and was partially dissected from its surface layer following a 2cm incision. The cystic structure was aspirated and right salpingo-ooferectomy was performed. The operation was completed by avoiding the manipulation of the pregnant uterus. Frozen section pathology of the removed specimen was reported as benign (necrotic tissues, teratoma) and final pathology was mucinous cystadenoma. Follow up on the pregnant patient was uneventful a month later.
",EN100668,"<|im_start|>user Extract the entities contained in the text. Extract only entities contained in the text.
Return the result in a json format: [{""entity"":""entity_name""}]. <<Therefore, traction forces from enlarging uterus in advancing pregnant abdomen could be minimized.>>> <|im_end|><|im_start|>assistant[{""entity"": ""minimized""}, {""entity"": ""enlarging uterus""}, {""entity"": ""advancing pregnant abdomen""}] <|im_end|>","<|im_start|>user Extract the entities contained in the text. Extract only entities contained in the text.
Return the result in a json format: [{""entity"":""entity_name""}]. <<<We present a case of a 32-year-old woman with a history of gradual enlargement of the anterior neck.>>> <|im_end|><|im_start|>assistant [{""entity"": ""present""}, {""entity"": ""history""}, {""entity"": ""enlargement""}] <|im_end|>
<|im_start|>user Extract the entities contained in the text. Extract only entities contained in the text.
Return the result in a json format: [{""entity"":""entity_name""}]. <<<Patient information: a 9-month-old boy presented to the emergency room with a 3-day history of refusal to bear weight on the right lower extremity and febrile peaks of up to 38.5°C for 24 hours.>>> <|im_end|><|im_start|>assistant [{""entity"": ""presented""}, {""entity"": ""refusal""}, {""entity"": ""bear""}, {""entity"": ""peaks""}] <|im_end|>
<|im_start|>user Extract the entities contained in the text. Extract only entities contained in the text.
Return the result in a json format: [{""entity"":""entity_name""}]. <<Therefore, traction forces from enlarging uterus in advancing pregnant abdomen could be minimized.>>> <|im_end|><|im_start|>assistant","[{""entity"": ""minimized""}, {""entity"": ""enlarging uterus""}, {""entity"": ""advancing pregnant abdomen""}] ","[{""entity"": ""traction""}, {""entity"": ""forces""}, {""entity"": ""enlarging uterus""}, {""entity"": ""pregnant"
"A large edematous, necrotic and dark purple torsion of a right adnexal mass was observed.","[{'id': '7445', 'offsets': array([44, 51]), 'role': '', 'semantic_type_id': '', 'text': 'torsion', 'type': 'EVENT'}
 {'id': '7460', 'offsets': array([80, 88]), 'role': '', 'semantic_type_id': '', 'text': 'observed', 'type': 'EVENT'}
 {'id': '7720', 'offsets': array([44, 75]), 'role': '', 'semantic_type_id': 'C0404472', 'text': 'torsion of a right adnexal mass', 'type': 'CLINENTITY'}]","A 26-year-old pregnant patient with a history of two previous cesarean deliveries was referred to our tertiary clinic. The patient was having severe right sided abdominal pain with sudden onset. She was in the 18 th week of her pregnancy based on last menstrual period. Obstetric ultrasound measurements revealed a live pregnancy compatible with 18 weeks gestation without any abnormality. However, a 15x12cm in size edematous multicystic adnexal mass occupying the mid and upper right abdomen without vascularity was identified. The mass was suspected to originate from right ovary. It was pushing the pregnant uterus into the left and anterior direction. There was no ultrasonographic evidence of malignancy. Considering the severe sudden pain complaint and adnexal mass finding, explorative laparotomy was planned for the suspected diagnosis of adnexal torsion. A mediolateral (near vertical) skin incision was made originated from infra-umbilical level on the lateral side of right rectus muscle. Specifically, the starting point for this slightly oblique incision was at 3cm lateral to the midline and near to lateral one third of the rectus muscle. The skin and fascia incisions were approximately 4cm and 2.5cm in length, respectively and this difference was due to the thick subcutaneous fat tissue. The oblique paramedian incision of the anterior rectus sheath was approximately 2cm medial to the lateral border of the rectus muscle and it was extended to caudal-lateral direction, down to 1/2cm to the lateral border of rectus muscle. The lateral edge of anterior rectus sheath incision was dissected off from the rectus muscle laterally up to semilunar line of rectus muscle in 1cm width. Then, the rectus muscle was retracted medially to expose the posterior sheath of rectus (below the arcuate line, only the transversalis fascia and parietal peritoneum are exposed). An oblique incision was made on the posterior sheath of rectus and peritoneum behind the rectus muscle, in a projection of the anterior sheath incision. In this manner, the abdominal wall incisions were located at anterior and posterior sheaths of rectus muscle at least 1/2cm medial to the semilunar line and to the lateral border of rectus. In other words, incision was not made from fascial layers' merging point or by muscle splitting dissection. Therefore, traction forces from enlarging uterus in advancing pregnant abdomen could be minimized. A large edematous, necrotic and dark purple torsion of a right adnexal mass was observed. It was pulled out and was partially dissected from its surface layer following a 2cm incision. The cystic structure was aspirated and right salpingo-ooferectomy was performed. The operation was completed by avoiding the manipulation of the pregnant uterus. Frozen section pathology of the removed specimen was reported as benign (necrotic tissues, teratoma) and final pathology was mucinous cystadenoma. Follow up on the pregnant patient was uneventful a month later.
",EN100668,"<|im_start|>user Extract the entities contained in the text. Extract only entities contained in the text.
Return the result in a json format: [{""entity"":""entity_name""}]. <<A large edematous, necrotic and dark purple torsion of a right adnexal mass was observed.>>> <|im_end|><|im_start|>assistant[{""entity"": ""torsion""}, {""entity"": ""observed""}, {""entity"": ""torsion of a right adnexal mass""}] <|im_end|>","<|im_start|>user Extract the entities contained in the text. Extract only entities contained in the text.
Return the result in a json format: [{""entity"":""entity_name""}]. <<<We present a case of a 32-year-old woman with a history of gradual enlargement of the anterior neck.>>> <|im_end|><|im_start|>assistant [{""entity"": ""present""}, {""entity"": ""history""}, {""entity"": ""enlargement""}] <|im_end|>
<|im_start|>user Extract the entities contained in the text. Extract only entities contained in the text.
Return the result in a json format: [{""entity"":""entity_name""}]. <<<Patient information: a 9-month-old boy presented to the emergency room with a 3-day history of refusal to bear weight on the right lower extremity and febrile peaks of up to 38.5°C for 24 hours.>>> <|im_end|><|im_start|>assistant [{""entity"": ""presented""}, {""entity"": ""refusal""}, {""entity"": ""bear""}, {""entity"": ""peaks""}] <|im_end|>
<|im_start|>user Extract the entities contained in the text. Extract only entities contained in the text.
Return the result in a json format: [{""entity"":""entity_name""}]. <<A large edematous, necrotic and dark purple torsion of a right adnexal mass was observed.>>> <|im_end|><|im_start|>assistant","[{""entity"": ""torsion""}, {""entity"": ""observed""}, {""entity"": ""torsion of a right adnexal mass""}] ","[{""entity"": ""observed""}, {""entity"": ""torsion""}, {""entity"": ""adnexal mass""}, {""entity"": """
It was pulled out and was partially dissected from its surface layer following a 2cm incision.,"[{'id': '7475', 'offsets': array([ 7, 13]), 'role': '', 'semantic_type_id': '', 'text': 'pulled', 'type': 'EVENT'}
 {'id': '7490', 'offsets': array([36, 45]), 'role': '', 'semantic_type_id': '', 'text': 'dissected', 'type': 'EVENT'}
 {'id': '7505', 'offsets': array([85, 93]), 'role': '', 'semantic_type_id': '', 'text': 'incision', 'type': 'EVENT'}]","A 26-year-old pregnant patient with a history of two previous cesarean deliveries was referred to our tertiary clinic. The patient was having severe right sided abdominal pain with sudden onset. She was in the 18 th week of her pregnancy based on last menstrual period. Obstetric ultrasound measurements revealed a live pregnancy compatible with 18 weeks gestation without any abnormality. However, a 15x12cm in size edematous multicystic adnexal mass occupying the mid and upper right abdomen without vascularity was identified. The mass was suspected to originate from right ovary. It was pushing the pregnant uterus into the left and anterior direction. There was no ultrasonographic evidence of malignancy. Considering the severe sudden pain complaint and adnexal mass finding, explorative laparotomy was planned for the suspected diagnosis of adnexal torsion. A mediolateral (near vertical) skin incision was made originated from infra-umbilical level on the lateral side of right rectus muscle. Specifically, the starting point for this slightly oblique incision was at 3cm lateral to the midline and near to lateral one third of the rectus muscle. The skin and fascia incisions were approximately 4cm and 2.5cm in length, respectively and this difference was due to the thick subcutaneous fat tissue. The oblique paramedian incision of the anterior rectus sheath was approximately 2cm medial to the lateral border of the rectus muscle and it was extended to caudal-lateral direction, down to 1/2cm to the lateral border of rectus muscle. The lateral edge of anterior rectus sheath incision was dissected off from the rectus muscle laterally up to semilunar line of rectus muscle in 1cm width. Then, the rectus muscle was retracted medially to expose the posterior sheath of rectus (below the arcuate line, only the transversalis fascia and parietal peritoneum are exposed). An oblique incision was made on the posterior sheath of rectus and peritoneum behind the rectus muscle, in a projection of the anterior sheath incision. In this manner, the abdominal wall incisions were located at anterior and posterior sheaths of rectus muscle at least 1/2cm medial to the semilunar line and to the lateral border of rectus. In other words, incision was not made from fascial layers' merging point or by muscle splitting dissection. Therefore, traction forces from enlarging uterus in advancing pregnant abdomen could be minimized. A large edematous, necrotic and dark purple torsion of a right adnexal mass was observed. It was pulled out and was partially dissected from its surface layer following a 2cm incision. The cystic structure was aspirated and right salpingo-ooferectomy was performed. The operation was completed by avoiding the manipulation of the pregnant uterus. Frozen section pathology of the removed specimen was reported as benign (necrotic tissues, teratoma) and final pathology was mucinous cystadenoma. Follow up on the pregnant patient was uneventful a month later.
",EN100668,"<|im_start|>user Extract the entities contained in the text. Extract only entities contained in the text.
Return the result in a json format: [{""entity"":""entity_name""}]. <<It was pulled out and was partially dissected from its surface layer following a 2cm incision.>>> <|im_end|><|im_start|>assistant[{""entity"": ""pulled""}, {""entity"": ""dissected""}, {""entity"": ""incision""}] <|im_end|>","<|im_start|>user Extract the entities contained in the text. Extract only entities contained in the text.
Return the result in a json format: [{""entity"":""entity_name""}]. <<<We present a case of a 32-year-old woman with a history of gradual enlargement of the anterior neck.>>> <|im_end|><|im_start|>assistant [{""entity"": ""present""}, {""entity"": ""history""}, {""entity"": ""enlargement""}] <|im_end|>
<|im_start|>user Extract the entities contained in the text. Extract only entities contained in the text.
Return the result in a json format: [{""entity"":""entity_name""}]. <<<Patient information: a 9-month-old boy presented to the emergency room with a 3-day history of refusal to bear weight on the right lower extremity and febrile peaks of up to 38.5°C for 24 hours.>>> <|im_end|><|im_start|>assistant [{""entity"": ""presented""}, {""entity"": ""refusal""}, {""entity"": ""bear""}, {""entity"": ""peaks""}] <|im_end|>
<|im_start|>user Extract the entities contained in the text. Extract only entities contained in the text.
Return the result in a json format: [{""entity"":""entity_name""}]. <<It was pulled out and was partially dissected from its surface layer following a 2cm incision.>>> <|im_end|><|im_start|>assistant","[{""entity"": ""pulled""}, {""entity"": ""dissected""}, {""entity"": ""incision""}] ","[{""entity"": ""pulled""}, {""entity"": ""dissected""}, {""entity"": ""incision""}, {""entity"": ""the"
The cystic structure was aspirated and right salpingo-ooferectomy was performed.,"[{'id': '7520', 'offsets': array([25, 34]), 'role': '', 'semantic_type_id': '', 'text': 'aspirated', 'type': 'EVENT'}
 {'id': '7535', 'offsets': array([45, 65]), 'role': '', 'semantic_type_id': '', 'text': 'salpingo-ooferectomy', 'type': 'EVENT'}]","A 26-year-old pregnant patient with a history of two previous cesarean deliveries was referred to our tertiary clinic. The patient was having severe right sided abdominal pain with sudden onset. She was in the 18 th week of her pregnancy based on last menstrual period. Obstetric ultrasound measurements revealed a live pregnancy compatible with 18 weeks gestation without any abnormality. However, a 15x12cm in size edematous multicystic adnexal mass occupying the mid and upper right abdomen without vascularity was identified. The mass was suspected to originate from right ovary. It was pushing the pregnant uterus into the left and anterior direction. There was no ultrasonographic evidence of malignancy. Considering the severe sudden pain complaint and adnexal mass finding, explorative laparotomy was planned for the suspected diagnosis of adnexal torsion. A mediolateral (near vertical) skin incision was made originated from infra-umbilical level on the lateral side of right rectus muscle. Specifically, the starting point for this slightly oblique incision was at 3cm lateral to the midline and near to lateral one third of the rectus muscle. The skin and fascia incisions were approximately 4cm and 2.5cm in length, respectively and this difference was due to the thick subcutaneous fat tissue. The oblique paramedian incision of the anterior rectus sheath was approximately 2cm medial to the lateral border of the rectus muscle and it was extended to caudal-lateral direction, down to 1/2cm to the lateral border of rectus muscle. The lateral edge of anterior rectus sheath incision was dissected off from the rectus muscle laterally up to semilunar line of rectus muscle in 1cm width. Then, the rectus muscle was retracted medially to expose the posterior sheath of rectus (below the arcuate line, only the transversalis fascia and parietal peritoneum are exposed). An oblique incision was made on the posterior sheath of rectus and peritoneum behind the rectus muscle, in a projection of the anterior sheath incision. In this manner, the abdominal wall incisions were located at anterior and posterior sheaths of rectus muscle at least 1/2cm medial to the semilunar line and to the lateral border of rectus. In other words, incision was not made from fascial layers' merging point or by muscle splitting dissection. Therefore, traction forces from enlarging uterus in advancing pregnant abdomen could be minimized. A large edematous, necrotic and dark purple torsion of a right adnexal mass was observed. It was pulled out and was partially dissected from its surface layer following a 2cm incision. The cystic structure was aspirated and right salpingo-ooferectomy was performed. The operation was completed by avoiding the manipulation of the pregnant uterus. Frozen section pathology of the removed specimen was reported as benign (necrotic tissues, teratoma) and final pathology was mucinous cystadenoma. Follow up on the pregnant patient was uneventful a month later.
",EN100668,"<|im_start|>user Extract the entities contained in the text. Extract only entities contained in the text.
Return the result in a json format: [{""entity"":""entity_name""}]. <<The cystic structure was aspirated and right salpingo-ooferectomy was performed.>>> <|im_end|><|im_start|>assistant[{""entity"": ""aspirated""}, {""entity"": ""salpingo-ooferectomy""}] <|im_end|>","<|im_start|>user Extract the entities contained in the text. Extract only entities contained in the text.
Return the result in a json format: [{""entity"":""entity_name""}]. <<<We present a case of a 32-year-old woman with a history of gradual enlargement of the anterior neck.>>> <|im_end|><|im_start|>assistant [{""entity"": ""present""}, {""entity"": ""history""}, {""entity"": ""enlargement""}] <|im_end|>
<|im_start|>user Extract the entities contained in the text. Extract only entities contained in the text.
Return the result in a json format: [{""entity"":""entity_name""}]. <<<Patient information: a 9-month-old boy presented to the emergency room with a 3-day history of refusal to bear weight on the right lower extremity and febrile peaks of up to 38.5°C for 24 hours.>>> <|im_end|><|im_start|>assistant [{""entity"": ""presented""}, {""entity"": ""refusal""}, {""entity"": ""bear""}, {""entity"": ""peaks""}] <|im_end|>
<|im_start|>user Extract the entities contained in the text. Extract only entities contained in the text.
Return the result in a json format: [{""entity"":""entity_name""}]. <<The cystic structure was aspirated and right salpingo-ooferectomy was performed.>>> <|im_end|><|im_start|>assistant","[{""entity"": ""aspirated""}, {""entity"": ""salpingo-ooferectomy""}] ","[{""entity"": ""aspirated""}, {""entity"": ""right salpingo-ooferectomy""}] <|im_end|><|im_end|><|im_end|><|im_end|>"
"Frozen section pathology of the removed specimen was reported as benign (necrotic tissues, teratoma) and final pathology was mucinous cystadenoma.","[{'id': '7595', 'offsets': array([15, 24]), 'role': '', 'semantic_type_id': '', 'text': 'pathology', 'type': 'EVENT'}
 {'id': '7610', 'offsets': array([53, 61]), 'role': '', 'semantic_type_id': '', 'text': 'reported', 'type': 'EVENT'}
 {'id': '7625', 'offsets': array([91, 99]), 'role': '', 'semantic_type_id': '', 'text': 'teratoma', 'type': 'EVENT'}
 {'id': '7640', 'offsets': array([134, 145]), 'role': '', 'semantic_type_id': '', 'text': 'cystadenoma', 'type': 'EVENT'}
 {'id': '7931', 'offsets': array([73, 89]), 'role': '', 'semantic_type_id': '', 'text': 'necrotic tissues', 'type': 'BODYPART'}
 {'id': '7989', 'offsets': array([65, 71]), 'role': '', 'semantic_type_id': '', 'text': 'benign', 'type': 'RML'}]","A 26-year-old pregnant patient with a history of two previous cesarean deliveries was referred to our tertiary clinic. The patient was having severe right sided abdominal pain with sudden onset. She was in the 18 th week of her pregnancy based on last menstrual period. Obstetric ultrasound measurements revealed a live pregnancy compatible with 18 weeks gestation without any abnormality. However, a 15x12cm in size edematous multicystic adnexal mass occupying the mid and upper right abdomen without vascularity was identified. The mass was suspected to originate from right ovary. It was pushing the pregnant uterus into the left and anterior direction. There was no ultrasonographic evidence of malignancy. Considering the severe sudden pain complaint and adnexal mass finding, explorative laparotomy was planned for the suspected diagnosis of adnexal torsion. A mediolateral (near vertical) skin incision was made originated from infra-umbilical level on the lateral side of right rectus muscle. Specifically, the starting point for this slightly oblique incision was at 3cm lateral to the midline and near to lateral one third of the rectus muscle. The skin and fascia incisions were approximately 4cm and 2.5cm in length, respectively and this difference was due to the thick subcutaneous fat tissue. The oblique paramedian incision of the anterior rectus sheath was approximately 2cm medial to the lateral border of the rectus muscle and it was extended to caudal-lateral direction, down to 1/2cm to the lateral border of rectus muscle. The lateral edge of anterior rectus sheath incision was dissected off from the rectus muscle laterally up to semilunar line of rectus muscle in 1cm width. Then, the rectus muscle was retracted medially to expose the posterior sheath of rectus (below the arcuate line, only the transversalis fascia and parietal peritoneum are exposed). An oblique incision was made on the posterior sheath of rectus and peritoneum behind the rectus muscle, in a projection of the anterior sheath incision. In this manner, the abdominal wall incisions were located at anterior and posterior sheaths of rectus muscle at least 1/2cm medial to the semilunar line and to the lateral border of rectus. In other words, incision was not made from fascial layers' merging point or by muscle splitting dissection. Therefore, traction forces from enlarging uterus in advancing pregnant abdomen could be minimized. A large edematous, necrotic and dark purple torsion of a right adnexal mass was observed. It was pulled out and was partially dissected from its surface layer following a 2cm incision. The cystic structure was aspirated and right salpingo-ooferectomy was performed. The operation was completed by avoiding the manipulation of the pregnant uterus. Frozen section pathology of the removed specimen was reported as benign (necrotic tissues, teratoma) and final pathology was mucinous cystadenoma. Follow up on the pregnant patient was uneventful a month later.
",EN100668,"<|im_start|>user Extract the entities contained in the text. Extract only entities contained in the text.
Return the result in a json format: [{""entity"":""entity_name""}]. <<Frozen section pathology of the removed specimen was reported as benign (necrotic tissues, teratoma) and final pathology was mucinous cystadenoma.>>> <|im_end|><|im_start|>assistant[{""entity"": ""pathology""}, {""entity"": ""reported""}, {""entity"": ""teratoma""}, {""entity"": ""cystadenoma""}, {""entity"": ""necrotic tissues""}, {""entity"": ""benign""}] <|im_end|>","<|im_start|>user Extract the entities contained in the text. Extract only entities contained in the text.
Return the result in a json format: [{""entity"":""entity_name""}]. <<<We present a case of a 32-year-old woman with a history of gradual enlargement of the anterior neck.>>> <|im_end|><|im_start|>assistant [{""entity"": ""present""}, {""entity"": ""history""}, {""entity"": ""enlargement""}] <|im_end|>
<|im_start|>user Extract the entities contained in the text. Extract only entities contained in the text.
Return the result in a json format: [{""entity"":""entity_name""}]. <<<Patient information: a 9-month-old boy presented to the emergency room with a 3-day history of refusal to bear weight on the right lower extremity and febrile peaks of up to 38.5°C for 24 hours.>>> <|im_end|><|im_start|>assistant [{""entity"": ""presented""}, {""entity"": ""refusal""}, {""entity"": ""bear""}, {""entity"": ""peaks""}] <|im_end|>
<|im_start|>user Extract the entities contained in the text. Extract only entities contained in the text.
Return the result in a json format: [{""entity"":""entity_name""}]. <<Frozen section pathology of the removed specimen was reported as benign (necrotic tissues, teratoma) and final pathology was mucinous cystadenoma.>>> <|im_end|><|im_start|>assistant","[{""entity"": ""pathology""}, {""entity"": ""reported""}, {""entity"": ""teratoma""}, {""entity"": ""cystadenoma""}, {""entity"": ""necrotic tissues""}, {""entity"": ""benign""}] ","[{""entity"": ""pathology""}, {""entity"": ""reported""}, {""entity"": ""benign""}, {""entity"": ""tissues""},"
Follow up on the pregnant patient was uneventful a month later.,"[{'id': '7655', 'offsets': array([0, 6]), 'role': '', 'semantic_type_id': '', 'text': 'Follow', 'type': 'EVENT'}
 {'id': '7670', 'offsets': array([38, 48]), 'role': '', 'semantic_type_id': '', 'text': 'uneventful', 'type': 'EVENT'}
 {'id': '7958', 'offsets': array([13, 33]), 'role': 'PATIENT', 'semantic_type_id': '', 'text': 'the pregnant patient', 'type': 'ACTOR'}
 {'id': '8013', 'offsets': array([49, 62]), 'role': '', 'semantic_type_id': '', 'text': 'a month later', 'type': 'TIMEX3'}]","A 26-year-old pregnant patient with a history of two previous cesarean deliveries was referred to our tertiary clinic. The patient was having severe right sided abdominal pain with sudden onset. She was in the 18 th week of her pregnancy based on last menstrual period. Obstetric ultrasound measurements revealed a live pregnancy compatible with 18 weeks gestation without any abnormality. However, a 15x12cm in size edematous multicystic adnexal mass occupying the mid and upper right abdomen without vascularity was identified. The mass was suspected to originate from right ovary. It was pushing the pregnant uterus into the left and anterior direction. There was no ultrasonographic evidence of malignancy. Considering the severe sudden pain complaint and adnexal mass finding, explorative laparotomy was planned for the suspected diagnosis of adnexal torsion. A mediolateral (near vertical) skin incision was made originated from infra-umbilical level on the lateral side of right rectus muscle. Specifically, the starting point for this slightly oblique incision was at 3cm lateral to the midline and near to lateral one third of the rectus muscle. The skin and fascia incisions were approximately 4cm and 2.5cm in length, respectively and this difference was due to the thick subcutaneous fat tissue. The oblique paramedian incision of the anterior rectus sheath was approximately 2cm medial to the lateral border of the rectus muscle and it was extended to caudal-lateral direction, down to 1/2cm to the lateral border of rectus muscle. The lateral edge of anterior rectus sheath incision was dissected off from the rectus muscle laterally up to semilunar line of rectus muscle in 1cm width. Then, the rectus muscle was retracted medially to expose the posterior sheath of rectus (below the arcuate line, only the transversalis fascia and parietal peritoneum are exposed). An oblique incision was made on the posterior sheath of rectus and peritoneum behind the rectus muscle, in a projection of the anterior sheath incision. In this manner, the abdominal wall incisions were located at anterior and posterior sheaths of rectus muscle at least 1/2cm medial to the semilunar line and to the lateral border of rectus. In other words, incision was not made from fascial layers' merging point or by muscle splitting dissection. Therefore, traction forces from enlarging uterus in advancing pregnant abdomen could be minimized. A large edematous, necrotic and dark purple torsion of a right adnexal mass was observed. It was pulled out and was partially dissected from its surface layer following a 2cm incision. The cystic structure was aspirated and right salpingo-ooferectomy was performed. The operation was completed by avoiding the manipulation of the pregnant uterus. Frozen section pathology of the removed specimen was reported as benign (necrotic tissues, teratoma) and final pathology was mucinous cystadenoma. Follow up on the pregnant patient was uneventful a month later.
",EN100668,"<|im_start|>user Extract the entities contained in the text. Extract only entities contained in the text.
Return the result in a json format: [{""entity"":""entity_name""}]. <<Follow up on the pregnant patient was uneventful a month later.>>> <|im_end|><|im_start|>assistant[{""entity"": ""Follow""}, {""entity"": ""uneventful""}, {""entity"": ""the pregnant patient""}, {""entity"": ""a month later""}] <|im_end|>","<|im_start|>user Extract the entities contained in the text. Extract only entities contained in the text.
Return the result in a json format: [{""entity"":""entity_name""}]. <<<We present a case of a 32-year-old woman with a history of gradual enlargement of the anterior neck.>>> <|im_end|><|im_start|>assistant [{""entity"": ""present""}, {""entity"": ""history""}, {""entity"": ""enlargement""}] <|im_end|>
<|im_start|>user Extract the entities contained in the text. Extract only entities contained in the text.
Return the result in a json format: [{""entity"":""entity_name""}]. <<<Patient information: a 9-month-old boy presented to the emergency room with a 3-day history of refusal to bear weight on the right lower extremity and febrile peaks of up to 38.5°C for 24 hours.>>> <|im_end|><|im_start|>assistant [{""entity"": ""presented""}, {""entity"": ""refusal""}, {""entity"": ""bear""}, {""entity"": ""peaks""}] <|im_end|>
<|im_start|>user Extract the entities contained in the text. Extract only entities contained in the text.
Return the result in a json format: [{""entity"":""entity_name""}]. <<Follow up on the pregnant patient was uneventful a month later.>>> <|im_end|><|im_start|>assistant","[{""entity"": ""Follow""}, {""entity"": ""uneventful""}, {""entity"": ""the pregnant patient""}, {""entity"": ""a month later""}] ","[{""entity"": ""follow""}, {""entity"": ""uneventful""}, {""entity"": ""pregnant patient""}, {""entity"": ""a"
A 70yrs old Female was admitted in our institution diagnosed with severe bilateral Osteoarthritis.,"[{'id': '2022', 'offsets': array([23, 31]), 'role': '', 'semantic_type_id': '', 'text': 'admitted', 'type': 'EVENT'}
 {'id': '2037', 'offsets': array([51, 60]), 'role': '', 'semantic_type_id': '', 'text': 'diagnosed', 'type': 'EVENT'}
 {'id': '2052', 'offsets': array([83, 97]), 'role': '', 'semantic_type_id': '', 'text': 'Osteoarthritis', 'type': 'EVENT'}
 {'id': '2457', 'offsets': array([73, 97]), 'role': '', 'semantic_type_id': 'C0029408', 'text': 'bilateral Osteoarthritis', 'type': 'CLINENTITY'}
 {'id': '2547', 'offsets': array([ 0, 18]), 'role': 'PATIENT', 'semantic_type_id': '', 'text': 'A 70yrs old Female', 'type': 'ACTOR'}]","A 70yrs old Female was admitted in our institution diagnosed with severe bilateral Osteoarthritis. The x-rays showed bone on bone Tricompartment OA Knee with Varus Malalignment. She was posted for Single Stage Bilateral Total Knee Replacement and as planned the Left Knee Was Operated first. After exposure, Proximal Tibial, Distal Femoral Cuts and measurement of extension gaps the synovium from the anterior Femur was removed and sizing was done. The AP cut was then proceeded with. We spotted a small Osteochondral Cyst in the Anterior Femur which was curretted to remove the cystic material, which is when we realised that the cyst was large and communicating with the medulary canal. The remaining Femoral preparations was done keeping in mind the risk of iatrogenic fracture and extension Stem was used in the femur. The defect was then packed cancellous bone graft.
",EN106233,"<|im_start|>user Extract the entities contained in the text. Extract only entities contained in the text.
Return the result in a json format: [{""entity"":""entity_name""}]. <<A 70yrs old Female was admitted in our institution diagnosed with severe bilateral Osteoarthritis.>>> <|im_end|><|im_start|>assistant[{""entity"": ""admitted""}, {""entity"": ""diagnosed""}, {""entity"": ""Osteoarthritis""}, {""entity"": ""bilateral Osteoarthritis""}, {""entity"": ""A 70yrs old Female""}] <|im_end|>","<|im_start|>user Extract the entities contained in the text. Extract only entities contained in the text.
Return the result in a json format: [{""entity"":""entity_name""}]. <<<We present a case of a 32-year-old woman with a history of gradual enlargement of the anterior neck.>>> <|im_end|><|im_start|>assistant [{""entity"": ""present""}, {""entity"": ""history""}, {""entity"": ""enlargement""}] <|im_end|>
<|im_start|>user Extract the entities contained in the text. Extract only entities contained in the text.
Return the result in a json format: [{""entity"":""entity_name""}]. <<<Patient information: a 9-month-old boy presented to the emergency room with a 3-day history of refusal to bear weight on the right lower extremity and febrile peaks of up to 38.5°C for 24 hours.>>> <|im_end|><|im_start|>assistant [{""entity"": ""presented""}, {""entity"": ""refusal""}, {""entity"": ""bear""}, {""entity"": ""peaks""}] <|im_end|>
<|im_start|>user Extract the entities contained in the text. Extract only entities contained in the text.
Return the result in a json format: [{""entity"":""entity_name""}]. <<A 70yrs old Female was admitted in our institution diagnosed with severe bilateral Osteoarthritis.>>> <|im_end|><|im_start|>assistant","[{""entity"": ""admitted""}, {""entity"": ""diagnosed""}, {""entity"": ""Osteoarthritis""}, {""entity"": ""bilateral Osteoarthritis""}, {""entity"": ""A 70yrs old Female""}] ","[{""entity"": ""admitted""}, {""entity"": ""diagnosed""}, {""entity"": ""Osteoarthritis""}, {""entity"
The x-rays showed bone on bone Tricompartment OA Knee with Varus Malalignment.,"[{'id': '2067', 'offsets': array([ 4, 10]), 'role': '', 'semantic_type_id': '', 'text': 'x-rays', 'type': 'EVENT'}
 {'id': '2082', 'offsets': array([11, 17]), 'role': '', 'semantic_type_id': '', 'text': 'showed', 'type': 'EVENT'}
 {'id': '2097', 'offsets': array([65, 77]), 'role': '', 'semantic_type_id': '', 'text': 'Malalignment', 'type': 'EVENT'}
 {'id': '2464', 'offsets': array([46, 53]), 'role': '', 'semantic_type_id': 'C0409959', 'text': 'OA Knee', 'type': 'CLINENTITY'}
 {'id': '2471', 'offsets': array([49, 77]), 'role': '', 'semantic_type_id': 'C5195157', 'text': 'Knee with Varus Malalignment', 'type': 'CLINENTITY'}
 {'id': '2499', 'offsets': array([18, 53]), 'role': '', 'semantic_type_id': '', 'text': 'bone on bone Tricompartment OA Knee', 'type': 'BODYPART'}]","A 70yrs old Female was admitted in our institution diagnosed with severe bilateral Osteoarthritis. The x-rays showed bone on bone Tricompartment OA Knee with Varus Malalignment. She was posted for Single Stage Bilateral Total Knee Replacement and as planned the Left Knee Was Operated first. After exposure, Proximal Tibial, Distal Femoral Cuts and measurement of extension gaps the synovium from the anterior Femur was removed and sizing was done. The AP cut was then proceeded with. We spotted a small Osteochondral Cyst in the Anterior Femur which was curretted to remove the cystic material, which is when we realised that the cyst was large and communicating with the medulary canal. The remaining Femoral preparations was done keeping in mind the risk of iatrogenic fracture and extension Stem was used in the femur. The defect was then packed cancellous bone graft.
",EN106233,"<|im_start|>user Extract the entities contained in the text. Extract only entities contained in the text.
Return the result in a json format: [{""entity"":""entity_name""}]. <<The x-rays showed bone on bone Tricompartment OA Knee with Varus Malalignment.>>> <|im_end|><|im_start|>assistant[{""entity"": ""x-rays""}, {""entity"": ""showed""}, {""entity"": ""Malalignment""}, {""entity"": ""OA Knee""}, {""entity"": ""Knee with Varus Malalignment""}, {""entity"": ""bone on bone Tricompartment OA Knee""}] <|im_end|>","<|im_start|>user Extract the entities contained in the text. Extract only entities contained in the text.
Return the result in a json format: [{""entity"":""entity_name""}]. <<<We present a case of a 32-year-old woman with a history of gradual enlargement of the anterior neck.>>> <|im_end|><|im_start|>assistant [{""entity"": ""present""}, {""entity"": ""history""}, {""entity"": ""enlargement""}] <|im_end|>
<|im_start|>user Extract the entities contained in the text. Extract only entities contained in the text.
Return the result in a json format: [{""entity"":""entity_name""}]. <<<Patient information: a 9-month-old boy presented to the emergency room with a 3-day history of refusal to bear weight on the right lower extremity and febrile peaks of up to 38.5°C for 24 hours.>>> <|im_end|><|im_start|>assistant [{""entity"": ""presented""}, {""entity"": ""refusal""}, {""entity"": ""bear""}, {""entity"": ""peaks""}] <|im_end|>
<|im_start|>user Extract the entities contained in the text. Extract only entities contained in the text.
Return the result in a json format: [{""entity"":""entity_name""}]. <<The x-rays showed bone on bone Tricompartment OA Knee with Varus Malalignment.>>> <|im_end|><|im_start|>assistant","[{""entity"": ""x-rays""}, {""entity"": ""showed""}, {""entity"": ""Malalignment""}, {""entity"": ""OA Knee""}, {""entity"": ""Knee with Varus Malalignment""}, {""entity"": ""bone on bone Tricompartment OA Knee""}] ","[{""entity"": ""showed""}, {""entity"": ""OA Knee""}, {""entity"": ""Malalignment""}, {""entity"": ""bone on"
She was posted for Single Stage Bilateral Total Knee Replacement and as planned the Left Knee Was Operated first.,"[{'id': '2112', 'offsets': array([ 8, 14]), 'role': '', 'semantic_type_id': '', 'text': 'posted', 'type': 'EVENT'}
 {'id': '2127', 'offsets': array([53, 64]), 'role': '', 'semantic_type_id': '', 'text': 'Replacement', 'type': 'EVENT'}
 {'id': '2142', 'offsets': array([72, 79]), 'role': '', 'semantic_type_id': '', 'text': 'planned', 'type': 'EVENT'}
 {'id': '2157', 'offsets': array([ 98, 106]), 'role': '', 'semantic_type_id': '', 'text': 'Operated', 'type': 'EVENT'}
 {'id': '2505', 'offsets': array([48, 52]), 'role': '', 'semantic_type_id': '', 'text': 'Knee', 'type': 'BODYPART'}
 {'id': '2511', 'offsets': array([84, 93]), 'role': '', 'semantic_type_id': '', 'text': 'Left Knee', 'type': 'BODYPART'}
 {'id': '2554', 'offsets': array([0, 3]), 'role': 'PATIENT', 'semantic_type_id': '', 'text': 'She', 'type': 'ACTOR'}]","A 70yrs old Female was admitted in our institution diagnosed with severe bilateral Osteoarthritis. The x-rays showed bone on bone Tricompartment OA Knee with Varus Malalignment. She was posted for Single Stage Bilateral Total Knee Replacement and as planned the Left Knee Was Operated first. After exposure, Proximal Tibial, Distal Femoral Cuts and measurement of extension gaps the synovium from the anterior Femur was removed and sizing was done. The AP cut was then proceeded with. We spotted a small Osteochondral Cyst in the Anterior Femur which was curretted to remove the cystic material, which is when we realised that the cyst was large and communicating with the medulary canal. The remaining Femoral preparations was done keeping in mind the risk of iatrogenic fracture and extension Stem was used in the femur. The defect was then packed cancellous bone graft.
",EN106233,"<|im_start|>user Extract the entities contained in the text. Extract only entities contained in the text.
Return the result in a json format: [{""entity"":""entity_name""}]. <<She was posted for Single Stage Bilateral Total Knee Replacement and as planned the Left Knee Was Operated first.>>> <|im_end|><|im_start|>assistant[{""entity"": ""posted""}, {""entity"": ""Replacement""}, {""entity"": ""planned""}, {""entity"": ""Operated""}, {""entity"": ""Knee""}, {""entity"": ""Left Knee""}, {""entity"": ""She""}] <|im_end|>","<|im_start|>user Extract the entities contained in the text. Extract only entities contained in the text.
Return the result in a json format: [{""entity"":""entity_name""}]. <<<We present a case of a 32-year-old woman with a history of gradual enlargement of the anterior neck.>>> <|im_end|><|im_start|>assistant [{""entity"": ""present""}, {""entity"": ""history""}, {""entity"": ""enlargement""}] <|im_end|>
<|im_start|>user Extract the entities contained in the text. Extract only entities contained in the text.
Return the result in a json format: [{""entity"":""entity_name""}]. <<<Patient information: a 9-month-old boy presented to the emergency room with a 3-day history of refusal to bear weight on the right lower extremity and febrile peaks of up to 38.5°C for 24 hours.>>> <|im_end|><|im_start|>assistant [{""entity"": ""presented""}, {""entity"": ""refusal""}, {""entity"": ""bear""}, {""entity"": ""peaks""}] <|im_end|>
<|im_start|>user Extract the entities contained in the text. Extract only entities contained in the text.
Return the result in a json format: [{""entity"":""entity_name""}]. <<She was posted for Single Stage Bilateral Total Knee Replacement and as planned the Left Knee Was Operated first.>>> <|im_end|><|im_start|>assistant","[{""entity"": ""posted""}, {""entity"": ""Replacement""}, {""entity"": ""planned""}, {""entity"": ""Operated""}, {""entity"": ""Knee""}, {""entity"": ""Left Knee""}, {""entity"": ""She""}] ","[{""entity"": ""posted""}, {""entity"": ""replacement""}, {""entity"": ""operated""}, {""entity"": ""planned""}, {"""
The AP cut was then proceeded with.,"[{'id': '2247', 'offsets': array([ 7, 10]), 'role': '', 'semantic_type_id': '', 'text': 'cut', 'type': 'EVENT'}]","A 70yrs old Female was admitted in our institution diagnosed with severe bilateral Osteoarthritis. The x-rays showed bone on bone Tricompartment OA Knee with Varus Malalignment. She was posted for Single Stage Bilateral Total Knee Replacement and as planned the Left Knee Was Operated first. After exposure, Proximal Tibial, Distal Femoral Cuts and measurement of extension gaps the synovium from the anterior Femur was removed and sizing was done. The AP cut was then proceeded with. We spotted a small Osteochondral Cyst in the Anterior Femur which was curretted to remove the cystic material, which is when we realised that the cyst was large and communicating with the medulary canal. The remaining Femoral preparations was done keeping in mind the risk of iatrogenic fracture and extension Stem was used in the femur. The defect was then packed cancellous bone graft.
",EN106233,"<|im_start|>user Extract the entities contained in the text. Extract only entities contained in the text.
Return the result in a json format: [{""entity"":""entity_name""}]. <<The AP cut was then proceeded with.>>> <|im_end|><|im_start|>assistant[{""entity"": ""cut""}] <|im_end|>","<|im_start|>user Extract the entities contained in the text. Extract only entities contained in the text.
Return the result in a json format: [{""entity"":""entity_name""}]. <<<We present a case of a 32-year-old woman with a history of gradual enlargement of the anterior neck.>>> <|im_end|><|im_start|>assistant [{""entity"": ""present""}, {""entity"": ""history""}, {""entity"": ""enlargement""}] <|im_end|>
<|im_start|>user Extract the entities contained in the text. Extract only entities contained in the text.
Return the result in a json format: [{""entity"":""entity_name""}]. <<<Patient information: a 9-month-old boy presented to the emergency room with a 3-day history of refusal to bear weight on the right lower extremity and febrile peaks of up to 38.5°C for 24 hours.>>> <|im_end|><|im_start|>assistant [{""entity"": ""presented""}, {""entity"": ""refusal""}, {""entity"": ""bear""}, {""entity"": ""peaks""}] <|im_end|>
<|im_start|>user Extract the entities contained in the text. Extract only entities contained in the text.
Return the result in a json format: [{""entity"":""entity_name""}]. <<The AP cut was then proceeded with.>>> <|im_end|><|im_start|>assistant","[{""entity"": ""cut""}] ","[{""entity"": ""cut""}, {""entity"": ""proceeded""}] <|im_end|><|im_end|><|im_end|><|im_end|><|im_end|><|im_end|><|im_end|><|im_end|><|im_end|><|im_end|><|im_end|><|im_end|>"
The remaining Femoral preparations was done keeping in mind the risk of iatrogenic fracture and extension Stem was used in the femur.,"[{'id': '2382', 'offsets': array([22, 34]), 'role': '', 'semantic_type_id': '', 'text': 'preparations', 'type': 'EVENT'}
 {'id': '2397', 'offsets': array([83, 91]), 'role': '', 'semantic_type_id': '', 'text': 'fracture', 'type': 'EVENT'}
 {'id': '2412', 'offsets': array([115, 119]), 'role': '', 'semantic_type_id': '', 'text': 'used', 'type': 'EVENT'}
 {'id': '2492', 'offsets': array([83, 91]), 'role': '', 'semantic_type_id': 'C0016658', 'text': 'fracture', 'type': 'CLINENTITY'}
 {'id': '2535', 'offsets': array([123, 132]), 'role': '', 'semantic_type_id': '', 'text': 'the femur', 'type': 'BODYPART'}]","A 70yrs old Female was admitted in our institution diagnosed with severe bilateral Osteoarthritis. The x-rays showed bone on bone Tricompartment OA Knee with Varus Malalignment. She was posted for Single Stage Bilateral Total Knee Replacement and as planned the Left Knee Was Operated first. After exposure, Proximal Tibial, Distal Femoral Cuts and measurement of extension gaps the synovium from the anterior Femur was removed and sizing was done. The AP cut was then proceeded with. We spotted a small Osteochondral Cyst in the Anterior Femur which was curretted to remove the cystic material, which is when we realised that the cyst was large and communicating with the medulary canal. The remaining Femoral preparations was done keeping in mind the risk of iatrogenic fracture and extension Stem was used in the femur. The defect was then packed cancellous bone graft.
",EN106233,"<|im_start|>user Extract the entities contained in the text. Extract only entities contained in the text.
Return the result in a json format: [{""entity"":""entity_name""}]. <<The remaining Femoral preparations was done keeping in mind the risk of iatrogenic fracture and extension Stem was used in the femur.>>> <|im_end|><|im_start|>assistant[{""entity"": ""preparations""}, {""entity"": ""fracture""}, {""entity"": ""used""}, {""entity"": ""fracture""}, {""entity"": ""the femur""}] <|im_end|>","<|im_start|>user Extract the entities contained in the text. Extract only entities contained in the text.
Return the result in a json format: [{""entity"":""entity_name""}]. <<<We present a case of a 32-year-old woman with a history of gradual enlargement of the anterior neck.>>> <|im_end|><|im_start|>assistant [{""entity"": ""present""}, {""entity"": ""history""}, {""entity"": ""enlargement""}] <|im_end|>
<|im_start|>user Extract the entities contained in the text. Extract only entities contained in the text.
Return the result in a json format: [{""entity"":""entity_name""}]. <<<Patient information: a 9-month-old boy presented to the emergency room with a 3-day history of refusal to bear weight on the right lower extremity and febrile peaks of up to 38.5°C for 24 hours.>>> <|im_end|><|im_start|>assistant [{""entity"": ""presented""}, {""entity"": ""refusal""}, {""entity"": ""bear""}, {""entity"": ""peaks""}] <|im_end|>
<|im_start|>user Extract the entities contained in the text. Extract only entities contained in the text.
Return the result in a json format: [{""entity"":""entity_name""}]. <<The remaining Femoral preparations was done keeping in mind the risk of iatrogenic fracture and extension Stem was used in the femur.>>> <|im_end|><|im_start|>assistant","[{""entity"": ""preparations""}, {""entity"": ""fracture""}, {""entity"": ""used""}, {""entity"": ""fracture""}, {""entity"": ""the femur""}] ","[{""entity"": ""preparations""}, {""entity"": ""fracture""}, {""entity"": ""extension""}, {""entity"": ""used"
The defect was then packed cancellous bone graft.,"[{'id': '2427', 'offsets': array([ 4, 10]), 'role': '', 'semantic_type_id': '', 'text': 'defect', 'type': 'EVENT'}
 {'id': '2442', 'offsets': array([20, 26]), 'role': '', 'semantic_type_id': '', 'text': 'packed', 'type': 'EVENT'}
 {'id': '2541', 'offsets': array([38, 42]), 'role': '', 'semantic_type_id': '', 'text': 'bone', 'type': 'BODYPART'}]","A 70yrs old Female was admitted in our institution diagnosed with severe bilateral Osteoarthritis. The x-rays showed bone on bone Tricompartment OA Knee with Varus Malalignment. She was posted for Single Stage Bilateral Total Knee Replacement and as planned the Left Knee Was Operated first. After exposure, Proximal Tibial, Distal Femoral Cuts and measurement of extension gaps the synovium from the anterior Femur was removed and sizing was done. The AP cut was then proceeded with. We spotted a small Osteochondral Cyst in the Anterior Femur which was curretted to remove the cystic material, which is when we realised that the cyst was large and communicating with the medulary canal. The remaining Femoral preparations was done keeping in mind the risk of iatrogenic fracture and extension Stem was used in the femur. The defect was then packed cancellous bone graft.
",EN106233,"<|im_start|>user Extract the entities contained in the text. Extract only entities contained in the text.
Return the result in a json format: [{""entity"":""entity_name""}]. <<The defect was then packed cancellous bone graft.>>> <|im_end|><|im_start|>assistant[{""entity"": ""defect""}, {""entity"": ""packed""}, {""entity"": ""bone""}] <|im_end|>","<|im_start|>user Extract the entities contained in the text. Extract only entities contained in the text.
Return the result in a json format: [{""entity"":""entity_name""}]. <<<We present a case of a 32-year-old woman with a history of gradual enlargement of the anterior neck.>>> <|im_end|><|im_start|>assistant [{""entity"": ""present""}, {""entity"": ""history""}, {""entity"": ""enlargement""}] <|im_end|>
<|im_start|>user Extract the entities contained in the text. Extract only entities contained in the text.
Return the result in a json format: [{""entity"":""entity_name""}]. <<<Patient information: a 9-month-old boy presented to the emergency room with a 3-day history of refusal to bear weight on the right lower extremity and febrile peaks of up to 38.5°C for 24 hours.>>> <|im_end|><|im_start|>assistant [{""entity"": ""presented""}, {""entity"": ""refusal""}, {""entity"": ""bear""}, {""entity"": ""peaks""}] <|im_end|>
<|im_start|>user Extract the entities contained in the text. Extract only entities contained in the text.
Return the result in a json format: [{""entity"":""entity_name""}]. <<The defect was then packed cancellous bone graft.>>> <|im_end|><|im_start|>assistant","[{""entity"": ""defect""}, {""entity"": ""packed""}, {""entity"": ""bone""}] ","[{""entity"": ""defect""}, {""entity"": ""graft""}] <|im_end|><|im_end|><|im_end|><|im_end|><|im_end|><|im_end|><|im_end|><|im_end|><|im_end|><|im_end|><|im_end|>"
Male infant 9.5 month old was examined in the emergency department of our hospital because of an empty scrotum and the ipsilateral testis lying in a high iliac crest position.,"[{'id': '4617', 'offsets': array([30, 38]), 'role': '', 'semantic_type_id': '', 'text': 'examined', 'type': 'EVENT'}
 {'id': '4632', 'offsets': array([138, 143]), 'role': '', 'semantic_type_id': '', 'text': 'lying', 'type': 'EVENT'}
 {'id': '5367', 'offsets': array([ 97, 110]), 'role': '', 'semantic_type_id': 'C1261504', 'text': 'empty scrotum', 'type': 'CLINENTITY'}
 {'id': '5416', 'offsets': array([ 94, 110]), 'role': '', 'semantic_type_id': '', 'text': 'an empty scrotum', 'type': 'BODYPART'}
 {'id': '5422', 'offsets': array([115, 137]), 'role': '', 'semantic_type_id': '', 'text': 'the ipsilateral testis', 'type': 'BODYPART'}
 {'id': '5428', 'offsets': array([154, 165]), 'role': '', 'semantic_type_id': '', 'text': 'iliac crest', 'type': 'BODYPART'}
 {'id': '5590', 'offsets': array([ 0, 25]), 'role': 'PATIENT', 'semantic_type_id': '', 'text': 'Male infant 9.5 month old', 'type': 'ACTOR'}]","Male infant 9.5 month old was examined in the emergency department of our hospital because of an empty scrotum and the ipsilateral testis lying in a high iliac crest position. With the increase in intrabdominal pressure [crying etc.] there was an ever-increasing swelling with spiral course from the groin to ipsilateral iliac crest. On clinical examination, a reducible mass was present in the right ileac crest. The swelling looked like a spigelian hernia [4]. However no abdominal wall defect could be palpated at that area. Moreover the ipsilateral scrotum was empty and the testis could be palpated with difficulty lying in a high inguinal position. Ultrasonography showed a loop of herniated small bowel and an undescended testis on the right. At operation, under general anesthesia, an extended transverse inguinal incision was made. Upon entering the inguinal canal a large hernia sac was identified. This followed a course through the superficial inguinal ring, extended upwards to the anterior abdomninal wall below the subcutaneous plane and was fixed in the area of the right iliac crest. We noticed that the hernia orifice was in a higher than normal position 5 cm from the pubic bone. This bulk was easily reduced back to the abdomen along with an ipsilateral mobile intravaginal testis. After careful isolation of the sac at a length of 3 cm the ipsilateral testis was isolated. The vas and the vessels were intravaginal, the gubernaculum was fixed in an ectopic position and the dorsal inguinal wall was lax. We removed the large sac after separating the vas and vessels and the testis. Moreover we strengthened the dorsal inguinal wall, fixated the testis in a subdartos pouch and closed the wound. Patient stayed for a day in the hospital. No postoperative complications happened. Three years later the boy was operated for left hydrocele. The boy remains in perfect health now five years after the initial operation.
",EN100508,"<|im_start|>user Extract the entities contained in the text. Extract only entities contained in the text.
Return the result in a json format: [{""entity"":""entity_name""}]. <<Male infant 9.5 month old was examined in the emergency department of our hospital because of an empty scrotum and the ipsilateral testis lying in a high iliac crest position.>>> <|im_end|><|im_start|>assistant[{""entity"": ""examined""}, {""entity"": ""lying""}, {""entity"": ""empty scrotum""}, {""entity"": ""an empty scrotum""}, {""entity"": ""the ipsilateral testis""}, {""entity"": ""iliac crest""}, {""entity"": ""Male infant 9.5 month old""}] <|im_end|>","<|im_start|>user Extract the entities contained in the text. Extract only entities contained in the text.
Return the result in a json format: [{""entity"":""entity_name""}]. <<<We present a case of a 32-year-old woman with a history of gradual enlargement of the anterior neck.>>> <|im_end|><|im_start|>assistant [{""entity"": ""present""}, {""entity"": ""history""}, {""entity"": ""enlargement""}] <|im_end|>
<|im_start|>user Extract the entities contained in the text. Extract only entities contained in the text.
Return the result in a json format: [{""entity"":""entity_name""}]. <<<Patient information: a 9-month-old boy presented to the emergency room with a 3-day history of refusal to bear weight on the right lower extremity and febrile peaks of up to 38.5°C for 24 hours.>>> <|im_end|><|im_start|>assistant [{""entity"": ""presented""}, {""entity"": ""refusal""}, {""entity"": ""bear""}, {""entity"": ""peaks""}] <|im_end|>
<|im_start|>user Extract the entities contained in the text. Extract only entities contained in the text.
Return the result in a json format: [{""entity"":""entity_name""}]. <<Male infant 9.5 month old was examined in the emergency department of our hospital because of an empty scrotum and the ipsilateral testis lying in a high iliac crest position.>>> <|im_end|><|im_start|>assistant","[{""entity"": ""examined""}, {""entity"": ""lying""}, {""entity"": ""empty scrotum""}, {""entity"": ""an empty scrotum""}, {""entity"": ""the ipsilateral testis""}, {""entity"": ""iliac crest""}, {""entity"": ""Male infant 9.5 month old""}] ","[{""entity"": ""examined""}, {""entity"": ""scrotum""}, {""entity"": ""lying""}, {""entity"": ""position""},"
With the increase in intrabdominal pressure [crying etc.] there was an ever-increasing swelling with spiral course from the groin to ipsilateral iliac crest.,"[{'id': '4647', 'offsets': array([ 9, 17]), 'role': '', 'semantic_type_id': '', 'text': 'increase', 'type': 'EVENT'}
 {'id': '4662', 'offsets': array([45, 51]), 'role': '', 'semantic_type_id': '', 'text': 'crying', 'type': 'EVENT'}
 {'id': '4677', 'offsets': array([87, 95]), 'role': '', 'semantic_type_id': '', 'text': 'swelling', 'type': 'EVENT'}
 {'id': '5374', 'offsets': array([87, 95]), 'role': '', 'semantic_type_id': 'C0038999', 'text': 'swelling', 'type': 'CLINENTITY'}
 {'id': '5434', 'offsets': array([120, 129]), 'role': '', 'semantic_type_id': '', 'text': 'the groin', 'type': 'BODYPART'}
 {'id': '5440', 'offsets': array([133, 156]), 'role': '', 'semantic_type_id': '', 'text': 'ipsilateral iliac crest', 'type': 'BODYPART'}]","Male infant 9.5 month old was examined in the emergency department of our hospital because of an empty scrotum and the ipsilateral testis lying in a high iliac crest position. With the increase in intrabdominal pressure [crying etc.] there was an ever-increasing swelling with spiral course from the groin to ipsilateral iliac crest. On clinical examination, a reducible mass was present in the right ileac crest. The swelling looked like a spigelian hernia [4]. However no abdominal wall defect could be palpated at that area. Moreover the ipsilateral scrotum was empty and the testis could be palpated with difficulty lying in a high inguinal position. Ultrasonography showed a loop of herniated small bowel and an undescended testis on the right. At operation, under general anesthesia, an extended transverse inguinal incision was made. Upon entering the inguinal canal a large hernia sac was identified. This followed a course through the superficial inguinal ring, extended upwards to the anterior abdomninal wall below the subcutaneous plane and was fixed in the area of the right iliac crest. We noticed that the hernia orifice was in a higher than normal position 5 cm from the pubic bone. This bulk was easily reduced back to the abdomen along with an ipsilateral mobile intravaginal testis. After careful isolation of the sac at a length of 3 cm the ipsilateral testis was isolated. The vas and the vessels were intravaginal, the gubernaculum was fixed in an ectopic position and the dorsal inguinal wall was lax. We removed the large sac after separating the vas and vessels and the testis. Moreover we strengthened the dorsal inguinal wall, fixated the testis in a subdartos pouch and closed the wound. Patient stayed for a day in the hospital. No postoperative complications happened. Three years later the boy was operated for left hydrocele. The boy remains in perfect health now five years after the initial operation.
",EN100508,"<|im_start|>user Extract the entities contained in the text. Extract only entities contained in the text.
Return the result in a json format: [{""entity"":""entity_name""}]. <<With the increase in intrabdominal pressure [crying etc.] there was an ever-increasing swelling with spiral course from the groin to ipsilateral iliac crest.>>> <|im_end|><|im_start|>assistant[{""entity"": ""increase""}, {""entity"": ""crying""}, {""entity"": ""swelling""}, {""entity"": ""swelling""}, {""entity"": ""the groin""}, {""entity"": ""ipsilateral iliac crest""}] <|im_end|>","<|im_start|>user Extract the entities contained in the text. Extract only entities contained in the text.
Return the result in a json format: [{""entity"":""entity_name""}]. <<<We present a case of a 32-year-old woman with a history of gradual enlargement of the anterior neck.>>> <|im_end|><|im_start|>assistant [{""entity"": ""present""}, {""entity"": ""history""}, {""entity"": ""enlargement""}] <|im_end|>
<|im_start|>user Extract the entities contained in the text. Extract only entities contained in the text.
Return the result in a json format: [{""entity"":""entity_name""}]. <<<Patient information: a 9-month-old boy presented to the emergency room with a 3-day history of refusal to bear weight on the right lower extremity and febrile peaks of up to 38.5°C for 24 hours.>>> <|im_end|><|im_start|>assistant [{""entity"": ""presented""}, {""entity"": ""refusal""}, {""entity"": ""bear""}, {""entity"": ""peaks""}] <|im_end|>
<|im_start|>user Extract the entities contained in the text. Extract only entities contained in the text.
Return the result in a json format: [{""entity"":""entity_name""}]. <<With the increase in intrabdominal pressure [crying etc.] there was an ever-increasing swelling with spiral course from the groin to ipsilateral iliac crest.>>> <|im_end|><|im_start|>assistant","[{""entity"": ""increase""}, {""entity"": ""crying""}, {""entity"": ""swelling""}, {""entity"": ""swelling""}, {""entity"": ""the groin""}, {""entity"": ""ipsilateral iliac crest""}] ","[{""entity"": ""pressure""}, {""entity"": ""crying""}, {""entity"": ""swelling""}, {""entity"": ""course""}, {"""
The swelling looked like a spigelian hernia [4].,"[{'id': '4722', 'offsets': array([ 4, 12]), 'role': '', 'semantic_type_id': '', 'text': 'swelling', 'type': 'EVENT'}
 {'id': '4737', 'offsets': array([37, 43]), 'role': '', 'semantic_type_id': '', 'text': 'hernia', 'type': 'EVENT'}
 {'id': '5381', 'offsets': array([ 4, 12]), 'role': '', 'semantic_type_id': 'C0038999', 'text': 'swelling', 'type': 'CLINENTITY'}
 {'id': '5388', 'offsets': array([27, 43]), 'role': '', 'semantic_type_id': 'C0392508', 'text': 'spigelian hernia', 'type': 'CLINENTITY'}]","Male infant 9.5 month old was examined in the emergency department of our hospital because of an empty scrotum and the ipsilateral testis lying in a high iliac crest position. With the increase in intrabdominal pressure [crying etc.] there was an ever-increasing swelling with spiral course from the groin to ipsilateral iliac crest. On clinical examination, a reducible mass was present in the right ileac crest. The swelling looked like a spigelian hernia [4]. However no abdominal wall defect could be palpated at that area. Moreover the ipsilateral scrotum was empty and the testis could be palpated with difficulty lying in a high inguinal position. Ultrasonography showed a loop of herniated small bowel and an undescended testis on the right. At operation, under general anesthesia, an extended transverse inguinal incision was made. Upon entering the inguinal canal a large hernia sac was identified. This followed a course through the superficial inguinal ring, extended upwards to the anterior abdomninal wall below the subcutaneous plane and was fixed in the area of the right iliac crest. We noticed that the hernia orifice was in a higher than normal position 5 cm from the pubic bone. This bulk was easily reduced back to the abdomen along with an ipsilateral mobile intravaginal testis. After careful isolation of the sac at a length of 3 cm the ipsilateral testis was isolated. The vas and the vessels were intravaginal, the gubernaculum was fixed in an ectopic position and the dorsal inguinal wall was lax. We removed the large sac after separating the vas and vessels and the testis. Moreover we strengthened the dorsal inguinal wall, fixated the testis in a subdartos pouch and closed the wound. Patient stayed for a day in the hospital. No postoperative complications happened. Three years later the boy was operated for left hydrocele. The boy remains in perfect health now five years after the initial operation.
",EN100508,"<|im_start|>user Extract the entities contained in the text. Extract only entities contained in the text.
Return the result in a json format: [{""entity"":""entity_name""}]. <<The swelling looked like a spigelian hernia [4].>>> <|im_end|><|im_start|>assistant[{""entity"": ""swelling""}, {""entity"": ""hernia""}, {""entity"": ""swelling""}, {""entity"": ""spigelian hernia""}] <|im_end|>","<|im_start|>user Extract the entities contained in the text. Extract only entities contained in the text.
Return the result in a json format: [{""entity"":""entity_name""}]. <<<We present a case of a 32-year-old woman with a history of gradual enlargement of the anterior neck.>>> <|im_end|><|im_start|>assistant [{""entity"": ""present""}, {""entity"": ""history""}, {""entity"": ""enlargement""}] <|im_end|>
<|im_start|>user Extract the entities contained in the text. Extract only entities contained in the text.
Return the result in a json format: [{""entity"":""entity_name""}]. <<<Patient information: a 9-month-old boy presented to the emergency room with a 3-day history of refusal to bear weight on the right lower extremity and febrile peaks of up to 38.5°C for 24 hours.>>> <|im_end|><|im_start|>assistant [{""entity"": ""presented""}, {""entity"": ""refusal""}, {""entity"": ""bear""}, {""entity"": ""peaks""}] <|im_end|>
<|im_start|>user Extract the entities contained in the text. Extract only entities contained in the text.
Return the result in a json format: [{""entity"":""entity_name""}]. <<The swelling looked like a spigelian hernia [4].>>> <|im_end|><|im_start|>assistant","[{""entity"": ""swelling""}, {""entity"": ""hernia""}, {""entity"": ""swelling""}, {""entity"": ""spigelian hernia""}] ","[{""entity"": ""swelling""}, {""entity"": ""hernia""}, {""entity"": ""spigelian hernia""}, {""entity"
However no abdominal wall defect could be palpated at that area.,"[{'id': '4752', 'offsets': array([26, 32]), 'role': '', 'semantic_type_id': '', 'text': 'defect', 'type': 'EVENT'}
 {'id': '4767', 'offsets': array([42, 50]), 'role': '', 'semantic_type_id': '', 'text': 'palpated', 'type': 'EVENT'}
 {'id': '5452', 'offsets': array([11, 25]), 'role': '', 'semantic_type_id': '', 'text': 'abdominal wall', 'type': 'BODYPART'}]","Male infant 9.5 month old was examined in the emergency department of our hospital because of an empty scrotum and the ipsilateral testis lying in a high iliac crest position. With the increase in intrabdominal pressure [crying etc.] there was an ever-increasing swelling with spiral course from the groin to ipsilateral iliac crest. On clinical examination, a reducible mass was present in the right ileac crest. The swelling looked like a spigelian hernia [4]. However no abdominal wall defect could be palpated at that area. Moreover the ipsilateral scrotum was empty and the testis could be palpated with difficulty lying in a high inguinal position. Ultrasonography showed a loop of herniated small bowel and an undescended testis on the right. At operation, under general anesthesia, an extended transverse inguinal incision was made. Upon entering the inguinal canal a large hernia sac was identified. This followed a course through the superficial inguinal ring, extended upwards to the anterior abdomninal wall below the subcutaneous plane and was fixed in the area of the right iliac crest. We noticed that the hernia orifice was in a higher than normal position 5 cm from the pubic bone. This bulk was easily reduced back to the abdomen along with an ipsilateral mobile intravaginal testis. After careful isolation of the sac at a length of 3 cm the ipsilateral testis was isolated. The vas and the vessels were intravaginal, the gubernaculum was fixed in an ectopic position and the dorsal inguinal wall was lax. We removed the large sac after separating the vas and vessels and the testis. Moreover we strengthened the dorsal inguinal wall, fixated the testis in a subdartos pouch and closed the wound. Patient stayed for a day in the hospital. No postoperative complications happened. Three years later the boy was operated for left hydrocele. The boy remains in perfect health now five years after the initial operation.
",EN100508,"<|im_start|>user Extract the entities contained in the text. Extract only entities contained in the text.
Return the result in a json format: [{""entity"":""entity_name""}]. <<However no abdominal wall defect could be palpated at that area.>>> <|im_end|><|im_start|>assistant[{""entity"": ""defect""}, {""entity"": ""palpated""}, {""entity"": ""abdominal wall""}] <|im_end|>","<|im_start|>user Extract the entities contained in the text. Extract only entities contained in the text.
Return the result in a json format: [{""entity"":""entity_name""}]. <<<We present a case of a 32-year-old woman with a history of gradual enlargement of the anterior neck.>>> <|im_end|><|im_start|>assistant [{""entity"": ""present""}, {""entity"": ""history""}, {""entity"": ""enlargement""}] <|im_end|>
<|im_start|>user Extract the entities contained in the text. Extract only entities contained in the text.
Return the result in a json format: [{""entity"":""entity_name""}]. <<<Patient information: a 9-month-old boy presented to the emergency room with a 3-day history of refusal to bear weight on the right lower extremity and febrile peaks of up to 38.5°C for 24 hours.>>> <|im_end|><|im_start|>assistant [{""entity"": ""presented""}, {""entity"": ""refusal""}, {""entity"": ""bear""}, {""entity"": ""peaks""}] <|im_end|>
<|im_start|>user Extract the entities contained in the text. Extract only entities contained in the text.
Return the result in a json format: [{""entity"":""entity_name""}]. <<However no abdominal wall defect could be palpated at that area.>>> <|im_end|><|im_start|>assistant","[{""entity"": ""defect""}, {""entity"": ""palpated""}, {""entity"": ""abdominal wall""}] ","[{""entity"": ""defect""}, {""entity"": ""palpated""}, {""entity"": ""the right lower extremity""}, {""entity"
Moreover the ipsilateral scrotum was empty and the testis could be palpated with difficulty lying in a high inguinal position.,"[{'id': '4782', 'offsets': array([37, 42]), 'role': '', 'semantic_type_id': '', 'text': 'empty', 'type': 'EVENT'}
 {'id': '4797', 'offsets': array([67, 75]), 'role': '', 'semantic_type_id': '', 'text': 'palpated', 'type': 'EVENT'}
 {'id': '4812', 'offsets': array([92, 97]), 'role': '', 'semantic_type_id': '', 'text': 'lying', 'type': 'EVENT'}
 {'id': '5458', 'offsets': array([ 9, 32]), 'role': '', 'semantic_type_id': '', 'text': 'the ipsilateral scrotum', 'type': 'BODYPART'}
 {'id': '5464', 'offsets': array([47, 57]), 'role': '', 'semantic_type_id': '', 'text': 'the testis', 'type': 'BODYPART'}]","Male infant 9.5 month old was examined in the emergency department of our hospital because of an empty scrotum and the ipsilateral testis lying in a high iliac crest position. With the increase in intrabdominal pressure [crying etc.] there was an ever-increasing swelling with spiral course from the groin to ipsilateral iliac crest. On clinical examination, a reducible mass was present in the right ileac crest. The swelling looked like a spigelian hernia [4]. However no abdominal wall defect could be palpated at that area. Moreover the ipsilateral scrotum was empty and the testis could be palpated with difficulty lying in a high inguinal position. Ultrasonography showed a loop of herniated small bowel and an undescended testis on the right. At operation, under general anesthesia, an extended transverse inguinal incision was made. Upon entering the inguinal canal a large hernia sac was identified. This followed a course through the superficial inguinal ring, extended upwards to the anterior abdomninal wall below the subcutaneous plane and was fixed in the area of the right iliac crest. We noticed that the hernia orifice was in a higher than normal position 5 cm from the pubic bone. This bulk was easily reduced back to the abdomen along with an ipsilateral mobile intravaginal testis. After careful isolation of the sac at a length of 3 cm the ipsilateral testis was isolated. The vas and the vessels were intravaginal, the gubernaculum was fixed in an ectopic position and the dorsal inguinal wall was lax. We removed the large sac after separating the vas and vessels and the testis. Moreover we strengthened the dorsal inguinal wall, fixated the testis in a subdartos pouch and closed the wound. Patient stayed for a day in the hospital. No postoperative complications happened. Three years later the boy was operated for left hydrocele. The boy remains in perfect health now five years after the initial operation.
",EN100508,"<|im_start|>user Extract the entities contained in the text. Extract only entities contained in the text.
Return the result in a json format: [{""entity"":""entity_name""}]. <<Moreover the ipsilateral scrotum was empty and the testis could be palpated with difficulty lying in a high inguinal position.>>> <|im_end|><|im_start|>assistant[{""entity"": ""empty""}, {""entity"": ""palpated""}, {""entity"": ""lying""}, {""entity"": ""the ipsilateral scrotum""}, {""entity"": ""the testis""}] <|im_end|>","<|im_start|>user Extract the entities contained in the text. Extract only entities contained in the text.
Return the result in a json format: [{""entity"":""entity_name""}]. <<<We present a case of a 32-year-old woman with a history of gradual enlargement of the anterior neck.>>> <|im_end|><|im_start|>assistant [{""entity"": ""present""}, {""entity"": ""history""}, {""entity"": ""enlargement""}] <|im_end|>
<|im_start|>user Extract the entities contained in the text. Extract only entities contained in the text.
Return the result in a json format: [{""entity"":""entity_name""}]. <<<Patient information: a 9-month-old boy presented to the emergency room with a 3-day history of refusal to bear weight on the right lower extremity and febrile peaks of up to 38.5°C for 24 hours.>>> <|im_end|><|im_start|>assistant [{""entity"": ""presented""}, {""entity"": ""refusal""}, {""entity"": ""bear""}, {""entity"": ""peaks""}] <|im_end|>
<|im_start|>user Extract the entities contained in the text. Extract only entities contained in the text.
Return the result in a json format: [{""entity"":""entity_name""}]. <<Moreover the ipsilateral scrotum was empty and the testis could be palpated with difficulty lying in a high inguinal position.>>> <|im_end|><|im_start|>assistant","[{""entity"": ""empty""}, {""entity"": ""palpated""}, {""entity"": ""lying""}, {""entity"": ""the ipsilateral scrotum""}, {""entity"": ""the testis""}] ","[{""entity"": ""scrotum""}, {""entity"": ""empty""}, {""entity"": ""testis""}, {""entity"": ""palp"
Ultrasonography showed a loop of herniated small bowel and an undescended testis on the right.,"[{'id': '4827', 'offsets': array([ 0, 15]), 'role': '', 'semantic_type_id': '', 'text': 'Ultrasonography', 'type': 'EVENT'}
 {'id': '4842', 'offsets': array([16, 22]), 'role': '', 'semantic_type_id': '', 'text': 'showed', 'type': 'EVENT'}
 {'id': '4857', 'offsets': array([25, 29]), 'role': '', 'semantic_type_id': '', 'text': 'loop', 'type': 'EVENT'}
 {'id': '5395', 'offsets': array([62, 93]), 'role': '', 'semantic_type_id': 'C2201204', 'text': 'undescended testis on the right', 'type': 'CLINENTITY'}
 {'id': '5470', 'offsets': array([33, 54]), 'role': '', 'semantic_type_id': '', 'text': 'herniated small bowel', 'type': 'BODYPART'}
 {'id': '5476', 'offsets': array([59, 80]), 'role': '', 'semantic_type_id': '', 'text': 'an undescended testis', 'type': 'BODYPART'}]","Male infant 9.5 month old was examined in the emergency department of our hospital because of an empty scrotum and the ipsilateral testis lying in a high iliac crest position. With the increase in intrabdominal pressure [crying etc.] there was an ever-increasing swelling with spiral course from the groin to ipsilateral iliac crest. On clinical examination, a reducible mass was present in the right ileac crest. The swelling looked like a spigelian hernia [4]. However no abdominal wall defect could be palpated at that area. Moreover the ipsilateral scrotum was empty and the testis could be palpated with difficulty lying in a high inguinal position. Ultrasonography showed a loop of herniated small bowel and an undescended testis on the right. At operation, under general anesthesia, an extended transverse inguinal incision was made. Upon entering the inguinal canal a large hernia sac was identified. This followed a course through the superficial inguinal ring, extended upwards to the anterior abdomninal wall below the subcutaneous plane and was fixed in the area of the right iliac crest. We noticed that the hernia orifice was in a higher than normal position 5 cm from the pubic bone. This bulk was easily reduced back to the abdomen along with an ipsilateral mobile intravaginal testis. After careful isolation of the sac at a length of 3 cm the ipsilateral testis was isolated. The vas and the vessels were intravaginal, the gubernaculum was fixed in an ectopic position and the dorsal inguinal wall was lax. We removed the large sac after separating the vas and vessels and the testis. Moreover we strengthened the dorsal inguinal wall, fixated the testis in a subdartos pouch and closed the wound. Patient stayed for a day in the hospital. No postoperative complications happened. Three years later the boy was operated for left hydrocele. The boy remains in perfect health now five years after the initial operation.
",EN100508,"<|im_start|>user Extract the entities contained in the text. Extract only entities contained in the text.
Return the result in a json format: [{""entity"":""entity_name""}]. <<Ultrasonography showed a loop of herniated small bowel and an undescended testis on the right.>>> <|im_end|><|im_start|>assistant[{""entity"": ""Ultrasonography""}, {""entity"": ""showed""}, {""entity"": ""loop""}, {""entity"": ""undescended testis on the right""}, {""entity"": ""herniated small bowel""}, {""entity"": ""an undescended testis""}] <|im_end|>","<|im_start|>user Extract the entities contained in the text. Extract only entities contained in the text.
Return the result in a json format: [{""entity"":""entity_name""}]. <<<We present a case of a 32-year-old woman with a history of gradual enlargement of the anterior neck.>>> <|im_end|><|im_start|>assistant [{""entity"": ""present""}, {""entity"": ""history""}, {""entity"": ""enlargement""}] <|im_end|>
<|im_start|>user Extract the entities contained in the text. Extract only entities contained in the text.
Return the result in a json format: [{""entity"":""entity_name""}]. <<<Patient information: a 9-month-old boy presented to the emergency room with a 3-day history of refusal to bear weight on the right lower extremity and febrile peaks of up to 38.5°C for 24 hours.>>> <|im_end|><|im_start|>assistant [{""entity"": ""presented""}, {""entity"": ""refusal""}, {""entity"": ""bear""}, {""entity"": ""peaks""}] <|im_end|>
<|im_start|>user Extract the entities contained in the text. Extract only entities contained in the text.
Return the result in a json format: [{""entity"":""entity_name""}]. <<Ultrasonography showed a loop of herniated small bowel and an undescended testis on the right.>>> <|im_end|><|im_start|>assistant","[{""entity"": ""Ultrasonography""}, {""entity"": ""showed""}, {""entity"": ""loop""}, {""entity"": ""undescended testis on the right""}, {""entity"": ""herniated small bowel""}, {""entity"": ""an undescended testis""}] ","[{""entity"": ""showed""}, {""entity"": ""herniated small bowel""}, {""entity"": ""undescended testis""},"
"At operation, under general anesthesia, an extended transverse inguinal incision was made.","[{'id': '4872', 'offsets': array([ 3, 12]), 'role': '', 'semantic_type_id': '', 'text': 'operation', 'type': 'EVENT'}
 {'id': '4887', 'offsets': array([28, 38]), 'role': '', 'semantic_type_id': '', 'text': 'anesthesia', 'type': 'EVENT'}
 {'id': '4902', 'offsets': array([72, 80]), 'role': '', 'semantic_type_id': '', 'text': 'incision', 'type': 'EVENT'}]","Male infant 9.5 month old was examined in the emergency department of our hospital because of an empty scrotum and the ipsilateral testis lying in a high iliac crest position. With the increase in intrabdominal pressure [crying etc.] there was an ever-increasing swelling with spiral course from the groin to ipsilateral iliac crest. On clinical examination, a reducible mass was present in the right ileac crest. The swelling looked like a spigelian hernia [4]. However no abdominal wall defect could be palpated at that area. Moreover the ipsilateral scrotum was empty and the testis could be palpated with difficulty lying in a high inguinal position. Ultrasonography showed a loop of herniated small bowel and an undescended testis on the right. At operation, under general anesthesia, an extended transverse inguinal incision was made. Upon entering the inguinal canal a large hernia sac was identified. This followed a course through the superficial inguinal ring, extended upwards to the anterior abdomninal wall below the subcutaneous plane and was fixed in the area of the right iliac crest. We noticed that the hernia orifice was in a higher than normal position 5 cm from the pubic bone. This bulk was easily reduced back to the abdomen along with an ipsilateral mobile intravaginal testis. After careful isolation of the sac at a length of 3 cm the ipsilateral testis was isolated. The vas and the vessels were intravaginal, the gubernaculum was fixed in an ectopic position and the dorsal inguinal wall was lax. We removed the large sac after separating the vas and vessels and the testis. Moreover we strengthened the dorsal inguinal wall, fixated the testis in a subdartos pouch and closed the wound. Patient stayed for a day in the hospital. No postoperative complications happened. Three years later the boy was operated for left hydrocele. The boy remains in perfect health now five years after the initial operation.
",EN100508,"<|im_start|>user Extract the entities contained in the text. Extract only entities contained in the text.
Return the result in a json format: [{""entity"":""entity_name""}]. <<At operation, under general anesthesia, an extended transverse inguinal incision was made.>>> <|im_end|><|im_start|>assistant[{""entity"": ""operation""}, {""entity"": ""anesthesia""}, {""entity"": ""incision""}] <|im_end|>","<|im_start|>user Extract the entities contained in the text. Extract only entities contained in the text.
Return the result in a json format: [{""entity"":""entity_name""}]. <<<We present a case of a 32-year-old woman with a history of gradual enlargement of the anterior neck.>>> <|im_end|><|im_start|>assistant [{""entity"": ""present""}, {""entity"": ""history""}, {""entity"": ""enlargement""}] <|im_end|>
<|im_start|>user Extract the entities contained in the text. Extract only entities contained in the text.
Return the result in a json format: [{""entity"":""entity_name""}]. <<<Patient information: a 9-month-old boy presented to the emergency room with a 3-day history of refusal to bear weight on the right lower extremity and febrile peaks of up to 38.5°C for 24 hours.>>> <|im_end|><|im_start|>assistant [{""entity"": ""presented""}, {""entity"": ""refusal""}, {""entity"": ""bear""}, {""entity"": ""peaks""}] <|im_end|>
<|im_start|>user Extract the entities contained in the text. Extract only entities contained in the text.
Return the result in a json format: [{""entity"":""entity_name""}]. <<At operation, under general anesthesia, an extended transverse inguinal incision was made.>>> <|im_end|><|im_start|>assistant","[{""entity"": ""operation""}, {""entity"": ""anesthesia""}, {""entity"": ""incision""}] ","[{""entity"": ""operation""}, {""entity"": ""anesthesia""}, {""entity"": ""incision""}] <|im_end|><|im_end|><|im_end|><|im_end|><|im_end|>"
Upon entering the inguinal canal a large hernia sac was identified.,"[{'id': '4917', 'offsets': array([ 5, 13]), 'role': '', 'semantic_type_id': '', 'text': 'entering', 'type': 'EVENT'}
 {'id': '4932', 'offsets': array([48, 51]), 'role': '', 'semantic_type_id': '', 'text': 'sac', 'type': 'EVENT'}
 {'id': '4947', 'offsets': array([56, 66]), 'role': '', 'semantic_type_id': '', 'text': 'identified', 'type': 'EVENT'}
 {'id': '5402', 'offsets': array([41, 51]), 'role': '', 'semantic_type_id': '', 'text': 'hernia sac', 'type': 'CLINENTITY'}
 {'id': '5482', 'offsets': array([14, 32]), 'role': '', 'semantic_type_id': '', 'text': 'the inguinal canal', 'type': 'BODYPART'}]","Male infant 9.5 month old was examined in the emergency department of our hospital because of an empty scrotum and the ipsilateral testis lying in a high iliac crest position. With the increase in intrabdominal pressure [crying etc.] there was an ever-increasing swelling with spiral course from the groin to ipsilateral iliac crest. On clinical examination, a reducible mass was present in the right ileac crest. The swelling looked like a spigelian hernia [4]. However no abdominal wall defect could be palpated at that area. Moreover the ipsilateral scrotum was empty and the testis could be palpated with difficulty lying in a high inguinal position. Ultrasonography showed a loop of herniated small bowel and an undescended testis on the right. At operation, under general anesthesia, an extended transverse inguinal incision was made. Upon entering the inguinal canal a large hernia sac was identified. This followed a course through the superficial inguinal ring, extended upwards to the anterior abdomninal wall below the subcutaneous plane and was fixed in the area of the right iliac crest. We noticed that the hernia orifice was in a higher than normal position 5 cm from the pubic bone. This bulk was easily reduced back to the abdomen along with an ipsilateral mobile intravaginal testis. After careful isolation of the sac at a length of 3 cm the ipsilateral testis was isolated. The vas and the vessels were intravaginal, the gubernaculum was fixed in an ectopic position and the dorsal inguinal wall was lax. We removed the large sac after separating the vas and vessels and the testis. Moreover we strengthened the dorsal inguinal wall, fixated the testis in a subdartos pouch and closed the wound. Patient stayed for a day in the hospital. No postoperative complications happened. Three years later the boy was operated for left hydrocele. The boy remains in perfect health now five years after the initial operation.
",EN100508,"<|im_start|>user Extract the entities contained in the text. Extract only entities contained in the text.
Return the result in a json format: [{""entity"":""entity_name""}]. <<Upon entering the inguinal canal a large hernia sac was identified.>>> <|im_end|><|im_start|>assistant[{""entity"": ""entering""}, {""entity"": ""sac""}, {""entity"": ""identified""}, {""entity"": ""hernia sac""}, {""entity"": ""the inguinal canal""}] <|im_end|>","<|im_start|>user Extract the entities contained in the text. Extract only entities contained in the text.
Return the result in a json format: [{""entity"":""entity_name""}]. <<<We present a case of a 32-year-old woman with a history of gradual enlargement of the anterior neck.>>> <|im_end|><|im_start|>assistant [{""entity"": ""present""}, {""entity"": ""history""}, {""entity"": ""enlargement""}] <|im_end|>
<|im_start|>user Extract the entities contained in the text. Extract only entities contained in the text.
Return the result in a json format: [{""entity"":""entity_name""}]. <<<Patient information: a 9-month-old boy presented to the emergency room with a 3-day history of refusal to bear weight on the right lower extremity and febrile peaks of up to 38.5°C for 24 hours.>>> <|im_end|><|im_start|>assistant [{""entity"": ""presented""}, {""entity"": ""refusal""}, {""entity"": ""bear""}, {""entity"": ""peaks""}] <|im_end|>
<|im_start|>user Extract the entities contained in the text. Extract only entities contained in the text.
Return the result in a json format: [{""entity"":""entity_name""}]. <<Upon entering the inguinal canal a large hernia sac was identified.>>> <|im_end|><|im_start|>assistant","[{""entity"": ""entering""}, {""entity"": ""sac""}, {""entity"": ""identified""}, {""entity"": ""hernia sac""}, {""entity"": ""the inguinal canal""}] ","[{""entity"": ""entering""}, {""entity"": ""identified""}, {""entity"": ""hernia sac""}, {""entity"": ""the"
"This followed a course through the superficial inguinal ring, extended upwards to the anterior abdomninal wall below the subcutaneous plane and was fixed in the area of the right iliac crest.","[{'id': '4962', 'offsets': array([ 5, 13]), 'role': '', 'semantic_type_id': '', 'text': 'followed', 'type': 'EVENT'}
 {'id': '4977', 'offsets': array([62, 70]), 'role': '', 'semantic_type_id': '', 'text': 'extended', 'type': 'EVENT'}
 {'id': '4992', 'offsets': array([148, 153]), 'role': '', 'semantic_type_id': '', 'text': 'fixed', 'type': 'EVENT'}
 {'id': '5488', 'offsets': array([31, 60]), 'role': '', 'semantic_type_id': '', 'text': 'the superficial inguinal ring', 'type': 'BODYPART'}
 {'id': '5494', 'offsets': array([ 82, 110]), 'role': '', 'semantic_type_id': '', 'text': 'the anterior abdomninal wall', 'type': 'BODYPART'}
 {'id': '5500', 'offsets': array([117, 139]), 'role': '', 'semantic_type_id': '', 'text': 'the subcutaneous plane', 'type': 'BODYPART'}
 {'id': '5506', 'offsets': array([169, 190]), 'role': '', 'semantic_type_id': '', 'text': 'the right iliac crest', 'type': 'BODYPART'}]","Male infant 9.5 month old was examined in the emergency department of our hospital because of an empty scrotum and the ipsilateral testis lying in a high iliac crest position. With the increase in intrabdominal pressure [crying etc.] there was an ever-increasing swelling with spiral course from the groin to ipsilateral iliac crest. On clinical examination, a reducible mass was present in the right ileac crest. The swelling looked like a spigelian hernia [4]. However no abdominal wall defect could be palpated at that area. Moreover the ipsilateral scrotum was empty and the testis could be palpated with difficulty lying in a high inguinal position. Ultrasonography showed a loop of herniated small bowel and an undescended testis on the right. At operation, under general anesthesia, an extended transverse inguinal incision was made. Upon entering the inguinal canal a large hernia sac was identified. This followed a course through the superficial inguinal ring, extended upwards to the anterior abdomninal wall below the subcutaneous plane and was fixed in the area of the right iliac crest. We noticed that the hernia orifice was in a higher than normal position 5 cm from the pubic bone. This bulk was easily reduced back to the abdomen along with an ipsilateral mobile intravaginal testis. After careful isolation of the sac at a length of 3 cm the ipsilateral testis was isolated. The vas and the vessels were intravaginal, the gubernaculum was fixed in an ectopic position and the dorsal inguinal wall was lax. We removed the large sac after separating the vas and vessels and the testis. Moreover we strengthened the dorsal inguinal wall, fixated the testis in a subdartos pouch and closed the wound. Patient stayed for a day in the hospital. No postoperative complications happened. Three years later the boy was operated for left hydrocele. The boy remains in perfect health now five years after the initial operation.
",EN100508,"<|im_start|>user Extract the entities contained in the text. Extract only entities contained in the text.
Return the result in a json format: [{""entity"":""entity_name""}]. <<This followed a course through the superficial inguinal ring, extended upwards to the anterior abdomninal wall below the subcutaneous plane and was fixed in the area of the right iliac crest.>>> <|im_end|><|im_start|>assistant[{""entity"": ""followed""}, {""entity"": ""extended""}, {""entity"": ""fixed""}, {""entity"": ""the superficial inguinal ring""}, {""entity"": ""the anterior abdomninal wall""}, {""entity"": ""the subcutaneous plane""}, {""entity"": ""the right iliac crest""}] <|im_end|>","<|im_start|>user Extract the entities contained in the text. Extract only entities contained in the text.
Return the result in a json format: [{""entity"":""entity_name""}]. <<<We present a case of a 32-year-old woman with a history of gradual enlargement of the anterior neck.>>> <|im_end|><|im_start|>assistant [{""entity"": ""present""}, {""entity"": ""history""}, {""entity"": ""enlargement""}] <|im_end|>
<|im_start|>user Extract the entities contained in the text. Extract only entities contained in the text.
Return the result in a json format: [{""entity"":""entity_name""}]. <<<Patient information: a 9-month-old boy presented to the emergency room with a 3-day history of refusal to bear weight on the right lower extremity and febrile peaks of up to 38.5°C for 24 hours.>>> <|im_end|><|im_start|>assistant [{""entity"": ""presented""}, {""entity"": ""refusal""}, {""entity"": ""bear""}, {""entity"": ""peaks""}] <|im_end|>
<|im_start|>user Extract the entities contained in the text. Extract only entities contained in the text.
Return the result in a json format: [{""entity"":""entity_name""}]. <<This followed a course through the superficial inguinal ring, extended upwards to the anterior abdomninal wall below the subcutaneous plane and was fixed in the area of the right iliac crest.>>> <|im_end|><|im_start|>assistant","[{""entity"": ""followed""}, {""entity"": ""extended""}, {""entity"": ""fixed""}, {""entity"": ""the superficial inguinal ring""}, {""entity"": ""the anterior abdomninal wall""}, {""entity"": ""the subcutaneous plane""}, {""entity"": ""the right iliac crest""}] ","[{""entity"": ""course""}, {""entity"": ""extended""}, {""entity"": ""fixed""}, {""entity"": ""the superficial inguinal"
We noticed that the hernia orifice was in a higher than normal position 5 cm from the pubic bone.,"[{'id': '5007', 'offsets': array([ 3, 10]), 'role': '', 'semantic_type_id': '', 'text': 'noticed', 'type': 'EVENT'}
 {'id': '5022', 'offsets': array([20, 26]), 'role': '', 'semantic_type_id': '', 'text': 'hernia', 'type': 'EVENT'}
 {'id': '5037', 'offsets': array([63, 71]), 'role': '', 'semantic_type_id': '', 'text': 'position', 'type': 'EVENT'}
 {'id': '5512', 'offsets': array([82, 96]), 'role': '', 'semantic_type_id': '', 'text': 'the pubic bone', 'type': 'BODYPART'}
 {'id': '5597', 'offsets': array([0, 2]), 'role': 'H-PROFESSIONAL', 'semantic_type_id': '', 'text': 'We', 'type': 'ACTOR'}]","Male infant 9.5 month old was examined in the emergency department of our hospital because of an empty scrotum and the ipsilateral testis lying in a high iliac crest position. With the increase in intrabdominal pressure [crying etc.] there was an ever-increasing swelling with spiral course from the groin to ipsilateral iliac crest. On clinical examination, a reducible mass was present in the right ileac crest. The swelling looked like a spigelian hernia [4]. However no abdominal wall defect could be palpated at that area. Moreover the ipsilateral scrotum was empty and the testis could be palpated with difficulty lying in a high inguinal position. Ultrasonography showed a loop of herniated small bowel and an undescended testis on the right. At operation, under general anesthesia, an extended transverse inguinal incision was made. Upon entering the inguinal canal a large hernia sac was identified. This followed a course through the superficial inguinal ring, extended upwards to the anterior abdomninal wall below the subcutaneous plane and was fixed in the area of the right iliac crest. We noticed that the hernia orifice was in a higher than normal position 5 cm from the pubic bone. This bulk was easily reduced back to the abdomen along with an ipsilateral mobile intravaginal testis. After careful isolation of the sac at a length of 3 cm the ipsilateral testis was isolated. The vas and the vessels were intravaginal, the gubernaculum was fixed in an ectopic position and the dorsal inguinal wall was lax. We removed the large sac after separating the vas and vessels and the testis. Moreover we strengthened the dorsal inguinal wall, fixated the testis in a subdartos pouch and closed the wound. Patient stayed for a day in the hospital. No postoperative complications happened. Three years later the boy was operated for left hydrocele. The boy remains in perfect health now five years after the initial operation.
",EN100508,"<|im_start|>user Extract the entities contained in the text. Extract only entities contained in the text.
Return the result in a json format: [{""entity"":""entity_name""}]. <<We noticed that the hernia orifice was in a higher than normal position 5 cm from the pubic bone.>>> <|im_end|><|im_start|>assistant[{""entity"": ""noticed""}, {""entity"": ""hernia""}, {""entity"": ""position""}, {""entity"": ""the pubic bone""}, {""entity"": ""We""}] <|im_end|>","<|im_start|>user Extract the entities contained in the text. Extract only entities contained in the text.
Return the result in a json format: [{""entity"":""entity_name""}]. <<<We present a case of a 32-year-old woman with a history of gradual enlargement of the anterior neck.>>> <|im_end|><|im_start|>assistant [{""entity"": ""present""}, {""entity"": ""history""}, {""entity"": ""enlargement""}] <|im_end|>
<|im_start|>user Extract the entities contained in the text. Extract only entities contained in the text.
Return the result in a json format: [{""entity"":""entity_name""}]. <<<Patient information: a 9-month-old boy presented to the emergency room with a 3-day history of refusal to bear weight on the right lower extremity and febrile peaks of up to 38.5°C for 24 hours.>>> <|im_end|><|im_start|>assistant [{""entity"": ""presented""}, {""entity"": ""refusal""}, {""entity"": ""bear""}, {""entity"": ""peaks""}] <|im_end|>
<|im_start|>user Extract the entities contained in the text. Extract only entities contained in the text.
Return the result in a json format: [{""entity"":""entity_name""}]. <<We noticed that the hernia orifice was in a higher than normal position 5 cm from the pubic bone.>>> <|im_end|><|im_start|>assistant","[{""entity"": ""noticed""}, {""entity"": ""hernia""}, {""entity"": ""position""}, {""entity"": ""the pubic bone""}, {""entity"": ""We""}] ","[{""entity"": ""noticed""}, {""entity"": ""hernia""}, {""entity"": ""orifice""}, {""entity"": ""position""},"
This bulk was easily reduced back to the abdomen along with an ipsilateral mobile intravaginal testis.,"[{'id': '5052', 'offsets': array([5, 9]), 'role': '', 'semantic_type_id': '', 'text': 'bulk', 'type': 'EVENT'}
 {'id': '5067', 'offsets': array([21, 28]), 'role': '', 'semantic_type_id': '', 'text': 'reduced', 'type': 'EVENT'}
 {'id': '5518', 'offsets': array([37, 48]), 'role': '', 'semantic_type_id': '', 'text': 'the abdomen', 'type': 'BODYPART'}
 {'id': '5524', 'offsets': array([ 60, 101]), 'role': '', 'semantic_type_id': '', 'text': 'an ipsilateral mobile intravaginal testis', 'type': 'BODYPART'}]","Male infant 9.5 month old was examined in the emergency department of our hospital because of an empty scrotum and the ipsilateral testis lying in a high iliac crest position. With the increase in intrabdominal pressure [crying etc.] there was an ever-increasing swelling with spiral course from the groin to ipsilateral iliac crest. On clinical examination, a reducible mass was present in the right ileac crest. The swelling looked like a spigelian hernia [4]. However no abdominal wall defect could be palpated at that area. Moreover the ipsilateral scrotum was empty and the testis could be palpated with difficulty lying in a high inguinal position. Ultrasonography showed a loop of herniated small bowel and an undescended testis on the right. At operation, under general anesthesia, an extended transverse inguinal incision was made. Upon entering the inguinal canal a large hernia sac was identified. This followed a course through the superficial inguinal ring, extended upwards to the anterior abdomninal wall below the subcutaneous plane and was fixed in the area of the right iliac crest. We noticed that the hernia orifice was in a higher than normal position 5 cm from the pubic bone. This bulk was easily reduced back to the abdomen along with an ipsilateral mobile intravaginal testis. After careful isolation of the sac at a length of 3 cm the ipsilateral testis was isolated. The vas and the vessels were intravaginal, the gubernaculum was fixed in an ectopic position and the dorsal inguinal wall was lax. We removed the large sac after separating the vas and vessels and the testis. Moreover we strengthened the dorsal inguinal wall, fixated the testis in a subdartos pouch and closed the wound. Patient stayed for a day in the hospital. No postoperative complications happened. Three years later the boy was operated for left hydrocele. The boy remains in perfect health now five years after the initial operation.
",EN100508,"<|im_start|>user Extract the entities contained in the text. Extract only entities contained in the text.
Return the result in a json format: [{""entity"":""entity_name""}]. <<This bulk was easily reduced back to the abdomen along with an ipsilateral mobile intravaginal testis.>>> <|im_end|><|im_start|>assistant[{""entity"": ""bulk""}, {""entity"": ""reduced""}, {""entity"": ""the abdomen""}, {""entity"": ""an ipsilateral mobile intravaginal testis""}] <|im_end|>","<|im_start|>user Extract the entities contained in the text. Extract only entities contained in the text.
Return the result in a json format: [{""entity"":""entity_name""}]. <<<We present a case of a 32-year-old woman with a history of gradual enlargement of the anterior neck.>>> <|im_end|><|im_start|>assistant [{""entity"": ""present""}, {""entity"": ""history""}, {""entity"": ""enlargement""}] <|im_end|>
<|im_start|>user Extract the entities contained in the text. Extract only entities contained in the text.
Return the result in a json format: [{""entity"":""entity_name""}]. <<<Patient information: a 9-month-old boy presented to the emergency room with a 3-day history of refusal to bear weight on the right lower extremity and febrile peaks of up to 38.5°C for 24 hours.>>> <|im_end|><|im_start|>assistant [{""entity"": ""presented""}, {""entity"": ""refusal""}, {""entity"": ""bear""}, {""entity"": ""peaks""}] <|im_end|>
<|im_start|>user Extract the entities contained in the text. Extract only entities contained in the text.
Return the result in a json format: [{""entity"":""entity_name""}]. <<This bulk was easily reduced back to the abdomen along with an ipsilateral mobile intravaginal testis.>>> <|im_end|><|im_start|>assistant","[{""entity"": ""bulk""}, {""entity"": ""reduced""}, {""entity"": ""the abdomen""}, {""entity"": ""an ipsilateral mobile intravaginal testis""}] ","[{""entity"": ""reduced""}, {""entity"": ""abdomen""}, {""entity"": ""testis""}, {""entity"": ""the"
"The vas and the vessels were intravaginal, the gubernaculum was fixed in an ectopic position and the dorsal inguinal wall was lax.","[{'id': '5112', 'offsets': array([29, 41]), 'role': '', 'semantic_type_id': '', 'text': 'intravaginal', 'type': 'EVENT'}
 {'id': '5127', 'offsets': array([64, 69]), 'role': '', 'semantic_type_id': '', 'text': 'fixed', 'type': 'EVENT'}
 {'id': '5142', 'offsets': array([84, 92]), 'role': '', 'semantic_type_id': '', 'text': 'position', 'type': 'EVENT'}
 {'id': '5157', 'offsets': array([126, 129]), 'role': '', 'semantic_type_id': '', 'text': 'lax', 'type': 'EVENT'}
 {'id': '5536', 'offsets': array([0, 7]), 'role': '', 'semantic_type_id': '', 'text': 'The vas', 'type': 'BODYPART'}
 {'id': '5542', 'offsets': array([12, 23]), 'role': '', 'semantic_type_id': '', 'text': 'the vessels', 'type': 'BODYPART'}
 {'id': '5548', 'offsets': array([43, 59]), 'role': '', 'semantic_type_id': '', 'text': 'the gubernaculum', 'type': 'BODYPART'}
 {'id': '5554', 'offsets': array([ 97, 121]), 'role': '', 'semantic_type_id': '', 'text': 'the dorsal inguinal wall', 'type': 'BODYPART'}]","Male infant 9.5 month old was examined in the emergency department of our hospital because of an empty scrotum and the ipsilateral testis lying in a high iliac crest position. With the increase in intrabdominal pressure [crying etc.] there was an ever-increasing swelling with spiral course from the groin to ipsilateral iliac crest. On clinical examination, a reducible mass was present in the right ileac crest. The swelling looked like a spigelian hernia [4]. However no abdominal wall defect could be palpated at that area. Moreover the ipsilateral scrotum was empty and the testis could be palpated with difficulty lying in a high inguinal position. Ultrasonography showed a loop of herniated small bowel and an undescended testis on the right. At operation, under general anesthesia, an extended transverse inguinal incision was made. Upon entering the inguinal canal a large hernia sac was identified. This followed a course through the superficial inguinal ring, extended upwards to the anterior abdomninal wall below the subcutaneous plane and was fixed in the area of the right iliac crest. We noticed that the hernia orifice was in a higher than normal position 5 cm from the pubic bone. This bulk was easily reduced back to the abdomen along with an ipsilateral mobile intravaginal testis. After careful isolation of the sac at a length of 3 cm the ipsilateral testis was isolated. The vas and the vessels were intravaginal, the gubernaculum was fixed in an ectopic position and the dorsal inguinal wall was lax. We removed the large sac after separating the vas and vessels and the testis. Moreover we strengthened the dorsal inguinal wall, fixated the testis in a subdartos pouch and closed the wound. Patient stayed for a day in the hospital. No postoperative complications happened. Three years later the boy was operated for left hydrocele. The boy remains in perfect health now five years after the initial operation.
",EN100508,"<|im_start|>user Extract the entities contained in the text. Extract only entities contained in the text.
Return the result in a json format: [{""entity"":""entity_name""}]. <<The vas and the vessels were intravaginal, the gubernaculum was fixed in an ectopic position and the dorsal inguinal wall was lax.>>> <|im_end|><|im_start|>assistant[{""entity"": ""intravaginal""}, {""entity"": ""fixed""}, {""entity"": ""position""}, {""entity"": ""lax""}, {""entity"": ""The vas""}, {""entity"": ""the vessels""}, {""entity"": ""the gubernaculum""}, {""entity"": ""the dorsal inguinal wall""}] <|im_end|>","<|im_start|>user Extract the entities contained in the text. Extract only entities contained in the text.
Return the result in a json format: [{""entity"":""entity_name""}]. <<<We present a case of a 32-year-old woman with a history of gradual enlargement of the anterior neck.>>> <|im_end|><|im_start|>assistant [{""entity"": ""present""}, {""entity"": ""history""}, {""entity"": ""enlargement""}] <|im_end|>
<|im_start|>user Extract the entities contained in the text. Extract only entities contained in the text.
Return the result in a json format: [{""entity"":""entity_name""}]. <<<Patient information: a 9-month-old boy presented to the emergency room with a 3-day history of refusal to bear weight on the right lower extremity and febrile peaks of up to 38.5°C for 24 hours.>>> <|im_end|><|im_start|>assistant [{""entity"": ""presented""}, {""entity"": ""refusal""}, {""entity"": ""bear""}, {""entity"": ""peaks""}] <|im_end|>
<|im_start|>user Extract the entities contained in the text. Extract only entities contained in the text.
Return the result in a json format: [{""entity"":""entity_name""}]. <<The vas and the vessels were intravaginal, the gubernaculum was fixed in an ectopic position and the dorsal inguinal wall was lax.>>> <|im_end|><|im_start|>assistant","[{""entity"": ""intravaginal""}, {""entity"": ""fixed""}, {""entity"": ""position""}, {""entity"": ""lax""}, {""entity"": ""The vas""}, {""entity"": ""the vessels""}, {""entity"": ""the gubernaculum""}, {""entity"": ""the dorsal inguinal wall""}] ","[{""entity"": ""The vas""}, {""entity"": ""the vessels""}, {""entity"": ""gubernaculum""}, {""entity"": """
We removed the large sac after separating the vas and vessels and the testis.,"[{'id': '5172', 'offsets': array([ 3, 10]), 'role': '', 'semantic_type_id': '', 'text': 'removed', 'type': 'EVENT'}
 {'id': '5187', 'offsets': array([21, 24]), 'role': '', 'semantic_type_id': '', 'text': 'sac', 'type': 'EVENT'}
 {'id': '5202', 'offsets': array([31, 41]), 'role': '', 'semantic_type_id': '', 'text': 'separating', 'type': 'EVENT'}
 {'id': '5560', 'offsets': array([42, 49]), 'role': '', 'semantic_type_id': '', 'text': 'the vas', 'type': 'BODYPART'}
 {'id': '5566', 'offsets': array([54, 61]), 'role': '', 'semantic_type_id': '', 'text': 'vessels', 'type': 'BODYPART'}
 {'id': '5572', 'offsets': array([66, 76]), 'role': '', 'semantic_type_id': '', 'text': 'the testis', 'type': 'BODYPART'}
 {'id': '5604', 'offsets': array([0, 2]), 'role': 'H-PROFESSIONAL', 'semantic_type_id': '', 'text': 'We', 'type': 'ACTOR'}]","Male infant 9.5 month old was examined in the emergency department of our hospital because of an empty scrotum and the ipsilateral testis lying in a high iliac crest position. With the increase in intrabdominal pressure [crying etc.] there was an ever-increasing swelling with spiral course from the groin to ipsilateral iliac crest. On clinical examination, a reducible mass was present in the right ileac crest. The swelling looked like a spigelian hernia [4]. However no abdominal wall defect could be palpated at that area. Moreover the ipsilateral scrotum was empty and the testis could be palpated with difficulty lying in a high inguinal position. Ultrasonography showed a loop of herniated small bowel and an undescended testis on the right. At operation, under general anesthesia, an extended transverse inguinal incision was made. Upon entering the inguinal canal a large hernia sac was identified. This followed a course through the superficial inguinal ring, extended upwards to the anterior abdomninal wall below the subcutaneous plane and was fixed in the area of the right iliac crest. We noticed that the hernia orifice was in a higher than normal position 5 cm from the pubic bone. This bulk was easily reduced back to the abdomen along with an ipsilateral mobile intravaginal testis. After careful isolation of the sac at a length of 3 cm the ipsilateral testis was isolated. The vas and the vessels were intravaginal, the gubernaculum was fixed in an ectopic position and the dorsal inguinal wall was lax. We removed the large sac after separating the vas and vessels and the testis. Moreover we strengthened the dorsal inguinal wall, fixated the testis in a subdartos pouch and closed the wound. Patient stayed for a day in the hospital. No postoperative complications happened. Three years later the boy was operated for left hydrocele. The boy remains in perfect health now five years after the initial operation.
",EN100508,"<|im_start|>user Extract the entities contained in the text. Extract only entities contained in the text.
Return the result in a json format: [{""entity"":""entity_name""}]. <<We removed the large sac after separating the vas and vessels and the testis.>>> <|im_end|><|im_start|>assistant[{""entity"": ""removed""}, {""entity"": ""sac""}, {""entity"": ""separating""}, {""entity"": ""the vas""}, {""entity"": ""vessels""}, {""entity"": ""the testis""}, {""entity"": ""We""}] <|im_end|>","<|im_start|>user Extract the entities contained in the text. Extract only entities contained in the text.
Return the result in a json format: [{""entity"":""entity_name""}]. <<<We present a case of a 32-year-old woman with a history of gradual enlargement of the anterior neck.>>> <|im_end|><|im_start|>assistant [{""entity"": ""present""}, {""entity"": ""history""}, {""entity"": ""enlargement""}] <|im_end|>
<|im_start|>user Extract the entities contained in the text. Extract only entities contained in the text.
Return the result in a json format: [{""entity"":""entity_name""}]. <<<Patient information: a 9-month-old boy presented to the emergency room with a 3-day history of refusal to bear weight on the right lower extremity and febrile peaks of up to 38.5°C for 24 hours.>>> <|im_end|><|im_start|>assistant [{""entity"": ""presented""}, {""entity"": ""refusal""}, {""entity"": ""bear""}, {""entity"": ""peaks""}] <|im_end|>
<|im_start|>user Extract the entities contained in the text. Extract only entities contained in the text.
Return the result in a json format: [{""entity"":""entity_name""}]. <<We removed the large sac after separating the vas and vessels and the testis.>>> <|im_end|><|im_start|>assistant","[{""entity"": ""removed""}, {""entity"": ""sac""}, {""entity"": ""separating""}, {""entity"": ""the vas""}, {""entity"": ""vessels""}, {""entity"": ""the testis""}, {""entity"": ""We""}] ","[{""entity"": ""removed""}, {""entity"": ""separating""}, {""entity"": ""the testis""}, {""entity"": ""the"
"Moreover we strengthened the dorsal inguinal wall, fixated the testis in a subdartos pouch and closed the wound.","[{'id': '5217', 'offsets': array([12, 24]), 'role': '', 'semantic_type_id': '', 'text': 'strengthened', 'type': 'EVENT'}
 {'id': '5232', 'offsets': array([51, 58]), 'role': '', 'semantic_type_id': '', 'text': 'fixated', 'type': 'EVENT'}
 {'id': '5247', 'offsets': array([ 95, 101]), 'role': '', 'semantic_type_id': '', 'text': 'closed', 'type': 'EVENT'}
 {'id': '5262', 'offsets': array([106, 111]), 'role': '', 'semantic_type_id': '', 'text': 'wound', 'type': 'EVENT'}
 {'id': '5578', 'offsets': array([25, 49]), 'role': '', 'semantic_type_id': '', 'text': 'the dorsal inguinal wall', 'type': 'BODYPART'}
 {'id': '5584', 'offsets': array([59, 69]), 'role': '', 'semantic_type_id': '', 'text': 'the testis', 'type': 'BODYPART'}
 {'id': '5611', 'offsets': array([ 9, 11]), 'role': 'H-PROFESSIONAL', 'semantic_type_id': '', 'text': 'we', 'type': 'ACTOR'}]","Male infant 9.5 month old was examined in the emergency department of our hospital because of an empty scrotum and the ipsilateral testis lying in a high iliac crest position. With the increase in intrabdominal pressure [crying etc.] there was an ever-increasing swelling with spiral course from the groin to ipsilateral iliac crest. On clinical examination, a reducible mass was present in the right ileac crest. The swelling looked like a spigelian hernia [4]. However no abdominal wall defect could be palpated at that area. Moreover the ipsilateral scrotum was empty and the testis could be palpated with difficulty lying in a high inguinal position. Ultrasonography showed a loop of herniated small bowel and an undescended testis on the right. At operation, under general anesthesia, an extended transverse inguinal incision was made. Upon entering the inguinal canal a large hernia sac was identified. This followed a course through the superficial inguinal ring, extended upwards to the anterior abdomninal wall below the subcutaneous plane and was fixed in the area of the right iliac crest. We noticed that the hernia orifice was in a higher than normal position 5 cm from the pubic bone. This bulk was easily reduced back to the abdomen along with an ipsilateral mobile intravaginal testis. After careful isolation of the sac at a length of 3 cm the ipsilateral testis was isolated. The vas and the vessels were intravaginal, the gubernaculum was fixed in an ectopic position and the dorsal inguinal wall was lax. We removed the large sac after separating the vas and vessels and the testis. Moreover we strengthened the dorsal inguinal wall, fixated the testis in a subdartos pouch and closed the wound. Patient stayed for a day in the hospital. No postoperative complications happened. Three years later the boy was operated for left hydrocele. The boy remains in perfect health now five years after the initial operation.
",EN100508,"<|im_start|>user Extract the entities contained in the text. Extract only entities contained in the text.
Return the result in a json format: [{""entity"":""entity_name""}]. <<Moreover we strengthened the dorsal inguinal wall, fixated the testis in a subdartos pouch and closed the wound.>>> <|im_end|><|im_start|>assistant[{""entity"": ""strengthened""}, {""entity"": ""fixated""}, {""entity"": ""closed""}, {""entity"": ""wound""}, {""entity"": ""the dorsal inguinal wall""}, {""entity"": ""the testis""}, {""entity"": ""we""}] <|im_end|>","<|im_start|>user Extract the entities contained in the text. Extract only entities contained in the text.
Return the result in a json format: [{""entity"":""entity_name""}]. <<<We present a case of a 32-year-old woman with a history of gradual enlargement of the anterior neck.>>> <|im_end|><|im_start|>assistant [{""entity"": ""present""}, {""entity"": ""history""}, {""entity"": ""enlargement""}] <|im_end|>
<|im_start|>user Extract the entities contained in the text. Extract only entities contained in the text.
Return the result in a json format: [{""entity"":""entity_name""}]. <<<Patient information: a 9-month-old boy presented to the emergency room with a 3-day history of refusal to bear weight on the right lower extremity and febrile peaks of up to 38.5°C for 24 hours.>>> <|im_end|><|im_start|>assistant [{""entity"": ""presented""}, {""entity"": ""refusal""}, {""entity"": ""bear""}, {""entity"": ""peaks""}] <|im_end|>
<|im_start|>user Extract the entities contained in the text. Extract only entities contained in the text.
Return the result in a json format: [{""entity"":""entity_name""}]. <<Moreover we strengthened the dorsal inguinal wall, fixated the testis in a subdartos pouch and closed the wound.>>> <|im_end|><|im_start|>assistant","[{""entity"": ""strengthened""}, {""entity"": ""fixated""}, {""entity"": ""closed""}, {""entity"": ""wound""}, {""entity"": ""the dorsal inguinal wall""}, {""entity"": ""the testis""}, {""entity"": ""we""}] ","[{""entity"": ""strengthened""}, {""entity"": ""fixated""}, {""entity"": ""wound""}, {""entity"": ""the"
Patient stayed for a day in the hospital.,"[{'id': '5277', 'offsets': array([ 8, 14]), 'role': '', 'semantic_type_id': '', 'text': 'stayed', 'type': 'EVENT'}
 {'id': '5618', 'offsets': array([0, 7]), 'role': 'PATIENT', 'semantic_type_id': '', 'text': 'Patient', 'type': 'ACTOR'}
 {'id': '5639', 'offsets': array([19, 24]), 'role': '', 'semantic_type_id': '', 'text': 'a day', 'type': 'TIMEX3'}]","Male infant 9.5 month old was examined in the emergency department of our hospital because of an empty scrotum and the ipsilateral testis lying in a high iliac crest position. With the increase in intrabdominal pressure [crying etc.] there was an ever-increasing swelling with spiral course from the groin to ipsilateral iliac crest. On clinical examination, a reducible mass was present in the right ileac crest. The swelling looked like a spigelian hernia [4]. However no abdominal wall defect could be palpated at that area. Moreover the ipsilateral scrotum was empty and the testis could be palpated with difficulty lying in a high inguinal position. Ultrasonography showed a loop of herniated small bowel and an undescended testis on the right. At operation, under general anesthesia, an extended transverse inguinal incision was made. Upon entering the inguinal canal a large hernia sac was identified. This followed a course through the superficial inguinal ring, extended upwards to the anterior abdomninal wall below the subcutaneous plane and was fixed in the area of the right iliac crest. We noticed that the hernia orifice was in a higher than normal position 5 cm from the pubic bone. This bulk was easily reduced back to the abdomen along with an ipsilateral mobile intravaginal testis. After careful isolation of the sac at a length of 3 cm the ipsilateral testis was isolated. The vas and the vessels were intravaginal, the gubernaculum was fixed in an ectopic position and the dorsal inguinal wall was lax. We removed the large sac after separating the vas and vessels and the testis. Moreover we strengthened the dorsal inguinal wall, fixated the testis in a subdartos pouch and closed the wound. Patient stayed for a day in the hospital. No postoperative complications happened. Three years later the boy was operated for left hydrocele. The boy remains in perfect health now five years after the initial operation.
",EN100508,"<|im_start|>user Extract the entities contained in the text. Extract only entities contained in the text.
Return the result in a json format: [{""entity"":""entity_name""}]. <<Patient stayed for a day in the hospital.>>> <|im_end|><|im_start|>assistant[{""entity"": ""stayed""}, {""entity"": ""Patient""}, {""entity"": ""a day""}] <|im_end|>","<|im_start|>user Extract the entities contained in the text. Extract only entities contained in the text.
Return the result in a json format: [{""entity"":""entity_name""}]. <<<We present a case of a 32-year-old woman with a history of gradual enlargement of the anterior neck.>>> <|im_end|><|im_start|>assistant [{""entity"": ""present""}, {""entity"": ""history""}, {""entity"": ""enlargement""}] <|im_end|>
<|im_start|>user Extract the entities contained in the text. Extract only entities contained in the text.
Return the result in a json format: [{""entity"":""entity_name""}]. <<<Patient information: a 9-month-old boy presented to the emergency room with a 3-day history of refusal to bear weight on the right lower extremity and febrile peaks of up to 38.5°C for 24 hours.>>> <|im_end|><|im_start|>assistant [{""entity"": ""presented""}, {""entity"": ""refusal""}, {""entity"": ""bear""}, {""entity"": ""peaks""}] <|im_end|>
<|im_start|>user Extract the entities contained in the text. Extract only entities contained in the text.
Return the result in a json format: [{""entity"":""entity_name""}]. <<Patient stayed for a day in the hospital.>>> <|im_end|><|im_start|>assistant","[{""entity"": ""stayed""}, {""entity"": ""Patient""}, {""entity"": ""a day""}] ","[{""entity"": ""stayed""}, {""entity"": ""the hospital""}, {""entity"": ""Patient""}, {""entity"": ""a day""}"
No postoperative complications happened.,"[{'id': '5292', 'offsets': array([17, 30]), 'role': '', 'semantic_type_id': '', 'text': 'complications', 'type': 'EVENT'}
 {'id': '5648', 'offsets': array([ 3, 16]), 'role': '', 'semantic_type_id': '', 'text': 'postoperative', 'type': 'TIMEX3'}]","Male infant 9.5 month old was examined in the emergency department of our hospital because of an empty scrotum and the ipsilateral testis lying in a high iliac crest position. With the increase in intrabdominal pressure [crying etc.] there was an ever-increasing swelling with spiral course from the groin to ipsilateral iliac crest. On clinical examination, a reducible mass was present in the right ileac crest. The swelling looked like a spigelian hernia [4]. However no abdominal wall defect could be palpated at that area. Moreover the ipsilateral scrotum was empty and the testis could be palpated with difficulty lying in a high inguinal position. Ultrasonography showed a loop of herniated small bowel and an undescended testis on the right. At operation, under general anesthesia, an extended transverse inguinal incision was made. Upon entering the inguinal canal a large hernia sac was identified. This followed a course through the superficial inguinal ring, extended upwards to the anterior abdomninal wall below the subcutaneous plane and was fixed in the area of the right iliac crest. We noticed that the hernia orifice was in a higher than normal position 5 cm from the pubic bone. This bulk was easily reduced back to the abdomen along with an ipsilateral mobile intravaginal testis. After careful isolation of the sac at a length of 3 cm the ipsilateral testis was isolated. The vas and the vessels were intravaginal, the gubernaculum was fixed in an ectopic position and the dorsal inguinal wall was lax. We removed the large sac after separating the vas and vessels and the testis. Moreover we strengthened the dorsal inguinal wall, fixated the testis in a subdartos pouch and closed the wound. Patient stayed for a day in the hospital. No postoperative complications happened. Three years later the boy was operated for left hydrocele. The boy remains in perfect health now five years after the initial operation.
",EN100508,"<|im_start|>user Extract the entities contained in the text. Extract only entities contained in the text.
Return the result in a json format: [{""entity"":""entity_name""}]. <<No postoperative complications happened.>>> <|im_end|><|im_start|>assistant[{""entity"": ""complications""}, {""entity"": ""postoperative""}] <|im_end|>","<|im_start|>user Extract the entities contained in the text. Extract only entities contained in the text.
Return the result in a json format: [{""entity"":""entity_name""}]. <<<We present a case of a 32-year-old woman with a history of gradual enlargement of the anterior neck.>>> <|im_end|><|im_start|>assistant [{""entity"": ""present""}, {""entity"": ""history""}, {""entity"": ""enlargement""}] <|im_end|>
<|im_start|>user Extract the entities contained in the text. Extract only entities contained in the text.
Return the result in a json format: [{""entity"":""entity_name""}]. <<<Patient information: a 9-month-old boy presented to the emergency room with a 3-day history of refusal to bear weight on the right lower extremity and febrile peaks of up to 38.5°C for 24 hours.>>> <|im_end|><|im_start|>assistant [{""entity"": ""presented""}, {""entity"": ""refusal""}, {""entity"": ""bear""}, {""entity"": ""peaks""}] <|im_end|>
<|im_start|>user Extract the entities contained in the text. Extract only entities contained in the text.
Return the result in a json format: [{""entity"":""entity_name""}]. <<No postoperative complications happened.>>> <|im_end|><|im_start|>assistant","[{""entity"": ""complications""}, {""entity"": ""postoperative""}] ","[{""entity"": ""complications""}, {""entity"": ""happened""}, {""entity"": ""postoperative""}] <|im_end|><|im_end|><|im_end|>"
Three years later the boy was operated for left hydrocele.,"[{'id': '5307', 'offsets': array([30, 38]), 'role': '', 'semantic_type_id': '', 'text': 'operated', 'type': 'EVENT'}
 {'id': '5322', 'offsets': array([48, 57]), 'role': '', 'semantic_type_id': '', 'text': 'hydrocele', 'type': 'EVENT'}
 {'id': '5409', 'offsets': array([43, 57]), 'role': '', 'semantic_type_id': 'C2142132', 'text': 'left hydrocele', 'type': 'CLINENTITY'}
 {'id': '5625', 'offsets': array([18, 25]), 'role': 'PATIENT', 'semantic_type_id': '', 'text': 'the boy', 'type': 'ACTOR'}
 {'id': '5657', 'offsets': array([ 0, 17]), 'role': '', 'semantic_type_id': '', 'text': 'Three years later', 'type': 'TIMEX3'}]","Male infant 9.5 month old was examined in the emergency department of our hospital because of an empty scrotum and the ipsilateral testis lying in a high iliac crest position. With the increase in intrabdominal pressure [crying etc.] there was an ever-increasing swelling with spiral course from the groin to ipsilateral iliac crest. On clinical examination, a reducible mass was present in the right ileac crest. The swelling looked like a spigelian hernia [4]. However no abdominal wall defect could be palpated at that area. Moreover the ipsilateral scrotum was empty and the testis could be palpated with difficulty lying in a high inguinal position. Ultrasonography showed a loop of herniated small bowel and an undescended testis on the right. At operation, under general anesthesia, an extended transverse inguinal incision was made. Upon entering the inguinal canal a large hernia sac was identified. This followed a course through the superficial inguinal ring, extended upwards to the anterior abdomninal wall below the subcutaneous plane and was fixed in the area of the right iliac crest. We noticed that the hernia orifice was in a higher than normal position 5 cm from the pubic bone. This bulk was easily reduced back to the abdomen along with an ipsilateral mobile intravaginal testis. After careful isolation of the sac at a length of 3 cm the ipsilateral testis was isolated. The vas and the vessels were intravaginal, the gubernaculum was fixed in an ectopic position and the dorsal inguinal wall was lax. We removed the large sac after separating the vas and vessels and the testis. Moreover we strengthened the dorsal inguinal wall, fixated the testis in a subdartos pouch and closed the wound. Patient stayed for a day in the hospital. No postoperative complications happened. Three years later the boy was operated for left hydrocele. The boy remains in perfect health now five years after the initial operation.
",EN100508,"<|im_start|>user Extract the entities contained in the text. Extract only entities contained in the text.
Return the result in a json format: [{""entity"":""entity_name""}]. <<Three years later the boy was operated for left hydrocele.>>> <|im_end|><|im_start|>assistant[{""entity"": ""operated""}, {""entity"": ""hydrocele""}, {""entity"": ""left hydrocele""}, {""entity"": ""the boy""}, {""entity"": ""Three years later""}] <|im_end|>","<|im_start|>user Extract the entities contained in the text. Extract only entities contained in the text.
Return the result in a json format: [{""entity"":""entity_name""}]. <<<We present a case of a 32-year-old woman with a history of gradual enlargement of the anterior neck.>>> <|im_end|><|im_start|>assistant [{""entity"": ""present""}, {""entity"": ""history""}, {""entity"": ""enlargement""}] <|im_end|>
<|im_start|>user Extract the entities contained in the text. Extract only entities contained in the text.
Return the result in a json format: [{""entity"":""entity_name""}]. <<<Patient information: a 9-month-old boy presented to the emergency room with a 3-day history of refusal to bear weight on the right lower extremity and febrile peaks of up to 38.5°C for 24 hours.>>> <|im_end|><|im_start|>assistant [{""entity"": ""presented""}, {""entity"": ""refusal""}, {""entity"": ""bear""}, {""entity"": ""peaks""}] <|im_end|>
<|im_start|>user Extract the entities contained in the text. Extract only entities contained in the text.
Return the result in a json format: [{""entity"":""entity_name""}]. <<Three years later the boy was operated for left hydrocele.>>> <|im_end|><|im_start|>assistant","[{""entity"": ""operated""}, {""entity"": ""hydrocele""}, {""entity"": ""left hydrocele""}, {""entity"": ""the boy""}, {""entity"": ""Three years later""}] ","[{""entity"": ""operated""}, {""entity"": ""hydrocele""}, {""entity"": ""the boy""}, {""entity"": ""Three years"
The boy remains in perfect health now five years after the initial operation.,"[{'id': '5337', 'offsets': array([27, 33]), 'role': '', 'semantic_type_id': '', 'text': 'health', 'type': 'EVENT'}
 {'id': '5352', 'offsets': array([67, 76]), 'role': '', 'semantic_type_id': '', 'text': 'operation', 'type': 'EVENT'}
 {'id': '5632', 'offsets': array([0, 7]), 'role': 'PATIENT', 'semantic_type_id': '', 'text': 'The boy', 'type': 'ACTOR'}
 {'id': '5666', 'offsets': array([34, 37]), 'role': '', 'semantic_type_id': '', 'text': 'now', 'type': 'TIMEX3'}
 {'id': '5675', 'offsets': array([38, 48]), 'role': '', 'semantic_type_id': '', 'text': 'five years', 'type': 'TIMEX3'}]","Male infant 9.5 month old was examined in the emergency department of our hospital because of an empty scrotum and the ipsilateral testis lying in a high iliac crest position. With the increase in intrabdominal pressure [crying etc.] there was an ever-increasing swelling with spiral course from the groin to ipsilateral iliac crest. On clinical examination, a reducible mass was present in the right ileac crest. The swelling looked like a spigelian hernia [4]. However no abdominal wall defect could be palpated at that area. Moreover the ipsilateral scrotum was empty and the testis could be palpated with difficulty lying in a high inguinal position. Ultrasonography showed a loop of herniated small bowel and an undescended testis on the right. At operation, under general anesthesia, an extended transverse inguinal incision was made. Upon entering the inguinal canal a large hernia sac was identified. This followed a course through the superficial inguinal ring, extended upwards to the anterior abdomninal wall below the subcutaneous plane and was fixed in the area of the right iliac crest. We noticed that the hernia orifice was in a higher than normal position 5 cm from the pubic bone. This bulk was easily reduced back to the abdomen along with an ipsilateral mobile intravaginal testis. After careful isolation of the sac at a length of 3 cm the ipsilateral testis was isolated. The vas and the vessels were intravaginal, the gubernaculum was fixed in an ectopic position and the dorsal inguinal wall was lax. We removed the large sac after separating the vas and vessels and the testis. Moreover we strengthened the dorsal inguinal wall, fixated the testis in a subdartos pouch and closed the wound. Patient stayed for a day in the hospital. No postoperative complications happened. Three years later the boy was operated for left hydrocele. The boy remains in perfect health now five years after the initial operation.
",EN100508,"<|im_start|>user Extract the entities contained in the text. Extract only entities contained in the text.
Return the result in a json format: [{""entity"":""entity_name""}]. <<The boy remains in perfect health now five years after the initial operation.>>> <|im_end|><|im_start|>assistant[{""entity"": ""health""}, {""entity"": ""operation""}, {""entity"": ""The boy""}, {""entity"": ""now""}, {""entity"": ""five years""}] <|im_end|>","<|im_start|>user Extract the entities contained in the text. Extract only entities contained in the text.
Return the result in a json format: [{""entity"":""entity_name""}]. <<<We present a case of a 32-year-old woman with a history of gradual enlargement of the anterior neck.>>> <|im_end|><|im_start|>assistant [{""entity"": ""present""}, {""entity"": ""history""}, {""entity"": ""enlargement""}] <|im_end|>
<|im_start|>user Extract the entities contained in the text. Extract only entities contained in the text.
Return the result in a json format: [{""entity"":""entity_name""}]. <<<Patient information: a 9-month-old boy presented to the emergency room with a 3-day history of refusal to bear weight on the right lower extremity and febrile peaks of up to 38.5°C for 24 hours.>>> <|im_end|><|im_start|>assistant [{""entity"": ""presented""}, {""entity"": ""refusal""}, {""entity"": ""bear""}, {""entity"": ""peaks""}] <|im_end|>
<|im_start|>user Extract the entities contained in the text. Extract only entities contained in the text.
Return the result in a json format: [{""entity"":""entity_name""}]. <<The boy remains in perfect health now five years after the initial operation.>>> <|im_end|><|im_start|>assistant","[{""entity"": ""health""}, {""entity"": ""operation""}, {""entity"": ""The boy""}, {""entity"": ""now""}, {""entity"": ""five years""}] ","[{""entity"": ""health""}, {""entity"": ""operation""}, {""entity"": ""The boy""}, {""entity"": ""now""}, {""entity"
"A male, 63 years old, complaining about a ""wound in the mouth"" for 6 months, without any pain or spontaneous bleeding.","[{'id': '3786', 'offsets': array([22, 33]), 'role': '', 'semantic_type_id': '', 'text': 'complaining', 'type': 'EVENT'}
 {'id': '3801', 'offsets': array([43, 48]), 'role': '', 'semantic_type_id': '', 'text': 'wound', 'type': 'EVENT'}
 {'id': '3816', 'offsets': array([89, 93]), 'role': '', 'semantic_type_id': '', 'text': 'pain', 'type': 'EVENT'}
 {'id': '3831', 'offsets': array([109, 117]), 'role': '', 'semantic_type_id': '', 'text': 'bleeding', 'type': 'EVENT'}
 {'id': '4658', 'offsets': array([52, 61]), 'role': '', 'semantic_type_id': '', 'text': 'the mouth', 'type': 'BODYPART'}
 {'id': '4688', 'offsets': array([0, 6]), 'role': 'PATIENT', 'semantic_type_id': '', 'text': 'A male', 'type': 'ACTOR'}
 {'id': '4743', 'offsets': array([67, 75]), 'role': '', 'semantic_type_id': '', 'text': '6 months', 'type': 'TIMEX3'}]","A male, 63 years old, complaining about a ""wound in the mouth"" for 6 months, without any pain or spontaneous bleeding. His medical history was free of disease. The patient was a smoker for 33 years. Intraoral examination revealed a destructive ulcerative lesion around the upper left first and second molars that resembled an oral squamous cell carcinoma. Biopsy of the ulcerative lesion was performed and the microscopic features showed an inflammatory infiltrate rich in plasma cells. Based on this microscopical finding, the final diagnosis was periodontal disease associated with a proliferative non-neoplastic lesion. The patient was referred to a specialized dental surgeon and underwent periodontal therapy including surgical procedures. After that, according to follow-up with the patient, there were no signs of disease remission. The lesion increased in size, although the patient did not complain of any symptoms. A second biopsy was performed and the microscopic features again showed a rich inflammatory infiltrate with mononuclear cells and histiocytic cells, characterized by pale histiocytes with lobed nuclei, resembling a bean. A varying number of eosinophils also were observed, without any evidence of atypical cells present in this infiltrate. An immunohistochemical staining panel was done to determine the nature of this inflammatory infiltrate by using antibodies S-100, CD1a, CD-68 and CD45RO that were positive. These immunohistochemical findings were fundamental for the final diagnosis of LCH. The treatment included surgical extraction of all superior teeth, radiation and systemic corticoid therapies. After 8 years of treatment, the patient is free of disease.
",EN105114,"<|im_start|>user Extract the entities contained in the text. Extract only entities contained in the text.
Return the result in a json format: [{""entity"":""entity_name""}]. <<A male, 63 years old, complaining about a ""wound in the mouth"" for 6 months, without any pain or spontaneous bleeding.>>> <|im_end|><|im_start|>assistant[{""entity"": ""complaining""}, {""entity"": ""wound""}, {""entity"": ""pain""}, {""entity"": ""bleeding""}, {""entity"": ""the mouth""}, {""entity"": ""A male""}, {""entity"": ""6 months""}] <|im_end|>","<|im_start|>user Extract the entities contained in the text. Extract only entities contained in the text.
Return the result in a json format: [{""entity"":""entity_name""}]. <<<We present a case of a 32-year-old woman with a history of gradual enlargement of the anterior neck.>>> <|im_end|><|im_start|>assistant [{""entity"": ""present""}, {""entity"": ""history""}, {""entity"": ""enlargement""}] <|im_end|>
<|im_start|>user Extract the entities contained in the text. Extract only entities contained in the text.
Return the result in a json format: [{""entity"":""entity_name""}]. <<<Patient information: a 9-month-old boy presented to the emergency room with a 3-day history of refusal to bear weight on the right lower extremity and febrile peaks of up to 38.5°C for 24 hours.>>> <|im_end|><|im_start|>assistant [{""entity"": ""presented""}, {""entity"": ""refusal""}, {""entity"": ""bear""}, {""entity"": ""peaks""}] <|im_end|>
<|im_start|>user Extract the entities contained in the text. Extract only entities contained in the text.
Return the result in a json format: [{""entity"":""entity_name""}]. <<A male, 63 years old, complaining about a ""wound in the mouth"" for 6 months, without any pain or spontaneous bleeding.>>> <|im_end|><|im_start|>assistant","[{""entity"": ""complaining""}, {""entity"": ""wound""}, {""entity"": ""pain""}, {""entity"": ""bleeding""}, {""entity"": ""the mouth""}, {""entity"": ""A male""}, {""entity"": ""6 months""}] ","[{""entity"": ""complaining""}, {""entity"": ""wound""}, {""entity"": ""pain""}, {""entity"": ""bleeding"
Intraoral examination revealed a destructive ulcerative lesion around the upper left first and second molars that resembled an oral squamous cell carcinoma.,"[{'id': '3891', 'offsets': array([10, 21]), 'role': '', 'semantic_type_id': '', 'text': 'examination', 'type': 'EVENT'}
 {'id': '3906', 'offsets': array([22, 30]), 'role': '', 'semantic_type_id': '', 'text': 'revealed', 'type': 'EVENT'}
 {'id': '3921', 'offsets': array([56, 62]), 'role': '', 'semantic_type_id': '', 'text': 'lesion', 'type': 'EVENT'}
 {'id': '3936', 'offsets': array([146, 155]), 'role': '', 'semantic_type_id': '', 'text': 'carcinoma', 'type': 'EVENT'}
 {'id': '4588', 'offsets': array([45, 62]), 'role': '', 'semantic_type_id': 'C0041582', 'text': 'ulcerative lesion', 'type': 'CLINENTITY'}
 {'id': '4595', 'offsets': array([127, 155]), 'role': '', 'semantic_type_id': 'C0585362', 'text': 'oral squamous cell carcinoma', 'type': 'CLINENTITY'}
 {'id': '4664', 'offsets': array([ 70, 108]), 'role': '', 'semantic_type_id': '', 'text': 'the upper left first and second molars', 'type': 'BODYPART'}]","A male, 63 years old, complaining about a ""wound in the mouth"" for 6 months, without any pain or spontaneous bleeding. His medical history was free of disease. The patient was a smoker for 33 years. Intraoral examination revealed a destructive ulcerative lesion around the upper left first and second molars that resembled an oral squamous cell carcinoma. Biopsy of the ulcerative lesion was performed and the microscopic features showed an inflammatory infiltrate rich in plasma cells. Based on this microscopical finding, the final diagnosis was periodontal disease associated with a proliferative non-neoplastic lesion. The patient was referred to a specialized dental surgeon and underwent periodontal therapy including surgical procedures. After that, according to follow-up with the patient, there were no signs of disease remission. The lesion increased in size, although the patient did not complain of any symptoms. A second biopsy was performed and the microscopic features again showed a rich inflammatory infiltrate with mononuclear cells and histiocytic cells, characterized by pale histiocytes with lobed nuclei, resembling a bean. A varying number of eosinophils also were observed, without any evidence of atypical cells present in this infiltrate. An immunohistochemical staining panel was done to determine the nature of this inflammatory infiltrate by using antibodies S-100, CD1a, CD-68 and CD45RO that were positive. These immunohistochemical findings were fundamental for the final diagnosis of LCH. The treatment included surgical extraction of all superior teeth, radiation and systemic corticoid therapies. After 8 years of treatment, the patient is free of disease.
",EN105114,"<|im_start|>user Extract the entities contained in the text. Extract only entities contained in the text.
Return the result in a json format: [{""entity"":""entity_name""}]. <<Intraoral examination revealed a destructive ulcerative lesion around the upper left first and second molars that resembled an oral squamous cell carcinoma.>>> <|im_end|><|im_start|>assistant[{""entity"": ""examination""}, {""entity"": ""revealed""}, {""entity"": ""lesion""}, {""entity"": ""carcinoma""}, {""entity"": ""ulcerative lesion""}, {""entity"": ""oral squamous cell carcinoma""}, {""entity"": ""the upper left first and second molars""}] <|im_end|>","<|im_start|>user Extract the entities contained in the text. Extract only entities contained in the text.
Return the result in a json format: [{""entity"":""entity_name""}]. <<<We present a case of a 32-year-old woman with a history of gradual enlargement of the anterior neck.>>> <|im_end|><|im_start|>assistant [{""entity"": ""present""}, {""entity"": ""history""}, {""entity"": ""enlargement""}] <|im_end|>
<|im_start|>user Extract the entities contained in the text. Extract only entities contained in the text.
Return the result in a json format: [{""entity"":""entity_name""}]. <<<Patient information: a 9-month-old boy presented to the emergency room with a 3-day history of refusal to bear weight on the right lower extremity and febrile peaks of up to 38.5°C for 24 hours.>>> <|im_end|><|im_start|>assistant [{""entity"": ""presented""}, {""entity"": ""refusal""}, {""entity"": ""bear""}, {""entity"": ""peaks""}] <|im_end|>
<|im_start|>user Extract the entities contained in the text. Extract only entities contained in the text.
Return the result in a json format: [{""entity"":""entity_name""}]. <<Intraoral examination revealed a destructive ulcerative lesion around the upper left first and second molars that resembled an oral squamous cell carcinoma.>>> <|im_end|><|im_start|>assistant","[{""entity"": ""examination""}, {""entity"": ""revealed""}, {""entity"": ""lesion""}, {""entity"": ""carcinoma""}, {""entity"": ""ulcerative lesion""}, {""entity"": ""oral squamous cell carcinoma""}, {""entity"": ""the upper left first and second molars""}] ","[{""entity"": ""examination""}, {""entity"": ""revealed""}, {""entity"": ""lesion""}, {""entity"": ""resembled"
Biopsy of the ulcerative lesion was performed and the microscopic features showed an inflammatory infiltrate rich in plasma cells.,"[{'id': '3951', 'offsets': array([0, 6]), 'role': '', 'semantic_type_id': '', 'text': 'Biopsy', 'type': 'EVENT'}
 {'id': '3966', 'offsets': array([75, 81]), 'role': '', 'semantic_type_id': '', 'text': 'showed', 'type': 'EVENT'}
 {'id': '3981', 'offsets': array([ 98, 108]), 'role': '', 'semantic_type_id': '', 'text': 'infiltrate', 'type': 'EVENT'}
 {'id': '4602', 'offsets': array([14, 31]), 'role': '', 'semantic_type_id': 'C0041582', 'text': 'ulcerative lesion', 'type': 'CLINENTITY'}
 {'id': '4609', 'offsets': array([ 85, 108]), 'role': '', 'semantic_type_id': 'C3887644', 'text': 'inflammatory infiltrate', 'type': 'CLINENTITY'}
 {'id': '4670', 'offsets': array([117, 129]), 'role': '', 'semantic_type_id': '', 'text': 'plasma cells', 'type': 'BODYPART'}]","A male, 63 years old, complaining about a ""wound in the mouth"" for 6 months, without any pain or spontaneous bleeding. His medical history was free of disease. The patient was a smoker for 33 years. Intraoral examination revealed a destructive ulcerative lesion around the upper left first and second molars that resembled an oral squamous cell carcinoma. Biopsy of the ulcerative lesion was performed and the microscopic features showed an inflammatory infiltrate rich in plasma cells. Based on this microscopical finding, the final diagnosis was periodontal disease associated with a proliferative non-neoplastic lesion. The patient was referred to a specialized dental surgeon and underwent periodontal therapy including surgical procedures. After that, according to follow-up with the patient, there were no signs of disease remission. The lesion increased in size, although the patient did not complain of any symptoms. A second biopsy was performed and the microscopic features again showed a rich inflammatory infiltrate with mononuclear cells and histiocytic cells, characterized by pale histiocytes with lobed nuclei, resembling a bean. A varying number of eosinophils also were observed, without any evidence of atypical cells present in this infiltrate. An immunohistochemical staining panel was done to determine the nature of this inflammatory infiltrate by using antibodies S-100, CD1a, CD-68 and CD45RO that were positive. These immunohistochemical findings were fundamental for the final diagnosis of LCH. The treatment included surgical extraction of all superior teeth, radiation and systemic corticoid therapies. After 8 years of treatment, the patient is free of disease.
",EN105114,"<|im_start|>user Extract the entities contained in the text. Extract only entities contained in the text.
Return the result in a json format: [{""entity"":""entity_name""}]. <<Biopsy of the ulcerative lesion was performed and the microscopic features showed an inflammatory infiltrate rich in plasma cells.>>> <|im_end|><|im_start|>assistant[{""entity"": ""Biopsy""}, {""entity"": ""showed""}, {""entity"": ""infiltrate""}, {""entity"": ""ulcerative lesion""}, {""entity"": ""inflammatory infiltrate""}, {""entity"": ""plasma cells""}] <|im_end|>","<|im_start|>user Extract the entities contained in the text. Extract only entities contained in the text.
Return the result in a json format: [{""entity"":""entity_name""}]. <<<We present a case of a 32-year-old woman with a history of gradual enlargement of the anterior neck.>>> <|im_end|><|im_start|>assistant [{""entity"": ""present""}, {""entity"": ""history""}, {""entity"": ""enlargement""}] <|im_end|>
<|im_start|>user Extract the entities contained in the text. Extract only entities contained in the text.
Return the result in a json format: [{""entity"":""entity_name""}]. <<<Patient information: a 9-month-old boy presented to the emergency room with a 3-day history of refusal to bear weight on the right lower extremity and febrile peaks of up to 38.5°C for 24 hours.>>> <|im_end|><|im_start|>assistant [{""entity"": ""presented""}, {""entity"": ""refusal""}, {""entity"": ""bear""}, {""entity"": ""peaks""}] <|im_end|>
<|im_start|>user Extract the entities contained in the text. Extract only entities contained in the text.
Return the result in a json format: [{""entity"":""entity_name""}]. <<Biopsy of the ulcerative lesion was performed and the microscopic features showed an inflammatory infiltrate rich in plasma cells.>>> <|im_end|><|im_start|>assistant","[{""entity"": ""Biopsy""}, {""entity"": ""showed""}, {""entity"": ""infiltrate""}, {""entity"": ""ulcerative lesion""}, {""entity"": ""inflammatory infiltrate""}, {""entity"": ""plasma cells""}] ","[{""entity"": ""lesion""}, {""entity"": ""showed""}, {""entity"": ""infiltrate""}, {""entity"": ""features"
"Based on this microscopical finding, the final diagnosis was periodontal disease associated with a proliferative non-neoplastic lesion.","[{'id': '3996', 'offsets': array([28, 35]), 'role': '', 'semantic_type_id': '', 'text': 'finding', 'type': 'EVENT'}
 {'id': '4011', 'offsets': array([47, 56]), 'role': '', 'semantic_type_id': '', 'text': 'diagnosis', 'type': 'EVENT'}
 {'id': '4026', 'offsets': array([73, 80]), 'role': '', 'semantic_type_id': '', 'text': 'disease', 'type': 'EVENT'}
 {'id': '4041', 'offsets': array([128, 134]), 'role': '', 'semantic_type_id': '', 'text': 'lesion', 'type': 'EVENT'}
 {'id': '4616', 'offsets': array([61, 80]), 'role': '', 'semantic_type_id': 'C0031090', 'text': 'periodontal disease', 'type': 'CLINENTITY'}
 {'id': '4623', 'offsets': array([128, 134]), 'role': '', 'semantic_type_id': 'C0221198', 'text': 'lesion', 'type': 'CLINENTITY'}]","A male, 63 years old, complaining about a ""wound in the mouth"" for 6 months, without any pain or spontaneous bleeding. His medical history was free of disease. The patient was a smoker for 33 years. Intraoral examination revealed a destructive ulcerative lesion around the upper left first and second molars that resembled an oral squamous cell carcinoma. Biopsy of the ulcerative lesion was performed and the microscopic features showed an inflammatory infiltrate rich in plasma cells. Based on this microscopical finding, the final diagnosis was periodontal disease associated with a proliferative non-neoplastic lesion. The patient was referred to a specialized dental surgeon and underwent periodontal therapy including surgical procedures. After that, according to follow-up with the patient, there were no signs of disease remission. The lesion increased in size, although the patient did not complain of any symptoms. A second biopsy was performed and the microscopic features again showed a rich inflammatory infiltrate with mononuclear cells and histiocytic cells, characterized by pale histiocytes with lobed nuclei, resembling a bean. A varying number of eosinophils also were observed, without any evidence of atypical cells present in this infiltrate. An immunohistochemical staining panel was done to determine the nature of this inflammatory infiltrate by using antibodies S-100, CD1a, CD-68 and CD45RO that were positive. These immunohistochemical findings were fundamental for the final diagnosis of LCH. The treatment included surgical extraction of all superior teeth, radiation and systemic corticoid therapies. After 8 years of treatment, the patient is free of disease.
",EN105114,"<|im_start|>user Extract the entities contained in the text. Extract only entities contained in the text.
Return the result in a json format: [{""entity"":""entity_name""}]. <<Based on this microscopical finding, the final diagnosis was periodontal disease associated with a proliferative non-neoplastic lesion.>>> <|im_end|><|im_start|>assistant[{""entity"": ""finding""}, {""entity"": ""diagnosis""}, {""entity"": ""disease""}, {""entity"": ""lesion""}, {""entity"": ""periodontal disease""}, {""entity"": ""lesion""}] <|im_end|>","<|im_start|>user Extract the entities contained in the text. Extract only entities contained in the text.
Return the result in a json format: [{""entity"":""entity_name""}]. <<<We present a case of a 32-year-old woman with a history of gradual enlargement of the anterior neck.>>> <|im_end|><|im_start|>assistant [{""entity"": ""present""}, {""entity"": ""history""}, {""entity"": ""enlargement""}] <|im_end|>
<|im_start|>user Extract the entities contained in the text. Extract only entities contained in the text.
Return the result in a json format: [{""entity"":""entity_name""}]. <<<Patient information: a 9-month-old boy presented to the emergency room with a 3-day history of refusal to bear weight on the right lower extremity and febrile peaks of up to 38.5°C for 24 hours.>>> <|im_end|><|im_start|>assistant [{""entity"": ""presented""}, {""entity"": ""refusal""}, {""entity"": ""bear""}, {""entity"": ""peaks""}] <|im_end|>
<|im_start|>user Extract the entities contained in the text. Extract only entities contained in the text.
Return the result in a json format: [{""entity"":""entity_name""}]. <<Based on this microscopical finding, the final diagnosis was periodontal disease associated with a proliferative non-neoplastic lesion.>>> <|im_end|><|im_start|>assistant","[{""entity"": ""finding""}, {""entity"": ""diagnosis""}, {""entity"": ""disease""}, {""entity"": ""lesion""}, {""entity"": ""periodontal disease""}, {""entity"": ""lesion""}] ","[{""entity"": ""finding""}, {""entity"": ""diagnosis""}, {""entity"": ""disease""}, {""entity"": ""lesion""},"
The patient was referred to a specialized dental surgeon and underwent periodontal therapy including surgical procedures.,"[{'id': '4056', 'offsets': array([16, 24]), 'role': '', 'semantic_type_id': '', 'text': 'referred', 'type': 'EVENT'}
 {'id': '4071', 'offsets': array([83, 90]), 'role': '', 'semantic_type_id': '', 'text': 'therapy', 'type': 'EVENT'}
 {'id': '4086', 'offsets': array([110, 120]), 'role': '', 'semantic_type_id': '', 'text': 'procedures', 'type': 'EVENT'}
 {'id': '4702', 'offsets': array([ 0, 11]), 'role': 'PATIENT', 'semantic_type_id': '', 'text': 'The patient', 'type': 'ACTOR'}
 {'id': '4709', 'offsets': array([49, 56]), 'role': 'H-PROFESSIONAL', 'semantic_type_id': '', 'text': 'surgeon', 'type': 'ACTOR'}]","A male, 63 years old, complaining about a ""wound in the mouth"" for 6 months, without any pain or spontaneous bleeding. His medical history was free of disease. The patient was a smoker for 33 years. Intraoral examination revealed a destructive ulcerative lesion around the upper left first and second molars that resembled an oral squamous cell carcinoma. Biopsy of the ulcerative lesion was performed and the microscopic features showed an inflammatory infiltrate rich in plasma cells. Based on this microscopical finding, the final diagnosis was periodontal disease associated with a proliferative non-neoplastic lesion. The patient was referred to a specialized dental surgeon and underwent periodontal therapy including surgical procedures. After that, according to follow-up with the patient, there were no signs of disease remission. The lesion increased in size, although the patient did not complain of any symptoms. A second biopsy was performed and the microscopic features again showed a rich inflammatory infiltrate with mononuclear cells and histiocytic cells, characterized by pale histiocytes with lobed nuclei, resembling a bean. A varying number of eosinophils also were observed, without any evidence of atypical cells present in this infiltrate. An immunohistochemical staining panel was done to determine the nature of this inflammatory infiltrate by using antibodies S-100, CD1a, CD-68 and CD45RO that were positive. These immunohistochemical findings were fundamental for the final diagnosis of LCH. The treatment included surgical extraction of all superior teeth, radiation and systemic corticoid therapies. After 8 years of treatment, the patient is free of disease.
",EN105114,"<|im_start|>user Extract the entities contained in the text. Extract only entities contained in the text.
Return the result in a json format: [{""entity"":""entity_name""}]. <<The patient was referred to a specialized dental surgeon and underwent periodontal therapy including surgical procedures.>>> <|im_end|><|im_start|>assistant[{""entity"": ""referred""}, {""entity"": ""therapy""}, {""entity"": ""procedures""}, {""entity"": ""The patient""}, {""entity"": ""surgeon""}] <|im_end|>","<|im_start|>user Extract the entities contained in the text. Extract only entities contained in the text.
Return the result in a json format: [{""entity"":""entity_name""}]. <<<We present a case of a 32-year-old woman with a history of gradual enlargement of the anterior neck.>>> <|im_end|><|im_start|>assistant [{""entity"": ""present""}, {""entity"": ""history""}, {""entity"": ""enlargement""}] <|im_end|>
<|im_start|>user Extract the entities contained in the text. Extract only entities contained in the text.
Return the result in a json format: [{""entity"":""entity_name""}]. <<<Patient information: a 9-month-old boy presented to the emergency room with a 3-day history of refusal to bear weight on the right lower extremity and febrile peaks of up to 38.5°C for 24 hours.>>> <|im_end|><|im_start|>assistant [{""entity"": ""presented""}, {""entity"": ""refusal""}, {""entity"": ""bear""}, {""entity"": ""peaks""}] <|im_end|>
<|im_start|>user Extract the entities contained in the text. Extract only entities contained in the text.
Return the result in a json format: [{""entity"":""entity_name""}]. <<The patient was referred to a specialized dental surgeon and underwent periodontal therapy including surgical procedures.>>> <|im_end|><|im_start|>assistant","[{""entity"": ""referred""}, {""entity"": ""therapy""}, {""entity"": ""procedures""}, {""entity"": ""The patient""}, {""entity"": ""surgeon""}] ","[{""entity"": ""referred""}, {""entity"": ""therapy""}, {""entity"": ""procedures""}, {""entity"": ""The patient""}"
"After that, according to follow-up with the patient, there were no signs of disease remission.","[{'id': '4101', 'offsets': array([25, 34]), 'role': '', 'semantic_type_id': '', 'text': 'follow-up', 'type': 'EVENT'}
 {'id': '4116', 'offsets': array([67, 72]), 'role': '', 'semantic_type_id': '', 'text': 'signs', 'type': 'EVENT'}
 {'id': '4131', 'offsets': array([84, 93]), 'role': '', 'semantic_type_id': '', 'text': 'remission', 'type': 'EVENT'}
 {'id': '4716', 'offsets': array([40, 51]), 'role': 'PATIENT', 'semantic_type_id': '', 'text': 'the patient', 'type': 'ACTOR'}]","A male, 63 years old, complaining about a ""wound in the mouth"" for 6 months, without any pain or spontaneous bleeding. His medical history was free of disease. The patient was a smoker for 33 years. Intraoral examination revealed a destructive ulcerative lesion around the upper left first and second molars that resembled an oral squamous cell carcinoma. Biopsy of the ulcerative lesion was performed and the microscopic features showed an inflammatory infiltrate rich in plasma cells. Based on this microscopical finding, the final diagnosis was periodontal disease associated with a proliferative non-neoplastic lesion. The patient was referred to a specialized dental surgeon and underwent periodontal therapy including surgical procedures. After that, according to follow-up with the patient, there were no signs of disease remission. The lesion increased in size, although the patient did not complain of any symptoms. A second biopsy was performed and the microscopic features again showed a rich inflammatory infiltrate with mononuclear cells and histiocytic cells, characterized by pale histiocytes with lobed nuclei, resembling a bean. A varying number of eosinophils also were observed, without any evidence of atypical cells present in this infiltrate. An immunohistochemical staining panel was done to determine the nature of this inflammatory infiltrate by using antibodies S-100, CD1a, CD-68 and CD45RO that were positive. These immunohistochemical findings were fundamental for the final diagnosis of LCH. The treatment included surgical extraction of all superior teeth, radiation and systemic corticoid therapies. After 8 years of treatment, the patient is free of disease.
",EN105114,"<|im_start|>user Extract the entities contained in the text. Extract only entities contained in the text.
Return the result in a json format: [{""entity"":""entity_name""}]. <<After that, according to follow-up with the patient, there were no signs of disease remission.>>> <|im_end|><|im_start|>assistant[{""entity"": ""follow-up""}, {""entity"": ""signs""}, {""entity"": ""remission""}, {""entity"": ""the patient""}] <|im_end|>","<|im_start|>user Extract the entities contained in the text. Extract only entities contained in the text.
Return the result in a json format: [{""entity"":""entity_name""}]. <<<We present a case of a 32-year-old woman with a history of gradual enlargement of the anterior neck.>>> <|im_end|><|im_start|>assistant [{""entity"": ""present""}, {""entity"": ""history""}, {""entity"": ""enlargement""}] <|im_end|>
<|im_start|>user Extract the entities contained in the text. Extract only entities contained in the text.
Return the result in a json format: [{""entity"":""entity_name""}]. <<<Patient information: a 9-month-old boy presented to the emergency room with a 3-day history of refusal to bear weight on the right lower extremity and febrile peaks of up to 38.5°C for 24 hours.>>> <|im_end|><|im_start|>assistant [{""entity"": ""presented""}, {""entity"": ""refusal""}, {""entity"": ""bear""}, {""entity"": ""peaks""}] <|im_end|>
<|im_start|>user Extract the entities contained in the text. Extract only entities contained in the text.
Return the result in a json format: [{""entity"":""entity_name""}]. <<After that, according to follow-up with the patient, there were no signs of disease remission.>>> <|im_end|><|im_start|>assistant","[{""entity"": ""follow-up""}, {""entity"": ""signs""}, {""entity"": ""remission""}, {""entity"": ""the patient""}] ","[{""entity"": ""follow-up""}, {""entity"": ""signs""}, {""entity"": ""remission""}, {""entity"": ""disease"
"The lesion increased in size, although the patient did not complain of any symptoms.","[{'id': '4146', 'offsets': array([ 4, 10]), 'role': '', 'semantic_type_id': '', 'text': 'lesion', 'type': 'EVENT'}
 {'id': '4161', 'offsets': array([11, 20]), 'role': '', 'semantic_type_id': '', 'text': 'increased', 'type': 'EVENT'}
 {'id': '4176', 'offsets': array([59, 67]), 'role': '', 'semantic_type_id': '', 'text': 'complain', 'type': 'EVENT'}
 {'id': '4191', 'offsets': array([75, 83]), 'role': '', 'semantic_type_id': '', 'text': 'symptoms', 'type': 'EVENT'}
 {'id': '4630', 'offsets': array([ 4, 10]), 'role': '', 'semantic_type_id': 'C0221198', 'text': 'lesion', 'type': 'CLINENTITY'}
 {'id': '4723', 'offsets': array([39, 50]), 'role': 'PATIENT', 'semantic_type_id': '', 'text': 'the patient', 'type': 'ACTOR'}]","A male, 63 years old, complaining about a ""wound in the mouth"" for 6 months, without any pain or spontaneous bleeding. His medical history was free of disease. The patient was a smoker for 33 years. Intraoral examination revealed a destructive ulcerative lesion around the upper left first and second molars that resembled an oral squamous cell carcinoma. Biopsy of the ulcerative lesion was performed and the microscopic features showed an inflammatory infiltrate rich in plasma cells. Based on this microscopical finding, the final diagnosis was periodontal disease associated with a proliferative non-neoplastic lesion. The patient was referred to a specialized dental surgeon and underwent periodontal therapy including surgical procedures. After that, according to follow-up with the patient, there were no signs of disease remission. The lesion increased in size, although the patient did not complain of any symptoms. A second biopsy was performed and the microscopic features again showed a rich inflammatory infiltrate with mononuclear cells and histiocytic cells, characterized by pale histiocytes with lobed nuclei, resembling a bean. A varying number of eosinophils also were observed, without any evidence of atypical cells present in this infiltrate. An immunohistochemical staining panel was done to determine the nature of this inflammatory infiltrate by using antibodies S-100, CD1a, CD-68 and CD45RO that were positive. These immunohistochemical findings were fundamental for the final diagnosis of LCH. The treatment included surgical extraction of all superior teeth, radiation and systemic corticoid therapies. After 8 years of treatment, the patient is free of disease.
",EN105114,"<|im_start|>user Extract the entities contained in the text. Extract only entities contained in the text.
Return the result in a json format: [{""entity"":""entity_name""}]. <<The lesion increased in size, although the patient did not complain of any symptoms.>>> <|im_end|><|im_start|>assistant[{""entity"": ""lesion""}, {""entity"": ""increased""}, {""entity"": ""complain""}, {""entity"": ""symptoms""}, {""entity"": ""lesion""}, {""entity"": ""the patient""}] <|im_end|>","<|im_start|>user Extract the entities contained in the text. Extract only entities contained in the text.
Return the result in a json format: [{""entity"":""entity_name""}]. <<<We present a case of a 32-year-old woman with a history of gradual enlargement of the anterior neck.>>> <|im_end|><|im_start|>assistant [{""entity"": ""present""}, {""entity"": ""history""}, {""entity"": ""enlargement""}] <|im_end|>
<|im_start|>user Extract the entities contained in the text. Extract only entities contained in the text.
Return the result in a json format: [{""entity"":""entity_name""}]. <<<Patient information: a 9-month-old boy presented to the emergency room with a 3-day history of refusal to bear weight on the right lower extremity and febrile peaks of up to 38.5°C for 24 hours.>>> <|im_end|><|im_start|>assistant [{""entity"": ""presented""}, {""entity"": ""refusal""}, {""entity"": ""bear""}, {""entity"": ""peaks""}] <|im_end|>
<|im_start|>user Extract the entities contained in the text. Extract only entities contained in the text.
Return the result in a json format: [{""entity"":""entity_name""}]. <<The lesion increased in size, although the patient did not complain of any symptoms.>>> <|im_end|><|im_start|>assistant","[{""entity"": ""lesion""}, {""entity"": ""increased""}, {""entity"": ""complain""}, {""entity"": ""symptoms""}, {""entity"": ""lesion""}, {""entity"": ""the patient""}] ","[{""entity"": ""lesion""}, {""entity"": ""increased""}, {""entity"": ""complain""}, {""entity"": ""symptoms"
"A varying number of eosinophils also were observed, without any evidence of atypical cells present in this infiltrate.","[{'id': '4281', 'offsets': array([42, 50]), 'role': '', 'semantic_type_id': '', 'text': 'observed', 'type': 'EVENT'}
 {'id': '4296', 'offsets': array([64, 72]), 'role': '', 'semantic_type_id': '', 'text': 'evidence', 'type': 'EVENT'}
 {'id': '4311', 'offsets': array([85, 90]), 'role': '', 'semantic_type_id': '', 'text': 'cells', 'type': 'EVENT'}
 {'id': '4676', 'offsets': array([20, 31]), 'role': '', 'semantic_type_id': '', 'text': 'eosinophils', 'type': 'BODYPART'}]","A male, 63 years old, complaining about a ""wound in the mouth"" for 6 months, without any pain or spontaneous bleeding. His medical history was free of disease. The patient was a smoker for 33 years. Intraoral examination revealed a destructive ulcerative lesion around the upper left first and second molars that resembled an oral squamous cell carcinoma. Biopsy of the ulcerative lesion was performed and the microscopic features showed an inflammatory infiltrate rich in plasma cells. Based on this microscopical finding, the final diagnosis was periodontal disease associated with a proliferative non-neoplastic lesion. The patient was referred to a specialized dental surgeon and underwent periodontal therapy including surgical procedures. After that, according to follow-up with the patient, there were no signs of disease remission. The lesion increased in size, although the patient did not complain of any symptoms. A second biopsy was performed and the microscopic features again showed a rich inflammatory infiltrate with mononuclear cells and histiocytic cells, characterized by pale histiocytes with lobed nuclei, resembling a bean. A varying number of eosinophils also were observed, without any evidence of atypical cells present in this infiltrate. An immunohistochemical staining panel was done to determine the nature of this inflammatory infiltrate by using antibodies S-100, CD1a, CD-68 and CD45RO that were positive. These immunohistochemical findings were fundamental for the final diagnosis of LCH. The treatment included surgical extraction of all superior teeth, radiation and systemic corticoid therapies. After 8 years of treatment, the patient is free of disease.
",EN105114,"<|im_start|>user Extract the entities contained in the text. Extract only entities contained in the text.
Return the result in a json format: [{""entity"":""entity_name""}]. <<A varying number of eosinophils also were observed, without any evidence of atypical cells present in this infiltrate.>>> <|im_end|><|im_start|>assistant[{""entity"": ""observed""}, {""entity"": ""evidence""}, {""entity"": ""cells""}, {""entity"": ""eosinophils""}] <|im_end|>","<|im_start|>user Extract the entities contained in the text. Extract only entities contained in the text.
Return the result in a json format: [{""entity"":""entity_name""}]. <<<We present a case of a 32-year-old woman with a history of gradual enlargement of the anterior neck.>>> <|im_end|><|im_start|>assistant [{""entity"": ""present""}, {""entity"": ""history""}, {""entity"": ""enlargement""}] <|im_end|>
<|im_start|>user Extract the entities contained in the text. Extract only entities contained in the text.
Return the result in a json format: [{""entity"":""entity_name""}]. <<<Patient information: a 9-month-old boy presented to the emergency room with a 3-day history of refusal to bear weight on the right lower extremity and febrile peaks of up to 38.5°C for 24 hours.>>> <|im_end|><|im_start|>assistant [{""entity"": ""presented""}, {""entity"": ""refusal""}, {""entity"": ""bear""}, {""entity"": ""peaks""}] <|im_end|>
<|im_start|>user Extract the entities contained in the text. Extract only entities contained in the text.
Return the result in a json format: [{""entity"":""entity_name""}]. <<A varying number of eosinophils also were observed, without any evidence of atypical cells present in this infiltrate.>>> <|im_end|><|im_start|>assistant","[{""entity"": ""observed""}, {""entity"": ""evidence""}, {""entity"": ""cells""}, {""entity"": ""eosinophils""}] ","[{""entity"": ""observed""}, {""entity"": ""evidence""}, {""entity"": ""cells""}, {""entity"": ""infiltrate"
"An immunohistochemical staining panel was done to determine the nature of this inflammatory infiltrate by using antibodies S-100, CD1a, CD-68 and CD45RO that were positive.","[{'id': '4326', 'offsets': array([32, 37]), 'role': '', 'semantic_type_id': '', 'text': 'panel', 'type': 'EVENT'}
 {'id': '4341', 'offsets': array([50, 59]), 'role': '', 'semantic_type_id': '', 'text': 'determine', 'type': 'EVENT'}
 {'id': '4356', 'offsets': array([ 92, 102]), 'role': '', 'semantic_type_id': '', 'text': 'infiltrate', 'type': 'EVENT'}
 {'id': '4371', 'offsets': array([123, 128]), 'role': '', 'semantic_type_id': '', 'text': 'S-100', 'type': 'EVENT'}
 {'id': '4386', 'offsets': array([130, 134]), 'role': '', 'semantic_type_id': '', 'text': 'CD1a', 'type': 'EVENT'}
 {'id': '4401', 'offsets': array([136, 141]), 'role': '', 'semantic_type_id': '', 'text': 'CD-68', 'type': 'EVENT'}
 {'id': '4416', 'offsets': array([146, 152]), 'role': '', 'semantic_type_id': '', 'text': 'CD45RO', 'type': 'EVENT'}
 {'id': '4644', 'offsets': array([ 79, 102]), 'role': '', 'semantic_type_id': 'C3887644', 'text': 'inflammatory infiltrate', 'type': 'CLINENTITY'}
 {'id': '4737', 'offsets': array([163, 171]), 'role': '', 'semantic_type_id': '', 'text': 'positive', 'type': 'RML'}]","A male, 63 years old, complaining about a ""wound in the mouth"" for 6 months, without any pain or spontaneous bleeding. His medical history was free of disease. The patient was a smoker for 33 years. Intraoral examination revealed a destructive ulcerative lesion around the upper left first and second molars that resembled an oral squamous cell carcinoma. Biopsy of the ulcerative lesion was performed and the microscopic features showed an inflammatory infiltrate rich in plasma cells. Based on this microscopical finding, the final diagnosis was periodontal disease associated with a proliferative non-neoplastic lesion. The patient was referred to a specialized dental surgeon and underwent periodontal therapy including surgical procedures. After that, according to follow-up with the patient, there were no signs of disease remission. The lesion increased in size, although the patient did not complain of any symptoms. A second biopsy was performed and the microscopic features again showed a rich inflammatory infiltrate with mononuclear cells and histiocytic cells, characterized by pale histiocytes with lobed nuclei, resembling a bean. A varying number of eosinophils also were observed, without any evidence of atypical cells present in this infiltrate. An immunohistochemical staining panel was done to determine the nature of this inflammatory infiltrate by using antibodies S-100, CD1a, CD-68 and CD45RO that were positive. These immunohistochemical findings were fundamental for the final diagnosis of LCH. The treatment included surgical extraction of all superior teeth, radiation and systemic corticoid therapies. After 8 years of treatment, the patient is free of disease.
",EN105114,"<|im_start|>user Extract the entities contained in the text. Extract only entities contained in the text.
Return the result in a json format: [{""entity"":""entity_name""}]. <<An immunohistochemical staining panel was done to determine the nature of this inflammatory infiltrate by using antibodies S-100, CD1a, CD-68 and CD45RO that were positive.>>> <|im_end|><|im_start|>assistant[{""entity"": ""panel""}, {""entity"": ""determine""}, {""entity"": ""infiltrate""}, {""entity"": ""S-100""}, {""entity"": ""CD1a""}, {""entity"": ""CD-68""}, {""entity"": ""CD45RO""}, {""entity"": ""inflammatory infiltrate""}, {""entity"": ""positive""}] <|im_end|>","<|im_start|>user Extract the entities contained in the text. Extract only entities contained in the text.
Return the result in a json format: [{""entity"":""entity_name""}]. <<<We present a case of a 32-year-old woman with a history of gradual enlargement of the anterior neck.>>> <|im_end|><|im_start|>assistant [{""entity"": ""present""}, {""entity"": ""history""}, {""entity"": ""enlargement""}] <|im_end|>
<|im_start|>user Extract the entities contained in the text. Extract only entities contained in the text.
Return the result in a json format: [{""entity"":""entity_name""}]. <<<Patient information: a 9-month-old boy presented to the emergency room with a 3-day history of refusal to bear weight on the right lower extremity and febrile peaks of up to 38.5°C for 24 hours.>>> <|im_end|><|im_start|>assistant [{""entity"": ""presented""}, {""entity"": ""refusal""}, {""entity"": ""bear""}, {""entity"": ""peaks""}] <|im_end|>
<|im_start|>user Extract the entities contained in the text. Extract only entities contained in the text.
Return the result in a json format: [{""entity"":""entity_name""}]. <<An immunohistochemical staining panel was done to determine the nature of this inflammatory infiltrate by using antibodies S-100, CD1a, CD-68 and CD45RO that were positive.>>> <|im_end|><|im_start|>assistant","[{""entity"": ""panel""}, {""entity"": ""determine""}, {""entity"": ""infiltrate""}, {""entity"": ""S-100""}, {""entity"": ""CD1a""}, {""entity"": ""CD-68""}, {""entity"": ""CD45RO""}, {""entity"": ""inflammatory infiltrate""}, {""entity"": ""positive""}] ","[{""entity"": ""staining""}, {""entity"": ""determine""}, {""entity"": ""infiltrate""}, {""entity"": ""S"
These immunohistochemical findings were fundamental for the final diagnosis of LCH.,"[{'id': '4431', 'offsets': array([26, 34]), 'role': '', 'semantic_type_id': '', 'text': 'findings', 'type': 'EVENT'}
 {'id': '4446', 'offsets': array([40, 51]), 'role': '', 'semantic_type_id': '', 'text': 'fundamental', 'type': 'EVENT'}
 {'id': '4461', 'offsets': array([79, 82]), 'role': '', 'semantic_type_id': '', 'text': 'LCH', 'type': 'EVENT'}
 {'id': '4651', 'offsets': array([79, 82]), 'role': '', 'semantic_type_id': 'C0019621', 'text': 'LCH', 'type': 'CLINENTITY'}]","A male, 63 years old, complaining about a ""wound in the mouth"" for 6 months, without any pain or spontaneous bleeding. His medical history was free of disease. The patient was a smoker for 33 years. Intraoral examination revealed a destructive ulcerative lesion around the upper left first and second molars that resembled an oral squamous cell carcinoma. Biopsy of the ulcerative lesion was performed and the microscopic features showed an inflammatory infiltrate rich in plasma cells. Based on this microscopical finding, the final diagnosis was periodontal disease associated with a proliferative non-neoplastic lesion. The patient was referred to a specialized dental surgeon and underwent periodontal therapy including surgical procedures. After that, according to follow-up with the patient, there were no signs of disease remission. The lesion increased in size, although the patient did not complain of any symptoms. A second biopsy was performed and the microscopic features again showed a rich inflammatory infiltrate with mononuclear cells and histiocytic cells, characterized by pale histiocytes with lobed nuclei, resembling a bean. A varying number of eosinophils also were observed, without any evidence of atypical cells present in this infiltrate. An immunohistochemical staining panel was done to determine the nature of this inflammatory infiltrate by using antibodies S-100, CD1a, CD-68 and CD45RO that were positive. These immunohistochemical findings were fundamental for the final diagnosis of LCH. The treatment included surgical extraction of all superior teeth, radiation and systemic corticoid therapies. After 8 years of treatment, the patient is free of disease.
",EN105114,"<|im_start|>user Extract the entities contained in the text. Extract only entities contained in the text.
Return the result in a json format: [{""entity"":""entity_name""}]. <<These immunohistochemical findings were fundamental for the final diagnosis of LCH.>>> <|im_end|><|im_start|>assistant[{""entity"": ""findings""}, {""entity"": ""fundamental""}, {""entity"": ""LCH""}, {""entity"": ""LCH""}] <|im_end|>","<|im_start|>user Extract the entities contained in the text. Extract only entities contained in the text.
Return the result in a json format: [{""entity"":""entity_name""}]. <<<We present a case of a 32-year-old woman with a history of gradual enlargement of the anterior neck.>>> <|im_end|><|im_start|>assistant [{""entity"": ""present""}, {""entity"": ""history""}, {""entity"": ""enlargement""}] <|im_end|>
<|im_start|>user Extract the entities contained in the text. Extract only entities contained in the text.
Return the result in a json format: [{""entity"":""entity_name""}]. <<<Patient information: a 9-month-old boy presented to the emergency room with a 3-day history of refusal to bear weight on the right lower extremity and febrile peaks of up to 38.5°C for 24 hours.>>> <|im_end|><|im_start|>assistant [{""entity"": ""presented""}, {""entity"": ""refusal""}, {""entity"": ""bear""}, {""entity"": ""peaks""}] <|im_end|>
<|im_start|>user Extract the entities contained in the text. Extract only entities contained in the text.
Return the result in a json format: [{""entity"":""entity_name""}]. <<These immunohistochemical findings were fundamental for the final diagnosis of LCH.>>> <|im_end|><|im_start|>assistant","[{""entity"": ""findings""}, {""entity"": ""fundamental""}, {""entity"": ""LCH""}, {""entity"": ""LCH""}] ","[{""entity"": ""findings""}, {""entity"": ""diagnosis""}, {""entity"": ""LCH""}, {""entity"": ""LCH"
The patient's history revealed swellings and pain at knee joint for nearly last 20 years.,"[{'id': '4442', 'offsets': array([14, 21]), 'role': '', 'semantic_type_id': '', 'text': 'history', 'type': 'EVENT'}
 {'id': '4457', 'offsets': array([22, 30]), 'role': '', 'semantic_type_id': '', 'text': 'revealed', 'type': 'EVENT'}
 {'id': '4472', 'offsets': array([31, 40]), 'role': '', 'semantic_type_id': '', 'text': 'swellings', 'type': 'EVENT'}
 {'id': '4487', 'offsets': array([45, 49]), 'role': '', 'semantic_type_id': '', 'text': 'pain', 'type': 'EVENT'}
 {'id': '5483', 'offsets': array([31, 63]), 'role': '', 'semantic_type_id': 'C0576066', 'text': 'swellings and pain at knee joint', 'type': 'CLINENTITY'}
 {'id': '5490', 'offsets': array([45, 63]), 'role': '', 'semantic_type_id': 'C0231749', 'text': 'pain at knee joint', 'type': 'CLINENTITY'}
 {'id': '5524', 'offsets': array([53, 63]), 'role': '', 'semantic_type_id': '', 'text': 'knee joint', 'type': 'BODYPART'}
 {'id': '5645', 'offsets': array([ 4, 13]), 'role': 'PATIENT', 'semantic_type_id': '', 'text': ""patient's"", 'type': 'ACTOR'}
 {'id': '5678', 'offsets': array([75, 88]), 'role': '', 'semantic_type_id': '', 'text': 'last 20 years', 'type': 'TIMEX3'}]","A seventy two years old male presented to our clinic with swelling, pain, and limitation of movement at knee joint. The patient's history revealed swellings and pain at knee joint for nearly last 20 years. He was prescribed nonsteroidal anti-inflammatory drugs and rest. But pain didn't relieve and limitations in range of motion occurred at knee joint. Physical examination findings included a solid and semi-mobile mass at anterior knee region. Knee joint range of motion was 80 degrees flexion and 0 degrees extension. There wasn't any neurovascular pathology. Antero-posterior and lateral knee X-rays showed degenerative changes and a giant, irregular, calcific mass which started below patella and extended to suprapatellar area. Knee MRI revealed many loose bodies (consistent with synovial chondromatosis) isointense with fatty bone marrow at all sequences at the level of right knee joint. Scalloping was observed at tibial and femoral surfaces. Decision for a surgical intervention was made and after informing the patient, consent was taken. Under spinal anesthesia, a tourniquet was applied to right lower extremity. Right knee was entered with an anterior longitudinal incision. Cutaneous and subcutaneous tissues were passed. Quadriceps mechanism was opened with a medial parapatellar incision and patella was toppled to left side. Intraarticular mass was exposed. The mass was released from surrounding tissues by blunt excision and excised with enucleation. Then synovial tissue was excised with synoviectomy. Surgical area was irrigated using abundant isotonic solution. The excised mass was sent to pathology laboratory. Pathology evaluation showed that the mass was consistent with synovial chondromatosis. Active and passive exercises were started at an early period after surgery. Recurrence was not detected at his last control visit. Knee movements were at full range when compared with the other knee. There was no pain or other complaints.
",EN100247,"<|im_start|>user Extract the entities contained in the text. Extract only entities contained in the text.
Return the result in a json format: [{""entity"":""entity_name""}]. <<The patient's history revealed swellings and pain at knee joint for nearly last 20 years.>>> <|im_end|><|im_start|>assistant[{""entity"": ""history""}, {""entity"": ""revealed""}, {""entity"": ""swellings""}, {""entity"": ""pain""}, {""entity"": ""swellings and pain at knee joint""}, {""entity"": ""pain at knee joint""}, {""entity"": ""knee joint""}, {""entity"": ""patient's""}, {""entity"": ""last 20 years""}] <|im_end|>","<|im_start|>user Extract the entities contained in the text. Extract only entities contained in the text.
Return the result in a json format: [{""entity"":""entity_name""}]. <<<We present a case of a 32-year-old woman with a history of gradual enlargement of the anterior neck.>>> <|im_end|><|im_start|>assistant [{""entity"": ""present""}, {""entity"": ""history""}, {""entity"": ""enlargement""}] <|im_end|>
<|im_start|>user Extract the entities contained in the text. Extract only entities contained in the text.
Return the result in a json format: [{""entity"":""entity_name""}]. <<<Patient information: a 9-month-old boy presented to the emergency room with a 3-day history of refusal to bear weight on the right lower extremity and febrile peaks of up to 38.5°C for 24 hours.>>> <|im_end|><|im_start|>assistant [{""entity"": ""presented""}, {""entity"": ""refusal""}, {""entity"": ""bear""}, {""entity"": ""peaks""}] <|im_end|>
<|im_start|>user Extract the entities contained in the text. Extract only entities contained in the text.
Return the result in a json format: [{""entity"":""entity_name""}]. <<The patient's history revealed swellings and pain at knee joint for nearly last 20 years.>>> <|im_end|><|im_start|>assistant","[{""entity"": ""history""}, {""entity"": ""revealed""}, {""entity"": ""swellings""}, {""entity"": ""pain""}, {""entity"": ""swellings and pain at knee joint""}, {""entity"": ""pain at knee joint""}, {""entity"": ""knee joint""}, {""entity"": ""patient's""}, {""entity"": ""last 20 years""}] ","[{""entity"": ""history""}, {""entity"": ""revealed""}, {""entity"": ""swellings""}, {""entity"": ""pain""},"
But pain didn't relieve and limitations in range of motion occurred at knee joint.,"[{'id': '4547', 'offsets': array([4, 8]), 'role': '', 'semantic_type_id': '', 'text': 'pain', 'type': 'EVENT'}
 {'id': '4562', 'offsets': array([16, 23]), 'role': '', 'semantic_type_id': '', 'text': 'relieve', 'type': 'EVENT'}
 {'id': '4577', 'offsets': array([28, 39]), 'role': '', 'semantic_type_id': '', 'text': 'limitations', 'type': 'EVENT'}
 {'id': '4592', 'offsets': array([59, 67]), 'role': '', 'semantic_type_id': '', 'text': 'occurred', 'type': 'EVENT'}
 {'id': '5497', 'offsets': array([4, 8]), 'role': '', 'semantic_type_id': 'C0030193', 'text': 'pain', 'type': 'CLINENTITY'}
 {'id': '5530', 'offsets': array([71, 81]), 'role': '', 'semantic_type_id': '', 'text': 'knee joint', 'type': 'BODYPART'}]","A seventy two years old male presented to our clinic with swelling, pain, and limitation of movement at knee joint. The patient's history revealed swellings and pain at knee joint for nearly last 20 years. He was prescribed nonsteroidal anti-inflammatory drugs and rest. But pain didn't relieve and limitations in range of motion occurred at knee joint. Physical examination findings included a solid and semi-mobile mass at anterior knee region. Knee joint range of motion was 80 degrees flexion and 0 degrees extension. There wasn't any neurovascular pathology. Antero-posterior and lateral knee X-rays showed degenerative changes and a giant, irregular, calcific mass which started below patella and extended to suprapatellar area. Knee MRI revealed many loose bodies (consistent with synovial chondromatosis) isointense with fatty bone marrow at all sequences at the level of right knee joint. Scalloping was observed at tibial and femoral surfaces. Decision for a surgical intervention was made and after informing the patient, consent was taken. Under spinal anesthesia, a tourniquet was applied to right lower extremity. Right knee was entered with an anterior longitudinal incision. Cutaneous and subcutaneous tissues were passed. Quadriceps mechanism was opened with a medial parapatellar incision and patella was toppled to left side. Intraarticular mass was exposed. The mass was released from surrounding tissues by blunt excision and excised with enucleation. Then synovial tissue was excised with synoviectomy. Surgical area was irrigated using abundant isotonic solution. The excised mass was sent to pathology laboratory. Pathology evaluation showed that the mass was consistent with synovial chondromatosis. Active and passive exercises were started at an early period after surgery. Recurrence was not detected at his last control visit. Knee movements were at full range when compared with the other knee. There was no pain or other complaints.
",EN100247,"<|im_start|>user Extract the entities contained in the text. Extract only entities contained in the text.
Return the result in a json format: [{""entity"":""entity_name""}]. <<But pain didn't relieve and limitations in range of motion occurred at knee joint.>>> <|im_end|><|im_start|>assistant[{""entity"": ""pain""}, {""entity"": ""relieve""}, {""entity"": ""limitations""}, {""entity"": ""occurred""}, {""entity"": ""pain""}, {""entity"": ""knee joint""}] <|im_end|>","<|im_start|>user Extract the entities contained in the text. Extract only entities contained in the text.
Return the result in a json format: [{""entity"":""entity_name""}]. <<<We present a case of a 32-year-old woman with a history of gradual enlargement of the anterior neck.>>> <|im_end|><|im_start|>assistant [{""entity"": ""present""}, {""entity"": ""history""}, {""entity"": ""enlargement""}] <|im_end|>
<|im_start|>user Extract the entities contained in the text. Extract only entities contained in the text.
Return the result in a json format: [{""entity"":""entity_name""}]. <<<Patient information: a 9-month-old boy presented to the emergency room with a 3-day history of refusal to bear weight on the right lower extremity and febrile peaks of up to 38.5°C for 24 hours.>>> <|im_end|><|im_start|>assistant [{""entity"": ""presented""}, {""entity"": ""refusal""}, {""entity"": ""bear""}, {""entity"": ""peaks""}] <|im_end|>
<|im_start|>user Extract the entities contained in the text. Extract only entities contained in the text.
Return the result in a json format: [{""entity"":""entity_name""}]. <<But pain didn't relieve and limitations in range of motion occurred at knee joint.>>> <|im_end|><|im_start|>assistant","[{""entity"": ""pain""}, {""entity"": ""relieve""}, {""entity"": ""limitations""}, {""entity"": ""occurred""}, {""entity"": ""pain""}, {""entity"": ""knee joint""}] ","[{""entity"": ""pain""}, {""entity"": ""relieve""}, {""entity"": ""limitations""}, {""entity"": ""occurred""}, {"""
Physical examination findings included a solid and semi-mobile mass at anterior knee region.,"[{'id': '4607', 'offsets': array([21, 29]), 'role': '', 'semantic_type_id': '', 'text': 'findings', 'type': 'EVENT'}
 {'id': '4622', 'offsets': array([63, 67]), 'role': '', 'semantic_type_id': '', 'text': 'mass', 'type': 'EVENT'}
 {'id': '5536', 'offsets': array([71, 91]), 'role': '', 'semantic_type_id': '', 'text': 'anterior knee region', 'type': 'BODYPART'}]","A seventy two years old male presented to our clinic with swelling, pain, and limitation of movement at knee joint. The patient's history revealed swellings and pain at knee joint for nearly last 20 years. He was prescribed nonsteroidal anti-inflammatory drugs and rest. But pain didn't relieve and limitations in range of motion occurred at knee joint. Physical examination findings included a solid and semi-mobile mass at anterior knee region. Knee joint range of motion was 80 degrees flexion and 0 degrees extension. There wasn't any neurovascular pathology. Antero-posterior and lateral knee X-rays showed degenerative changes and a giant, irregular, calcific mass which started below patella and extended to suprapatellar area. Knee MRI revealed many loose bodies (consistent with synovial chondromatosis) isointense with fatty bone marrow at all sequences at the level of right knee joint. Scalloping was observed at tibial and femoral surfaces. Decision for a surgical intervention was made and after informing the patient, consent was taken. Under spinal anesthesia, a tourniquet was applied to right lower extremity. Right knee was entered with an anterior longitudinal incision. Cutaneous and subcutaneous tissues were passed. Quadriceps mechanism was opened with a medial parapatellar incision and patella was toppled to left side. Intraarticular mass was exposed. The mass was released from surrounding tissues by blunt excision and excised with enucleation. Then synovial tissue was excised with synoviectomy. Surgical area was irrigated using abundant isotonic solution. The excised mass was sent to pathology laboratory. Pathology evaluation showed that the mass was consistent with synovial chondromatosis. Active and passive exercises were started at an early period after surgery. Recurrence was not detected at his last control visit. Knee movements were at full range when compared with the other knee. There was no pain or other complaints.
",EN100247,"<|im_start|>user Extract the entities contained in the text. Extract only entities contained in the text.
Return the result in a json format: [{""entity"":""entity_name""}]. <<Physical examination findings included a solid and semi-mobile mass at anterior knee region.>>> <|im_end|><|im_start|>assistant[{""entity"": ""findings""}, {""entity"": ""mass""}, {""entity"": ""anterior knee region""}] <|im_end|>","<|im_start|>user Extract the entities contained in the text. Extract only entities contained in the text.
Return the result in a json format: [{""entity"":""entity_name""}]. <<<We present a case of a 32-year-old woman with a history of gradual enlargement of the anterior neck.>>> <|im_end|><|im_start|>assistant [{""entity"": ""present""}, {""entity"": ""history""}, {""entity"": ""enlargement""}] <|im_end|>
<|im_start|>user Extract the entities contained in the text. Extract only entities contained in the text.
Return the result in a json format: [{""entity"":""entity_name""}]. <<<Patient information: a 9-month-old boy presented to the emergency room with a 3-day history of refusal to bear weight on the right lower extremity and febrile peaks of up to 38.5°C for 24 hours.>>> <|im_end|><|im_start|>assistant [{""entity"": ""presented""}, {""entity"": ""refusal""}, {""entity"": ""bear""}, {""entity"": ""peaks""}] <|im_end|>
<|im_start|>user Extract the entities contained in the text. Extract only entities contained in the text.
Return the result in a json format: [{""entity"":""entity_name""}]. <<Physical examination findings included a solid and semi-mobile mass at anterior knee region.>>> <|im_end|><|im_start|>assistant","[{""entity"": ""findings""}, {""entity"": ""mass""}, {""entity"": ""anterior knee region""}] ","[{""entity"": ""findings""}, {""entity"": ""mass""}, {""entity"": ""knee""}, {""entity"": ""anterior knee"
Knee joint range of motion was 80 degrees flexion and 0 degrees extension.,"[{'id': '4637', 'offsets': array([11, 16]), 'role': '', 'semantic_type_id': '', 'text': 'range', 'type': 'EVENT'}
 {'id': '4652', 'offsets': array([42, 49]), 'role': '', 'semantic_type_id': '', 'text': 'flexion', 'type': 'EVENT'}
 {'id': '4667', 'offsets': array([64, 73]), 'role': '', 'semantic_type_id': '', 'text': 'extension', 'type': 'EVENT'}
 {'id': '5542', 'offsets': array([ 0, 10]), 'role': '', 'semantic_type_id': '', 'text': 'Knee joint', 'type': 'BODYPART'}
 {'id': '5666', 'offsets': array([31, 41]), 'role': '', 'semantic_type_id': '', 'text': '80 degrees', 'type': 'RML'}
 {'id': '5672', 'offsets': array([54, 63]), 'role': '', 'semantic_type_id': '', 'text': '0 degrees', 'type': 'RML'}]","A seventy two years old male presented to our clinic with swelling, pain, and limitation of movement at knee joint. The patient's history revealed swellings and pain at knee joint for nearly last 20 years. He was prescribed nonsteroidal anti-inflammatory drugs and rest. But pain didn't relieve and limitations in range of motion occurred at knee joint. Physical examination findings included a solid and semi-mobile mass at anterior knee region. Knee joint range of motion was 80 degrees flexion and 0 degrees extension. There wasn't any neurovascular pathology. Antero-posterior and lateral knee X-rays showed degenerative changes and a giant, irregular, calcific mass which started below patella and extended to suprapatellar area. Knee MRI revealed many loose bodies (consistent with synovial chondromatosis) isointense with fatty bone marrow at all sequences at the level of right knee joint. Scalloping was observed at tibial and femoral surfaces. Decision for a surgical intervention was made and after informing the patient, consent was taken. Under spinal anesthesia, a tourniquet was applied to right lower extremity. Right knee was entered with an anterior longitudinal incision. Cutaneous and subcutaneous tissues were passed. Quadriceps mechanism was opened with a medial parapatellar incision and patella was toppled to left side. Intraarticular mass was exposed. The mass was released from surrounding tissues by blunt excision and excised with enucleation. Then synovial tissue was excised with synoviectomy. Surgical area was irrigated using abundant isotonic solution. The excised mass was sent to pathology laboratory. Pathology evaluation showed that the mass was consistent with synovial chondromatosis. Active and passive exercises were started at an early period after surgery. Recurrence was not detected at his last control visit. Knee movements were at full range when compared with the other knee. There was no pain or other complaints.
",EN100247,"<|im_start|>user Extract the entities contained in the text. Extract only entities contained in the text.
Return the result in a json format: [{""entity"":""entity_name""}]. <<Knee joint range of motion was 80 degrees flexion and 0 degrees extension.>>> <|im_end|><|im_start|>assistant[{""entity"": ""range""}, {""entity"": ""flexion""}, {""entity"": ""extension""}, {""entity"": ""Knee joint""}, {""entity"": ""80 degrees""}, {""entity"": ""0 degrees""}] <|im_end|>","<|im_start|>user Extract the entities contained in the text. Extract only entities contained in the text.
Return the result in a json format: [{""entity"":""entity_name""}]. <<<We present a case of a 32-year-old woman with a history of gradual enlargement of the anterior neck.>>> <|im_end|><|im_start|>assistant [{""entity"": ""present""}, {""entity"": ""history""}, {""entity"": ""enlargement""}] <|im_end|>
<|im_start|>user Extract the entities contained in the text. Extract only entities contained in the text.
Return the result in a json format: [{""entity"":""entity_name""}]. <<<Patient information: a 9-month-old boy presented to the emergency room with a 3-day history of refusal to bear weight on the right lower extremity and febrile peaks of up to 38.5°C for 24 hours.>>> <|im_end|><|im_start|>assistant [{""entity"": ""presented""}, {""entity"": ""refusal""}, {""entity"": ""bear""}, {""entity"": ""peaks""}] <|im_end|>
<|im_start|>user Extract the entities contained in the text. Extract only entities contained in the text.
Return the result in a json format: [{""entity"":""entity_name""}]. <<Knee joint range of motion was 80 degrees flexion and 0 degrees extension.>>> <|im_end|><|im_start|>assistant","[{""entity"": ""range""}, {""entity"": ""flexion""}, {""entity"": ""extension""}, {""entity"": ""Knee joint""}, {""entity"": ""80 degrees""}, {""entity"": ""0 degrees""}] ","[{""entity"": ""motion""}, {""entity"": ""flexion""}, {""entity"": ""extension""}, {""entity"": ""Knee joint""}"
There wasn't any neurovascular pathology.,"[{'id': '4682', 'offsets': array([31, 40]), 'role': '', 'semantic_type_id': '', 'text': 'pathology', 'type': 'EVENT'}]","A seventy two years old male presented to our clinic with swelling, pain, and limitation of movement at knee joint. The patient's history revealed swellings and pain at knee joint for nearly last 20 years. He was prescribed nonsteroidal anti-inflammatory drugs and rest. But pain didn't relieve and limitations in range of motion occurred at knee joint. Physical examination findings included a solid and semi-mobile mass at anterior knee region. Knee joint range of motion was 80 degrees flexion and 0 degrees extension. There wasn't any neurovascular pathology. Antero-posterior and lateral knee X-rays showed degenerative changes and a giant, irregular, calcific mass which started below patella and extended to suprapatellar area. Knee MRI revealed many loose bodies (consistent with synovial chondromatosis) isointense with fatty bone marrow at all sequences at the level of right knee joint. Scalloping was observed at tibial and femoral surfaces. Decision for a surgical intervention was made and after informing the patient, consent was taken. Under spinal anesthesia, a tourniquet was applied to right lower extremity. Right knee was entered with an anterior longitudinal incision. Cutaneous and subcutaneous tissues were passed. Quadriceps mechanism was opened with a medial parapatellar incision and patella was toppled to left side. Intraarticular mass was exposed. The mass was released from surrounding tissues by blunt excision and excised with enucleation. Then synovial tissue was excised with synoviectomy. Surgical area was irrigated using abundant isotonic solution. The excised mass was sent to pathology laboratory. Pathology evaluation showed that the mass was consistent with synovial chondromatosis. Active and passive exercises were started at an early period after surgery. Recurrence was not detected at his last control visit. Knee movements were at full range when compared with the other knee. There was no pain or other complaints.
",EN100247,"<|im_start|>user Extract the entities contained in the text. Extract only entities contained in the text.
Return the result in a json format: [{""entity"":""entity_name""}]. <<There wasn't any neurovascular pathology.>>> <|im_end|><|im_start|>assistant[{""entity"": ""pathology""}] <|im_end|>","<|im_start|>user Extract the entities contained in the text. Extract only entities contained in the text.
Return the result in a json format: [{""entity"":""entity_name""}]. <<<We present a case of a 32-year-old woman with a history of gradual enlargement of the anterior neck.>>> <|im_end|><|im_start|>assistant [{""entity"": ""present""}, {""entity"": ""history""}, {""entity"": ""enlargement""}] <|im_end|>
<|im_start|>user Extract the entities contained in the text. Extract only entities contained in the text.
Return the result in a json format: [{""entity"":""entity_name""}]. <<<Patient information: a 9-month-old boy presented to the emergency room with a 3-day history of refusal to bear weight on the right lower extremity and febrile peaks of up to 38.5°C for 24 hours.>>> <|im_end|><|im_start|>assistant [{""entity"": ""presented""}, {""entity"": ""refusal""}, {""entity"": ""bear""}, {""entity"": ""peaks""}] <|im_end|>
<|im_start|>user Extract the entities contained in the text. Extract only entities contained in the text.
Return the result in a json format: [{""entity"":""entity_name""}]. <<There wasn't any neurovascular pathology.>>> <|im_end|><|im_start|>assistant","[{""entity"": ""pathology""}] ","[{""entity"": ""pathology""}, {""entity"": ""neurovascular pathology""}] <|im_end|><|im_end|><|im_end|><|im_end|><|im_end|><|im_end|><|im_end|><|im_end|><|im_end|>"
Knee MRI revealed many loose bodies (consistent with synovial chondromatosis) isointense with fatty bone marrow at all sequences at the level of right knee joint.,"[{'id': '4787', 'offsets': array([5, 8]), 'role': '', 'semantic_type_id': '', 'text': 'MRI', 'type': 'EVENT'}
 {'id': '4802', 'offsets': array([ 9, 17]), 'role': '', 'semantic_type_id': '', 'text': 'revealed', 'type': 'EVENT'}
 {'id': '4817', 'offsets': array([29, 35]), 'role': '', 'semantic_type_id': '', 'text': 'bodies', 'type': 'EVENT'}
 {'id': '4832', 'offsets': array([62, 76]), 'role': '', 'semantic_type_id': '', 'text': 'chondromatosis', 'type': 'EVENT'}
 {'id': '5504', 'offsets': array([53, 76]), 'role': '', 'semantic_type_id': 'C0008476', 'text': 'synovial chondromatosis', 'type': 'CLINENTITY'}
 {'id': '5566', 'offsets': array([0, 4]), 'role': '', 'semantic_type_id': '', 'text': 'Knee', 'type': 'BODYPART'}
 {'id': '5572', 'offsets': array([ 94, 111]), 'role': '', 'semantic_type_id': '', 'text': 'fatty bone marrow', 'type': 'BODYPART'}
 {'id': '5578', 'offsets': array([145, 161]), 'role': '', 'semantic_type_id': '', 'text': 'right knee joint', 'type': 'BODYPART'}]","A seventy two years old male presented to our clinic with swelling, pain, and limitation of movement at knee joint. The patient's history revealed swellings and pain at knee joint for nearly last 20 years. He was prescribed nonsteroidal anti-inflammatory drugs and rest. But pain didn't relieve and limitations in range of motion occurred at knee joint. Physical examination findings included a solid and semi-mobile mass at anterior knee region. Knee joint range of motion was 80 degrees flexion and 0 degrees extension. There wasn't any neurovascular pathology. Antero-posterior and lateral knee X-rays showed degenerative changes and a giant, irregular, calcific mass which started below patella and extended to suprapatellar area. Knee MRI revealed many loose bodies (consistent with synovial chondromatosis) isointense with fatty bone marrow at all sequences at the level of right knee joint. Scalloping was observed at tibial and femoral surfaces. Decision for a surgical intervention was made and after informing the patient, consent was taken. Under spinal anesthesia, a tourniquet was applied to right lower extremity. Right knee was entered with an anterior longitudinal incision. Cutaneous and subcutaneous tissues were passed. Quadriceps mechanism was opened with a medial parapatellar incision and patella was toppled to left side. Intraarticular mass was exposed. The mass was released from surrounding tissues by blunt excision and excised with enucleation. Then synovial tissue was excised with synoviectomy. Surgical area was irrigated using abundant isotonic solution. The excised mass was sent to pathology laboratory. Pathology evaluation showed that the mass was consistent with synovial chondromatosis. Active and passive exercises were started at an early period after surgery. Recurrence was not detected at his last control visit. Knee movements were at full range when compared with the other knee. There was no pain or other complaints.
",EN100247,"<|im_start|>user Extract the entities contained in the text. Extract only entities contained in the text.
Return the result in a json format: [{""entity"":""entity_name""}]. <<Knee MRI revealed many loose bodies (consistent with synovial chondromatosis) isointense with fatty bone marrow at all sequences at the level of right knee joint.>>> <|im_end|><|im_start|>assistant[{""entity"": ""MRI""}, {""entity"": ""revealed""}, {""entity"": ""bodies""}, {""entity"": ""chondromatosis""}, {""entity"": ""synovial chondromatosis""}, {""entity"": ""Knee""}, {""entity"": ""fatty bone marrow""}, {""entity"": ""right knee joint""}] <|im_end|>","<|im_start|>user Extract the entities contained in the text. Extract only entities contained in the text.
Return the result in a json format: [{""entity"":""entity_name""}]. <<<We present a case of a 32-year-old woman with a history of gradual enlargement of the anterior neck.>>> <|im_end|><|im_start|>assistant [{""entity"": ""present""}, {""entity"": ""history""}, {""entity"": ""enlargement""}] <|im_end|>
<|im_start|>user Extract the entities contained in the text. Extract only entities contained in the text.
Return the result in a json format: [{""entity"":""entity_name""}]. <<<Patient information: a 9-month-old boy presented to the emergency room with a 3-day history of refusal to bear weight on the right lower extremity and febrile peaks of up to 38.5°C for 24 hours.>>> <|im_end|><|im_start|>assistant [{""entity"": ""presented""}, {""entity"": ""refusal""}, {""entity"": ""bear""}, {""entity"": ""peaks""}] <|im_end|>
<|im_start|>user Extract the entities contained in the text. Extract only entities contained in the text.
Return the result in a json format: [{""entity"":""entity_name""}]. <<Knee MRI revealed many loose bodies (consistent with synovial chondromatosis) isointense with fatty bone marrow at all sequences at the level of right knee joint.>>> <|im_end|><|im_start|>assistant","[{""entity"": ""MRI""}, {""entity"": ""revealed""}, {""entity"": ""bodies""}, {""entity"": ""chondromatosis""}, {""entity"": ""synovial chondromatosis""}, {""entity"": ""Knee""}, {""entity"": ""fatty bone marrow""}, {""entity"": ""right knee joint""}] ","[{""entity"": ""MRI""}, {""entity"": ""revealed""}, {""entity"": ""bodies""}, {""entity"": ""chondrom"
"Decision for a surgical intervention was made and after informing the patient, consent was taken.","[{'id': '4877', 'offsets': array([24, 36]), 'role': '', 'semantic_type_id': '', 'text': 'intervention', 'type': 'EVENT'}
 {'id': '4892', 'offsets': array([56, 65]), 'role': '', 'semantic_type_id': '', 'text': 'informing', 'type': 'EVENT'}
 {'id': '4907', 'offsets': array([79, 86]), 'role': '', 'semantic_type_id': '', 'text': 'consent', 'type': 'EVENT'}
 {'id': '5659', 'offsets': array([66, 77]), 'role': 'PATIENT', 'semantic_type_id': '', 'text': 'the patient', 'type': 'ACTOR'}]","A seventy two years old male presented to our clinic with swelling, pain, and limitation of movement at knee joint. The patient's history revealed swellings and pain at knee joint for nearly last 20 years. He was prescribed nonsteroidal anti-inflammatory drugs and rest. But pain didn't relieve and limitations in range of motion occurred at knee joint. Physical examination findings included a solid and semi-mobile mass at anterior knee region. Knee joint range of motion was 80 degrees flexion and 0 degrees extension. There wasn't any neurovascular pathology. Antero-posterior and lateral knee X-rays showed degenerative changes and a giant, irregular, calcific mass which started below patella and extended to suprapatellar area. Knee MRI revealed many loose bodies (consistent with synovial chondromatosis) isointense with fatty bone marrow at all sequences at the level of right knee joint. Scalloping was observed at tibial and femoral surfaces. Decision for a surgical intervention was made and after informing the patient, consent was taken. Under spinal anesthesia, a tourniquet was applied to right lower extremity. Right knee was entered with an anterior longitudinal incision. Cutaneous and subcutaneous tissues were passed. Quadriceps mechanism was opened with a medial parapatellar incision and patella was toppled to left side. Intraarticular mass was exposed. The mass was released from surrounding tissues by blunt excision and excised with enucleation. Then synovial tissue was excised with synoviectomy. Surgical area was irrigated using abundant isotonic solution. The excised mass was sent to pathology laboratory. Pathology evaluation showed that the mass was consistent with synovial chondromatosis. Active and passive exercises were started at an early period after surgery. Recurrence was not detected at his last control visit. Knee movements were at full range when compared with the other knee. There was no pain or other complaints.
",EN100247,"<|im_start|>user Extract the entities contained in the text. Extract only entities contained in the text.
Return the result in a json format: [{""entity"":""entity_name""}]. <<Decision for a surgical intervention was made and after informing the patient, consent was taken.>>> <|im_end|><|im_start|>assistant[{""entity"": ""intervention""}, {""entity"": ""informing""}, {""entity"": ""consent""}, {""entity"": ""the patient""}] <|im_end|>","<|im_start|>user Extract the entities contained in the text. Extract only entities contained in the text.
Return the result in a json format: [{""entity"":""entity_name""}]. <<<We present a case of a 32-year-old woman with a history of gradual enlargement of the anterior neck.>>> <|im_end|><|im_start|>assistant [{""entity"": ""present""}, {""entity"": ""history""}, {""entity"": ""enlargement""}] <|im_end|>
<|im_start|>user Extract the entities contained in the text. Extract only entities contained in the text.
Return the result in a json format: [{""entity"":""entity_name""}]. <<<Patient information: a 9-month-old boy presented to the emergency room with a 3-day history of refusal to bear weight on the right lower extremity and febrile peaks of up to 38.5°C for 24 hours.>>> <|im_end|><|im_start|>assistant [{""entity"": ""presented""}, {""entity"": ""refusal""}, {""entity"": ""bear""}, {""entity"": ""peaks""}] <|im_end|>
<|im_start|>user Extract the entities contained in the text. Extract only entities contained in the text.
Return the result in a json format: [{""entity"":""entity_name""}]. <<Decision for a surgical intervention was made and after informing the patient, consent was taken.>>> <|im_end|><|im_start|>assistant","[{""entity"": ""intervention""}, {""entity"": ""informing""}, {""entity"": ""consent""}, {""entity"": ""the patient""}] ","[{""entity"": ""intervention""}, {""entity"": ""informing""}, {""entity"": ""taken""}, {""entity"": ""the patient""},"
"Under spinal anesthesia, a tourniquet was applied to right lower extremity.","[{'id': '4922', 'offsets': array([13, 23]), 'role': '', 'semantic_type_id': '', 'text': 'anesthesia', 'type': 'EVENT'}
 {'id': '4937', 'offsets': array([42, 49]), 'role': '', 'semantic_type_id': '', 'text': 'applied', 'type': 'EVENT'}
 {'id': '5584', 'offsets': array([53, 74]), 'role': '', 'semantic_type_id': '', 'text': 'right lower extremity', 'type': 'BODYPART'}]","A seventy two years old male presented to our clinic with swelling, pain, and limitation of movement at knee joint. The patient's history revealed swellings and pain at knee joint for nearly last 20 years. He was prescribed nonsteroidal anti-inflammatory drugs and rest. But pain didn't relieve and limitations in range of motion occurred at knee joint. Physical examination findings included a solid and semi-mobile mass at anterior knee region. Knee joint range of motion was 80 degrees flexion and 0 degrees extension. There wasn't any neurovascular pathology. Antero-posterior and lateral knee X-rays showed degenerative changes and a giant, irregular, calcific mass which started below patella and extended to suprapatellar area. Knee MRI revealed many loose bodies (consistent with synovial chondromatosis) isointense with fatty bone marrow at all sequences at the level of right knee joint. Scalloping was observed at tibial and femoral surfaces. Decision for a surgical intervention was made and after informing the patient, consent was taken. Under spinal anesthesia, a tourniquet was applied to right lower extremity. Right knee was entered with an anterior longitudinal incision. Cutaneous and subcutaneous tissues were passed. Quadriceps mechanism was opened with a medial parapatellar incision and patella was toppled to left side. Intraarticular mass was exposed. The mass was released from surrounding tissues by blunt excision and excised with enucleation. Then synovial tissue was excised with synoviectomy. Surgical area was irrigated using abundant isotonic solution. The excised mass was sent to pathology laboratory. Pathology evaluation showed that the mass was consistent with synovial chondromatosis. Active and passive exercises were started at an early period after surgery. Recurrence was not detected at his last control visit. Knee movements were at full range when compared with the other knee. There was no pain or other complaints.
",EN100247,"<|im_start|>user Extract the entities contained in the text. Extract only entities contained in the text.
Return the result in a json format: [{""entity"":""entity_name""}]. <<Under spinal anesthesia, a tourniquet was applied to right lower extremity.>>> <|im_end|><|im_start|>assistant[{""entity"": ""anesthesia""}, {""entity"": ""applied""}, {""entity"": ""right lower extremity""}] <|im_end|>","<|im_start|>user Extract the entities contained in the text. Extract only entities contained in the text.
Return the result in a json format: [{""entity"":""entity_name""}]. <<<We present a case of a 32-year-old woman with a history of gradual enlargement of the anterior neck.>>> <|im_end|><|im_start|>assistant [{""entity"": ""present""}, {""entity"": ""history""}, {""entity"": ""enlargement""}] <|im_end|>
<|im_start|>user Extract the entities contained in the text. Extract only entities contained in the text.
Return the result in a json format: [{""entity"":""entity_name""}]. <<<Patient information: a 9-month-old boy presented to the emergency room with a 3-day history of refusal to bear weight on the right lower extremity and febrile peaks of up to 38.5°C for 24 hours.>>> <|im_end|><|im_start|>assistant [{""entity"": ""presented""}, {""entity"": ""refusal""}, {""entity"": ""bear""}, {""entity"": ""peaks""}] <|im_end|>
<|im_start|>user Extract the entities contained in the text. Extract only entities contained in the text.
Return the result in a json format: [{""entity"":""entity_name""}]. <<Under spinal anesthesia, a tourniquet was applied to right lower extremity.>>> <|im_end|><|im_start|>assistant","[{""entity"": ""anesthesia""}, {""entity"": ""applied""}, {""entity"": ""right lower extremity""}] ","[{""entity"": ""anesthesia""}, {""entity"": ""tourniquet""}, {""entity"": ""applied""}, {""entity"": """
Right knee was entered with an anterior longitudinal incision.,"[{'id': '4952', 'offsets': array([15, 22]), 'role': '', 'semantic_type_id': '', 'text': 'entered', 'type': 'EVENT'}
 {'id': '4967', 'offsets': array([53, 61]), 'role': '', 'semantic_type_id': '', 'text': 'incision', 'type': 'EVENT'}
 {'id': '5590', 'offsets': array([ 0, 10]), 'role': '', 'semantic_type_id': '', 'text': 'Right knee', 'type': 'BODYPART'}]","A seventy two years old male presented to our clinic with swelling, pain, and limitation of movement at knee joint. The patient's history revealed swellings and pain at knee joint for nearly last 20 years. He was prescribed nonsteroidal anti-inflammatory drugs and rest. But pain didn't relieve and limitations in range of motion occurred at knee joint. Physical examination findings included a solid and semi-mobile mass at anterior knee region. Knee joint range of motion was 80 degrees flexion and 0 degrees extension. There wasn't any neurovascular pathology. Antero-posterior and lateral knee X-rays showed degenerative changes and a giant, irregular, calcific mass which started below patella and extended to suprapatellar area. Knee MRI revealed many loose bodies (consistent with synovial chondromatosis) isointense with fatty bone marrow at all sequences at the level of right knee joint. Scalloping was observed at tibial and femoral surfaces. Decision for a surgical intervention was made and after informing the patient, consent was taken. Under spinal anesthesia, a tourniquet was applied to right lower extremity. Right knee was entered with an anterior longitudinal incision. Cutaneous and subcutaneous tissues were passed. Quadriceps mechanism was opened with a medial parapatellar incision and patella was toppled to left side. Intraarticular mass was exposed. The mass was released from surrounding tissues by blunt excision and excised with enucleation. Then synovial tissue was excised with synoviectomy. Surgical area was irrigated using abundant isotonic solution. The excised mass was sent to pathology laboratory. Pathology evaluation showed that the mass was consistent with synovial chondromatosis. Active and passive exercises were started at an early period after surgery. Recurrence was not detected at his last control visit. Knee movements were at full range when compared with the other knee. There was no pain or other complaints.
",EN100247,"<|im_start|>user Extract the entities contained in the text. Extract only entities contained in the text.
Return the result in a json format: [{""entity"":""entity_name""}]. <<Right knee was entered with an anterior longitudinal incision.>>> <|im_end|><|im_start|>assistant[{""entity"": ""entered""}, {""entity"": ""incision""}, {""entity"": ""Right knee""}] <|im_end|>","<|im_start|>user Extract the entities contained in the text. Extract only entities contained in the text.
Return the result in a json format: [{""entity"":""entity_name""}]. <<<We present a case of a 32-year-old woman with a history of gradual enlargement of the anterior neck.>>> <|im_end|><|im_start|>assistant [{""entity"": ""present""}, {""entity"": ""history""}, {""entity"": ""enlargement""}] <|im_end|>
<|im_start|>user Extract the entities contained in the text. Extract only entities contained in the text.
Return the result in a json format: [{""entity"":""entity_name""}]. <<<Patient information: a 9-month-old boy presented to the emergency room with a 3-day history of refusal to bear weight on the right lower extremity and febrile peaks of up to 38.5°C for 24 hours.>>> <|im_end|><|im_start|>assistant [{""entity"": ""presented""}, {""entity"": ""refusal""}, {""entity"": ""bear""}, {""entity"": ""peaks""}] <|im_end|>
<|im_start|>user Extract the entities contained in the text. Extract only entities contained in the text.
Return the result in a json format: [{""entity"":""entity_name""}]. <<Right knee was entered with an anterior longitudinal incision.>>> <|im_end|><|im_start|>assistant","[{""entity"": ""entered""}, {""entity"": ""incision""}, {""entity"": ""Right knee""}] ","[{""entity"": ""entered""}, {""entity"": ""incision""}, {""entity"": ""knee""}] <|im_end|><|im_end|><|im_end|><|im_end|><|im_end|>"
Cutaneous and subcutaneous tissues were passed.,"[{'id': '4982', 'offsets': array([40, 46]), 'role': '', 'semantic_type_id': '', 'text': 'passed', 'type': 'EVENT'}
 {'id': '5596', 'offsets': array([ 0, 34]), 'role': '', 'semantic_type_id': '', 'text': 'Cutaneous and subcutaneous tissues', 'type': 'BODYPART'}]","A seventy two years old male presented to our clinic with swelling, pain, and limitation of movement at knee joint. The patient's history revealed swellings and pain at knee joint for nearly last 20 years. He was prescribed nonsteroidal anti-inflammatory drugs and rest. But pain didn't relieve and limitations in range of motion occurred at knee joint. Physical examination findings included a solid and semi-mobile mass at anterior knee region. Knee joint range of motion was 80 degrees flexion and 0 degrees extension. There wasn't any neurovascular pathology. Antero-posterior and lateral knee X-rays showed degenerative changes and a giant, irregular, calcific mass which started below patella and extended to suprapatellar area. Knee MRI revealed many loose bodies (consistent with synovial chondromatosis) isointense with fatty bone marrow at all sequences at the level of right knee joint. Scalloping was observed at tibial and femoral surfaces. Decision for a surgical intervention was made and after informing the patient, consent was taken. Under spinal anesthesia, a tourniquet was applied to right lower extremity. Right knee was entered with an anterior longitudinal incision. Cutaneous and subcutaneous tissues were passed. Quadriceps mechanism was opened with a medial parapatellar incision and patella was toppled to left side. Intraarticular mass was exposed. The mass was released from surrounding tissues by blunt excision and excised with enucleation. Then synovial tissue was excised with synoviectomy. Surgical area was irrigated using abundant isotonic solution. The excised mass was sent to pathology laboratory. Pathology evaluation showed that the mass was consistent with synovial chondromatosis. Active and passive exercises were started at an early period after surgery. Recurrence was not detected at his last control visit. Knee movements were at full range when compared with the other knee. There was no pain or other complaints.
",EN100247,"<|im_start|>user Extract the entities contained in the text. Extract only entities contained in the text.
Return the result in a json format: [{""entity"":""entity_name""}]. <<Cutaneous and subcutaneous tissues were passed.>>> <|im_end|><|im_start|>assistant[{""entity"": ""passed""}, {""entity"": ""Cutaneous and subcutaneous tissues""}] <|im_end|>","<|im_start|>user Extract the entities contained in the text. Extract only entities contained in the text.
Return the result in a json format: [{""entity"":""entity_name""}]. <<<We present a case of a 32-year-old woman with a history of gradual enlargement of the anterior neck.>>> <|im_end|><|im_start|>assistant [{""entity"": ""present""}, {""entity"": ""history""}, {""entity"": ""enlargement""}] <|im_end|>
<|im_start|>user Extract the entities contained in the text. Extract only entities contained in the text.
Return the result in a json format: [{""entity"":""entity_name""}]. <<<Patient information: a 9-month-old boy presented to the emergency room with a 3-day history of refusal to bear weight on the right lower extremity and febrile peaks of up to 38.5°C for 24 hours.>>> <|im_end|><|im_start|>assistant [{""entity"": ""presented""}, {""entity"": ""refusal""}, {""entity"": ""bear""}, {""entity"": ""peaks""}] <|im_end|>
<|im_start|>user Extract the entities contained in the text. Extract only entities contained in the text.
Return the result in a json format: [{""entity"":""entity_name""}]. <<Cutaneous and subcutaneous tissues were passed.>>> <|im_end|><|im_start|>assistant","[{""entity"": ""passed""}, {""entity"": ""Cutaneous and subcutaneous tissues""}] ","[{""entity"": ""tissues""}, {""entity"": ""passed""}] <|im_end|><|im_end|><|im_end|><|im_end|><|im_end|><|im_end|><|im_end|><|im_end|><|im_end|><|im_end|><|im_end|><|im_end|>"
Quadriceps mechanism was opened with a medial parapatellar incision and patella was toppled to left side.,"[{'id': '4997', 'offsets': array([25, 31]), 'role': '', 'semantic_type_id': '', 'text': 'opened', 'type': 'EVENT'}
 {'id': '5012', 'offsets': array([59, 67]), 'role': '', 'semantic_type_id': '', 'text': 'incision', 'type': 'EVENT'}
 {'id': '5027', 'offsets': array([84, 91]), 'role': '', 'semantic_type_id': '', 'text': 'toppled', 'type': 'EVENT'}
 {'id': '5602', 'offsets': array([ 0, 10]), 'role': '', 'semantic_type_id': '', 'text': 'Quadriceps', 'type': 'BODYPART'}
 {'id': '5608', 'offsets': array([72, 79]), 'role': '', 'semantic_type_id': '', 'text': 'patella', 'type': 'BODYPART'}]","A seventy two years old male presented to our clinic with swelling, pain, and limitation of movement at knee joint. The patient's history revealed swellings and pain at knee joint for nearly last 20 years. He was prescribed nonsteroidal anti-inflammatory drugs and rest. But pain didn't relieve and limitations in range of motion occurred at knee joint. Physical examination findings included a solid and semi-mobile mass at anterior knee region. Knee joint range of motion was 80 degrees flexion and 0 degrees extension. There wasn't any neurovascular pathology. Antero-posterior and lateral knee X-rays showed degenerative changes and a giant, irregular, calcific mass which started below patella and extended to suprapatellar area. Knee MRI revealed many loose bodies (consistent with synovial chondromatosis) isointense with fatty bone marrow at all sequences at the level of right knee joint. Scalloping was observed at tibial and femoral surfaces. Decision for a surgical intervention was made and after informing the patient, consent was taken. Under spinal anesthesia, a tourniquet was applied to right lower extremity. Right knee was entered with an anterior longitudinal incision. Cutaneous and subcutaneous tissues were passed. Quadriceps mechanism was opened with a medial parapatellar incision and patella was toppled to left side. Intraarticular mass was exposed. The mass was released from surrounding tissues by blunt excision and excised with enucleation. Then synovial tissue was excised with synoviectomy. Surgical area was irrigated using abundant isotonic solution. The excised mass was sent to pathology laboratory. Pathology evaluation showed that the mass was consistent with synovial chondromatosis. Active and passive exercises were started at an early period after surgery. Recurrence was not detected at his last control visit. Knee movements were at full range when compared with the other knee. There was no pain or other complaints.
",EN100247,"<|im_start|>user Extract the entities contained in the text. Extract only entities contained in the text.
Return the result in a json format: [{""entity"":""entity_name""}]. <<Quadriceps mechanism was opened with a medial parapatellar incision and patella was toppled to left side.>>> <|im_end|><|im_start|>assistant[{""entity"": ""opened""}, {""entity"": ""incision""}, {""entity"": ""toppled""}, {""entity"": ""Quadriceps""}, {""entity"": ""patella""}] <|im_end|>","<|im_start|>user Extract the entities contained in the text. Extract only entities contained in the text.
Return the result in a json format: [{""entity"":""entity_name""}]. <<<We present a case of a 32-year-old woman with a history of gradual enlargement of the anterior neck.>>> <|im_end|><|im_start|>assistant [{""entity"": ""present""}, {""entity"": ""history""}, {""entity"": ""enlargement""}] <|im_end|>
<|im_start|>user Extract the entities contained in the text. Extract only entities contained in the text.
Return the result in a json format: [{""entity"":""entity_name""}]. <<<Patient information: a 9-month-old boy presented to the emergency room with a 3-day history of refusal to bear weight on the right lower extremity and febrile peaks of up to 38.5°C for 24 hours.>>> <|im_end|><|im_start|>assistant [{""entity"": ""presented""}, {""entity"": ""refusal""}, {""entity"": ""bear""}, {""entity"": ""peaks""}] <|im_end|>
<|im_start|>user Extract the entities contained in the text. Extract only entities contained in the text.
Return the result in a json format: [{""entity"":""entity_name""}]. <<Quadriceps mechanism was opened with a medial parapatellar incision and patella was toppled to left side.>>> <|im_end|><|im_start|>assistant","[{""entity"": ""opened""}, {""entity"": ""incision""}, {""entity"": ""toppled""}, {""entity"": ""Quadriceps""}, {""entity"": ""patella""}] ","[{""entity"": ""opened""}, {""entity"": ""incision""}, {""entity"": ""toppled""}, {""entity"": ""side""}, {"""
The mass was released from surrounding tissues by blunt excision and excised with enucleation.,"[{'id': '5072', 'offsets': array([4, 8]), 'role': '', 'semantic_type_id': '', 'text': 'mass', 'type': 'EVENT'}
 {'id': '5087', 'offsets': array([13, 21]), 'role': '', 'semantic_type_id': '', 'text': 'released', 'type': 'EVENT'}
 {'id': '5102', 'offsets': array([56, 64]), 'role': '', 'semantic_type_id': '', 'text': 'excision', 'type': 'EVENT'}
 {'id': '5117', 'offsets': array([69, 76]), 'role': '', 'semantic_type_id': '', 'text': 'excised', 'type': 'EVENT'}
 {'id': '5132', 'offsets': array([82, 93]), 'role': '', 'semantic_type_id': '', 'text': 'enucleation', 'type': 'EVENT'}
 {'id': '5614', 'offsets': array([27, 46]), 'role': '', 'semantic_type_id': '', 'text': 'surrounding tissues', 'type': 'BODYPART'}]","A seventy two years old male presented to our clinic with swelling, pain, and limitation of movement at knee joint. The patient's history revealed swellings and pain at knee joint for nearly last 20 years. He was prescribed nonsteroidal anti-inflammatory drugs and rest. But pain didn't relieve and limitations in range of motion occurred at knee joint. Physical examination findings included a solid and semi-mobile mass at anterior knee region. Knee joint range of motion was 80 degrees flexion and 0 degrees extension. There wasn't any neurovascular pathology. Antero-posterior and lateral knee X-rays showed degenerative changes and a giant, irregular, calcific mass which started below patella and extended to suprapatellar area. Knee MRI revealed many loose bodies (consistent with synovial chondromatosis) isointense with fatty bone marrow at all sequences at the level of right knee joint. Scalloping was observed at tibial and femoral surfaces. Decision for a surgical intervention was made and after informing the patient, consent was taken. Under spinal anesthesia, a tourniquet was applied to right lower extremity. Right knee was entered with an anterior longitudinal incision. Cutaneous and subcutaneous tissues were passed. Quadriceps mechanism was opened with a medial parapatellar incision and patella was toppled to left side. Intraarticular mass was exposed. The mass was released from surrounding tissues by blunt excision and excised with enucleation. Then synovial tissue was excised with synoviectomy. Surgical area was irrigated using abundant isotonic solution. The excised mass was sent to pathology laboratory. Pathology evaluation showed that the mass was consistent with synovial chondromatosis. Active and passive exercises were started at an early period after surgery. Recurrence was not detected at his last control visit. Knee movements were at full range when compared with the other knee. There was no pain or other complaints.
",EN100247,"<|im_start|>user Extract the entities contained in the text. Extract only entities contained in the text.
Return the result in a json format: [{""entity"":""entity_name""}]. <<The mass was released from surrounding tissues by blunt excision and excised with enucleation.>>> <|im_end|><|im_start|>assistant[{""entity"": ""mass""}, {""entity"": ""released""}, {""entity"": ""excision""}, {""entity"": ""excised""}, {""entity"": ""enucleation""}, {""entity"": ""surrounding tissues""}] <|im_end|>","<|im_start|>user Extract the entities contained in the text. Extract only entities contained in the text.
Return the result in a json format: [{""entity"":""entity_name""}]. <<<We present a case of a 32-year-old woman with a history of gradual enlargement of the anterior neck.>>> <|im_end|><|im_start|>assistant [{""entity"": ""present""}, {""entity"": ""history""}, {""entity"": ""enlargement""}] <|im_end|>
<|im_start|>user Extract the entities contained in the text. Extract only entities contained in the text.
Return the result in a json format: [{""entity"":""entity_name""}]. <<<Patient information: a 9-month-old boy presented to the emergency room with a 3-day history of refusal to bear weight on the right lower extremity and febrile peaks of up to 38.5°C for 24 hours.>>> <|im_end|><|im_start|>assistant [{""entity"": ""presented""}, {""entity"": ""refusal""}, {""entity"": ""bear""}, {""entity"": ""peaks""}] <|im_end|>
<|im_start|>user Extract the entities contained in the text. Extract only entities contained in the text.
Return the result in a json format: [{""entity"":""entity_name""}]. <<The mass was released from surrounding tissues by blunt excision and excised with enucleation.>>> <|im_end|><|im_start|>assistant","[{""entity"": ""mass""}, {""entity"": ""released""}, {""entity"": ""excision""}, {""entity"": ""excised""}, {""entity"": ""enucleation""}, {""entity"": ""surrounding tissues""}] ","[{""entity"": ""released""}, {""entity"": ""excised""}, {""entity"": ""enucleation""}, {""entity"": ""The mass"
Then synovial tissue was excised with synoviectomy.,"[{'id': '5147', 'offsets': array([25, 32]), 'role': '', 'semantic_type_id': '', 'text': 'excised', 'type': 'EVENT'}
 {'id': '5162', 'offsets': array([38, 50]), 'role': '', 'semantic_type_id': '', 'text': 'synoviectomy', 'type': 'EVENT'}
 {'id': '5620', 'offsets': array([ 5, 20]), 'role': '', 'semantic_type_id': '', 'text': 'synovial tissue', 'type': 'BODYPART'}]","A seventy two years old male presented to our clinic with swelling, pain, and limitation of movement at knee joint. The patient's history revealed swellings and pain at knee joint for nearly last 20 years. He was prescribed nonsteroidal anti-inflammatory drugs and rest. But pain didn't relieve and limitations in range of motion occurred at knee joint. Physical examination findings included a solid and semi-mobile mass at anterior knee region. Knee joint range of motion was 80 degrees flexion and 0 degrees extension. There wasn't any neurovascular pathology. Antero-posterior and lateral knee X-rays showed degenerative changes and a giant, irregular, calcific mass which started below patella and extended to suprapatellar area. Knee MRI revealed many loose bodies (consistent with synovial chondromatosis) isointense with fatty bone marrow at all sequences at the level of right knee joint. Scalloping was observed at tibial and femoral surfaces. Decision for a surgical intervention was made and after informing the patient, consent was taken. Under spinal anesthesia, a tourniquet was applied to right lower extremity. Right knee was entered with an anterior longitudinal incision. Cutaneous and subcutaneous tissues were passed. Quadriceps mechanism was opened with a medial parapatellar incision and patella was toppled to left side. Intraarticular mass was exposed. The mass was released from surrounding tissues by blunt excision and excised with enucleation. Then synovial tissue was excised with synoviectomy. Surgical area was irrigated using abundant isotonic solution. The excised mass was sent to pathology laboratory. Pathology evaluation showed that the mass was consistent with synovial chondromatosis. Active and passive exercises were started at an early period after surgery. Recurrence was not detected at his last control visit. Knee movements were at full range when compared with the other knee. There was no pain or other complaints.
",EN100247,"<|im_start|>user Extract the entities contained in the text. Extract only entities contained in the text.
Return the result in a json format: [{""entity"":""entity_name""}]. <<Then synovial tissue was excised with synoviectomy.>>> <|im_end|><|im_start|>assistant[{""entity"": ""excised""}, {""entity"": ""synoviectomy""}, {""entity"": ""synovial tissue""}] <|im_end|>","<|im_start|>user Extract the entities contained in the text. Extract only entities contained in the text.
Return the result in a json format: [{""entity"":""entity_name""}]. <<<We present a case of a 32-year-old woman with a history of gradual enlargement of the anterior neck.>>> <|im_end|><|im_start|>assistant [{""entity"": ""present""}, {""entity"": ""history""}, {""entity"": ""enlargement""}] <|im_end|>
<|im_start|>user Extract the entities contained in the text. Extract only entities contained in the text.
Return the result in a json format: [{""entity"":""entity_name""}]. <<<Patient information: a 9-month-old boy presented to the emergency room with a 3-day history of refusal to bear weight on the right lower extremity and febrile peaks of up to 38.5°C for 24 hours.>>> <|im_end|><|im_start|>assistant [{""entity"": ""presented""}, {""entity"": ""refusal""}, {""entity"": ""bear""}, {""entity"": ""peaks""}] <|im_end|>
<|im_start|>user Extract the entities contained in the text. Extract only entities contained in the text.
Return the result in a json format: [{""entity"":""entity_name""}]. <<Then synovial tissue was excised with synoviectomy.>>> <|im_end|><|im_start|>assistant","[{""entity"": ""excised""}, {""entity"": ""synoviectomy""}, {""entity"": ""synovial tissue""}] ","[{""entity"": ""excised""}, {""entity"": ""synoviectomy""}, {""entity"": ""synovial tissue""}] <|im_end|>"
Surgical area was irrigated using abundant isotonic solution.,"[{'id': '5177', 'offsets': array([18, 27]), 'role': '', 'semantic_type_id': '', 'text': 'irrigated', 'type': 'EVENT'}]","A seventy two years old male presented to our clinic with swelling, pain, and limitation of movement at knee joint. The patient's history revealed swellings and pain at knee joint for nearly last 20 years. He was prescribed nonsteroidal anti-inflammatory drugs and rest. But pain didn't relieve and limitations in range of motion occurred at knee joint. Physical examination findings included a solid and semi-mobile mass at anterior knee region. Knee joint range of motion was 80 degrees flexion and 0 degrees extension. There wasn't any neurovascular pathology. Antero-posterior and lateral knee X-rays showed degenerative changes and a giant, irregular, calcific mass which started below patella and extended to suprapatellar area. Knee MRI revealed many loose bodies (consistent with synovial chondromatosis) isointense with fatty bone marrow at all sequences at the level of right knee joint. Scalloping was observed at tibial and femoral surfaces. Decision for a surgical intervention was made and after informing the patient, consent was taken. Under spinal anesthesia, a tourniquet was applied to right lower extremity. Right knee was entered with an anterior longitudinal incision. Cutaneous and subcutaneous tissues were passed. Quadriceps mechanism was opened with a medial parapatellar incision and patella was toppled to left side. Intraarticular mass was exposed. The mass was released from surrounding tissues by blunt excision and excised with enucleation. Then synovial tissue was excised with synoviectomy. Surgical area was irrigated using abundant isotonic solution. The excised mass was sent to pathology laboratory. Pathology evaluation showed that the mass was consistent with synovial chondromatosis. Active and passive exercises were started at an early period after surgery. Recurrence was not detected at his last control visit. Knee movements were at full range when compared with the other knee. There was no pain or other complaints.
",EN100247,"<|im_start|>user Extract the entities contained in the text. Extract only entities contained in the text.
Return the result in a json format: [{""entity"":""entity_name""}]. <<Surgical area was irrigated using abundant isotonic solution.>>> <|im_end|><|im_start|>assistant[{""entity"": ""irrigated""}] <|im_end|>","<|im_start|>user Extract the entities contained in the text. Extract only entities contained in the text.
Return the result in a json format: [{""entity"":""entity_name""}]. <<<We present a case of a 32-year-old woman with a history of gradual enlargement of the anterior neck.>>> <|im_end|><|im_start|>assistant [{""entity"": ""present""}, {""entity"": ""history""}, {""entity"": ""enlargement""}] <|im_end|>
<|im_start|>user Extract the entities contained in the text. Extract only entities contained in the text.
Return the result in a json format: [{""entity"":""entity_name""}]. <<<Patient information: a 9-month-old boy presented to the emergency room with a 3-day history of refusal to bear weight on the right lower extremity and febrile peaks of up to 38.5°C for 24 hours.>>> <|im_end|><|im_start|>assistant [{""entity"": ""presented""}, {""entity"": ""refusal""}, {""entity"": ""bear""}, {""entity"": ""peaks""}] <|im_end|>
<|im_start|>user Extract the entities contained in the text. Extract only entities contained in the text.
Return the result in a json format: [{""entity"":""entity_name""}]. <<Surgical area was irrigated using abundant isotonic solution.>>> <|im_end|><|im_start|>assistant","[{""entity"": ""irrigated""}] ","[{""entity"": ""irrigated""}] <|im_end|><|im_end|><|im_end|><|im_end|><|im_end|><|im_end|><|im_end|><|im_end|><|im_end|><|im_end|><|im_end|><|im_end|><|im_end|><|im_end|><|im_end|><|im_end|><|im_end|>"
The excised mass was sent to pathology laboratory.,"[{'id': '5192', 'offsets': array([12, 16]), 'role': '', 'semantic_type_id': '', 'text': 'mass', 'type': 'EVENT'}
 {'id': '5207', 'offsets': array([21, 25]), 'role': '', 'semantic_type_id': '', 'text': 'sent', 'type': 'EVENT'}]","A seventy two years old male presented to our clinic with swelling, pain, and limitation of movement at knee joint. The patient's history revealed swellings and pain at knee joint for nearly last 20 years. He was prescribed nonsteroidal anti-inflammatory drugs and rest. But pain didn't relieve and limitations in range of motion occurred at knee joint. Physical examination findings included a solid and semi-mobile mass at anterior knee region. Knee joint range of motion was 80 degrees flexion and 0 degrees extension. There wasn't any neurovascular pathology. Antero-posterior and lateral knee X-rays showed degenerative changes and a giant, irregular, calcific mass which started below patella and extended to suprapatellar area. Knee MRI revealed many loose bodies (consistent with synovial chondromatosis) isointense with fatty bone marrow at all sequences at the level of right knee joint. Scalloping was observed at tibial and femoral surfaces. Decision for a surgical intervention was made and after informing the patient, consent was taken. Under spinal anesthesia, a tourniquet was applied to right lower extremity. Right knee was entered with an anterior longitudinal incision. Cutaneous and subcutaneous tissues were passed. Quadriceps mechanism was opened with a medial parapatellar incision and patella was toppled to left side. Intraarticular mass was exposed. The mass was released from surrounding tissues by blunt excision and excised with enucleation. Then synovial tissue was excised with synoviectomy. Surgical area was irrigated using abundant isotonic solution. The excised mass was sent to pathology laboratory. Pathology evaluation showed that the mass was consistent with synovial chondromatosis. Active and passive exercises were started at an early period after surgery. Recurrence was not detected at his last control visit. Knee movements were at full range when compared with the other knee. There was no pain or other complaints.
",EN100247,"<|im_start|>user Extract the entities contained in the text. Extract only entities contained in the text.
Return the result in a json format: [{""entity"":""entity_name""}]. <<The excised mass was sent to pathology laboratory.>>> <|im_end|><|im_start|>assistant[{""entity"": ""mass""}, {""entity"": ""sent""}] <|im_end|>","<|im_start|>user Extract the entities contained in the text. Extract only entities contained in the text.
Return the result in a json format: [{""entity"":""entity_name""}]. <<<We present a case of a 32-year-old woman with a history of gradual enlargement of the anterior neck.>>> <|im_end|><|im_start|>assistant [{""entity"": ""present""}, {""entity"": ""history""}, {""entity"": ""enlargement""}] <|im_end|>
<|im_start|>user Extract the entities contained in the text. Extract only entities contained in the text.
Return the result in a json format: [{""entity"":""entity_name""}]. <<<Patient information: a 9-month-old boy presented to the emergency room with a 3-day history of refusal to bear weight on the right lower extremity and febrile peaks of up to 38.5°C for 24 hours.>>> <|im_end|><|im_start|>assistant [{""entity"": ""presented""}, {""entity"": ""refusal""}, {""entity"": ""bear""}, {""entity"": ""peaks""}] <|im_end|>
<|im_start|>user Extract the entities contained in the text. Extract only entities contained in the text.
Return the result in a json format: [{""entity"":""entity_name""}]. <<The excised mass was sent to pathology laboratory.>>> <|im_end|><|im_start|>assistant","[{""entity"": ""mass""}, {""entity"": ""sent""}] ","[{""entity"": ""sent""}] <|im_end|><|im_end|><|im_end|><|im_end|><|im_end|><|im_end|><|im_end|><|im_end|><|im_end|><|im_end|><|im_end|><|im_end|><|im_end|><|im_end|><|im_end|><|im_end|><|im_end|><|im_end|><|im_end|>"
Pathology evaluation showed that the mass was consistent with synovial chondromatosis.,"[{'id': '5222', 'offsets': array([10, 20]), 'role': '', 'semantic_type_id': '', 'text': 'evaluation', 'type': 'EVENT'}
 {'id': '5237', 'offsets': array([21, 27]), 'role': '', 'semantic_type_id': '', 'text': 'showed', 'type': 'EVENT'}
 {'id': '5252', 'offsets': array([37, 41]), 'role': '', 'semantic_type_id': '', 'text': 'mass', 'type': 'EVENT'}
 {'id': '5267', 'offsets': array([46, 56]), 'role': '', 'semantic_type_id': '', 'text': 'consistent', 'type': 'EVENT'}
 {'id': '5282', 'offsets': array([71, 85]), 'role': '', 'semantic_type_id': '', 'text': 'chondromatosis', 'type': 'EVENT'}
 {'id': '5511', 'offsets': array([62, 85]), 'role': '', 'semantic_type_id': 'C0008476', 'text': 'synovial chondromatosis', 'type': 'CLINENTITY'}]","A seventy two years old male presented to our clinic with swelling, pain, and limitation of movement at knee joint. The patient's history revealed swellings and pain at knee joint for nearly last 20 years. He was prescribed nonsteroidal anti-inflammatory drugs and rest. But pain didn't relieve and limitations in range of motion occurred at knee joint. Physical examination findings included a solid and semi-mobile mass at anterior knee region. Knee joint range of motion was 80 degrees flexion and 0 degrees extension. There wasn't any neurovascular pathology. Antero-posterior and lateral knee X-rays showed degenerative changes and a giant, irregular, calcific mass which started below patella and extended to suprapatellar area. Knee MRI revealed many loose bodies (consistent with synovial chondromatosis) isointense with fatty bone marrow at all sequences at the level of right knee joint. Scalloping was observed at tibial and femoral surfaces. Decision for a surgical intervention was made and after informing the patient, consent was taken. Under spinal anesthesia, a tourniquet was applied to right lower extremity. Right knee was entered with an anterior longitudinal incision. Cutaneous and subcutaneous tissues were passed. Quadriceps mechanism was opened with a medial parapatellar incision and patella was toppled to left side. Intraarticular mass was exposed. The mass was released from surrounding tissues by blunt excision and excised with enucleation. Then synovial tissue was excised with synoviectomy. Surgical area was irrigated using abundant isotonic solution. The excised mass was sent to pathology laboratory. Pathology evaluation showed that the mass was consistent with synovial chondromatosis. Active and passive exercises were started at an early period after surgery. Recurrence was not detected at his last control visit. Knee movements were at full range when compared with the other knee. There was no pain or other complaints.
",EN100247,"<|im_start|>user Extract the entities contained in the text. Extract only entities contained in the text.
Return the result in a json format: [{""entity"":""entity_name""}]. <<Pathology evaluation showed that the mass was consistent with synovial chondromatosis.>>> <|im_end|><|im_start|>assistant[{""entity"": ""evaluation""}, {""entity"": ""showed""}, {""entity"": ""mass""}, {""entity"": ""consistent""}, {""entity"": ""chondromatosis""}, {""entity"": ""synovial chondromatosis""}] <|im_end|>","<|im_start|>user Extract the entities contained in the text. Extract only entities contained in the text.
Return the result in a json format: [{""entity"":""entity_name""}]. <<<We present a case of a 32-year-old woman with a history of gradual enlargement of the anterior neck.>>> <|im_end|><|im_start|>assistant [{""entity"": ""present""}, {""entity"": ""history""}, {""entity"": ""enlargement""}] <|im_end|>
<|im_start|>user Extract the entities contained in the text. Extract only entities contained in the text.
Return the result in a json format: [{""entity"":""entity_name""}]. <<<Patient information: a 9-month-old boy presented to the emergency room with a 3-day history of refusal to bear weight on the right lower extremity and febrile peaks of up to 38.5°C for 24 hours.>>> <|im_end|><|im_start|>assistant [{""entity"": ""presented""}, {""entity"": ""refusal""}, {""entity"": ""bear""}, {""entity"": ""peaks""}] <|im_end|>
<|im_start|>user Extract the entities contained in the text. Extract only entities contained in the text.
Return the result in a json format: [{""entity"":""entity_name""}]. <<Pathology evaluation showed that the mass was consistent with synovial chondromatosis.>>> <|im_end|><|im_start|>assistant","[{""entity"": ""evaluation""}, {""entity"": ""showed""}, {""entity"": ""mass""}, {""entity"": ""consistent""}, {""entity"": ""chondromatosis""}, {""entity"": ""synovial chondromatosis""}] ","[{""entity"": ""evaluation""}, {""entity"": ""showed""}, {""entity"": ""consistent""}, {""entity"": ""chondromat"
Recurrence was not detected at his last control visit.,"[{'id': '5342', 'offsets': array([ 0, 10]), 'role': '', 'semantic_type_id': '', 'text': 'Recurrence', 'type': 'EVENT'}
 {'id': '5357', 'offsets': array([19, 27]), 'role': '', 'semantic_type_id': '', 'text': 'detected', 'type': 'EVENT'}
 {'id': '5372', 'offsets': array([48, 53]), 'role': '', 'semantic_type_id': '', 'text': 'visit', 'type': 'EVENT'}]","A seventy two years old male presented to our clinic with swelling, pain, and limitation of movement at knee joint. The patient's history revealed swellings and pain at knee joint for nearly last 20 years. He was prescribed nonsteroidal anti-inflammatory drugs and rest. But pain didn't relieve and limitations in range of motion occurred at knee joint. Physical examination findings included a solid and semi-mobile mass at anterior knee region. Knee joint range of motion was 80 degrees flexion and 0 degrees extension. There wasn't any neurovascular pathology. Antero-posterior and lateral knee X-rays showed degenerative changes and a giant, irregular, calcific mass which started below patella and extended to suprapatellar area. Knee MRI revealed many loose bodies (consistent with synovial chondromatosis) isointense with fatty bone marrow at all sequences at the level of right knee joint. Scalloping was observed at tibial and femoral surfaces. Decision for a surgical intervention was made and after informing the patient, consent was taken. Under spinal anesthesia, a tourniquet was applied to right lower extremity. Right knee was entered with an anterior longitudinal incision. Cutaneous and subcutaneous tissues were passed. Quadriceps mechanism was opened with a medial parapatellar incision and patella was toppled to left side. Intraarticular mass was exposed. The mass was released from surrounding tissues by blunt excision and excised with enucleation. Then synovial tissue was excised with synoviectomy. Surgical area was irrigated using abundant isotonic solution. The excised mass was sent to pathology laboratory. Pathology evaluation showed that the mass was consistent with synovial chondromatosis. Active and passive exercises were started at an early period after surgery. Recurrence was not detected at his last control visit. Knee movements were at full range when compared with the other knee. There was no pain or other complaints.
",EN100247,"<|im_start|>user Extract the entities contained in the text. Extract only entities contained in the text.
Return the result in a json format: [{""entity"":""entity_name""}]. <<Recurrence was not detected at his last control visit.>>> <|im_end|><|im_start|>assistant[{""entity"": ""Recurrence""}, {""entity"": ""detected""}, {""entity"": ""visit""}] <|im_end|>","<|im_start|>user Extract the entities contained in the text. Extract only entities contained in the text.
Return the result in a json format: [{""entity"":""entity_name""}]. <<<We present a case of a 32-year-old woman with a history of gradual enlargement of the anterior neck.>>> <|im_end|><|im_start|>assistant [{""entity"": ""present""}, {""entity"": ""history""}, {""entity"": ""enlargement""}] <|im_end|>
<|im_start|>user Extract the entities contained in the text. Extract only entities contained in the text.
Return the result in a json format: [{""entity"":""entity_name""}]. <<<Patient information: a 9-month-old boy presented to the emergency room with a 3-day history of refusal to bear weight on the right lower extremity and febrile peaks of up to 38.5°C for 24 hours.>>> <|im_end|><|im_start|>assistant [{""entity"": ""presented""}, {""entity"": ""refusal""}, {""entity"": ""bear""}, {""entity"": ""peaks""}] <|im_end|>
<|im_start|>user Extract the entities contained in the text. Extract only entities contained in the text.
Return the result in a json format: [{""entity"":""entity_name""}]. <<Recurrence was not detected at his last control visit.>>> <|im_end|><|im_start|>assistant","[{""entity"": ""Recurrence""}, {""entity"": ""detected""}, {""entity"": ""visit""}] ","[{""entity"": ""detected""}, {""entity"": ""visit""}, {""entity"": ""Recurrence""}] <|im_end|><|im_end|><|im_end|><|im_end|><|im_end|>"
Knee movements were at full range when compared with the other knee.,"[{'id': '5387', 'offsets': array([ 5, 14]), 'role': '', 'semantic_type_id': '', 'text': 'movements', 'type': 'EVENT'}
 {'id': '5402', 'offsets': array([28, 33]), 'role': '', 'semantic_type_id': '', 'text': 'range', 'type': 'EVENT'}
 {'id': '5417', 'offsets': array([39, 47]), 'role': '', 'semantic_type_id': '', 'text': 'compared', 'type': 'EVENT'}
 {'id': '5626', 'offsets': array([0, 4]), 'role': '', 'semantic_type_id': '', 'text': 'Knee', 'type': 'BODYPART'}
 {'id': '5632', 'offsets': array([53, 67]), 'role': '', 'semantic_type_id': '', 'text': 'the other knee', 'type': 'BODYPART'}]","A seventy two years old male presented to our clinic with swelling, pain, and limitation of movement at knee joint. The patient's history revealed swellings and pain at knee joint for nearly last 20 years. He was prescribed nonsteroidal anti-inflammatory drugs and rest. But pain didn't relieve and limitations in range of motion occurred at knee joint. Physical examination findings included a solid and semi-mobile mass at anterior knee region. Knee joint range of motion was 80 degrees flexion and 0 degrees extension. There wasn't any neurovascular pathology. Antero-posterior and lateral knee X-rays showed degenerative changes and a giant, irregular, calcific mass which started below patella and extended to suprapatellar area. Knee MRI revealed many loose bodies (consistent with synovial chondromatosis) isointense with fatty bone marrow at all sequences at the level of right knee joint. Scalloping was observed at tibial and femoral surfaces. Decision for a surgical intervention was made and after informing the patient, consent was taken. Under spinal anesthesia, a tourniquet was applied to right lower extremity. Right knee was entered with an anterior longitudinal incision. Cutaneous and subcutaneous tissues were passed. Quadriceps mechanism was opened with a medial parapatellar incision and patella was toppled to left side. Intraarticular mass was exposed. The mass was released from surrounding tissues by blunt excision and excised with enucleation. Then synovial tissue was excised with synoviectomy. Surgical area was irrigated using abundant isotonic solution. The excised mass was sent to pathology laboratory. Pathology evaluation showed that the mass was consistent with synovial chondromatosis. Active and passive exercises were started at an early period after surgery. Recurrence was not detected at his last control visit. Knee movements were at full range when compared with the other knee. There was no pain or other complaints.
",EN100247,"<|im_start|>user Extract the entities contained in the text. Extract only entities contained in the text.
Return the result in a json format: [{""entity"":""entity_name""}]. <<Knee movements were at full range when compared with the other knee.>>> <|im_end|><|im_start|>assistant[{""entity"": ""movements""}, {""entity"": ""range""}, {""entity"": ""compared""}, {""entity"": ""Knee""}, {""entity"": ""the other knee""}] <|im_end|>","<|im_start|>user Extract the entities contained in the text. Extract only entities contained in the text.
Return the result in a json format: [{""entity"":""entity_name""}]. <<<We present a case of a 32-year-old woman with a history of gradual enlargement of the anterior neck.>>> <|im_end|><|im_start|>assistant [{""entity"": ""present""}, {""entity"": ""history""}, {""entity"": ""enlargement""}] <|im_end|>
<|im_start|>user Extract the entities contained in the text. Extract only entities contained in the text.
Return the result in a json format: [{""entity"":""entity_name""}]. <<<Patient information: a 9-month-old boy presented to the emergency room with a 3-day history of refusal to bear weight on the right lower extremity and febrile peaks of up to 38.5°C for 24 hours.>>> <|im_end|><|im_start|>assistant [{""entity"": ""presented""}, {""entity"": ""refusal""}, {""entity"": ""bear""}, {""entity"": ""peaks""}] <|im_end|>
<|im_start|>user Extract the entities contained in the text. Extract only entities contained in the text.
Return the result in a json format: [{""entity"":""entity_name""}]. <<Knee movements were at full range when compared with the other knee.>>> <|im_end|><|im_start|>assistant","[{""entity"": ""movements""}, {""entity"": ""range""}, {""entity"": ""compared""}, {""entity"": ""Knee""}, {""entity"": ""the other knee""}] ","[{""entity"": ""movements""}, {""entity"": ""compared""}, {""entity"": ""the other knee""}, {""entity"": ""K"
There was no pain or other complaints.,"[{'id': '5432', 'offsets': array([13, 17]), 'role': '', 'semantic_type_id': '', 'text': 'pain', 'type': 'EVENT'}
 {'id': '5447', 'offsets': array([27, 37]), 'role': '', 'semantic_type_id': '', 'text': 'complaints', 'type': 'EVENT'}]","A seventy two years old male presented to our clinic with swelling, pain, and limitation of movement at knee joint. The patient's history revealed swellings and pain at knee joint for nearly last 20 years. He was prescribed nonsteroidal anti-inflammatory drugs and rest. But pain didn't relieve and limitations in range of motion occurred at knee joint. Physical examination findings included a solid and semi-mobile mass at anterior knee region. Knee joint range of motion was 80 degrees flexion and 0 degrees extension. There wasn't any neurovascular pathology. Antero-posterior and lateral knee X-rays showed degenerative changes and a giant, irregular, calcific mass which started below patella and extended to suprapatellar area. Knee MRI revealed many loose bodies (consistent with synovial chondromatosis) isointense with fatty bone marrow at all sequences at the level of right knee joint. Scalloping was observed at tibial and femoral surfaces. Decision for a surgical intervention was made and after informing the patient, consent was taken. Under spinal anesthesia, a tourniquet was applied to right lower extremity. Right knee was entered with an anterior longitudinal incision. Cutaneous and subcutaneous tissues were passed. Quadriceps mechanism was opened with a medial parapatellar incision and patella was toppled to left side. Intraarticular mass was exposed. The mass was released from surrounding tissues by blunt excision and excised with enucleation. Then synovial tissue was excised with synoviectomy. Surgical area was irrigated using abundant isotonic solution. The excised mass was sent to pathology laboratory. Pathology evaluation showed that the mass was consistent with synovial chondromatosis. Active and passive exercises were started at an early period after surgery. Recurrence was not detected at his last control visit. Knee movements were at full range when compared with the other knee. There was no pain or other complaints.
",EN100247,"<|im_start|>user Extract the entities contained in the text. Extract only entities contained in the text.
Return the result in a json format: [{""entity"":""entity_name""}]. <<There was no pain or other complaints.>>> <|im_end|><|im_start|>assistant[{""entity"": ""pain""}, {""entity"": ""complaints""}] <|im_end|>","<|im_start|>user Extract the entities contained in the text. Extract only entities contained in the text.
Return the result in a json format: [{""entity"":""entity_name""}]. <<<We present a case of a 32-year-old woman with a history of gradual enlargement of the anterior neck.>>> <|im_end|><|im_start|>assistant [{""entity"": ""present""}, {""entity"": ""history""}, {""entity"": ""enlargement""}] <|im_end|>
<|im_start|>user Extract the entities contained in the text. Extract only entities contained in the text.
Return the result in a json format: [{""entity"":""entity_name""}]. <<<Patient information: a 9-month-old boy presented to the emergency room with a 3-day history of refusal to bear weight on the right lower extremity and febrile peaks of up to 38.5°C for 24 hours.>>> <|im_end|><|im_start|>assistant [{""entity"": ""presented""}, {""entity"": ""refusal""}, {""entity"": ""bear""}, {""entity"": ""peaks""}] <|im_end|>
<|im_start|>user Extract the entities contained in the text. Extract only entities contained in the text.
Return the result in a json format: [{""entity"":""entity_name""}]. <<There was no pain or other complaints.>>> <|im_end|><|im_start|>assistant","[{""entity"": ""pain""}, {""entity"": ""complaints""}] ","[{""entity"": ""pain""}, {""entity"": ""complaints""}, {""entity"": ""pain""}, {""entity"": ""other complaints""},"
"A 31-year-old woman with no pathological history was admitted to our hospital for chest pain, bone and joint pain, hair loss and asthenia for the last 3 months.","[{'id': '9009', 'offsets': array([41, 48]), 'role': '', 'semantic_type_id': '', 'text': 'history', 'type': 'EVENT'}
 {'id': '9024', 'offsets': array([53, 61]), 'role': '', 'semantic_type_id': '', 'text': 'admitted', 'type': 'EVENT'}
 {'id': '9039', 'offsets': array([88, 92]), 'role': '', 'semantic_type_id': '', 'text': 'pain', 'type': 'EVENT'}
 {'id': '9054', 'offsets': array([109, 113]), 'role': '', 'semantic_type_id': '', 'text': 'pain', 'type': 'EVENT'}
 {'id': '9069', 'offsets': array([120, 124]), 'role': '', 'semantic_type_id': '', 'text': 'loss', 'type': 'EVENT'}
 {'id': '9084', 'offsets': array([129, 137]), 'role': '', 'semantic_type_id': '', 'text': 'asthenia', 'type': 'EVENT'}
 {'id': '10884', 'offsets': array([82, 92]), 'role': '', 'semantic_type_id': 'C0008031', 'text': 'chest pain', 'type': 'CLINENTITY'}
 {'id': '10891', 'offsets': array([ 94, 113]), 'role': '', 'semantic_type_id': 'C0151825', 'text': 'bone and joint pain', 'type': 'CLINENTITY'}
 {'id': '10898', 'offsets': array([103, 113]), 'role': '', 'semantic_type_id': 'C0003862', 'text': 'joint pain', 'type': 'CLINENTITY'}
 {'id': '10905', 'offsets': array([115, 124]), 'role': '', 'semantic_type_id': 'C0002170', 'text': 'hair loss', 'type': 'CLINENTITY'}
 {'id': '11038', 'offsets': array([82, 87]), 'role': '', 'semantic_type_id': '', 'text': 'chest', 'type': 'BODYPART'}
 {'id': '11044', 'offsets': array([94, 98]), 'role': '', 'semantic_type_id': '', 'text': 'bone', 'type': 'BODYPART'}
 {'id': '11050', 'offsets': array([103, 108]), 'role': '', 'semantic_type_id': '', 'text': 'joint', 'type': 'BODYPART'}
 {'id': '11056', 'offsets': array([115, 119]), 'role': '', 'semantic_type_id': '', 'text': 'hair', 'type': 'BODYPART'}
 {'id': '11134', 'offsets': array([ 0, 19]), 'role': 'PATIENT', 'semantic_type_id': '', 'text': 'A 31-year-old woman', 'type': 'ACTOR'}
 {'id': '11446', 'offsets': array([142, 159]), 'role': '', 'semantic_type_id': '', 'text': 'the last 3 months', 'type': 'TIMEX3'}]","A 31-year-old woman with no pathological history was admitted to our hospital for chest pain, bone and joint pain, hair loss and asthenia for the last 3 months. On physical examination, we found fever at 38°C, polypnea at 32 cycles/min, arterial hypertension at 160/90 mmHg, malar rash, synovitis of wrists, elbows and ankles, and edema on both legs. Diagnostic assessment: laboratory tests disclosed the following values: Increase level of erythrocyte sedimentation rate 120 mm/1 st hour, C reactive protein was 20 mg/l. The blood count showed hemoglobin at 9g/dl, MCV at 85 µ 3, lymphopenia at 400/mm 3, while platelets were normal 450 000/mm 3. Direct coombs test was negative. Serum Albumin was 25g/l; proteins level was low at 50g/l and proteinuria at 3.2g/day. Creatinine was normal. Anti-nuclear antibody ANA were positive 1/320 with homogeneous pattern, anti-dsDNA level was 160U/ml. Anti-cardiolipin IgG antibodies were positive 25UGPL. Rheumatoid Factor was negative. C3 and C4 complement fractions were low (0.2 g/l and 0.05 g/l). Chest x-ray, electrocardiogram and echocardiography were normal. Chest computed tomography (CT) scan showed proximal pulmonary embolism. Renal ultrasound was normal. Renal biopsy reveals immunocomplex nephritis, lupus nephritis, segmental mesangial proliferation, mild activity lupus nephritis class III (A/C). Before starting corticosteroids, we analyzed electrolytes. Serum calcium was elevated 132 mg/l with hyper-calciuria 479 mg/24 h. 25 OHD was normal. Alcaline phosphatase was 420 UI/l. the patient did not have any symptoms of hypercalcemia. Serum protein Electrophoresis showed polyclonal hypergammaglobulinaemia. Serum and urine immunofixation as well as Bence-Jones proteinuria were negative. Intact parathyroid hormone (iPTH) was high 628 pg/ml. CT scan and ultrasound of parathyroid imaging revealed a lower left parathyroid nodule measuring 2cm x 1 cm. Femoral and lumbar bone mineral density (BMD) showed osteoporosis (T-score: -2.6). In addition, we found multiple pelvic osteolytic lesions at CT scan. Other causes of hypercalcemia and bone lysis were excluded. The diagnosis in this case was SLE with lupus nephritis class III and anti-phospholipid syndrome, complicated by pulmonary embolism associated to primary hyperparathyroidism causing severe hypercalcemia, osteoporosis. Therapeutic intervention: the patient was given a pulse of methyl-prednisolone 15 mg/kg/day for 3 days followed by oral prednisone 1 mg/kg/day, associated with intravenous cyclophosphamide 750 mg/m 2 /month for 6 months. Mycophenolate mofetil 2 g/day was prescribed as a maintenance therapy of lupus nephritis with hydroxychloroquine at a dose of 400 mg/day. Treatment of pulmonary embolism was initiated with subcutaneous low molecular weight heparin (enoxaparin 0.1 ml/10 kg/12h) followed by antivitamin K. For Hypercalcemia, patient has received intravenous fluid with furosemide. She also required Alendronate 70 mg/week with Vitamin D 400u/day for osteoporosis. The left parathyroid gland was surgically removed. Histopathological examination revealed parathyroid adenoma. Her immediate postoperative parathyroid hormone level was 64 pg/ml with a calcium level of 98 mg/l. Follow-up and outcomes: forty-eight hours after the surgery she developed oral paresthesia. She had hypocalcemia at 72 mg/l. She required oral supplementation for few months. Additional investigations for multiple endocrine neoplasia were negative. The patient remained asymptomatic. Her SLE was calm without any relapse. Control of proteinuria was negative. Corticosteroids was dropped. The follow-up was 4 years.
",EN100653,"<|im_start|>user Extract the entities contained in the text. Extract only entities contained in the text.
Return the result in a json format: [{""entity"":""entity_name""}]. <<A 31-year-old woman with no pathological history was admitted to our hospital for chest pain, bone and joint pain, hair loss and asthenia for the last 3 months.>>> <|im_end|><|im_start|>assistant[{""entity"": ""history""}, {""entity"": ""admitted""}, {""entity"": ""pain""}, {""entity"": ""pain""}, {""entity"": ""loss""}, {""entity"": ""asthenia""}, {""entity"": ""chest pain""}, {""entity"": ""bone and joint pain""}, {""entity"": ""joint pain""}, {""entity"": ""hair loss""}, {""entity"": ""chest""}, {""entity"": ""bone""}, {""entity"": ""joint""}, {""entity"": ""hair""}, {""entity"": ""A 31-year-old woman""}, {""entity"": ""the last 3 months""}] <|im_end|>","<|im_start|>user Extract the entities contained in the text. Extract only entities contained in the text.
Return the result in a json format: [{""entity"":""entity_name""}]. <<<We present a case of a 32-year-old woman with a history of gradual enlargement of the anterior neck.>>> <|im_end|><|im_start|>assistant [{""entity"": ""present""}, {""entity"": ""history""}, {""entity"": ""enlargement""}] <|im_end|>
<|im_start|>user Extract the entities contained in the text. Extract only entities contained in the text.
Return the result in a json format: [{""entity"":""entity_name""}]. <<<Patient information: a 9-month-old boy presented to the emergency room with a 3-day history of refusal to bear weight on the right lower extremity and febrile peaks of up to 38.5°C for 24 hours.>>> <|im_end|><|im_start|>assistant [{""entity"": ""presented""}, {""entity"": ""refusal""}, {""entity"": ""bear""}, {""entity"": ""peaks""}] <|im_end|>
<|im_start|>user Extract the entities contained in the text. Extract only entities contained in the text.
Return the result in a json format: [{""entity"":""entity_name""}]. <<A 31-year-old woman with no pathological history was admitted to our hospital for chest pain, bone and joint pain, hair loss and asthenia for the last 3 months.>>> <|im_end|><|im_start|>assistant","[{""entity"": ""history""}, {""entity"": ""admitted""}, {""entity"": ""pain""}, {""entity"": ""pain""}, {""entity"": ""loss""}, {""entity"": ""asthenia""}, {""entity"": ""chest pain""}, {""entity"": ""bone and joint pain""}, {""entity"": ""joint pain""}, {""entity"": ""hair loss""}, {""entity"": ""chest""}, {""entity"": ""bone""}, {""entity"": ""joint""}, {""entity"": ""hair""}, {""entity"": ""A 31-year-old woman""}, {""entity"": ""the last 3 months""}] ","[{""entity"": ""admitted""}, {""entity"": ""pain""}, {""entity"": ""loss""}, {""entity"": ""asthenia""},"
"On physical examination, we found fever at 38°C, polypnea at 32 cycles/min, arterial hypertension at 160/90 mmHg, malar rash, synovitis of wrists, elbows and ankles, and edema on both legs.","[{'id': '9099', 'offsets': array([12, 23]), 'role': '', 'semantic_type_id': '', 'text': 'examination', 'type': 'EVENT'}
 {'id': '9114', 'offsets': array([28, 33]), 'role': '', 'semantic_type_id': '', 'text': 'found', 'type': 'EVENT'}
 {'id': '9129', 'offsets': array([34, 39]), 'role': '', 'semantic_type_id': '', 'text': 'fever', 'type': 'EVENT'}
 {'id': '9144', 'offsets': array([49, 57]), 'role': '', 'semantic_type_id': '', 'text': 'polypnea', 'type': 'EVENT'}
 {'id': '9159', 'offsets': array([85, 97]), 'role': '', 'semantic_type_id': '', 'text': 'hypertension', 'type': 'EVENT'}
 {'id': '9174', 'offsets': array([120, 124]), 'role': '', 'semantic_type_id': '', 'text': 'rash', 'type': 'EVENT'}
 {'id': '9189', 'offsets': array([126, 135]), 'role': '', 'semantic_type_id': '', 'text': 'synovitis', 'type': 'EVENT'}
 {'id': '9204', 'offsets': array([170, 175]), 'role': '', 'semantic_type_id': '', 'text': 'edema', 'type': 'EVENT'}
 {'id': '10919', 'offsets': array([34, 39]), 'role': '', 'semantic_type_id': 'C0015967', 'text': 'fever', 'type': 'CLINENTITY'}
 {'id': '10926', 'offsets': array([126, 164]), 'role': '', 'semantic_type_id': 'C1868956', 'text': 'synovitis of wrists, elbows and ankles', 'type': 'CLINENTITY'}
 {'id': '10933', 'offsets': array([126, 153]), 'role': '', 'semantic_type_id': 'C0409699', 'text': 'synovitis of wrists, elbows', 'type': 'CLINENTITY'}
 {'id': '10940', 'offsets': array([126, 145]), 'role': '', 'semantic_type_id': 'C1868955', 'text': 'synovitis of wrists', 'type': 'CLINENTITY'}
 {'id': '10947', 'offsets': array([170, 175]), 'role': '', 'semantic_type_id': 'C0013604', 'text': 'edema', 'type': 'CLINENTITY'}
 {'id': '11062', 'offsets': array([139, 145]), 'role': '', 'semantic_type_id': '', 'text': 'wrists', 'type': 'BODYPART'}
 {'id': '11068', 'offsets': array([147, 153]), 'role': '', 'semantic_type_id': '', 'text': 'elbows', 'type': 'BODYPART'}
 {'id': '11074', 'offsets': array([158, 164]), 'role': '', 'semantic_type_id': '', 'text': 'ankles', 'type': 'BODYPART'}
 {'id': '11080', 'offsets': array([179, 188]), 'role': '', 'semantic_type_id': '', 'text': 'both legs', 'type': 'BODYPART'}
 {'id': '11141', 'offsets': array([25, 27]), 'role': 'PATIENT', 'semantic_type_id': '', 'text': 'we', 'type': 'ACTOR'}
 {'id': '11218', 'offsets': array([43, 47]), 'role': '', 'semantic_type_id': '', 'text': '38°C', 'type': 'RML'}
 {'id': '11224', 'offsets': array([61, 74]), 'role': '', 'semantic_type_id': '', 'text': '32 cycles/min', 'type': 'RML'}
 {'id': '11230', 'offsets': array([101, 112]), 'role': '', 'semantic_type_id': '', 'text': '160/90 mmHg', 'type': 'RML'}]","A 31-year-old woman with no pathological history was admitted to our hospital for chest pain, bone and joint pain, hair loss and asthenia for the last 3 months. On physical examination, we found fever at 38°C, polypnea at 32 cycles/min, arterial hypertension at 160/90 mmHg, malar rash, synovitis of wrists, elbows and ankles, and edema on both legs. Diagnostic assessment: laboratory tests disclosed the following values: Increase level of erythrocyte sedimentation rate 120 mm/1 st hour, C reactive protein was 20 mg/l. The blood count showed hemoglobin at 9g/dl, MCV at 85 µ 3, lymphopenia at 400/mm 3, while platelets were normal 450 000/mm 3. Direct coombs test was negative. Serum Albumin was 25g/l; proteins level was low at 50g/l and proteinuria at 3.2g/day. Creatinine was normal. Anti-nuclear antibody ANA were positive 1/320 with homogeneous pattern, anti-dsDNA level was 160U/ml. Anti-cardiolipin IgG antibodies were positive 25UGPL. Rheumatoid Factor was negative. C3 and C4 complement fractions were low (0.2 g/l and 0.05 g/l). Chest x-ray, electrocardiogram and echocardiography were normal. Chest computed tomography (CT) scan showed proximal pulmonary embolism. Renal ultrasound was normal. Renal biopsy reveals immunocomplex nephritis, lupus nephritis, segmental mesangial proliferation, mild activity lupus nephritis class III (A/C). Before starting corticosteroids, we analyzed electrolytes. Serum calcium was elevated 132 mg/l with hyper-calciuria 479 mg/24 h. 25 OHD was normal. Alcaline phosphatase was 420 UI/l. the patient did not have any symptoms of hypercalcemia. Serum protein Electrophoresis showed polyclonal hypergammaglobulinaemia. Serum and urine immunofixation as well as Bence-Jones proteinuria were negative. Intact parathyroid hormone (iPTH) was high 628 pg/ml. CT scan and ultrasound of parathyroid imaging revealed a lower left parathyroid nodule measuring 2cm x 1 cm. Femoral and lumbar bone mineral density (BMD) showed osteoporosis (T-score: -2.6). In addition, we found multiple pelvic osteolytic lesions at CT scan. Other causes of hypercalcemia and bone lysis were excluded. The diagnosis in this case was SLE with lupus nephritis class III and anti-phospholipid syndrome, complicated by pulmonary embolism associated to primary hyperparathyroidism causing severe hypercalcemia, osteoporosis. Therapeutic intervention: the patient was given a pulse of methyl-prednisolone 15 mg/kg/day for 3 days followed by oral prednisone 1 mg/kg/day, associated with intravenous cyclophosphamide 750 mg/m 2 /month for 6 months. Mycophenolate mofetil 2 g/day was prescribed as a maintenance therapy of lupus nephritis with hydroxychloroquine at a dose of 400 mg/day. Treatment of pulmonary embolism was initiated with subcutaneous low molecular weight heparin (enoxaparin 0.1 ml/10 kg/12h) followed by antivitamin K. For Hypercalcemia, patient has received intravenous fluid with furosemide. She also required Alendronate 70 mg/week with Vitamin D 400u/day for osteoporosis. The left parathyroid gland was surgically removed. Histopathological examination revealed parathyroid adenoma. Her immediate postoperative parathyroid hormone level was 64 pg/ml with a calcium level of 98 mg/l. Follow-up and outcomes: forty-eight hours after the surgery she developed oral paresthesia. She had hypocalcemia at 72 mg/l. She required oral supplementation for few months. Additional investigations for multiple endocrine neoplasia were negative. The patient remained asymptomatic. Her SLE was calm without any relapse. Control of proteinuria was negative. Corticosteroids was dropped. The follow-up was 4 years.
",EN100653,"<|im_start|>user Extract the entities contained in the text. Extract only entities contained in the text.
Return the result in a json format: [{""entity"":""entity_name""}]. <<On physical examination, we found fever at 38°C, polypnea at 32 cycles/min, arterial hypertension at 160/90 mmHg, malar rash, synovitis of wrists, elbows and ankles, and edema on both legs.>>> <|im_end|><|im_start|>assistant[{""entity"": ""examination""}, {""entity"": ""found""}, {""entity"": ""fever""}, {""entity"": ""polypnea""}, {""entity"": ""hypertension""}, {""entity"": ""rash""}, {""entity"": ""synovitis""}, {""entity"": ""edema""}, {""entity"": ""fever""}, {""entity"": ""synovitis of wrists, elbows and ankles""}, {""entity"": ""synovitis of wrists, elbows""}, {""entity"": ""synovitis of wrists""}, {""entity"": ""edema""}, {""entity"": ""wrists""}, {""entity"": ""elbows""}, {""entity"": ""ankles""}, {""entity"": ""both legs""}, {""entity"": ""we""}, {""entity"": ""38°C""}, {""entity"": ""32 cycles/min""}, {""entity"": ""160/90 mmHg""}] <|im_end|>","<|im_start|>user Extract the entities contained in the text. Extract only entities contained in the text.
Return the result in a json format: [{""entity"":""entity_name""}]. <<<We present a case of a 32-year-old woman with a history of gradual enlargement of the anterior neck.>>> <|im_end|><|im_start|>assistant [{""entity"": ""present""}, {""entity"": ""history""}, {""entity"": ""enlargement""}] <|im_end|>
<|im_start|>user Extract the entities contained in the text. Extract only entities contained in the text.
Return the result in a json format: [{""entity"":""entity_name""}]. <<<Patient information: a 9-month-old boy presented to the emergency room with a 3-day history of refusal to bear weight on the right lower extremity and febrile peaks of up to 38.5°C for 24 hours.>>> <|im_end|><|im_start|>assistant [{""entity"": ""presented""}, {""entity"": ""refusal""}, {""entity"": ""bear""}, {""entity"": ""peaks""}] <|im_end|>
<|im_start|>user Extract the entities contained in the text. Extract only entities contained in the text.
Return the result in a json format: [{""entity"":""entity_name""}]. <<On physical examination, we found fever at 38°C, polypnea at 32 cycles/min, arterial hypertension at 160/90 mmHg, malar rash, synovitis of wrists, elbows and ankles, and edema on both legs.>>> <|im_end|><|im_start|>assistant","[{""entity"": ""examination""}, {""entity"": ""found""}, {""entity"": ""fever""}, {""entity"": ""polypnea""}, {""entity"": ""hypertension""}, {""entity"": ""rash""}, {""entity"": ""synovitis""}, {""entity"": ""edema""}, {""entity"": ""fever""}, {""entity"": ""synovitis of wrists, elbows and ankles""}, {""entity"": ""synovitis of wrists, elbows""}, {""entity"": ""synovitis of wrists""}, {""entity"": ""edema""}, {""entity"": ""wrists""}, {""entity"": ""elbows""}, {""entity"": ""ankles""}, {""entity"": ""both legs""}, {""entity"": ""we""}, {""entity"": ""38°C""}, {""entity"": ""32 cycles/min""}, {""entity"": ""160/90 mmHg""}] ","[{""entity"": ""examination""}, {""entity"": ""fever""}, {""entity"": ""polypnea""}, {""entity"": ""hyp"
"Diagnostic assessment: laboratory tests disclosed the following values: Increase level of erythrocyte sedimentation rate 120 mm/1 st hour, C reactive protein was 20 mg/l.","[{'id': '9219', 'offsets': array([11, 21]), 'role': '', 'semantic_type_id': '', 'text': 'assessment', 'type': 'EVENT'}
 {'id': '9234', 'offsets': array([34, 39]), 'role': '', 'semantic_type_id': '', 'text': 'tests', 'type': 'EVENT'}
 {'id': '9249', 'offsets': array([40, 49]), 'role': '', 'semantic_type_id': '', 'text': 'disclosed', 'type': 'EVENT'}
 {'id': '9264', 'offsets': array([116, 120]), 'role': '', 'semantic_type_id': '', 'text': 'rate', 'type': 'EVENT'}
 {'id': '9279', 'offsets': array([150, 157]), 'role': '', 'semantic_type_id': '', 'text': 'protein', 'type': 'EVENT'}
 {'id': '11236', 'offsets': array([121, 137]), 'role': '', 'semantic_type_id': '', 'text': '120 mm/1 st hour', 'type': 'RML'}
 {'id': '11242', 'offsets': array([162, 169]), 'role': '', 'semantic_type_id': '', 'text': '20 mg/l', 'type': 'RML'}]","A 31-year-old woman with no pathological history was admitted to our hospital for chest pain, bone and joint pain, hair loss and asthenia for the last 3 months. On physical examination, we found fever at 38°C, polypnea at 32 cycles/min, arterial hypertension at 160/90 mmHg, malar rash, synovitis of wrists, elbows and ankles, and edema on both legs. Diagnostic assessment: laboratory tests disclosed the following values: Increase level of erythrocyte sedimentation rate 120 mm/1 st hour, C reactive protein was 20 mg/l. The blood count showed hemoglobin at 9g/dl, MCV at 85 µ 3, lymphopenia at 400/mm 3, while platelets were normal 450 000/mm 3. Direct coombs test was negative. Serum Albumin was 25g/l; proteins level was low at 50g/l and proteinuria at 3.2g/day. Creatinine was normal. Anti-nuclear antibody ANA were positive 1/320 with homogeneous pattern, anti-dsDNA level was 160U/ml. Anti-cardiolipin IgG antibodies were positive 25UGPL. Rheumatoid Factor was negative. C3 and C4 complement fractions were low (0.2 g/l and 0.05 g/l). Chest x-ray, electrocardiogram and echocardiography were normal. Chest computed tomography (CT) scan showed proximal pulmonary embolism. Renal ultrasound was normal. Renal biopsy reveals immunocomplex nephritis, lupus nephritis, segmental mesangial proliferation, mild activity lupus nephritis class III (A/C). Before starting corticosteroids, we analyzed electrolytes. Serum calcium was elevated 132 mg/l with hyper-calciuria 479 mg/24 h. 25 OHD was normal. Alcaline phosphatase was 420 UI/l. the patient did not have any symptoms of hypercalcemia. Serum protein Electrophoresis showed polyclonal hypergammaglobulinaemia. Serum and urine immunofixation as well as Bence-Jones proteinuria were negative. Intact parathyroid hormone (iPTH) was high 628 pg/ml. CT scan and ultrasound of parathyroid imaging revealed a lower left parathyroid nodule measuring 2cm x 1 cm. Femoral and lumbar bone mineral density (BMD) showed osteoporosis (T-score: -2.6). In addition, we found multiple pelvic osteolytic lesions at CT scan. Other causes of hypercalcemia and bone lysis were excluded. The diagnosis in this case was SLE with lupus nephritis class III and anti-phospholipid syndrome, complicated by pulmonary embolism associated to primary hyperparathyroidism causing severe hypercalcemia, osteoporosis. Therapeutic intervention: the patient was given a pulse of methyl-prednisolone 15 mg/kg/day for 3 days followed by oral prednisone 1 mg/kg/day, associated with intravenous cyclophosphamide 750 mg/m 2 /month for 6 months. Mycophenolate mofetil 2 g/day was prescribed as a maintenance therapy of lupus nephritis with hydroxychloroquine at a dose of 400 mg/day. Treatment of pulmonary embolism was initiated with subcutaneous low molecular weight heparin (enoxaparin 0.1 ml/10 kg/12h) followed by antivitamin K. For Hypercalcemia, patient has received intravenous fluid with furosemide. She also required Alendronate 70 mg/week with Vitamin D 400u/day for osteoporosis. The left parathyroid gland was surgically removed. Histopathological examination revealed parathyroid adenoma. Her immediate postoperative parathyroid hormone level was 64 pg/ml with a calcium level of 98 mg/l. Follow-up and outcomes: forty-eight hours after the surgery she developed oral paresthesia. She had hypocalcemia at 72 mg/l. She required oral supplementation for few months. Additional investigations for multiple endocrine neoplasia were negative. The patient remained asymptomatic. Her SLE was calm without any relapse. Control of proteinuria was negative. Corticosteroids was dropped. The follow-up was 4 years.
",EN100653,"<|im_start|>user Extract the entities contained in the text. Extract only entities contained in the text.
Return the result in a json format: [{""entity"":""entity_name""}]. <<Diagnostic assessment: laboratory tests disclosed the following values: Increase level of erythrocyte sedimentation rate 120 mm/1 st hour, C reactive protein was 20 mg/l.>>> <|im_end|><|im_start|>assistant[{""entity"": ""assessment""}, {""entity"": ""tests""}, {""entity"": ""disclosed""}, {""entity"": ""rate""}, {""entity"": ""protein""}, {""entity"": ""120 mm/1 st hour""}, {""entity"": ""20 mg/l""}] <|im_end|>","<|im_start|>user Extract the entities contained in the text. Extract only entities contained in the text.
Return the result in a json format: [{""entity"":""entity_name""}]. <<<We present a case of a 32-year-old woman with a history of gradual enlargement of the anterior neck.>>> <|im_end|><|im_start|>assistant [{""entity"": ""present""}, {""entity"": ""history""}, {""entity"": ""enlargement""}] <|im_end|>
<|im_start|>user Extract the entities contained in the text. Extract only entities contained in the text.
Return the result in a json format: [{""entity"":""entity_name""}]. <<<Patient information: a 9-month-old boy presented to the emergency room with a 3-day history of refusal to bear weight on the right lower extremity and febrile peaks of up to 38.5°C for 24 hours.>>> <|im_end|><|im_start|>assistant [{""entity"": ""presented""}, {""entity"": ""refusal""}, {""entity"": ""bear""}, {""entity"": ""peaks""}] <|im_end|>
<|im_start|>user Extract the entities contained in the text. Extract only entities contained in the text.
Return the result in a json format: [{""entity"":""entity_name""}]. <<Diagnostic assessment: laboratory tests disclosed the following values: Increase level of erythrocyte sedimentation rate 120 mm/1 st hour, C reactive protein was 20 mg/l.>>> <|im_end|><|im_start|>assistant","[{""entity"": ""assessment""}, {""entity"": ""tests""}, {""entity"": ""disclosed""}, {""entity"": ""rate""}, {""entity"": ""protein""}, {""entity"": ""120 mm/1 st hour""}, {""entity"": ""20 mg/l""}] ","[{""entity"": ""tests""}, {""entity"": ""disclosed""}, {""entity"": ""values""}, {""entity"": ""sedimentation rate"
"The blood count showed hemoglobin at 9g/dl, MCV at 85 µ 3, lymphopenia at 400/mm 3, while platelets were normal 450 000/mm 3.","[{'id': '9294', 'offsets': array([10, 15]), 'role': '', 'semantic_type_id': '', 'text': 'count', 'type': 'EVENT'}
 {'id': '9309', 'offsets': array([16, 22]), 'role': '', 'semantic_type_id': '', 'text': 'showed', 'type': 'EVENT'}
 {'id': '9324', 'offsets': array([23, 33]), 'role': '', 'semantic_type_id': '', 'text': 'hemoglobin', 'type': 'EVENT'}
 {'id': '9339', 'offsets': array([44, 47]), 'role': '', 'semantic_type_id': '', 'text': 'MCV', 'type': 'EVENT'}
 {'id': '9354', 'offsets': array([59, 70]), 'role': '', 'semantic_type_id': '', 'text': 'lymphopenia', 'type': 'EVENT'}
 {'id': '9369', 'offsets': array([90, 99]), 'role': '', 'semantic_type_id': '', 'text': 'platelets', 'type': 'EVENT'}
 {'id': '11086', 'offsets': array([4, 9]), 'role': '', 'semantic_type_id': '', 'text': 'blood', 'type': 'BODYPART'}
 {'id': '11248', 'offsets': array([37, 42]), 'role': '', 'semantic_type_id': '', 'text': '9g/dl', 'type': 'RML'}
 {'id': '11254', 'offsets': array([51, 57]), 'role': '', 'semantic_type_id': '', 'text': '85 µ 3', 'type': 'RML'}
 {'id': '11260', 'offsets': array([74, 82]), 'role': '', 'semantic_type_id': '', 'text': '400/mm 3', 'type': 'RML'}
 {'id': '11266', 'offsets': array([112, 124]), 'role': '', 'semantic_type_id': '', 'text': '450 000/mm 3', 'type': 'RML'}]","A 31-year-old woman with no pathological history was admitted to our hospital for chest pain, bone and joint pain, hair loss and asthenia for the last 3 months. On physical examination, we found fever at 38°C, polypnea at 32 cycles/min, arterial hypertension at 160/90 mmHg, malar rash, synovitis of wrists, elbows and ankles, and edema on both legs. Diagnostic assessment: laboratory tests disclosed the following values: Increase level of erythrocyte sedimentation rate 120 mm/1 st hour, C reactive protein was 20 mg/l. The blood count showed hemoglobin at 9g/dl, MCV at 85 µ 3, lymphopenia at 400/mm 3, while platelets were normal 450 000/mm 3. Direct coombs test was negative. Serum Albumin was 25g/l; proteins level was low at 50g/l and proteinuria at 3.2g/day. Creatinine was normal. Anti-nuclear antibody ANA were positive 1/320 with homogeneous pattern, anti-dsDNA level was 160U/ml. Anti-cardiolipin IgG antibodies were positive 25UGPL. Rheumatoid Factor was negative. C3 and C4 complement fractions were low (0.2 g/l and 0.05 g/l). Chest x-ray, electrocardiogram and echocardiography were normal. Chest computed tomography (CT) scan showed proximal pulmonary embolism. Renal ultrasound was normal. Renal biopsy reveals immunocomplex nephritis, lupus nephritis, segmental mesangial proliferation, mild activity lupus nephritis class III (A/C). Before starting corticosteroids, we analyzed electrolytes. Serum calcium was elevated 132 mg/l with hyper-calciuria 479 mg/24 h. 25 OHD was normal. Alcaline phosphatase was 420 UI/l. the patient did not have any symptoms of hypercalcemia. Serum protein Electrophoresis showed polyclonal hypergammaglobulinaemia. Serum and urine immunofixation as well as Bence-Jones proteinuria were negative. Intact parathyroid hormone (iPTH) was high 628 pg/ml. CT scan and ultrasound of parathyroid imaging revealed a lower left parathyroid nodule measuring 2cm x 1 cm. Femoral and lumbar bone mineral density (BMD) showed osteoporosis (T-score: -2.6). In addition, we found multiple pelvic osteolytic lesions at CT scan. Other causes of hypercalcemia and bone lysis were excluded. The diagnosis in this case was SLE with lupus nephritis class III and anti-phospholipid syndrome, complicated by pulmonary embolism associated to primary hyperparathyroidism causing severe hypercalcemia, osteoporosis. Therapeutic intervention: the patient was given a pulse of methyl-prednisolone 15 mg/kg/day for 3 days followed by oral prednisone 1 mg/kg/day, associated with intravenous cyclophosphamide 750 mg/m 2 /month for 6 months. Mycophenolate mofetil 2 g/day was prescribed as a maintenance therapy of lupus nephritis with hydroxychloroquine at a dose of 400 mg/day. Treatment of pulmonary embolism was initiated with subcutaneous low molecular weight heparin (enoxaparin 0.1 ml/10 kg/12h) followed by antivitamin K. For Hypercalcemia, patient has received intravenous fluid with furosemide. She also required Alendronate 70 mg/week with Vitamin D 400u/day for osteoporosis. The left parathyroid gland was surgically removed. Histopathological examination revealed parathyroid adenoma. Her immediate postoperative parathyroid hormone level was 64 pg/ml with a calcium level of 98 mg/l. Follow-up and outcomes: forty-eight hours after the surgery she developed oral paresthesia. She had hypocalcemia at 72 mg/l. She required oral supplementation for few months. Additional investigations for multiple endocrine neoplasia were negative. The patient remained asymptomatic. Her SLE was calm without any relapse. Control of proteinuria was negative. Corticosteroids was dropped. The follow-up was 4 years.
",EN100653,"<|im_start|>user Extract the entities contained in the text. Extract only entities contained in the text.
Return the result in a json format: [{""entity"":""entity_name""}]. <<The blood count showed hemoglobin at 9g/dl, MCV at 85 µ 3, lymphopenia at 400/mm 3, while platelets were normal 450 000/mm 3.>>> <|im_end|><|im_start|>assistant[{""entity"": ""count""}, {""entity"": ""showed""}, {""entity"": ""hemoglobin""}, {""entity"": ""MCV""}, {""entity"": ""lymphopenia""}, {""entity"": ""platelets""}, {""entity"": ""blood""}, {""entity"": ""9g/dl""}, {""entity"": ""85 µ 3""}, {""entity"": ""400/mm 3""}, {""entity"": ""450 000/mm 3""}] <|im_end|>","<|im_start|>user Extract the entities contained in the text. Extract only entities contained in the text.
Return the result in a json format: [{""entity"":""entity_name""}]. <<<We present a case of a 32-year-old woman with a history of gradual enlargement of the anterior neck.>>> <|im_end|><|im_start|>assistant [{""entity"": ""present""}, {""entity"": ""history""}, {""entity"": ""enlargement""}] <|im_end|>
<|im_start|>user Extract the entities contained in the text. Extract only entities contained in the text.
Return the result in a json format: [{""entity"":""entity_name""}]. <<<Patient information: a 9-month-old boy presented to the emergency room with a 3-day history of refusal to bear weight on the right lower extremity and febrile peaks of up to 38.5°C for 24 hours.>>> <|im_end|><|im_start|>assistant [{""entity"": ""presented""}, {""entity"": ""refusal""}, {""entity"": ""bear""}, {""entity"": ""peaks""}] <|im_end|>
<|im_start|>user Extract the entities contained in the text. Extract only entities contained in the text.
Return the result in a json format: [{""entity"":""entity_name""}]. <<The blood count showed hemoglobin at 9g/dl, MCV at 85 µ 3, lymphopenia at 400/mm 3, while platelets were normal 450 000/mm 3.>>> <|im_end|><|im_start|>assistant","[{""entity"": ""count""}, {""entity"": ""showed""}, {""entity"": ""hemoglobin""}, {""entity"": ""MCV""}, {""entity"": ""lymphopenia""}, {""entity"": ""platelets""}, {""entity"": ""blood""}, {""entity"": ""9g/dl""}, {""entity"": ""85 µ 3""}, {""entity"": ""400/mm 3""}, {""entity"": ""450 000/mm 3""}] ","[{""entity"": ""count""}, {""entity"": ""showed""}, {""entity"": ""hemoglobin""}, {""entity"": ""MCV""},"
Direct coombs test was negative.,"[{'id': '9384', 'offsets': array([14, 18]), 'role': '', 'semantic_type_id': '', 'text': 'test', 'type': 'EVENT'}
 {'id': '11272', 'offsets': array([23, 31]), 'role': '', 'semantic_type_id': '', 'text': 'negative', 'type': 'RML'}]","A 31-year-old woman with no pathological history was admitted to our hospital for chest pain, bone and joint pain, hair loss and asthenia for the last 3 months. On physical examination, we found fever at 38°C, polypnea at 32 cycles/min, arterial hypertension at 160/90 mmHg, malar rash, synovitis of wrists, elbows and ankles, and edema on both legs. Diagnostic assessment: laboratory tests disclosed the following values: Increase level of erythrocyte sedimentation rate 120 mm/1 st hour, C reactive protein was 20 mg/l. The blood count showed hemoglobin at 9g/dl, MCV at 85 µ 3, lymphopenia at 400/mm 3, while platelets were normal 450 000/mm 3. Direct coombs test was negative. Serum Albumin was 25g/l; proteins level was low at 50g/l and proteinuria at 3.2g/day. Creatinine was normal. Anti-nuclear antibody ANA were positive 1/320 with homogeneous pattern, anti-dsDNA level was 160U/ml. Anti-cardiolipin IgG antibodies were positive 25UGPL. Rheumatoid Factor was negative. C3 and C4 complement fractions were low (0.2 g/l and 0.05 g/l). Chest x-ray, electrocardiogram and echocardiography were normal. Chest computed tomography (CT) scan showed proximal pulmonary embolism. Renal ultrasound was normal. Renal biopsy reveals immunocomplex nephritis, lupus nephritis, segmental mesangial proliferation, mild activity lupus nephritis class III (A/C). Before starting corticosteroids, we analyzed electrolytes. Serum calcium was elevated 132 mg/l with hyper-calciuria 479 mg/24 h. 25 OHD was normal. Alcaline phosphatase was 420 UI/l. the patient did not have any symptoms of hypercalcemia. Serum protein Electrophoresis showed polyclonal hypergammaglobulinaemia. Serum and urine immunofixation as well as Bence-Jones proteinuria were negative. Intact parathyroid hormone (iPTH) was high 628 pg/ml. CT scan and ultrasound of parathyroid imaging revealed a lower left parathyroid nodule measuring 2cm x 1 cm. Femoral and lumbar bone mineral density (BMD) showed osteoporosis (T-score: -2.6). In addition, we found multiple pelvic osteolytic lesions at CT scan. Other causes of hypercalcemia and bone lysis were excluded. The diagnosis in this case was SLE with lupus nephritis class III and anti-phospholipid syndrome, complicated by pulmonary embolism associated to primary hyperparathyroidism causing severe hypercalcemia, osteoporosis. Therapeutic intervention: the patient was given a pulse of methyl-prednisolone 15 mg/kg/day for 3 days followed by oral prednisone 1 mg/kg/day, associated with intravenous cyclophosphamide 750 mg/m 2 /month for 6 months. Mycophenolate mofetil 2 g/day was prescribed as a maintenance therapy of lupus nephritis with hydroxychloroquine at a dose of 400 mg/day. Treatment of pulmonary embolism was initiated with subcutaneous low molecular weight heparin (enoxaparin 0.1 ml/10 kg/12h) followed by antivitamin K. For Hypercalcemia, patient has received intravenous fluid with furosemide. She also required Alendronate 70 mg/week with Vitamin D 400u/day for osteoporosis. The left parathyroid gland was surgically removed. Histopathological examination revealed parathyroid adenoma. Her immediate postoperative parathyroid hormone level was 64 pg/ml with a calcium level of 98 mg/l. Follow-up and outcomes: forty-eight hours after the surgery she developed oral paresthesia. She had hypocalcemia at 72 mg/l. She required oral supplementation for few months. Additional investigations for multiple endocrine neoplasia were negative. The patient remained asymptomatic. Her SLE was calm without any relapse. Control of proteinuria was negative. Corticosteroids was dropped. The follow-up was 4 years.
",EN100653,"<|im_start|>user Extract the entities contained in the text. Extract only entities contained in the text.
Return the result in a json format: [{""entity"":""entity_name""}]. <<Direct coombs test was negative.>>> <|im_end|><|im_start|>assistant[{""entity"": ""test""}, {""entity"": ""negative""}] <|im_end|>","<|im_start|>user Extract the entities contained in the text. Extract only entities contained in the text.
Return the result in a json format: [{""entity"":""entity_name""}]. <<<We present a case of a 32-year-old woman with a history of gradual enlargement of the anterior neck.>>> <|im_end|><|im_start|>assistant [{""entity"": ""present""}, {""entity"": ""history""}, {""entity"": ""enlargement""}] <|im_end|>
<|im_start|>user Extract the entities contained in the text. Extract only entities contained in the text.
Return the result in a json format: [{""entity"":""entity_name""}]. <<<Patient information: a 9-month-old boy presented to the emergency room with a 3-day history of refusal to bear weight on the right lower extremity and febrile peaks of up to 38.5°C for 24 hours.>>> <|im_end|><|im_start|>assistant [{""entity"": ""presented""}, {""entity"": ""refusal""}, {""entity"": ""bear""}, {""entity"": ""peaks""}] <|im_end|>
<|im_start|>user Extract the entities contained in the text. Extract only entities contained in the text.
Return the result in a json format: [{""entity"":""entity_name""}]. <<Direct coombs test was negative.>>> <|im_end|><|im_start|>assistant","[{""entity"": ""test""}, {""entity"": ""negative""}] ","[{""entity"": ""test""}, {""entity"": ""negative""}] <|im_end|><|im_end|><|im_end|><|im_end|><|im_end|><|im_end|><|im_end|><|im_end|><|im_end|><|im_end|><|im_end|><|im_end|><|im_end|>"
Creatinine was normal.,"[{'id': '9444', 'offsets': array([ 0, 10]), 'role': '', 'semantic_type_id': '', 'text': 'Creatinine', 'type': 'EVENT'}
 {'id': '11296', 'offsets': array([15, 21]), 'role': '', 'semantic_type_id': '', 'text': 'normal', 'type': 'RML'}]","A 31-year-old woman with no pathological history was admitted to our hospital for chest pain, bone and joint pain, hair loss and asthenia for the last 3 months. On physical examination, we found fever at 38°C, polypnea at 32 cycles/min, arterial hypertension at 160/90 mmHg, malar rash, synovitis of wrists, elbows and ankles, and edema on both legs. Diagnostic assessment: laboratory tests disclosed the following values: Increase level of erythrocyte sedimentation rate 120 mm/1 st hour, C reactive protein was 20 mg/l. The blood count showed hemoglobin at 9g/dl, MCV at 85 µ 3, lymphopenia at 400/mm 3, while platelets were normal 450 000/mm 3. Direct coombs test was negative. Serum Albumin was 25g/l; proteins level was low at 50g/l and proteinuria at 3.2g/day. Creatinine was normal. Anti-nuclear antibody ANA were positive 1/320 with homogeneous pattern, anti-dsDNA level was 160U/ml. Anti-cardiolipin IgG antibodies were positive 25UGPL. Rheumatoid Factor was negative. C3 and C4 complement fractions were low (0.2 g/l and 0.05 g/l). Chest x-ray, electrocardiogram and echocardiography were normal. Chest computed tomography (CT) scan showed proximal pulmonary embolism. Renal ultrasound was normal. Renal biopsy reveals immunocomplex nephritis, lupus nephritis, segmental mesangial proliferation, mild activity lupus nephritis class III (A/C). Before starting corticosteroids, we analyzed electrolytes. Serum calcium was elevated 132 mg/l with hyper-calciuria 479 mg/24 h. 25 OHD was normal. Alcaline phosphatase was 420 UI/l. the patient did not have any symptoms of hypercalcemia. Serum protein Electrophoresis showed polyclonal hypergammaglobulinaemia. Serum and urine immunofixation as well as Bence-Jones proteinuria were negative. Intact parathyroid hormone (iPTH) was high 628 pg/ml. CT scan and ultrasound of parathyroid imaging revealed a lower left parathyroid nodule measuring 2cm x 1 cm. Femoral and lumbar bone mineral density (BMD) showed osteoporosis (T-score: -2.6). In addition, we found multiple pelvic osteolytic lesions at CT scan. Other causes of hypercalcemia and bone lysis were excluded. The diagnosis in this case was SLE with lupus nephritis class III and anti-phospholipid syndrome, complicated by pulmonary embolism associated to primary hyperparathyroidism causing severe hypercalcemia, osteoporosis. Therapeutic intervention: the patient was given a pulse of methyl-prednisolone 15 mg/kg/day for 3 days followed by oral prednisone 1 mg/kg/day, associated with intravenous cyclophosphamide 750 mg/m 2 /month for 6 months. Mycophenolate mofetil 2 g/day was prescribed as a maintenance therapy of lupus nephritis with hydroxychloroquine at a dose of 400 mg/day. Treatment of pulmonary embolism was initiated with subcutaneous low molecular weight heparin (enoxaparin 0.1 ml/10 kg/12h) followed by antivitamin K. For Hypercalcemia, patient has received intravenous fluid with furosemide. She also required Alendronate 70 mg/week with Vitamin D 400u/day for osteoporosis. The left parathyroid gland was surgically removed. Histopathological examination revealed parathyroid adenoma. Her immediate postoperative parathyroid hormone level was 64 pg/ml with a calcium level of 98 mg/l. Follow-up and outcomes: forty-eight hours after the surgery she developed oral paresthesia. She had hypocalcemia at 72 mg/l. She required oral supplementation for few months. Additional investigations for multiple endocrine neoplasia were negative. The patient remained asymptomatic. Her SLE was calm without any relapse. Control of proteinuria was negative. Corticosteroids was dropped. The follow-up was 4 years.
",EN100653,"<|im_start|>user Extract the entities contained in the text. Extract only entities contained in the text.
Return the result in a json format: [{""entity"":""entity_name""}]. <<Creatinine was normal.>>> <|im_end|><|im_start|>assistant[{""entity"": ""Creatinine""}, {""entity"": ""normal""}] <|im_end|>","<|im_start|>user Extract the entities contained in the text. Extract only entities contained in the text.
Return the result in a json format: [{""entity"":""entity_name""}]. <<<We present a case of a 32-year-old woman with a history of gradual enlargement of the anterior neck.>>> <|im_end|><|im_start|>assistant [{""entity"": ""present""}, {""entity"": ""history""}, {""entity"": ""enlargement""}] <|im_end|>
<|im_start|>user Extract the entities contained in the text. Extract only entities contained in the text.
Return the result in a json format: [{""entity"":""entity_name""}]. <<<Patient information: a 9-month-old boy presented to the emergency room with a 3-day history of refusal to bear weight on the right lower extremity and febrile peaks of up to 38.5°C for 24 hours.>>> <|im_end|><|im_start|>assistant [{""entity"": ""presented""}, {""entity"": ""refusal""}, {""entity"": ""bear""}, {""entity"": ""peaks""}] <|im_end|>
<|im_start|>user Extract the entities contained in the text. Extract only entities contained in the text.
Return the result in a json format: [{""entity"":""entity_name""}]. <<Creatinine was normal.>>> <|im_end|><|im_start|>assistant","[{""entity"": ""Creatinine""}, {""entity"": ""normal""}] ","[{""entity"": ""Creatinine""}, {""entity"": ""normal""}] <|im_end|><|im_end|><|im_end|><|im_end|><|im_end|><|im_end|><|im_end|><|im_end|><|im_end|><|im_end|><|im_end|><|im_end|>"
"Anti-nuclear antibody ANA were positive 1/320 with homogeneous pattern, anti-dsDNA level was 160U/ml.","[{'id': '9459', 'offsets': array([13, 21]), 'role': '', 'semantic_type_id': '', 'text': 'antibody', 'type': 'EVENT'}
 {'id': '9474', 'offsets': array([22, 25]), 'role': '', 'semantic_type_id': '', 'text': 'ANA', 'type': 'EVENT'}
 {'id': '9489', 'offsets': array([83, 88]), 'role': '', 'semantic_type_id': '', 'text': 'level', 'type': 'EVENT'}
 {'id': '11302', 'offsets': array([31, 45]), 'role': '', 'semantic_type_id': '', 'text': 'positive 1/320', 'type': 'RML'}
 {'id': '11308', 'offsets': array([ 93, 100]), 'role': '', 'semantic_type_id': '', 'text': '160U/ml', 'type': 'RML'}]","A 31-year-old woman with no pathological history was admitted to our hospital for chest pain, bone and joint pain, hair loss and asthenia for the last 3 months. On physical examination, we found fever at 38°C, polypnea at 32 cycles/min, arterial hypertension at 160/90 mmHg, malar rash, synovitis of wrists, elbows and ankles, and edema on both legs. Diagnostic assessment: laboratory tests disclosed the following values: Increase level of erythrocyte sedimentation rate 120 mm/1 st hour, C reactive protein was 20 mg/l. The blood count showed hemoglobin at 9g/dl, MCV at 85 µ 3, lymphopenia at 400/mm 3, while platelets were normal 450 000/mm 3. Direct coombs test was negative. Serum Albumin was 25g/l; proteins level was low at 50g/l and proteinuria at 3.2g/day. Creatinine was normal. Anti-nuclear antibody ANA were positive 1/320 with homogeneous pattern, anti-dsDNA level was 160U/ml. Anti-cardiolipin IgG antibodies were positive 25UGPL. Rheumatoid Factor was negative. C3 and C4 complement fractions were low (0.2 g/l and 0.05 g/l). Chest x-ray, electrocardiogram and echocardiography were normal. Chest computed tomography (CT) scan showed proximal pulmonary embolism. Renal ultrasound was normal. Renal biopsy reveals immunocomplex nephritis, lupus nephritis, segmental mesangial proliferation, mild activity lupus nephritis class III (A/C). Before starting corticosteroids, we analyzed electrolytes. Serum calcium was elevated 132 mg/l with hyper-calciuria 479 mg/24 h. 25 OHD was normal. Alcaline phosphatase was 420 UI/l. the patient did not have any symptoms of hypercalcemia. Serum protein Electrophoresis showed polyclonal hypergammaglobulinaemia. Serum and urine immunofixation as well as Bence-Jones proteinuria were negative. Intact parathyroid hormone (iPTH) was high 628 pg/ml. CT scan and ultrasound of parathyroid imaging revealed a lower left parathyroid nodule measuring 2cm x 1 cm. Femoral and lumbar bone mineral density (BMD) showed osteoporosis (T-score: -2.6). In addition, we found multiple pelvic osteolytic lesions at CT scan. Other causes of hypercalcemia and bone lysis were excluded. The diagnosis in this case was SLE with lupus nephritis class III and anti-phospholipid syndrome, complicated by pulmonary embolism associated to primary hyperparathyroidism causing severe hypercalcemia, osteoporosis. Therapeutic intervention: the patient was given a pulse of methyl-prednisolone 15 mg/kg/day for 3 days followed by oral prednisone 1 mg/kg/day, associated with intravenous cyclophosphamide 750 mg/m 2 /month for 6 months. Mycophenolate mofetil 2 g/day was prescribed as a maintenance therapy of lupus nephritis with hydroxychloroquine at a dose of 400 mg/day. Treatment of pulmonary embolism was initiated with subcutaneous low molecular weight heparin (enoxaparin 0.1 ml/10 kg/12h) followed by antivitamin K. For Hypercalcemia, patient has received intravenous fluid with furosemide. She also required Alendronate 70 mg/week with Vitamin D 400u/day for osteoporosis. The left parathyroid gland was surgically removed. Histopathological examination revealed parathyroid adenoma. Her immediate postoperative parathyroid hormone level was 64 pg/ml with a calcium level of 98 mg/l. Follow-up and outcomes: forty-eight hours after the surgery she developed oral paresthesia. She had hypocalcemia at 72 mg/l. She required oral supplementation for few months. Additional investigations for multiple endocrine neoplasia were negative. The patient remained asymptomatic. Her SLE was calm without any relapse. Control of proteinuria was negative. Corticosteroids was dropped. The follow-up was 4 years.
",EN100653,"<|im_start|>user Extract the entities contained in the text. Extract only entities contained in the text.
Return the result in a json format: [{""entity"":""entity_name""}]. <<Anti-nuclear antibody ANA were positive 1/320 with homogeneous pattern, anti-dsDNA level was 160U/ml.>>> <|im_end|><|im_start|>assistant[{""entity"": ""antibody""}, {""entity"": ""ANA""}, {""entity"": ""level""}, {""entity"": ""positive 1/320""}, {""entity"": ""160U/ml""}] <|im_end|>","<|im_start|>user Extract the entities contained in the text. Extract only entities contained in the text.
Return the result in a json format: [{""entity"":""entity_name""}]. <<<We present a case of a 32-year-old woman with a history of gradual enlargement of the anterior neck.>>> <|im_end|><|im_start|>assistant [{""entity"": ""present""}, {""entity"": ""history""}, {""entity"": ""enlargement""}] <|im_end|>
<|im_start|>user Extract the entities contained in the text. Extract only entities contained in the text.
Return the result in a json format: [{""entity"":""entity_name""}]. <<<Patient information: a 9-month-old boy presented to the emergency room with a 3-day history of refusal to bear weight on the right lower extremity and febrile peaks of up to 38.5°C for 24 hours.>>> <|im_end|><|im_start|>assistant [{""entity"": ""presented""}, {""entity"": ""refusal""}, {""entity"": ""bear""}, {""entity"": ""peaks""}] <|im_end|>
<|im_start|>user Extract the entities contained in the text. Extract only entities contained in the text.
Return the result in a json format: [{""entity"":""entity_name""}]. <<Anti-nuclear antibody ANA were positive 1/320 with homogeneous pattern, anti-dsDNA level was 160U/ml.>>> <|im_end|><|im_start|>assistant","[{""entity"": ""antibody""}, {""entity"": ""ANA""}, {""entity"": ""level""}, {""entity"": ""positive 1/320""}, {""entity"": ""160U/ml""}] ","[{""entity"": ""positive""}, {""entity"": ""pattern""}, {""entity"": ""level""}, {""entity"": ""1/320"
Anti-cardiolipin IgG antibodies were positive 25UGPL.,"[{'id': '9504', 'offsets': array([21, 31]), 'role': '', 'semantic_type_id': '', 'text': 'antibodies', 'type': 'EVENT'}
 {'id': '11314', 'offsets': array([37, 52]), 'role': '', 'semantic_type_id': '', 'text': 'positive 25UGPL', 'type': 'RML'}]","A 31-year-old woman with no pathological history was admitted to our hospital for chest pain, bone and joint pain, hair loss and asthenia for the last 3 months. On physical examination, we found fever at 38°C, polypnea at 32 cycles/min, arterial hypertension at 160/90 mmHg, malar rash, synovitis of wrists, elbows and ankles, and edema on both legs. Diagnostic assessment: laboratory tests disclosed the following values: Increase level of erythrocyte sedimentation rate 120 mm/1 st hour, C reactive protein was 20 mg/l. The blood count showed hemoglobin at 9g/dl, MCV at 85 µ 3, lymphopenia at 400/mm 3, while platelets were normal 450 000/mm 3. Direct coombs test was negative. Serum Albumin was 25g/l; proteins level was low at 50g/l and proteinuria at 3.2g/day. Creatinine was normal. Anti-nuclear antibody ANA were positive 1/320 with homogeneous pattern, anti-dsDNA level was 160U/ml. Anti-cardiolipin IgG antibodies were positive 25UGPL. Rheumatoid Factor was negative. C3 and C4 complement fractions were low (0.2 g/l and 0.05 g/l). Chest x-ray, electrocardiogram and echocardiography were normal. Chest computed tomography (CT) scan showed proximal pulmonary embolism. Renal ultrasound was normal. Renal biopsy reveals immunocomplex nephritis, lupus nephritis, segmental mesangial proliferation, mild activity lupus nephritis class III (A/C). Before starting corticosteroids, we analyzed electrolytes. Serum calcium was elevated 132 mg/l with hyper-calciuria 479 mg/24 h. 25 OHD was normal. Alcaline phosphatase was 420 UI/l. the patient did not have any symptoms of hypercalcemia. Serum protein Electrophoresis showed polyclonal hypergammaglobulinaemia. Serum and urine immunofixation as well as Bence-Jones proteinuria were negative. Intact parathyroid hormone (iPTH) was high 628 pg/ml. CT scan and ultrasound of parathyroid imaging revealed a lower left parathyroid nodule measuring 2cm x 1 cm. Femoral and lumbar bone mineral density (BMD) showed osteoporosis (T-score: -2.6). In addition, we found multiple pelvic osteolytic lesions at CT scan. Other causes of hypercalcemia and bone lysis were excluded. The diagnosis in this case was SLE with lupus nephritis class III and anti-phospholipid syndrome, complicated by pulmonary embolism associated to primary hyperparathyroidism causing severe hypercalcemia, osteoporosis. Therapeutic intervention: the patient was given a pulse of methyl-prednisolone 15 mg/kg/day for 3 days followed by oral prednisone 1 mg/kg/day, associated with intravenous cyclophosphamide 750 mg/m 2 /month for 6 months. Mycophenolate mofetil 2 g/day was prescribed as a maintenance therapy of lupus nephritis with hydroxychloroquine at a dose of 400 mg/day. Treatment of pulmonary embolism was initiated with subcutaneous low molecular weight heparin (enoxaparin 0.1 ml/10 kg/12h) followed by antivitamin K. For Hypercalcemia, patient has received intravenous fluid with furosemide. She also required Alendronate 70 mg/week with Vitamin D 400u/day for osteoporosis. The left parathyroid gland was surgically removed. Histopathological examination revealed parathyroid adenoma. Her immediate postoperative parathyroid hormone level was 64 pg/ml with a calcium level of 98 mg/l. Follow-up and outcomes: forty-eight hours after the surgery she developed oral paresthesia. She had hypocalcemia at 72 mg/l. She required oral supplementation for few months. Additional investigations for multiple endocrine neoplasia were negative. The patient remained asymptomatic. Her SLE was calm without any relapse. Control of proteinuria was negative. Corticosteroids was dropped. The follow-up was 4 years.
",EN100653,"<|im_start|>user Extract the entities contained in the text. Extract only entities contained in the text.
Return the result in a json format: [{""entity"":""entity_name""}]. <<Anti-cardiolipin IgG antibodies were positive 25UGPL.>>> <|im_end|><|im_start|>assistant[{""entity"": ""antibodies""}, {""entity"": ""positive 25UGPL""}] <|im_end|>","<|im_start|>user Extract the entities contained in the text. Extract only entities contained in the text.
Return the result in a json format: [{""entity"":""entity_name""}]. <<<We present a case of a 32-year-old woman with a history of gradual enlargement of the anterior neck.>>> <|im_end|><|im_start|>assistant [{""entity"": ""present""}, {""entity"": ""history""}, {""entity"": ""enlargement""}] <|im_end|>
<|im_start|>user Extract the entities contained in the text. Extract only entities contained in the text.
Return the result in a json format: [{""entity"":""entity_name""}]. <<<Patient information: a 9-month-old boy presented to the emergency room with a 3-day history of refusal to bear weight on the right lower extremity and febrile peaks of up to 38.5°C for 24 hours.>>> <|im_end|><|im_start|>assistant [{""entity"": ""presented""}, {""entity"": ""refusal""}, {""entity"": ""bear""}, {""entity"": ""peaks""}] <|im_end|>
<|im_start|>user Extract the entities contained in the text. Extract only entities contained in the text.
Return the result in a json format: [{""entity"":""entity_name""}]. <<Anti-cardiolipin IgG antibodies were positive 25UGPL.>>> <|im_end|><|im_start|>assistant","[{""entity"": ""antibodies""}, {""entity"": ""positive 25UGPL""}] ","[{""entity"": ""antibodies""}, {""entity"": ""positive""}, {""entity"": ""25UGPL""}] <|im_end|><|im_end|>"
Rheumatoid Factor was negative.,"[{'id': '9519', 'offsets': array([11, 17]), 'role': '', 'semantic_type_id': '', 'text': 'Factor', 'type': 'EVENT'}
 {'id': '11320', 'offsets': array([22, 30]), 'role': '', 'semantic_type_id': '', 'text': 'negative', 'type': 'RML'}]","A 31-year-old woman with no pathological history was admitted to our hospital for chest pain, bone and joint pain, hair loss and asthenia for the last 3 months. On physical examination, we found fever at 38°C, polypnea at 32 cycles/min, arterial hypertension at 160/90 mmHg, malar rash, synovitis of wrists, elbows and ankles, and edema on both legs. Diagnostic assessment: laboratory tests disclosed the following values: Increase level of erythrocyte sedimentation rate 120 mm/1 st hour, C reactive protein was 20 mg/l. The blood count showed hemoglobin at 9g/dl, MCV at 85 µ 3, lymphopenia at 400/mm 3, while platelets were normal 450 000/mm 3. Direct coombs test was negative. Serum Albumin was 25g/l; proteins level was low at 50g/l and proteinuria at 3.2g/day. Creatinine was normal. Anti-nuclear antibody ANA were positive 1/320 with homogeneous pattern, anti-dsDNA level was 160U/ml. Anti-cardiolipin IgG antibodies were positive 25UGPL. Rheumatoid Factor was negative. C3 and C4 complement fractions were low (0.2 g/l and 0.05 g/l). Chest x-ray, electrocardiogram and echocardiography were normal. Chest computed tomography (CT) scan showed proximal pulmonary embolism. Renal ultrasound was normal. Renal biopsy reveals immunocomplex nephritis, lupus nephritis, segmental mesangial proliferation, mild activity lupus nephritis class III (A/C). Before starting corticosteroids, we analyzed electrolytes. Serum calcium was elevated 132 mg/l with hyper-calciuria 479 mg/24 h. 25 OHD was normal. Alcaline phosphatase was 420 UI/l. the patient did not have any symptoms of hypercalcemia. Serum protein Electrophoresis showed polyclonal hypergammaglobulinaemia. Serum and urine immunofixation as well as Bence-Jones proteinuria were negative. Intact parathyroid hormone (iPTH) was high 628 pg/ml. CT scan and ultrasound of parathyroid imaging revealed a lower left parathyroid nodule measuring 2cm x 1 cm. Femoral and lumbar bone mineral density (BMD) showed osteoporosis (T-score: -2.6). In addition, we found multiple pelvic osteolytic lesions at CT scan. Other causes of hypercalcemia and bone lysis were excluded. The diagnosis in this case was SLE with lupus nephritis class III and anti-phospholipid syndrome, complicated by pulmonary embolism associated to primary hyperparathyroidism causing severe hypercalcemia, osteoporosis. Therapeutic intervention: the patient was given a pulse of methyl-prednisolone 15 mg/kg/day for 3 days followed by oral prednisone 1 mg/kg/day, associated with intravenous cyclophosphamide 750 mg/m 2 /month for 6 months. Mycophenolate mofetil 2 g/day was prescribed as a maintenance therapy of lupus nephritis with hydroxychloroquine at a dose of 400 mg/day. Treatment of pulmonary embolism was initiated with subcutaneous low molecular weight heparin (enoxaparin 0.1 ml/10 kg/12h) followed by antivitamin K. For Hypercalcemia, patient has received intravenous fluid with furosemide. She also required Alendronate 70 mg/week with Vitamin D 400u/day for osteoporosis. The left parathyroid gland was surgically removed. Histopathological examination revealed parathyroid adenoma. Her immediate postoperative parathyroid hormone level was 64 pg/ml with a calcium level of 98 mg/l. Follow-up and outcomes: forty-eight hours after the surgery she developed oral paresthesia. She had hypocalcemia at 72 mg/l. She required oral supplementation for few months. Additional investigations for multiple endocrine neoplasia were negative. The patient remained asymptomatic. Her SLE was calm without any relapse. Control of proteinuria was negative. Corticosteroids was dropped. The follow-up was 4 years.
",EN100653,"<|im_start|>user Extract the entities contained in the text. Extract only entities contained in the text.
Return the result in a json format: [{""entity"":""entity_name""}]. <<Rheumatoid Factor was negative.>>> <|im_end|><|im_start|>assistant[{""entity"": ""Factor""}, {""entity"": ""negative""}] <|im_end|>","<|im_start|>user Extract the entities contained in the text. Extract only entities contained in the text.
Return the result in a json format: [{""entity"":""entity_name""}]. <<<We present a case of a 32-year-old woman with a history of gradual enlargement of the anterior neck.>>> <|im_end|><|im_start|>assistant [{""entity"": ""present""}, {""entity"": ""history""}, {""entity"": ""enlargement""}] <|im_end|>
<|im_start|>user Extract the entities contained in the text. Extract only entities contained in the text.
Return the result in a json format: [{""entity"":""entity_name""}]. <<<Patient information: a 9-month-old boy presented to the emergency room with a 3-day history of refusal to bear weight on the right lower extremity and febrile peaks of up to 38.5°C for 24 hours.>>> <|im_end|><|im_start|>assistant [{""entity"": ""presented""}, {""entity"": ""refusal""}, {""entity"": ""bear""}, {""entity"": ""peaks""}] <|im_end|>
<|im_start|>user Extract the entities contained in the text. Extract only entities contained in the text.
Return the result in a json format: [{""entity"":""entity_name""}]. <<Rheumatoid Factor was negative.>>> <|im_end|><|im_start|>assistant","[{""entity"": ""Factor""}, {""entity"": ""negative""}] ","[{""entity"": ""Factor""}, {""entity"": ""negative""}] <|im_end|><|im_end|><|im_end|><|im_end|><|im_end|><|im_end|><|im_end|><|im_end|><|im_end|><|im_end|><|im_end|><|im_end|><|im_end|>"
C3 and C4 complement fractions were low (0.2 g/l and 0.05 g/l).,"[{'id': '9534', 'offsets': array([21, 30]), 'role': '', 'semantic_type_id': '', 'text': 'fractions', 'type': 'EVENT'}
 {'id': '11326', 'offsets': array([36, 39]), 'role': '', 'semantic_type_id': '', 'text': 'low', 'type': 'RML'}
 {'id': '11332', 'offsets': array([41, 48]), 'role': '', 'semantic_type_id': '', 'text': '0.2 g/l', 'type': 'RML'}
 {'id': '11338', 'offsets': array([53, 61]), 'role': '', 'semantic_type_id': '', 'text': '0.05 g/l', 'type': 'RML'}]","A 31-year-old woman with no pathological history was admitted to our hospital for chest pain, bone and joint pain, hair loss and asthenia for the last 3 months. On physical examination, we found fever at 38°C, polypnea at 32 cycles/min, arterial hypertension at 160/90 mmHg, malar rash, synovitis of wrists, elbows and ankles, and edema on both legs. Diagnostic assessment: laboratory tests disclosed the following values: Increase level of erythrocyte sedimentation rate 120 mm/1 st hour, C reactive protein was 20 mg/l. The blood count showed hemoglobin at 9g/dl, MCV at 85 µ 3, lymphopenia at 400/mm 3, while platelets were normal 450 000/mm 3. Direct coombs test was negative. Serum Albumin was 25g/l; proteins level was low at 50g/l and proteinuria at 3.2g/day. Creatinine was normal. Anti-nuclear antibody ANA were positive 1/320 with homogeneous pattern, anti-dsDNA level was 160U/ml. Anti-cardiolipin IgG antibodies were positive 25UGPL. Rheumatoid Factor was negative. C3 and C4 complement fractions were low (0.2 g/l and 0.05 g/l). Chest x-ray, electrocardiogram and echocardiography were normal. Chest computed tomography (CT) scan showed proximal pulmonary embolism. Renal ultrasound was normal. Renal biopsy reveals immunocomplex nephritis, lupus nephritis, segmental mesangial proliferation, mild activity lupus nephritis class III (A/C). Before starting corticosteroids, we analyzed electrolytes. Serum calcium was elevated 132 mg/l with hyper-calciuria 479 mg/24 h. 25 OHD was normal. Alcaline phosphatase was 420 UI/l. the patient did not have any symptoms of hypercalcemia. Serum protein Electrophoresis showed polyclonal hypergammaglobulinaemia. Serum and urine immunofixation as well as Bence-Jones proteinuria were negative. Intact parathyroid hormone (iPTH) was high 628 pg/ml. CT scan and ultrasound of parathyroid imaging revealed a lower left parathyroid nodule measuring 2cm x 1 cm. Femoral and lumbar bone mineral density (BMD) showed osteoporosis (T-score: -2.6). In addition, we found multiple pelvic osteolytic lesions at CT scan. Other causes of hypercalcemia and bone lysis were excluded. The diagnosis in this case was SLE with lupus nephritis class III and anti-phospholipid syndrome, complicated by pulmonary embolism associated to primary hyperparathyroidism causing severe hypercalcemia, osteoporosis. Therapeutic intervention: the patient was given a pulse of methyl-prednisolone 15 mg/kg/day for 3 days followed by oral prednisone 1 mg/kg/day, associated with intravenous cyclophosphamide 750 mg/m 2 /month for 6 months. Mycophenolate mofetil 2 g/day was prescribed as a maintenance therapy of lupus nephritis with hydroxychloroquine at a dose of 400 mg/day. Treatment of pulmonary embolism was initiated with subcutaneous low molecular weight heparin (enoxaparin 0.1 ml/10 kg/12h) followed by antivitamin K. For Hypercalcemia, patient has received intravenous fluid with furosemide. She also required Alendronate 70 mg/week with Vitamin D 400u/day for osteoporosis. The left parathyroid gland was surgically removed. Histopathological examination revealed parathyroid adenoma. Her immediate postoperative parathyroid hormone level was 64 pg/ml with a calcium level of 98 mg/l. Follow-up and outcomes: forty-eight hours after the surgery she developed oral paresthesia. She had hypocalcemia at 72 mg/l. She required oral supplementation for few months. Additional investigations for multiple endocrine neoplasia were negative. The patient remained asymptomatic. Her SLE was calm without any relapse. Control of proteinuria was negative. Corticosteroids was dropped. The follow-up was 4 years.
",EN100653,"<|im_start|>user Extract the entities contained in the text. Extract only entities contained in the text.
Return the result in a json format: [{""entity"":""entity_name""}]. <<C3 and C4 complement fractions were low (0.2 g/l and 0.05 g/l).>>> <|im_end|><|im_start|>assistant[{""entity"": ""fractions""}, {""entity"": ""low""}, {""entity"": ""0.2 g/l""}, {""entity"": ""0.05 g/l""}] <|im_end|>","<|im_start|>user Extract the entities contained in the text. Extract only entities contained in the text.
Return the result in a json format: [{""entity"":""entity_name""}]. <<<We present a case of a 32-year-old woman with a history of gradual enlargement of the anterior neck.>>> <|im_end|><|im_start|>assistant [{""entity"": ""present""}, {""entity"": ""history""}, {""entity"": ""enlargement""}] <|im_end|>
<|im_start|>user Extract the entities contained in the text. Extract only entities contained in the text.
Return the result in a json format: [{""entity"":""entity_name""}]. <<<Patient information: a 9-month-old boy presented to the emergency room with a 3-day history of refusal to bear weight on the right lower extremity and febrile peaks of up to 38.5°C for 24 hours.>>> <|im_end|><|im_start|>assistant [{""entity"": ""presented""}, {""entity"": ""refusal""}, {""entity"": ""bear""}, {""entity"": ""peaks""}] <|im_end|>
<|im_start|>user Extract the entities contained in the text. Extract only entities contained in the text.
Return the result in a json format: [{""entity"":""entity_name""}]. <<C3 and C4 complement fractions were low (0.2 g/l and 0.05 g/l).>>> <|im_end|><|im_start|>assistant","[{""entity"": ""fractions""}, {""entity"": ""low""}, {""entity"": ""0.2 g/l""}, {""entity"": ""0.05 g/l""}] ","[{""entity"": ""fractions""}, {""entity"": ""low""}, {""entity"": ""0.2 g/l""}, {""entity"": """
Chest computed tomography (CT) scan showed proximal pulmonary embolism.,"[{'id': '9594', 'offsets': array([31, 35]), 'role': '', 'semantic_type_id': '', 'text': 'scan', 'type': 'EVENT'}
 {'id': '9609', 'offsets': array([36, 42]), 'role': '', 'semantic_type_id': '', 'text': 'showed', 'type': 'EVENT'}
 {'id': '9624', 'offsets': array([62, 70]), 'role': '', 'semantic_type_id': '', 'text': 'embolism', 'type': 'EVENT'}
 {'id': '10954', 'offsets': array([52, 70]), 'role': '', 'semantic_type_id': 'C0034065', 'text': 'pulmonary embolism', 'type': 'CLINENTITY'}
 {'id': '11098', 'offsets': array([0, 5]), 'role': '', 'semantic_type_id': '', 'text': 'Chest', 'type': 'BODYPART'}]","A 31-year-old woman with no pathological history was admitted to our hospital for chest pain, bone and joint pain, hair loss and asthenia for the last 3 months. On physical examination, we found fever at 38°C, polypnea at 32 cycles/min, arterial hypertension at 160/90 mmHg, malar rash, synovitis of wrists, elbows and ankles, and edema on both legs. Diagnostic assessment: laboratory tests disclosed the following values: Increase level of erythrocyte sedimentation rate 120 mm/1 st hour, C reactive protein was 20 mg/l. The blood count showed hemoglobin at 9g/dl, MCV at 85 µ 3, lymphopenia at 400/mm 3, while platelets were normal 450 000/mm 3. Direct coombs test was negative. Serum Albumin was 25g/l; proteins level was low at 50g/l and proteinuria at 3.2g/day. Creatinine was normal. Anti-nuclear antibody ANA were positive 1/320 with homogeneous pattern, anti-dsDNA level was 160U/ml. Anti-cardiolipin IgG antibodies were positive 25UGPL. Rheumatoid Factor was negative. C3 and C4 complement fractions were low (0.2 g/l and 0.05 g/l). Chest x-ray, electrocardiogram and echocardiography were normal. Chest computed tomography (CT) scan showed proximal pulmonary embolism. Renal ultrasound was normal. Renal biopsy reveals immunocomplex nephritis, lupus nephritis, segmental mesangial proliferation, mild activity lupus nephritis class III (A/C). Before starting corticosteroids, we analyzed electrolytes. Serum calcium was elevated 132 mg/l with hyper-calciuria 479 mg/24 h. 25 OHD was normal. Alcaline phosphatase was 420 UI/l. the patient did not have any symptoms of hypercalcemia. Serum protein Electrophoresis showed polyclonal hypergammaglobulinaemia. Serum and urine immunofixation as well as Bence-Jones proteinuria were negative. Intact parathyroid hormone (iPTH) was high 628 pg/ml. CT scan and ultrasound of parathyroid imaging revealed a lower left parathyroid nodule measuring 2cm x 1 cm. Femoral and lumbar bone mineral density (BMD) showed osteoporosis (T-score: -2.6). In addition, we found multiple pelvic osteolytic lesions at CT scan. Other causes of hypercalcemia and bone lysis were excluded. The diagnosis in this case was SLE with lupus nephritis class III and anti-phospholipid syndrome, complicated by pulmonary embolism associated to primary hyperparathyroidism causing severe hypercalcemia, osteoporosis. Therapeutic intervention: the patient was given a pulse of methyl-prednisolone 15 mg/kg/day for 3 days followed by oral prednisone 1 mg/kg/day, associated with intravenous cyclophosphamide 750 mg/m 2 /month for 6 months. Mycophenolate mofetil 2 g/day was prescribed as a maintenance therapy of lupus nephritis with hydroxychloroquine at a dose of 400 mg/day. Treatment of pulmonary embolism was initiated with subcutaneous low molecular weight heparin (enoxaparin 0.1 ml/10 kg/12h) followed by antivitamin K. For Hypercalcemia, patient has received intravenous fluid with furosemide. She also required Alendronate 70 mg/week with Vitamin D 400u/day for osteoporosis. The left parathyroid gland was surgically removed. Histopathological examination revealed parathyroid adenoma. Her immediate postoperative parathyroid hormone level was 64 pg/ml with a calcium level of 98 mg/l. Follow-up and outcomes: forty-eight hours after the surgery she developed oral paresthesia. She had hypocalcemia at 72 mg/l. She required oral supplementation for few months. Additional investigations for multiple endocrine neoplasia were negative. The patient remained asymptomatic. Her SLE was calm without any relapse. Control of proteinuria was negative. Corticosteroids was dropped. The follow-up was 4 years.
",EN100653,"<|im_start|>user Extract the entities contained in the text. Extract only entities contained in the text.
Return the result in a json format: [{""entity"":""entity_name""}]. <<Chest computed tomography (CT) scan showed proximal pulmonary embolism.>>> <|im_end|><|im_start|>assistant[{""entity"": ""scan""}, {""entity"": ""showed""}, {""entity"": ""embolism""}, {""entity"": ""pulmonary embolism""}, {""entity"": ""Chest""}] <|im_end|>","<|im_start|>user Extract the entities contained in the text. Extract only entities contained in the text.
Return the result in a json format: [{""entity"":""entity_name""}]. <<<We present a case of a 32-year-old woman with a history of gradual enlargement of the anterior neck.>>> <|im_end|><|im_start|>assistant [{""entity"": ""present""}, {""entity"": ""history""}, {""entity"": ""enlargement""}] <|im_end|>
<|im_start|>user Extract the entities contained in the text. Extract only entities contained in the text.
Return the result in a json format: [{""entity"":""entity_name""}]. <<<Patient information: a 9-month-old boy presented to the emergency room with a 3-day history of refusal to bear weight on the right lower extremity and febrile peaks of up to 38.5°C for 24 hours.>>> <|im_end|><|im_start|>assistant [{""entity"": ""presented""}, {""entity"": ""refusal""}, {""entity"": ""bear""}, {""entity"": ""peaks""}] <|im_end|>
<|im_start|>user Extract the entities contained in the text. Extract only entities contained in the text.
Return the result in a json format: [{""entity"":""entity_name""}]. <<Chest computed tomography (CT) scan showed proximal pulmonary embolism.>>> <|im_end|><|im_start|>assistant","[{""entity"": ""scan""}, {""entity"": ""showed""}, {""entity"": ""embolism""}, {""entity"": ""pulmonary embolism""}, {""entity"": ""Chest""}] ","[{""entity"": ""scan""}, {""entity"": ""showed""}, {""entity"": ""embolism""}, {""entity"": ""proximal"
Renal ultrasound was normal.,"[{'id': '9639', 'offsets': array([ 6, 16]), 'role': '', 'semantic_type_id': '', 'text': 'ultrasound', 'type': 'EVENT'}
 {'id': '11350', 'offsets': array([21, 27]), 'role': '', 'semantic_type_id': '', 'text': 'normal', 'type': 'RML'}]","A 31-year-old woman with no pathological history was admitted to our hospital for chest pain, bone and joint pain, hair loss and asthenia for the last 3 months. On physical examination, we found fever at 38°C, polypnea at 32 cycles/min, arterial hypertension at 160/90 mmHg, malar rash, synovitis of wrists, elbows and ankles, and edema on both legs. Diagnostic assessment: laboratory tests disclosed the following values: Increase level of erythrocyte sedimentation rate 120 mm/1 st hour, C reactive protein was 20 mg/l. The blood count showed hemoglobin at 9g/dl, MCV at 85 µ 3, lymphopenia at 400/mm 3, while platelets were normal 450 000/mm 3. Direct coombs test was negative. Serum Albumin was 25g/l; proteins level was low at 50g/l and proteinuria at 3.2g/day. Creatinine was normal. Anti-nuclear antibody ANA were positive 1/320 with homogeneous pattern, anti-dsDNA level was 160U/ml. Anti-cardiolipin IgG antibodies were positive 25UGPL. Rheumatoid Factor was negative. C3 and C4 complement fractions were low (0.2 g/l and 0.05 g/l). Chest x-ray, electrocardiogram and echocardiography were normal. Chest computed tomography (CT) scan showed proximal pulmonary embolism. Renal ultrasound was normal. Renal biopsy reveals immunocomplex nephritis, lupus nephritis, segmental mesangial proliferation, mild activity lupus nephritis class III (A/C). Before starting corticosteroids, we analyzed electrolytes. Serum calcium was elevated 132 mg/l with hyper-calciuria 479 mg/24 h. 25 OHD was normal. Alcaline phosphatase was 420 UI/l. the patient did not have any symptoms of hypercalcemia. Serum protein Electrophoresis showed polyclonal hypergammaglobulinaemia. Serum and urine immunofixation as well as Bence-Jones proteinuria were negative. Intact parathyroid hormone (iPTH) was high 628 pg/ml. CT scan and ultrasound of parathyroid imaging revealed a lower left parathyroid nodule measuring 2cm x 1 cm. Femoral and lumbar bone mineral density (BMD) showed osteoporosis (T-score: -2.6). In addition, we found multiple pelvic osteolytic lesions at CT scan. Other causes of hypercalcemia and bone lysis were excluded. The diagnosis in this case was SLE with lupus nephritis class III and anti-phospholipid syndrome, complicated by pulmonary embolism associated to primary hyperparathyroidism causing severe hypercalcemia, osteoporosis. Therapeutic intervention: the patient was given a pulse of methyl-prednisolone 15 mg/kg/day for 3 days followed by oral prednisone 1 mg/kg/day, associated with intravenous cyclophosphamide 750 mg/m 2 /month for 6 months. Mycophenolate mofetil 2 g/day was prescribed as a maintenance therapy of lupus nephritis with hydroxychloroquine at a dose of 400 mg/day. Treatment of pulmonary embolism was initiated with subcutaneous low molecular weight heparin (enoxaparin 0.1 ml/10 kg/12h) followed by antivitamin K. For Hypercalcemia, patient has received intravenous fluid with furosemide. She also required Alendronate 70 mg/week with Vitamin D 400u/day for osteoporosis. The left parathyroid gland was surgically removed. Histopathological examination revealed parathyroid adenoma. Her immediate postoperative parathyroid hormone level was 64 pg/ml with a calcium level of 98 mg/l. Follow-up and outcomes: forty-eight hours after the surgery she developed oral paresthesia. She had hypocalcemia at 72 mg/l. She required oral supplementation for few months. Additional investigations for multiple endocrine neoplasia were negative. The patient remained asymptomatic. Her SLE was calm without any relapse. Control of proteinuria was negative. Corticosteroids was dropped. The follow-up was 4 years.
",EN100653,"<|im_start|>user Extract the entities contained in the text. Extract only entities contained in the text.
Return the result in a json format: [{""entity"":""entity_name""}]. <<Renal ultrasound was normal.>>> <|im_end|><|im_start|>assistant[{""entity"": ""ultrasound""}, {""entity"": ""normal""}] <|im_end|>","<|im_start|>user Extract the entities contained in the text. Extract only entities contained in the text.
Return the result in a json format: [{""entity"":""entity_name""}]. <<<We present a case of a 32-year-old woman with a history of gradual enlargement of the anterior neck.>>> <|im_end|><|im_start|>assistant [{""entity"": ""present""}, {""entity"": ""history""}, {""entity"": ""enlargement""}] <|im_end|>
<|im_start|>user Extract the entities contained in the text. Extract only entities contained in the text.
Return the result in a json format: [{""entity"":""entity_name""}]. <<<Patient information: a 9-month-old boy presented to the emergency room with a 3-day history of refusal to bear weight on the right lower extremity and febrile peaks of up to 38.5°C for 24 hours.>>> <|im_end|><|im_start|>assistant [{""entity"": ""presented""}, {""entity"": ""refusal""}, {""entity"": ""bear""}, {""entity"": ""peaks""}] <|im_end|>
<|im_start|>user Extract the entities contained in the text. Extract only entities contained in the text.
Return the result in a json format: [{""entity"":""entity_name""}]. <<Renal ultrasound was normal.>>> <|im_end|><|im_start|>assistant","[{""entity"": ""ultrasound""}, {""entity"": ""normal""}] ","[{""entity"": ""ultrasound""}, {""entity"": ""normal""}] <|im_end|><|im_end|><|im_end|><|im_end|><|im_end|><|im_end|><|im_end|><|im_end|><|im_end|><|im_end|><|im_end|><|im_end|>"
"Renal biopsy reveals immunocomplex nephritis, lupus nephritis, segmental mesangial proliferation, mild activity lupus nephritis class III (A/C).","[{'id': '9654', 'offsets': array([ 6, 12]), 'role': '', 'semantic_type_id': '', 'text': 'biopsy', 'type': 'EVENT'}
 {'id': '9669', 'offsets': array([13, 20]), 'role': '', 'semantic_type_id': '', 'text': 'reveals', 'type': 'EVENT'}
 {'id': '9684', 'offsets': array([35, 44]), 'role': '', 'semantic_type_id': '', 'text': 'nephritis', 'type': 'EVENT'}
 {'id': '9699', 'offsets': array([52, 61]), 'role': '', 'semantic_type_id': '', 'text': 'nephritis', 'type': 'EVENT'}
 {'id': '9714', 'offsets': array([83, 96]), 'role': '', 'semantic_type_id': '', 'text': 'proliferation', 'type': 'EVENT'}
 {'id': '9729', 'offsets': array([118, 127]), 'role': '', 'semantic_type_id': '', 'text': 'nephritis', 'type': 'EVENT'}
 {'id': '10961', 'offsets': array([35, 44]), 'role': '', 'semantic_type_id': 'C0027697', 'text': 'nephritis', 'type': 'CLINENTITY'}
 {'id': '10968', 'offsets': array([46, 61]), 'role': '', 'semantic_type_id': 'C0024143', 'text': 'lupus nephritis', 'type': 'CLINENTITY'}
 {'id': '10975', 'offsets': array([73, 96]), 'role': '', 'semantic_type_id': 'C4281741', 'text': 'mesangial proliferation', 'type': 'CLINENTITY'}]","A 31-year-old woman with no pathological history was admitted to our hospital for chest pain, bone and joint pain, hair loss and asthenia for the last 3 months. On physical examination, we found fever at 38°C, polypnea at 32 cycles/min, arterial hypertension at 160/90 mmHg, malar rash, synovitis of wrists, elbows and ankles, and edema on both legs. Diagnostic assessment: laboratory tests disclosed the following values: Increase level of erythrocyte sedimentation rate 120 mm/1 st hour, C reactive protein was 20 mg/l. The blood count showed hemoglobin at 9g/dl, MCV at 85 µ 3, lymphopenia at 400/mm 3, while platelets were normal 450 000/mm 3. Direct coombs test was negative. Serum Albumin was 25g/l; proteins level was low at 50g/l and proteinuria at 3.2g/day. Creatinine was normal. Anti-nuclear antibody ANA were positive 1/320 with homogeneous pattern, anti-dsDNA level was 160U/ml. Anti-cardiolipin IgG antibodies were positive 25UGPL. Rheumatoid Factor was negative. C3 and C4 complement fractions were low (0.2 g/l and 0.05 g/l). Chest x-ray, electrocardiogram and echocardiography were normal. Chest computed tomography (CT) scan showed proximal pulmonary embolism. Renal ultrasound was normal. Renal biopsy reveals immunocomplex nephritis, lupus nephritis, segmental mesangial proliferation, mild activity lupus nephritis class III (A/C). Before starting corticosteroids, we analyzed electrolytes. Serum calcium was elevated 132 mg/l with hyper-calciuria 479 mg/24 h. 25 OHD was normal. Alcaline phosphatase was 420 UI/l. the patient did not have any symptoms of hypercalcemia. Serum protein Electrophoresis showed polyclonal hypergammaglobulinaemia. Serum and urine immunofixation as well as Bence-Jones proteinuria were negative. Intact parathyroid hormone (iPTH) was high 628 pg/ml. CT scan and ultrasound of parathyroid imaging revealed a lower left parathyroid nodule measuring 2cm x 1 cm. Femoral and lumbar bone mineral density (BMD) showed osteoporosis (T-score: -2.6). In addition, we found multiple pelvic osteolytic lesions at CT scan. Other causes of hypercalcemia and bone lysis were excluded. The diagnosis in this case was SLE with lupus nephritis class III and anti-phospholipid syndrome, complicated by pulmonary embolism associated to primary hyperparathyroidism causing severe hypercalcemia, osteoporosis. Therapeutic intervention: the patient was given a pulse of methyl-prednisolone 15 mg/kg/day for 3 days followed by oral prednisone 1 mg/kg/day, associated with intravenous cyclophosphamide 750 mg/m 2 /month for 6 months. Mycophenolate mofetil 2 g/day was prescribed as a maintenance therapy of lupus nephritis with hydroxychloroquine at a dose of 400 mg/day. Treatment of pulmonary embolism was initiated with subcutaneous low molecular weight heparin (enoxaparin 0.1 ml/10 kg/12h) followed by antivitamin K. For Hypercalcemia, patient has received intravenous fluid with furosemide. She also required Alendronate 70 mg/week with Vitamin D 400u/day for osteoporosis. The left parathyroid gland was surgically removed. Histopathological examination revealed parathyroid adenoma. Her immediate postoperative parathyroid hormone level was 64 pg/ml with a calcium level of 98 mg/l. Follow-up and outcomes: forty-eight hours after the surgery she developed oral paresthesia. She had hypocalcemia at 72 mg/l. She required oral supplementation for few months. Additional investigations for multiple endocrine neoplasia were negative. The patient remained asymptomatic. Her SLE was calm without any relapse. Control of proteinuria was negative. Corticosteroids was dropped. The follow-up was 4 years.
",EN100653,"<|im_start|>user Extract the entities contained in the text. Extract only entities contained in the text.
Return the result in a json format: [{""entity"":""entity_name""}]. <<Renal biopsy reveals immunocomplex nephritis, lupus nephritis, segmental mesangial proliferation, mild activity lupus nephritis class III (A/C).>>> <|im_end|><|im_start|>assistant[{""entity"": ""biopsy""}, {""entity"": ""reveals""}, {""entity"": ""nephritis""}, {""entity"": ""nephritis""}, {""entity"": ""proliferation""}, {""entity"": ""nephritis""}, {""entity"": ""nephritis""}, {""entity"": ""lupus nephritis""}, {""entity"": ""mesangial proliferation""}] <|im_end|>","<|im_start|>user Extract the entities contained in the text. Extract only entities contained in the text.
Return the result in a json format: [{""entity"":""entity_name""}]. <<<We present a case of a 32-year-old woman with a history of gradual enlargement of the anterior neck.>>> <|im_end|><|im_start|>assistant [{""entity"": ""present""}, {""entity"": ""history""}, {""entity"": ""enlargement""}] <|im_end|>
<|im_start|>user Extract the entities contained in the text. Extract only entities contained in the text.
Return the result in a json format: [{""entity"":""entity_name""}]. <<<Patient information: a 9-month-old boy presented to the emergency room with a 3-day history of refusal to bear weight on the right lower extremity and febrile peaks of up to 38.5°C for 24 hours.>>> <|im_end|><|im_start|>assistant [{""entity"": ""presented""}, {""entity"": ""refusal""}, {""entity"": ""bear""}, {""entity"": ""peaks""}] <|im_end|>
<|im_start|>user Extract the entities contained in the text. Extract only entities contained in the text.
Return the result in a json format: [{""entity"":""entity_name""}]. <<Renal biopsy reveals immunocomplex nephritis, lupus nephritis, segmental mesangial proliferation, mild activity lupus nephritis class III (A/C).>>> <|im_end|><|im_start|>assistant","[{""entity"": ""biopsy""}, {""entity"": ""reveals""}, {""entity"": ""nephritis""}, {""entity"": ""nephritis""}, {""entity"": ""proliferation""}, {""entity"": ""nephritis""}, {""entity"": ""nephritis""}, {""entity"": ""lupus nephritis""}, {""entity"": ""mesangial proliferation""}] ","[{""entity"": ""biopsy""}, {""entity"": ""reveals""}, {""entity"": ""nephritis""}, {""entity"": ""l"
Serum calcium was elevated 132 mg/l with hyper-calciuria 479 mg/24 h. 25 OHD was normal.,"[{'id': '9789', 'offsets': array([ 6, 13]), 'role': '', 'semantic_type_id': '', 'text': 'calcium', 'type': 'EVENT'}
 {'id': '9804', 'offsets': array([41, 56]), 'role': '', 'semantic_type_id': '', 'text': 'hyper-calciuria', 'type': 'EVENT'}
 {'id': '9819', 'offsets': array([73, 76]), 'role': '', 'semantic_type_id': '', 'text': 'OHD', 'type': 'EVENT'}
 {'id': '11356', 'offsets': array([18, 26]), 'role': '', 'semantic_type_id': '', 'text': 'elevated', 'type': 'RML'}
 {'id': '11362', 'offsets': array([27, 35]), 'role': '', 'semantic_type_id': '', 'text': '132 mg/l', 'type': 'RML'}
 {'id': '11368', 'offsets': array([57, 68]), 'role': '', 'semantic_type_id': '', 'text': '479 mg/24 h', 'type': 'RML'}
 {'id': '11374', 'offsets': array([81, 87]), 'role': '', 'semantic_type_id': '', 'text': 'normal', 'type': 'RML'}]","A 31-year-old woman with no pathological history was admitted to our hospital for chest pain, bone and joint pain, hair loss and asthenia for the last 3 months. On physical examination, we found fever at 38°C, polypnea at 32 cycles/min, arterial hypertension at 160/90 mmHg, malar rash, synovitis of wrists, elbows and ankles, and edema on both legs. Diagnostic assessment: laboratory tests disclosed the following values: Increase level of erythrocyte sedimentation rate 120 mm/1 st hour, C reactive protein was 20 mg/l. The blood count showed hemoglobin at 9g/dl, MCV at 85 µ 3, lymphopenia at 400/mm 3, while platelets were normal 450 000/mm 3. Direct coombs test was negative. Serum Albumin was 25g/l; proteins level was low at 50g/l and proteinuria at 3.2g/day. Creatinine was normal. Anti-nuclear antibody ANA were positive 1/320 with homogeneous pattern, anti-dsDNA level was 160U/ml. Anti-cardiolipin IgG antibodies were positive 25UGPL. Rheumatoid Factor was negative. C3 and C4 complement fractions were low (0.2 g/l and 0.05 g/l). Chest x-ray, electrocardiogram and echocardiography were normal. Chest computed tomography (CT) scan showed proximal pulmonary embolism. Renal ultrasound was normal. Renal biopsy reveals immunocomplex nephritis, lupus nephritis, segmental mesangial proliferation, mild activity lupus nephritis class III (A/C). Before starting corticosteroids, we analyzed electrolytes. Serum calcium was elevated 132 mg/l with hyper-calciuria 479 mg/24 h. 25 OHD was normal. Alcaline phosphatase was 420 UI/l. the patient did not have any symptoms of hypercalcemia. Serum protein Electrophoresis showed polyclonal hypergammaglobulinaemia. Serum and urine immunofixation as well as Bence-Jones proteinuria were negative. Intact parathyroid hormone (iPTH) was high 628 pg/ml. CT scan and ultrasound of parathyroid imaging revealed a lower left parathyroid nodule measuring 2cm x 1 cm. Femoral and lumbar bone mineral density (BMD) showed osteoporosis (T-score: -2.6). In addition, we found multiple pelvic osteolytic lesions at CT scan. Other causes of hypercalcemia and bone lysis were excluded. The diagnosis in this case was SLE with lupus nephritis class III and anti-phospholipid syndrome, complicated by pulmonary embolism associated to primary hyperparathyroidism causing severe hypercalcemia, osteoporosis. Therapeutic intervention: the patient was given a pulse of methyl-prednisolone 15 mg/kg/day for 3 days followed by oral prednisone 1 mg/kg/day, associated with intravenous cyclophosphamide 750 mg/m 2 /month for 6 months. Mycophenolate mofetil 2 g/day was prescribed as a maintenance therapy of lupus nephritis with hydroxychloroquine at a dose of 400 mg/day. Treatment of pulmonary embolism was initiated with subcutaneous low molecular weight heparin (enoxaparin 0.1 ml/10 kg/12h) followed by antivitamin K. For Hypercalcemia, patient has received intravenous fluid with furosemide. She also required Alendronate 70 mg/week with Vitamin D 400u/day for osteoporosis. The left parathyroid gland was surgically removed. Histopathological examination revealed parathyroid adenoma. Her immediate postoperative parathyroid hormone level was 64 pg/ml with a calcium level of 98 mg/l. Follow-up and outcomes: forty-eight hours after the surgery she developed oral paresthesia. She had hypocalcemia at 72 mg/l. She required oral supplementation for few months. Additional investigations for multiple endocrine neoplasia were negative. The patient remained asymptomatic. Her SLE was calm without any relapse. Control of proteinuria was negative. Corticosteroids was dropped. The follow-up was 4 years.
",EN100653,"<|im_start|>user Extract the entities contained in the text. Extract only entities contained in the text.
Return the result in a json format: [{""entity"":""entity_name""}]. <<Serum calcium was elevated 132 mg/l with hyper-calciuria 479 mg/24 h. 25 OHD was normal.>>> <|im_end|><|im_start|>assistant[{""entity"": ""calcium""}, {""entity"": ""hyper-calciuria""}, {""entity"": ""OHD""}, {""entity"": ""elevated""}, {""entity"": ""132 mg/l""}, {""entity"": ""479 mg/24 h""}, {""entity"": ""normal""}] <|im_end|>","<|im_start|>user Extract the entities contained in the text. Extract only entities contained in the text.
Return the result in a json format: [{""entity"":""entity_name""}]. <<<We present a case of a 32-year-old woman with a history of gradual enlargement of the anterior neck.>>> <|im_end|><|im_start|>assistant [{""entity"": ""present""}, {""entity"": ""history""}, {""entity"": ""enlargement""}] <|im_end|>
<|im_start|>user Extract the entities contained in the text. Extract only entities contained in the text.
Return the result in a json format: [{""entity"":""entity_name""}]. <<<Patient information: a 9-month-old boy presented to the emergency room with a 3-day history of refusal to bear weight on the right lower extremity and febrile peaks of up to 38.5°C for 24 hours.>>> <|im_end|><|im_start|>assistant [{""entity"": ""presented""}, {""entity"": ""refusal""}, {""entity"": ""bear""}, {""entity"": ""peaks""}] <|im_end|>
<|im_start|>user Extract the entities contained in the text. Extract only entities contained in the text.
Return the result in a json format: [{""entity"":""entity_name""}]. <<Serum calcium was elevated 132 mg/l with hyper-calciuria 479 mg/24 h. 25 OHD was normal.>>> <|im_end|><|im_start|>assistant","[{""entity"": ""calcium""}, {""entity"": ""hyper-calciuria""}, {""entity"": ""OHD""}, {""entity"": ""elevated""}, {""entity"": ""132 mg/l""}, {""entity"": ""479 mg/24 h""}, {""entity"": ""normal""}] ","[{""entity"": ""elevated""}, {""entity"": ""hyper-calciuria""}, {""entity"": ""normal""}, {""entity"": """
Alcaline phosphatase was 420 UI/l. the patient did not have any symptoms of hypercalcemia.,"[{'id': '9834', 'offsets': array([ 9, 20]), 'role': '', 'semantic_type_id': '', 'text': 'phosphatase', 'type': 'EVENT'}
 {'id': '9849', 'offsets': array([64, 72]), 'role': '', 'semantic_type_id': '', 'text': 'symptoms', 'type': 'EVENT'}
 {'id': '11155', 'offsets': array([35, 46]), 'role': 'PATIENT', 'semantic_type_id': '', 'text': 'the patient', 'type': 'ACTOR'}
 {'id': '11380', 'offsets': array([25, 33]), 'role': '', 'semantic_type_id': '', 'text': '420 UI/l', 'type': 'RML'}]","A 31-year-old woman with no pathological history was admitted to our hospital for chest pain, bone and joint pain, hair loss and asthenia for the last 3 months. On physical examination, we found fever at 38°C, polypnea at 32 cycles/min, arterial hypertension at 160/90 mmHg, malar rash, synovitis of wrists, elbows and ankles, and edema on both legs. Diagnostic assessment: laboratory tests disclosed the following values: Increase level of erythrocyte sedimentation rate 120 mm/1 st hour, C reactive protein was 20 mg/l. The blood count showed hemoglobin at 9g/dl, MCV at 85 µ 3, lymphopenia at 400/mm 3, while platelets were normal 450 000/mm 3. Direct coombs test was negative. Serum Albumin was 25g/l; proteins level was low at 50g/l and proteinuria at 3.2g/day. Creatinine was normal. Anti-nuclear antibody ANA were positive 1/320 with homogeneous pattern, anti-dsDNA level was 160U/ml. Anti-cardiolipin IgG antibodies were positive 25UGPL. Rheumatoid Factor was negative. C3 and C4 complement fractions were low (0.2 g/l and 0.05 g/l). Chest x-ray, electrocardiogram and echocardiography were normal. Chest computed tomography (CT) scan showed proximal pulmonary embolism. Renal ultrasound was normal. Renal biopsy reveals immunocomplex nephritis, lupus nephritis, segmental mesangial proliferation, mild activity lupus nephritis class III (A/C). Before starting corticosteroids, we analyzed electrolytes. Serum calcium was elevated 132 mg/l with hyper-calciuria 479 mg/24 h. 25 OHD was normal. Alcaline phosphatase was 420 UI/l. the patient did not have any symptoms of hypercalcemia. Serum protein Electrophoresis showed polyclonal hypergammaglobulinaemia. Serum and urine immunofixation as well as Bence-Jones proteinuria were negative. Intact parathyroid hormone (iPTH) was high 628 pg/ml. CT scan and ultrasound of parathyroid imaging revealed a lower left parathyroid nodule measuring 2cm x 1 cm. Femoral and lumbar bone mineral density (BMD) showed osteoporosis (T-score: -2.6). In addition, we found multiple pelvic osteolytic lesions at CT scan. Other causes of hypercalcemia and bone lysis were excluded. The diagnosis in this case was SLE with lupus nephritis class III and anti-phospholipid syndrome, complicated by pulmonary embolism associated to primary hyperparathyroidism causing severe hypercalcemia, osteoporosis. Therapeutic intervention: the patient was given a pulse of methyl-prednisolone 15 mg/kg/day for 3 days followed by oral prednisone 1 mg/kg/day, associated with intravenous cyclophosphamide 750 mg/m 2 /month for 6 months. Mycophenolate mofetil 2 g/day was prescribed as a maintenance therapy of lupus nephritis with hydroxychloroquine at a dose of 400 mg/day. Treatment of pulmonary embolism was initiated with subcutaneous low molecular weight heparin (enoxaparin 0.1 ml/10 kg/12h) followed by antivitamin K. For Hypercalcemia, patient has received intravenous fluid with furosemide. She also required Alendronate 70 mg/week with Vitamin D 400u/day for osteoporosis. The left parathyroid gland was surgically removed. Histopathological examination revealed parathyroid adenoma. Her immediate postoperative parathyroid hormone level was 64 pg/ml with a calcium level of 98 mg/l. Follow-up and outcomes: forty-eight hours after the surgery she developed oral paresthesia. She had hypocalcemia at 72 mg/l. She required oral supplementation for few months. Additional investigations for multiple endocrine neoplasia were negative. The patient remained asymptomatic. Her SLE was calm without any relapse. Control of proteinuria was negative. Corticosteroids was dropped. The follow-up was 4 years.
",EN100653,"<|im_start|>user Extract the entities contained in the text. Extract only entities contained in the text.
Return the result in a json format: [{""entity"":""entity_name""}]. <<Alcaline phosphatase was 420 UI/l. the patient did not have any symptoms of hypercalcemia.>>> <|im_end|><|im_start|>assistant[{""entity"": ""phosphatase""}, {""entity"": ""symptoms""}, {""entity"": ""the patient""}, {""entity"": ""420 UI/l""}] <|im_end|>","<|im_start|>user Extract the entities contained in the text. Extract only entities contained in the text.
Return the result in a json format: [{""entity"":""entity_name""}]. <<<We present a case of a 32-year-old woman with a history of gradual enlargement of the anterior neck.>>> <|im_end|><|im_start|>assistant [{""entity"": ""present""}, {""entity"": ""history""}, {""entity"": ""enlargement""}] <|im_end|>
<|im_start|>user Extract the entities contained in the text. Extract only entities contained in the text.
Return the result in a json format: [{""entity"":""entity_name""}]. <<<Patient information: a 9-month-old boy presented to the emergency room with a 3-day history of refusal to bear weight on the right lower extremity and febrile peaks of up to 38.5°C for 24 hours.>>> <|im_end|><|im_start|>assistant [{""entity"": ""presented""}, {""entity"": ""refusal""}, {""entity"": ""bear""}, {""entity"": ""peaks""}] <|im_end|>
<|im_start|>user Extract the entities contained in the text. Extract only entities contained in the text.
Return the result in a json format: [{""entity"":""entity_name""}]. <<Alcaline phosphatase was 420 UI/l. the patient did not have any symptoms of hypercalcemia.>>> <|im_end|><|im_start|>assistant","[{""entity"": ""phosphatase""}, {""entity"": ""symptoms""}, {""entity"": ""the patient""}, {""entity"": ""420 UI/l""}] ","[{""entity"": ""phosphatase""}, {""entity"": ""symptoms""}, {""entity"": ""hypercalcemia""}, {""entity"":"
Serum and urine immunofixation as well as Bence-Jones proteinuria were negative.,"[{'id': '9909', 'offsets': array([16, 30]), 'role': '', 'semantic_type_id': '', 'text': 'immunofixation', 'type': 'EVENT'}
 {'id': '9924', 'offsets': array([54, 65]), 'role': '', 'semantic_type_id': '', 'text': 'proteinuria', 'type': 'EVENT'}
 {'id': '11110', 'offsets': array([10, 15]), 'role': '', 'semantic_type_id': '', 'text': 'urine', 'type': 'BODYPART'}
 {'id': '11386', 'offsets': array([71, 79]), 'role': '', 'semantic_type_id': '', 'text': 'negative', 'type': 'RML'}]","A 31-year-old woman with no pathological history was admitted to our hospital for chest pain, bone and joint pain, hair loss and asthenia for the last 3 months. On physical examination, we found fever at 38°C, polypnea at 32 cycles/min, arterial hypertension at 160/90 mmHg, malar rash, synovitis of wrists, elbows and ankles, and edema on both legs. Diagnostic assessment: laboratory tests disclosed the following values: Increase level of erythrocyte sedimentation rate 120 mm/1 st hour, C reactive protein was 20 mg/l. The blood count showed hemoglobin at 9g/dl, MCV at 85 µ 3, lymphopenia at 400/mm 3, while platelets were normal 450 000/mm 3. Direct coombs test was negative. Serum Albumin was 25g/l; proteins level was low at 50g/l and proteinuria at 3.2g/day. Creatinine was normal. Anti-nuclear antibody ANA were positive 1/320 with homogeneous pattern, anti-dsDNA level was 160U/ml. Anti-cardiolipin IgG antibodies were positive 25UGPL. Rheumatoid Factor was negative. C3 and C4 complement fractions were low (0.2 g/l and 0.05 g/l). Chest x-ray, electrocardiogram and echocardiography were normal. Chest computed tomography (CT) scan showed proximal pulmonary embolism. Renal ultrasound was normal. Renal biopsy reveals immunocomplex nephritis, lupus nephritis, segmental mesangial proliferation, mild activity lupus nephritis class III (A/C). Before starting corticosteroids, we analyzed electrolytes. Serum calcium was elevated 132 mg/l with hyper-calciuria 479 mg/24 h. 25 OHD was normal. Alcaline phosphatase was 420 UI/l. the patient did not have any symptoms of hypercalcemia. Serum protein Electrophoresis showed polyclonal hypergammaglobulinaemia. Serum and urine immunofixation as well as Bence-Jones proteinuria were negative. Intact parathyroid hormone (iPTH) was high 628 pg/ml. CT scan and ultrasound of parathyroid imaging revealed a lower left parathyroid nodule measuring 2cm x 1 cm. Femoral and lumbar bone mineral density (BMD) showed osteoporosis (T-score: -2.6). In addition, we found multiple pelvic osteolytic lesions at CT scan. Other causes of hypercalcemia and bone lysis were excluded. The diagnosis in this case was SLE with lupus nephritis class III and anti-phospholipid syndrome, complicated by pulmonary embolism associated to primary hyperparathyroidism causing severe hypercalcemia, osteoporosis. Therapeutic intervention: the patient was given a pulse of methyl-prednisolone 15 mg/kg/day for 3 days followed by oral prednisone 1 mg/kg/day, associated with intravenous cyclophosphamide 750 mg/m 2 /month for 6 months. Mycophenolate mofetil 2 g/day was prescribed as a maintenance therapy of lupus nephritis with hydroxychloroquine at a dose of 400 mg/day. Treatment of pulmonary embolism was initiated with subcutaneous low molecular weight heparin (enoxaparin 0.1 ml/10 kg/12h) followed by antivitamin K. For Hypercalcemia, patient has received intravenous fluid with furosemide. She also required Alendronate 70 mg/week with Vitamin D 400u/day for osteoporosis. The left parathyroid gland was surgically removed. Histopathological examination revealed parathyroid adenoma. Her immediate postoperative parathyroid hormone level was 64 pg/ml with a calcium level of 98 mg/l. Follow-up and outcomes: forty-eight hours after the surgery she developed oral paresthesia. She had hypocalcemia at 72 mg/l. She required oral supplementation for few months. Additional investigations for multiple endocrine neoplasia were negative. The patient remained asymptomatic. Her SLE was calm without any relapse. Control of proteinuria was negative. Corticosteroids was dropped. The follow-up was 4 years.
",EN100653,"<|im_start|>user Extract the entities contained in the text. Extract only entities contained in the text.
Return the result in a json format: [{""entity"":""entity_name""}]. <<Serum and urine immunofixation as well as Bence-Jones proteinuria were negative.>>> <|im_end|><|im_start|>assistant[{""entity"": ""immunofixation""}, {""entity"": ""proteinuria""}, {""entity"": ""urine""}, {""entity"": ""negative""}] <|im_end|>","<|im_start|>user Extract the entities contained in the text. Extract only entities contained in the text.
Return the result in a json format: [{""entity"":""entity_name""}]. <<<We present a case of a 32-year-old woman with a history of gradual enlargement of the anterior neck.>>> <|im_end|><|im_start|>assistant [{""entity"": ""present""}, {""entity"": ""history""}, {""entity"": ""enlargement""}] <|im_end|>
<|im_start|>user Extract the entities contained in the text. Extract only entities contained in the text.
Return the result in a json format: [{""entity"":""entity_name""}]. <<<Patient information: a 9-month-old boy presented to the emergency room with a 3-day history of refusal to bear weight on the right lower extremity and febrile peaks of up to 38.5°C for 24 hours.>>> <|im_end|><|im_start|>assistant [{""entity"": ""presented""}, {""entity"": ""refusal""}, {""entity"": ""bear""}, {""entity"": ""peaks""}] <|im_end|>
<|im_start|>user Extract the entities contained in the text. Extract only entities contained in the text.
Return the result in a json format: [{""entity"":""entity_name""}]. <<Serum and urine immunofixation as well as Bence-Jones proteinuria were negative.>>> <|im_end|><|im_start|>assistant","[{""entity"": ""immunofixation""}, {""entity"": ""proteinuria""}, {""entity"": ""urine""}, {""entity"": ""negative""}] ","[{""entity"": ""immunofixation""}, {""entity"": ""proteinuria""}, {""entity"": ""negative""}] <|im_end|><|im_end|>"
Femoral and lumbar bone mineral density (BMD) showed osteoporosis (T-score: -2.6).,"[{'id': '10044', 'offsets': array([32, 39]), 'role': '', 'semantic_type_id': '', 'text': 'density', 'type': 'EVENT'}
 {'id': '10059', 'offsets': array([41, 44]), 'role': '', 'semantic_type_id': '', 'text': 'BMD', 'type': 'EVENT'}
 {'id': '10074', 'offsets': array([46, 52]), 'role': '', 'semantic_type_id': '', 'text': 'showed', 'type': 'EVENT'}
 {'id': '10089', 'offsets': array([53, 65]), 'role': '', 'semantic_type_id': '', 'text': 'osteoporosis', 'type': 'EVENT'}
 {'id': '10104', 'offsets': array([67, 74]), 'role': '', 'semantic_type_id': '', 'text': 'T-score', 'type': 'EVENT'}
 {'id': '11116', 'offsets': array([ 0, 23]), 'role': '', 'semantic_type_id': '', 'text': 'Femoral and lumbar bone', 'type': 'BODYPART'}
 {'id': '11410', 'offsets': array([77, 80]), 'role': '', 'semantic_type_id': '', 'text': '2.6', 'type': 'RML'}]","A 31-year-old woman with no pathological history was admitted to our hospital for chest pain, bone and joint pain, hair loss and asthenia for the last 3 months. On physical examination, we found fever at 38°C, polypnea at 32 cycles/min, arterial hypertension at 160/90 mmHg, malar rash, synovitis of wrists, elbows and ankles, and edema on both legs. Diagnostic assessment: laboratory tests disclosed the following values: Increase level of erythrocyte sedimentation rate 120 mm/1 st hour, C reactive protein was 20 mg/l. The blood count showed hemoglobin at 9g/dl, MCV at 85 µ 3, lymphopenia at 400/mm 3, while platelets were normal 450 000/mm 3. Direct coombs test was negative. Serum Albumin was 25g/l; proteins level was low at 50g/l and proteinuria at 3.2g/day. Creatinine was normal. Anti-nuclear antibody ANA were positive 1/320 with homogeneous pattern, anti-dsDNA level was 160U/ml. Anti-cardiolipin IgG antibodies were positive 25UGPL. Rheumatoid Factor was negative. C3 and C4 complement fractions were low (0.2 g/l and 0.05 g/l). Chest x-ray, electrocardiogram and echocardiography were normal. Chest computed tomography (CT) scan showed proximal pulmonary embolism. Renal ultrasound was normal. Renal biopsy reveals immunocomplex nephritis, lupus nephritis, segmental mesangial proliferation, mild activity lupus nephritis class III (A/C). Before starting corticosteroids, we analyzed electrolytes. Serum calcium was elevated 132 mg/l with hyper-calciuria 479 mg/24 h. 25 OHD was normal. Alcaline phosphatase was 420 UI/l. the patient did not have any symptoms of hypercalcemia. Serum protein Electrophoresis showed polyclonal hypergammaglobulinaemia. Serum and urine immunofixation as well as Bence-Jones proteinuria were negative. Intact parathyroid hormone (iPTH) was high 628 pg/ml. CT scan and ultrasound of parathyroid imaging revealed a lower left parathyroid nodule measuring 2cm x 1 cm. Femoral and lumbar bone mineral density (BMD) showed osteoporosis (T-score: -2.6). In addition, we found multiple pelvic osteolytic lesions at CT scan. Other causes of hypercalcemia and bone lysis were excluded. The diagnosis in this case was SLE with lupus nephritis class III and anti-phospholipid syndrome, complicated by pulmonary embolism associated to primary hyperparathyroidism causing severe hypercalcemia, osteoporosis. Therapeutic intervention: the patient was given a pulse of methyl-prednisolone 15 mg/kg/day for 3 days followed by oral prednisone 1 mg/kg/day, associated with intravenous cyclophosphamide 750 mg/m 2 /month for 6 months. Mycophenolate mofetil 2 g/day was prescribed as a maintenance therapy of lupus nephritis with hydroxychloroquine at a dose of 400 mg/day. Treatment of pulmonary embolism was initiated with subcutaneous low molecular weight heparin (enoxaparin 0.1 ml/10 kg/12h) followed by antivitamin K. For Hypercalcemia, patient has received intravenous fluid with furosemide. She also required Alendronate 70 mg/week with Vitamin D 400u/day for osteoporosis. The left parathyroid gland was surgically removed. Histopathological examination revealed parathyroid adenoma. Her immediate postoperative parathyroid hormone level was 64 pg/ml with a calcium level of 98 mg/l. Follow-up and outcomes: forty-eight hours after the surgery she developed oral paresthesia. She had hypocalcemia at 72 mg/l. She required oral supplementation for few months. Additional investigations for multiple endocrine neoplasia were negative. The patient remained asymptomatic. Her SLE was calm without any relapse. Control of proteinuria was negative. Corticosteroids was dropped. The follow-up was 4 years.
",EN100653,"<|im_start|>user Extract the entities contained in the text. Extract only entities contained in the text.
Return the result in a json format: [{""entity"":""entity_name""}]. <<Femoral and lumbar bone mineral density (BMD) showed osteoporosis (T-score: -2.6).>>> <|im_end|><|im_start|>assistant[{""entity"": ""density""}, {""entity"": ""BMD""}, {""entity"": ""showed""}, {""entity"": ""osteoporosis""}, {""entity"": ""T-score""}, {""entity"": ""Femoral and lumbar bone""}, {""entity"": ""2.6""}] <|im_end|>","<|im_start|>user Extract the entities contained in the text. Extract only entities contained in the text.
Return the result in a json format: [{""entity"":""entity_name""}]. <<<We present a case of a 32-year-old woman with a history of gradual enlargement of the anterior neck.>>> <|im_end|><|im_start|>assistant [{""entity"": ""present""}, {""entity"": ""history""}, {""entity"": ""enlargement""}] <|im_end|>
<|im_start|>user Extract the entities contained in the text. Extract only entities contained in the text.
Return the result in a json format: [{""entity"":""entity_name""}]. <<<Patient information: a 9-month-old boy presented to the emergency room with a 3-day history of refusal to bear weight on the right lower extremity and febrile peaks of up to 38.5°C for 24 hours.>>> <|im_end|><|im_start|>assistant [{""entity"": ""presented""}, {""entity"": ""refusal""}, {""entity"": ""bear""}, {""entity"": ""peaks""}] <|im_end|>
<|im_start|>user Extract the entities contained in the text. Extract only entities contained in the text.
Return the result in a json format: [{""entity"":""entity_name""}]. <<Femoral and lumbar bone mineral density (BMD) showed osteoporosis (T-score: -2.6).>>> <|im_end|><|im_start|>assistant","[{""entity"": ""density""}, {""entity"": ""BMD""}, {""entity"": ""showed""}, {""entity"": ""osteoporosis""}, {""entity"": ""T-score""}, {""entity"": ""Femoral and lumbar bone""}, {""entity"": ""2.6""}] ","[{""entity"": ""density""}, {""entity"": ""showed""}, {""entity"": ""osteoporosis""}, {""entity"": ""T-score"
Other causes of hypercalcemia and bone lysis were excluded.,"[{'id': '10164', 'offsets': array([ 6, 12]), 'role': '', 'semantic_type_id': '', 'text': 'causes', 'type': 'EVENT'}
 {'id': '10179', 'offsets': array([50, 58]), 'role': '', 'semantic_type_id': '', 'text': 'excluded', 'type': 'EVENT'}
 {'id': '11122', 'offsets': array([34, 38]), 'role': '', 'semantic_type_id': '', 'text': 'bone', 'type': 'BODYPART'}]","A 31-year-old woman with no pathological history was admitted to our hospital for chest pain, bone and joint pain, hair loss and asthenia for the last 3 months. On physical examination, we found fever at 38°C, polypnea at 32 cycles/min, arterial hypertension at 160/90 mmHg, malar rash, synovitis of wrists, elbows and ankles, and edema on both legs. Diagnostic assessment: laboratory tests disclosed the following values: Increase level of erythrocyte sedimentation rate 120 mm/1 st hour, C reactive protein was 20 mg/l. The blood count showed hemoglobin at 9g/dl, MCV at 85 µ 3, lymphopenia at 400/mm 3, while platelets were normal 450 000/mm 3. Direct coombs test was negative. Serum Albumin was 25g/l; proteins level was low at 50g/l and proteinuria at 3.2g/day. Creatinine was normal. Anti-nuclear antibody ANA were positive 1/320 with homogeneous pattern, anti-dsDNA level was 160U/ml. Anti-cardiolipin IgG antibodies were positive 25UGPL. Rheumatoid Factor was negative. C3 and C4 complement fractions were low (0.2 g/l and 0.05 g/l). Chest x-ray, electrocardiogram and echocardiography were normal. Chest computed tomography (CT) scan showed proximal pulmonary embolism. Renal ultrasound was normal. Renal biopsy reveals immunocomplex nephritis, lupus nephritis, segmental mesangial proliferation, mild activity lupus nephritis class III (A/C). Before starting corticosteroids, we analyzed electrolytes. Serum calcium was elevated 132 mg/l with hyper-calciuria 479 mg/24 h. 25 OHD was normal. Alcaline phosphatase was 420 UI/l. the patient did not have any symptoms of hypercalcemia. Serum protein Electrophoresis showed polyclonal hypergammaglobulinaemia. Serum and urine immunofixation as well as Bence-Jones proteinuria were negative. Intact parathyroid hormone (iPTH) was high 628 pg/ml. CT scan and ultrasound of parathyroid imaging revealed a lower left parathyroid nodule measuring 2cm x 1 cm. Femoral and lumbar bone mineral density (BMD) showed osteoporosis (T-score: -2.6). In addition, we found multiple pelvic osteolytic lesions at CT scan. Other causes of hypercalcemia and bone lysis were excluded. The diagnosis in this case was SLE with lupus nephritis class III and anti-phospholipid syndrome, complicated by pulmonary embolism associated to primary hyperparathyroidism causing severe hypercalcemia, osteoporosis. Therapeutic intervention: the patient was given a pulse of methyl-prednisolone 15 mg/kg/day for 3 days followed by oral prednisone 1 mg/kg/day, associated with intravenous cyclophosphamide 750 mg/m 2 /month for 6 months. Mycophenolate mofetil 2 g/day was prescribed as a maintenance therapy of lupus nephritis with hydroxychloroquine at a dose of 400 mg/day. Treatment of pulmonary embolism was initiated with subcutaneous low molecular weight heparin (enoxaparin 0.1 ml/10 kg/12h) followed by antivitamin K. For Hypercalcemia, patient has received intravenous fluid with furosemide. She also required Alendronate 70 mg/week with Vitamin D 400u/day for osteoporosis. The left parathyroid gland was surgically removed. Histopathological examination revealed parathyroid adenoma. Her immediate postoperative parathyroid hormone level was 64 pg/ml with a calcium level of 98 mg/l. Follow-up and outcomes: forty-eight hours after the surgery she developed oral paresthesia. She had hypocalcemia at 72 mg/l. She required oral supplementation for few months. Additional investigations for multiple endocrine neoplasia were negative. The patient remained asymptomatic. Her SLE was calm without any relapse. Control of proteinuria was negative. Corticosteroids was dropped. The follow-up was 4 years.
",EN100653,"<|im_start|>user Extract the entities contained in the text. Extract only entities contained in the text.
Return the result in a json format: [{""entity"":""entity_name""}]. <<Other causes of hypercalcemia and bone lysis were excluded.>>> <|im_end|><|im_start|>assistant[{""entity"": ""causes""}, {""entity"": ""excluded""}, {""entity"": ""bone""}] <|im_end|>","<|im_start|>user Extract the entities contained in the text. Extract only entities contained in the text.
Return the result in a json format: [{""entity"":""entity_name""}]. <<<We present a case of a 32-year-old woman with a history of gradual enlargement of the anterior neck.>>> <|im_end|><|im_start|>assistant [{""entity"": ""present""}, {""entity"": ""history""}, {""entity"": ""enlargement""}] <|im_end|>
<|im_start|>user Extract the entities contained in the text. Extract only entities contained in the text.
Return the result in a json format: [{""entity"":""entity_name""}]. <<<Patient information: a 9-month-old boy presented to the emergency room with a 3-day history of refusal to bear weight on the right lower extremity and febrile peaks of up to 38.5°C for 24 hours.>>> <|im_end|><|im_start|>assistant [{""entity"": ""presented""}, {""entity"": ""refusal""}, {""entity"": ""bear""}, {""entity"": ""peaks""}] <|im_end|>
<|im_start|>user Extract the entities contained in the text. Extract only entities contained in the text.
Return the result in a json format: [{""entity"":""entity_name""}]. <<Other causes of hypercalcemia and bone lysis were excluded.>>> <|im_end|><|im_start|>assistant","[{""entity"": ""causes""}, {""entity"": ""excluded""}, {""entity"": ""bone""}] ","[{""entity"": ""hypercalcemia""}, {""entity"": ""lysis""}, {""entity"": ""excluded""}] <|im_end|><|im_end|><|im_end|>"
"The diagnosis in this case was SLE with lupus nephritis class III and anti-phospholipid syndrome, complicated by pulmonary embolism associated to primary hyperparathyroidism causing severe hypercalcemia, osteoporosis.","[{'id': '10194', 'offsets': array([ 4, 13]), 'role': '', 'semantic_type_id': '', 'text': 'diagnosis', 'type': 'EVENT'}
 {'id': '10209', 'offsets': array([31, 34]), 'role': '', 'semantic_type_id': '', 'text': 'SLE', 'type': 'EVENT'}
 {'id': '10224', 'offsets': array([88, 96]), 'role': '', 'semantic_type_id': '', 'text': 'syndrome', 'type': 'EVENT'}
 {'id': '10239', 'offsets': array([ 98, 109]), 'role': '', 'semantic_type_id': '', 'text': 'complicated', 'type': 'EVENT'}
 {'id': '10254', 'offsets': array([123, 131]), 'role': '', 'semantic_type_id': '', 'text': 'embolism', 'type': 'EVENT'}
 {'id': '10269', 'offsets': array([154, 173]), 'role': '', 'semantic_type_id': '', 'text': 'hyperparathyroidism', 'type': 'EVENT'}
 {'id': '10284', 'offsets': array([174, 181]), 'role': '', 'semantic_type_id': '', 'text': 'causing', 'type': 'EVENT'}
 {'id': '10299', 'offsets': array([189, 202]), 'role': '', 'semantic_type_id': '', 'text': 'hypercalcemia', 'type': 'EVENT'}
 {'id': '10314', 'offsets': array([204, 216]), 'role': '', 'semantic_type_id': '', 'text': 'osteoporosis', 'type': 'EVENT'}
 {'id': '10989', 'offsets': array([31, 65]), 'role': '', 'semantic_type_id': 'C4053959', 'text': 'SLE with lupus nephritis class III', 'type': 'CLINENTITY'}
 {'id': '10996', 'offsets': array([113, 131]), 'role': '', 'semantic_type_id': 'C0034065', 'text': 'pulmonary embolism', 'type': 'CLINENTITY'}
 {'id': '11003', 'offsets': array([189, 202]), 'role': '', 'semantic_type_id': 'C0020437', 'text': 'hypercalcemia', 'type': 'CLINENTITY'}
 {'id': '11010', 'offsets': array([204, 216]), 'role': '', 'semantic_type_id': 'C0029456', 'text': 'osteoporosis', 'type': 'CLINENTITY'}]","A 31-year-old woman with no pathological history was admitted to our hospital for chest pain, bone and joint pain, hair loss and asthenia for the last 3 months. On physical examination, we found fever at 38°C, polypnea at 32 cycles/min, arterial hypertension at 160/90 mmHg, malar rash, synovitis of wrists, elbows and ankles, and edema on both legs. Diagnostic assessment: laboratory tests disclosed the following values: Increase level of erythrocyte sedimentation rate 120 mm/1 st hour, C reactive protein was 20 mg/l. The blood count showed hemoglobin at 9g/dl, MCV at 85 µ 3, lymphopenia at 400/mm 3, while platelets were normal 450 000/mm 3. Direct coombs test was negative. Serum Albumin was 25g/l; proteins level was low at 50g/l and proteinuria at 3.2g/day. Creatinine was normal. Anti-nuclear antibody ANA were positive 1/320 with homogeneous pattern, anti-dsDNA level was 160U/ml. Anti-cardiolipin IgG antibodies were positive 25UGPL. Rheumatoid Factor was negative. C3 and C4 complement fractions were low (0.2 g/l and 0.05 g/l). Chest x-ray, electrocardiogram and echocardiography were normal. Chest computed tomography (CT) scan showed proximal pulmonary embolism. Renal ultrasound was normal. Renal biopsy reveals immunocomplex nephritis, lupus nephritis, segmental mesangial proliferation, mild activity lupus nephritis class III (A/C). Before starting corticosteroids, we analyzed electrolytes. Serum calcium was elevated 132 mg/l with hyper-calciuria 479 mg/24 h. 25 OHD was normal. Alcaline phosphatase was 420 UI/l. the patient did not have any symptoms of hypercalcemia. Serum protein Electrophoresis showed polyclonal hypergammaglobulinaemia. Serum and urine immunofixation as well as Bence-Jones proteinuria were negative. Intact parathyroid hormone (iPTH) was high 628 pg/ml. CT scan and ultrasound of parathyroid imaging revealed a lower left parathyroid nodule measuring 2cm x 1 cm. Femoral and lumbar bone mineral density (BMD) showed osteoporosis (T-score: -2.6). In addition, we found multiple pelvic osteolytic lesions at CT scan. Other causes of hypercalcemia and bone lysis were excluded. The diagnosis in this case was SLE with lupus nephritis class III and anti-phospholipid syndrome, complicated by pulmonary embolism associated to primary hyperparathyroidism causing severe hypercalcemia, osteoporosis. Therapeutic intervention: the patient was given a pulse of methyl-prednisolone 15 mg/kg/day for 3 days followed by oral prednisone 1 mg/kg/day, associated with intravenous cyclophosphamide 750 mg/m 2 /month for 6 months. Mycophenolate mofetil 2 g/day was prescribed as a maintenance therapy of lupus nephritis with hydroxychloroquine at a dose of 400 mg/day. Treatment of pulmonary embolism was initiated with subcutaneous low molecular weight heparin (enoxaparin 0.1 ml/10 kg/12h) followed by antivitamin K. For Hypercalcemia, patient has received intravenous fluid with furosemide. She also required Alendronate 70 mg/week with Vitamin D 400u/day for osteoporosis. The left parathyroid gland was surgically removed. Histopathological examination revealed parathyroid adenoma. Her immediate postoperative parathyroid hormone level was 64 pg/ml with a calcium level of 98 mg/l. Follow-up and outcomes: forty-eight hours after the surgery she developed oral paresthesia. She had hypocalcemia at 72 mg/l. She required oral supplementation for few months. Additional investigations for multiple endocrine neoplasia were negative. The patient remained asymptomatic. Her SLE was calm without any relapse. Control of proteinuria was negative. Corticosteroids was dropped. The follow-up was 4 years.
",EN100653,"<|im_start|>user Extract the entities contained in the text. Extract only entities contained in the text.
Return the result in a json format: [{""entity"":""entity_name""}]. <<The diagnosis in this case was SLE with lupus nephritis class III and anti-phospholipid syndrome, complicated by pulmonary embolism associated to primary hyperparathyroidism causing severe hypercalcemia, osteoporosis.>>> <|im_end|><|im_start|>assistant[{""entity"": ""diagnosis""}, {""entity"": ""SLE""}, {""entity"": ""syndrome""}, {""entity"": ""complicated""}, {""entity"": ""embolism""}, {""entity"": ""hyperparathyroidism""}, {""entity"": ""causing""}, {""entity"": ""hypercalcemia""}, {""entity"": ""osteoporosis""}, {""entity"": ""SLE with lupus nephritis class III""}, {""entity"": ""pulmonary embolism""}, {""entity"": ""hypercalcemia""}, {""entity"": ""osteoporosis""}] <|im_end|>","<|im_start|>user Extract the entities contained in the text. Extract only entities contained in the text.
Return the result in a json format: [{""entity"":""entity_name""}]. <<<We present a case of a 32-year-old woman with a history of gradual enlargement of the anterior neck.>>> <|im_end|><|im_start|>assistant [{""entity"": ""present""}, {""entity"": ""history""}, {""entity"": ""enlargement""}] <|im_end|>
<|im_start|>user Extract the entities contained in the text. Extract only entities contained in the text.
Return the result in a json format: [{""entity"":""entity_name""}]. <<<Patient information: a 9-month-old boy presented to the emergency room with a 3-day history of refusal to bear weight on the right lower extremity and febrile peaks of up to 38.5°C for 24 hours.>>> <|im_end|><|im_start|>assistant [{""entity"": ""presented""}, {""entity"": ""refusal""}, {""entity"": ""bear""}, {""entity"": ""peaks""}] <|im_end|>
<|im_start|>user Extract the entities contained in the text. Extract only entities contained in the text.
Return the result in a json format: [{""entity"":""entity_name""}]. <<The diagnosis in this case was SLE with lupus nephritis class III and anti-phospholipid syndrome, complicated by pulmonary embolism associated to primary hyperparathyroidism causing severe hypercalcemia, osteoporosis.>>> <|im_end|><|im_start|>assistant","[{""entity"": ""diagnosis""}, {""entity"": ""SLE""}, {""entity"": ""syndrome""}, {""entity"": ""complicated""}, {""entity"": ""embolism""}, {""entity"": ""hyperparathyroidism""}, {""entity"": ""causing""}, {""entity"": ""hypercalcemia""}, {""entity"": ""osteoporosis""}, {""entity"": ""SLE with lupus nephritis class III""}, {""entity"": ""pulmonary embolism""}, {""entity"": ""hypercalcemia""}, {""entity"": ""osteoporosis""}] ","[{""entity"": ""diagnosis""}, {""entity"": ""SLE""}, {""entity"": ""lupus nephritis class III""}, {"""
"Therapeutic intervention: the patient was given a pulse of methyl-prednisolone 15 mg/kg/day for 3 days followed by oral prednisone 1 mg/kg/day, associated with intravenous cyclophosphamide 750 mg/m 2 /month for 6 months.","[{'id': '10329', 'offsets': array([12, 24]), 'role': '', 'semantic_type_id': '', 'text': 'intervention', 'type': 'EVENT'}
 {'id': '10344', 'offsets': array([59, 78]), 'role': '', 'semantic_type_id': '', 'text': 'methyl-prednisolone', 'type': 'EVENT'}
 {'id': '10359', 'offsets': array([120, 130]), 'role': '', 'semantic_type_id': '', 'text': 'prednisone', 'type': 'EVENT'}
 {'id': '10374', 'offsets': array([172, 188]), 'role': '', 'semantic_type_id': '', 'text': 'cyclophosphamide', 'type': 'EVENT'}
 {'id': '11169', 'offsets': array([26, 37]), 'role': 'PATIENT', 'semantic_type_id': '', 'text': 'the patient', 'type': 'ACTOR'}
 {'id': '11455', 'offsets': array([ 96, 102]), 'role': '', 'semantic_type_id': '', 'text': '3 days', 'type': 'TIMEX3'}
 {'id': '11464', 'offsets': array([211, 219]), 'role': '', 'semantic_type_id': '', 'text': '6 months', 'type': 'TIMEX3'}]","A 31-year-old woman with no pathological history was admitted to our hospital for chest pain, bone and joint pain, hair loss and asthenia for the last 3 months. On physical examination, we found fever at 38°C, polypnea at 32 cycles/min, arterial hypertension at 160/90 mmHg, malar rash, synovitis of wrists, elbows and ankles, and edema on both legs. Diagnostic assessment: laboratory tests disclosed the following values: Increase level of erythrocyte sedimentation rate 120 mm/1 st hour, C reactive protein was 20 mg/l. The blood count showed hemoglobin at 9g/dl, MCV at 85 µ 3, lymphopenia at 400/mm 3, while platelets were normal 450 000/mm 3. Direct coombs test was negative. Serum Albumin was 25g/l; proteins level was low at 50g/l and proteinuria at 3.2g/day. Creatinine was normal. Anti-nuclear antibody ANA were positive 1/320 with homogeneous pattern, anti-dsDNA level was 160U/ml. Anti-cardiolipin IgG antibodies were positive 25UGPL. Rheumatoid Factor was negative. C3 and C4 complement fractions were low (0.2 g/l and 0.05 g/l). Chest x-ray, electrocardiogram and echocardiography were normal. Chest computed tomography (CT) scan showed proximal pulmonary embolism. Renal ultrasound was normal. Renal biopsy reveals immunocomplex nephritis, lupus nephritis, segmental mesangial proliferation, mild activity lupus nephritis class III (A/C). Before starting corticosteroids, we analyzed electrolytes. Serum calcium was elevated 132 mg/l with hyper-calciuria 479 mg/24 h. 25 OHD was normal. Alcaline phosphatase was 420 UI/l. the patient did not have any symptoms of hypercalcemia. Serum protein Electrophoresis showed polyclonal hypergammaglobulinaemia. Serum and urine immunofixation as well as Bence-Jones proteinuria were negative. Intact parathyroid hormone (iPTH) was high 628 pg/ml. CT scan and ultrasound of parathyroid imaging revealed a lower left parathyroid nodule measuring 2cm x 1 cm. Femoral and lumbar bone mineral density (BMD) showed osteoporosis (T-score: -2.6). In addition, we found multiple pelvic osteolytic lesions at CT scan. Other causes of hypercalcemia and bone lysis were excluded. The diagnosis in this case was SLE with lupus nephritis class III and anti-phospholipid syndrome, complicated by pulmonary embolism associated to primary hyperparathyroidism causing severe hypercalcemia, osteoporosis. Therapeutic intervention: the patient was given a pulse of methyl-prednisolone 15 mg/kg/day for 3 days followed by oral prednisone 1 mg/kg/day, associated with intravenous cyclophosphamide 750 mg/m 2 /month for 6 months. Mycophenolate mofetil 2 g/day was prescribed as a maintenance therapy of lupus nephritis with hydroxychloroquine at a dose of 400 mg/day. Treatment of pulmonary embolism was initiated with subcutaneous low molecular weight heparin (enoxaparin 0.1 ml/10 kg/12h) followed by antivitamin K. For Hypercalcemia, patient has received intravenous fluid with furosemide. She also required Alendronate 70 mg/week with Vitamin D 400u/day for osteoporosis. The left parathyroid gland was surgically removed. Histopathological examination revealed parathyroid adenoma. Her immediate postoperative parathyroid hormone level was 64 pg/ml with a calcium level of 98 mg/l. Follow-up and outcomes: forty-eight hours after the surgery she developed oral paresthesia. She had hypocalcemia at 72 mg/l. She required oral supplementation for few months. Additional investigations for multiple endocrine neoplasia were negative. The patient remained asymptomatic. Her SLE was calm without any relapse. Control of proteinuria was negative. Corticosteroids was dropped. The follow-up was 4 years.
",EN100653,"<|im_start|>user Extract the entities contained in the text. Extract only entities contained in the text.
Return the result in a json format: [{""entity"":""entity_name""}]. <<Therapeutic intervention: the patient was given a pulse of methyl-prednisolone 15 mg/kg/day for 3 days followed by oral prednisone 1 mg/kg/day, associated with intravenous cyclophosphamide 750 mg/m 2 /month for 6 months.>>> <|im_end|><|im_start|>assistant[{""entity"": ""intervention""}, {""entity"": ""methyl-prednisolone""}, {""entity"": ""prednisone""}, {""entity"": ""cyclophosphamide""}, {""entity"": ""the patient""}, {""entity"": ""3 days""}, {""entity"": ""6 months""}] <|im_end|>","<|im_start|>user Extract the entities contained in the text. Extract only entities contained in the text.
Return the result in a json format: [{""entity"":""entity_name""}]. <<<We present a case of a 32-year-old woman with a history of gradual enlargement of the anterior neck.>>> <|im_end|><|im_start|>assistant [{""entity"": ""present""}, {""entity"": ""history""}, {""entity"": ""enlargement""}] <|im_end|>
<|im_start|>user Extract the entities contained in the text. Extract only entities contained in the text.
Return the result in a json format: [{""entity"":""entity_name""}]. <<<Patient information: a 9-month-old boy presented to the emergency room with a 3-day history of refusal to bear weight on the right lower extremity and febrile peaks of up to 38.5°C for 24 hours.>>> <|im_end|><|im_start|>assistant [{""entity"": ""presented""}, {""entity"": ""refusal""}, {""entity"": ""bear""}, {""entity"": ""peaks""}] <|im_end|>
<|im_start|>user Extract the entities contained in the text. Extract only entities contained in the text.
Return the result in a json format: [{""entity"":""entity_name""}]. <<Therapeutic intervention: the patient was given a pulse of methyl-prednisolone 15 mg/kg/day for 3 days followed by oral prednisone 1 mg/kg/day, associated with intravenous cyclophosphamide 750 mg/m 2 /month for 6 months.>>> <|im_end|><|im_start|>assistant","[{""entity"": ""intervention""}, {""entity"": ""methyl-prednisolone""}, {""entity"": ""prednisone""}, {""entity"": ""cyclophosphamide""}, {""entity"": ""the patient""}, {""entity"": ""3 days""}, {""entity"": ""6 months""}] ","[{""entity"": ""intervention""}, {""entity"": ""patient""}, {""entity"": ""given""}, {""entity"": ""pulse""}, {""entity"
Mycophenolate mofetil 2 g/day was prescribed as a maintenance therapy of lupus nephritis with hydroxychloroquine at a dose of 400 mg/day.,"[{'id': '10389', 'offsets': array([14, 21]), 'role': '', 'semantic_type_id': '', 'text': 'mofetil', 'type': 'EVENT'}
 {'id': '10404', 'offsets': array([62, 69]), 'role': '', 'semantic_type_id': '', 'text': 'therapy', 'type': 'EVENT'}
 {'id': '10419', 'offsets': array([ 94, 112]), 'role': '', 'semantic_type_id': '', 'text': 'hydroxychloroquine', 'type': 'EVENT'}]","A 31-year-old woman with no pathological history was admitted to our hospital for chest pain, bone and joint pain, hair loss and asthenia for the last 3 months. On physical examination, we found fever at 38°C, polypnea at 32 cycles/min, arterial hypertension at 160/90 mmHg, malar rash, synovitis of wrists, elbows and ankles, and edema on both legs. Diagnostic assessment: laboratory tests disclosed the following values: Increase level of erythrocyte sedimentation rate 120 mm/1 st hour, C reactive protein was 20 mg/l. The blood count showed hemoglobin at 9g/dl, MCV at 85 µ 3, lymphopenia at 400/mm 3, while platelets were normal 450 000/mm 3. Direct coombs test was negative. Serum Albumin was 25g/l; proteins level was low at 50g/l and proteinuria at 3.2g/day. Creatinine was normal. Anti-nuclear antibody ANA were positive 1/320 with homogeneous pattern, anti-dsDNA level was 160U/ml. Anti-cardiolipin IgG antibodies were positive 25UGPL. Rheumatoid Factor was negative. C3 and C4 complement fractions were low (0.2 g/l and 0.05 g/l). Chest x-ray, electrocardiogram and echocardiography were normal. Chest computed tomography (CT) scan showed proximal pulmonary embolism. Renal ultrasound was normal. Renal biopsy reveals immunocomplex nephritis, lupus nephritis, segmental mesangial proliferation, mild activity lupus nephritis class III (A/C). Before starting corticosteroids, we analyzed electrolytes. Serum calcium was elevated 132 mg/l with hyper-calciuria 479 mg/24 h. 25 OHD was normal. Alcaline phosphatase was 420 UI/l. the patient did not have any symptoms of hypercalcemia. Serum protein Electrophoresis showed polyclonal hypergammaglobulinaemia. Serum and urine immunofixation as well as Bence-Jones proteinuria were negative. Intact parathyroid hormone (iPTH) was high 628 pg/ml. CT scan and ultrasound of parathyroid imaging revealed a lower left parathyroid nodule measuring 2cm x 1 cm. Femoral and lumbar bone mineral density (BMD) showed osteoporosis (T-score: -2.6). In addition, we found multiple pelvic osteolytic lesions at CT scan. Other causes of hypercalcemia and bone lysis were excluded. The diagnosis in this case was SLE with lupus nephritis class III and anti-phospholipid syndrome, complicated by pulmonary embolism associated to primary hyperparathyroidism causing severe hypercalcemia, osteoporosis. Therapeutic intervention: the patient was given a pulse of methyl-prednisolone 15 mg/kg/day for 3 days followed by oral prednisone 1 mg/kg/day, associated with intravenous cyclophosphamide 750 mg/m 2 /month for 6 months. Mycophenolate mofetil 2 g/day was prescribed as a maintenance therapy of lupus nephritis with hydroxychloroquine at a dose of 400 mg/day. Treatment of pulmonary embolism was initiated with subcutaneous low molecular weight heparin (enoxaparin 0.1 ml/10 kg/12h) followed by antivitamin K. For Hypercalcemia, patient has received intravenous fluid with furosemide. She also required Alendronate 70 mg/week with Vitamin D 400u/day for osteoporosis. The left parathyroid gland was surgically removed. Histopathological examination revealed parathyroid adenoma. Her immediate postoperative parathyroid hormone level was 64 pg/ml with a calcium level of 98 mg/l. Follow-up and outcomes: forty-eight hours after the surgery she developed oral paresthesia. She had hypocalcemia at 72 mg/l. She required oral supplementation for few months. Additional investigations for multiple endocrine neoplasia were negative. The patient remained asymptomatic. Her SLE was calm without any relapse. Control of proteinuria was negative. Corticosteroids was dropped. The follow-up was 4 years.
",EN100653,"<|im_start|>user Extract the entities contained in the text. Extract only entities contained in the text.
Return the result in a json format: [{""entity"":""entity_name""}]. <<Mycophenolate mofetil 2 g/day was prescribed as a maintenance therapy of lupus nephritis with hydroxychloroquine at a dose of 400 mg/day.>>> <|im_end|><|im_start|>assistant[{""entity"": ""mofetil""}, {""entity"": ""therapy""}, {""entity"": ""hydroxychloroquine""}] <|im_end|>","<|im_start|>user Extract the entities contained in the text. Extract only entities contained in the text.
Return the result in a json format: [{""entity"":""entity_name""}]. <<<We present a case of a 32-year-old woman with a history of gradual enlargement of the anterior neck.>>> <|im_end|><|im_start|>assistant [{""entity"": ""present""}, {""entity"": ""history""}, {""entity"": ""enlargement""}] <|im_end|>
<|im_start|>user Extract the entities contained in the text. Extract only entities contained in the text.
Return the result in a json format: [{""entity"":""entity_name""}]. <<<Patient information: a 9-month-old boy presented to the emergency room with a 3-day history of refusal to bear weight on the right lower extremity and febrile peaks of up to 38.5°C for 24 hours.>>> <|im_end|><|im_start|>assistant [{""entity"": ""presented""}, {""entity"": ""refusal""}, {""entity"": ""bear""}, {""entity"": ""peaks""}] <|im_end|>
<|im_start|>user Extract the entities contained in the text. Extract only entities contained in the text.
Return the result in a json format: [{""entity"":""entity_name""}]. <<Mycophenolate mofetil 2 g/day was prescribed as a maintenance therapy of lupus nephritis with hydroxychloroquine at a dose of 400 mg/day.>>> <|im_end|><|im_start|>assistant","[{""entity"": ""mofetil""}, {""entity"": ""therapy""}, {""entity"": ""hydroxychloroquine""}] ","[{""entity"": ""prescribed""}, {""entity"": ""therapy""}, {""entity"": ""lupus nephritis""}, {""entity"": """
Treatment of pulmonary embolism was initiated with subcutaneous low molecular weight heparin (enoxaparin 0.1 ml/10 kg/12h) followed by antivitamin K.,"[{'id': '10434', 'offsets': array([0, 9]), 'role': '', 'semantic_type_id': '', 'text': 'Treatment', 'type': 'EVENT'}
 {'id': '10449', 'offsets': array([36, 45]), 'role': '', 'semantic_type_id': '', 'text': 'initiated', 'type': 'EVENT'}
 {'id': '10464', 'offsets': array([85, 92]), 'role': '', 'semantic_type_id': '', 'text': 'heparin', 'type': 'EVENT'}
 {'id': '10479', 'offsets': array([135, 146]), 'role': '', 'semantic_type_id': '', 'text': 'antivitamin', 'type': 'EVENT'}
 {'id': '11017', 'offsets': array([13, 31]), 'role': '', 'semantic_type_id': 'C0034065', 'text': 'pulmonary embolism', 'type': 'CLINENTITY'}]","A 31-year-old woman with no pathological history was admitted to our hospital for chest pain, bone and joint pain, hair loss and asthenia for the last 3 months. On physical examination, we found fever at 38°C, polypnea at 32 cycles/min, arterial hypertension at 160/90 mmHg, malar rash, synovitis of wrists, elbows and ankles, and edema on both legs. Diagnostic assessment: laboratory tests disclosed the following values: Increase level of erythrocyte sedimentation rate 120 mm/1 st hour, C reactive protein was 20 mg/l. The blood count showed hemoglobin at 9g/dl, MCV at 85 µ 3, lymphopenia at 400/mm 3, while platelets were normal 450 000/mm 3. Direct coombs test was negative. Serum Albumin was 25g/l; proteins level was low at 50g/l and proteinuria at 3.2g/day. Creatinine was normal. Anti-nuclear antibody ANA were positive 1/320 with homogeneous pattern, anti-dsDNA level was 160U/ml. Anti-cardiolipin IgG antibodies were positive 25UGPL. Rheumatoid Factor was negative. C3 and C4 complement fractions were low (0.2 g/l and 0.05 g/l). Chest x-ray, electrocardiogram and echocardiography were normal. Chest computed tomography (CT) scan showed proximal pulmonary embolism. Renal ultrasound was normal. Renal biopsy reveals immunocomplex nephritis, lupus nephritis, segmental mesangial proliferation, mild activity lupus nephritis class III (A/C). Before starting corticosteroids, we analyzed electrolytes. Serum calcium was elevated 132 mg/l with hyper-calciuria 479 mg/24 h. 25 OHD was normal. Alcaline phosphatase was 420 UI/l. the patient did not have any symptoms of hypercalcemia. Serum protein Electrophoresis showed polyclonal hypergammaglobulinaemia. Serum and urine immunofixation as well as Bence-Jones proteinuria were negative. Intact parathyroid hormone (iPTH) was high 628 pg/ml. CT scan and ultrasound of parathyroid imaging revealed a lower left parathyroid nodule measuring 2cm x 1 cm. Femoral and lumbar bone mineral density (BMD) showed osteoporosis (T-score: -2.6). In addition, we found multiple pelvic osteolytic lesions at CT scan. Other causes of hypercalcemia and bone lysis were excluded. The diagnosis in this case was SLE with lupus nephritis class III and anti-phospholipid syndrome, complicated by pulmonary embolism associated to primary hyperparathyroidism causing severe hypercalcemia, osteoporosis. Therapeutic intervention: the patient was given a pulse of methyl-prednisolone 15 mg/kg/day for 3 days followed by oral prednisone 1 mg/kg/day, associated with intravenous cyclophosphamide 750 mg/m 2 /month for 6 months. Mycophenolate mofetil 2 g/day was prescribed as a maintenance therapy of lupus nephritis with hydroxychloroquine at a dose of 400 mg/day. Treatment of pulmonary embolism was initiated with subcutaneous low molecular weight heparin (enoxaparin 0.1 ml/10 kg/12h) followed by antivitamin K. For Hypercalcemia, patient has received intravenous fluid with furosemide. She also required Alendronate 70 mg/week with Vitamin D 400u/day for osteoporosis. The left parathyroid gland was surgically removed. Histopathological examination revealed parathyroid adenoma. Her immediate postoperative parathyroid hormone level was 64 pg/ml with a calcium level of 98 mg/l. Follow-up and outcomes: forty-eight hours after the surgery she developed oral paresthesia. She had hypocalcemia at 72 mg/l. She required oral supplementation for few months. Additional investigations for multiple endocrine neoplasia were negative. The patient remained asymptomatic. Her SLE was calm without any relapse. Control of proteinuria was negative. Corticosteroids was dropped. The follow-up was 4 years.
",EN100653,"<|im_start|>user Extract the entities contained in the text. Extract only entities contained in the text.
Return the result in a json format: [{""entity"":""entity_name""}]. <<Treatment of pulmonary embolism was initiated with subcutaneous low molecular weight heparin (enoxaparin 0.1 ml/10 kg/12h) followed by antivitamin K.>>> <|im_end|><|im_start|>assistant[{""entity"": ""Treatment""}, {""entity"": ""initiated""}, {""entity"": ""heparin""}, {""entity"": ""antivitamin""}, {""entity"": ""pulmonary embolism""}] <|im_end|>","<|im_start|>user Extract the entities contained in the text. Extract only entities contained in the text.
Return the result in a json format: [{""entity"":""entity_name""}]. <<<We present a case of a 32-year-old woman with a history of gradual enlargement of the anterior neck.>>> <|im_end|><|im_start|>assistant [{""entity"": ""present""}, {""entity"": ""history""}, {""entity"": ""enlargement""}] <|im_end|>
<|im_start|>user Extract the entities contained in the text. Extract only entities contained in the text.
Return the result in a json format: [{""entity"":""entity_name""}]. <<<Patient information: a 9-month-old boy presented to the emergency room with a 3-day history of refusal to bear weight on the right lower extremity and febrile peaks of up to 38.5°C for 24 hours.>>> <|im_end|><|im_start|>assistant [{""entity"": ""presented""}, {""entity"": ""refusal""}, {""entity"": ""bear""}, {""entity"": ""peaks""}] <|im_end|>
<|im_start|>user Extract the entities contained in the text. Extract only entities contained in the text.
Return the result in a json format: [{""entity"":""entity_name""}]. <<Treatment of pulmonary embolism was initiated with subcutaneous low molecular weight heparin (enoxaparin 0.1 ml/10 kg/12h) followed by antivitamin K.>>> <|im_end|><|im_start|>assistant","[{""entity"": ""Treatment""}, {""entity"": ""initiated""}, {""entity"": ""heparin""}, {""entity"": ""antivitamin""}, {""entity"": ""pulmonary embolism""}] ","[{""entity"": ""treatment""}, {""entity"": ""initiated""}, {""entity"": ""heparin""}, {""entity"": ""ant"
"For Hypercalcemia, patient has received intravenous fluid with furosemide.","[{'id': '10494', 'offsets': array([ 4, 17]), 'role': '', 'semantic_type_id': '', 'text': 'Hypercalcemia', 'type': 'EVENT'}
 {'id': '10509', 'offsets': array([52, 57]), 'role': '', 'semantic_type_id': '', 'text': 'fluid', 'type': 'EVENT'}
 {'id': '11024', 'offsets': array([ 4, 17]), 'role': '', 'semantic_type_id': 'C0020437', 'text': 'Hypercalcemia', 'type': 'CLINENTITY'}
 {'id': '11176', 'offsets': array([19, 26]), 'role': 'PATIENT', 'semantic_type_id': '', 'text': 'patient', 'type': 'ACTOR'}]","A 31-year-old woman with no pathological history was admitted to our hospital for chest pain, bone and joint pain, hair loss and asthenia for the last 3 months. On physical examination, we found fever at 38°C, polypnea at 32 cycles/min, arterial hypertension at 160/90 mmHg, malar rash, synovitis of wrists, elbows and ankles, and edema on both legs. Diagnostic assessment: laboratory tests disclosed the following values: Increase level of erythrocyte sedimentation rate 120 mm/1 st hour, C reactive protein was 20 mg/l. The blood count showed hemoglobin at 9g/dl, MCV at 85 µ 3, lymphopenia at 400/mm 3, while platelets were normal 450 000/mm 3. Direct coombs test was negative. Serum Albumin was 25g/l; proteins level was low at 50g/l and proteinuria at 3.2g/day. Creatinine was normal. Anti-nuclear antibody ANA were positive 1/320 with homogeneous pattern, anti-dsDNA level was 160U/ml. Anti-cardiolipin IgG antibodies were positive 25UGPL. Rheumatoid Factor was negative. C3 and C4 complement fractions were low (0.2 g/l and 0.05 g/l). Chest x-ray, electrocardiogram and echocardiography were normal. Chest computed tomography (CT) scan showed proximal pulmonary embolism. Renal ultrasound was normal. Renal biopsy reveals immunocomplex nephritis, lupus nephritis, segmental mesangial proliferation, mild activity lupus nephritis class III (A/C). Before starting corticosteroids, we analyzed electrolytes. Serum calcium was elevated 132 mg/l with hyper-calciuria 479 mg/24 h. 25 OHD was normal. Alcaline phosphatase was 420 UI/l. the patient did not have any symptoms of hypercalcemia. Serum protein Electrophoresis showed polyclonal hypergammaglobulinaemia. Serum and urine immunofixation as well as Bence-Jones proteinuria were negative. Intact parathyroid hormone (iPTH) was high 628 pg/ml. CT scan and ultrasound of parathyroid imaging revealed a lower left parathyroid nodule measuring 2cm x 1 cm. Femoral and lumbar bone mineral density (BMD) showed osteoporosis (T-score: -2.6). In addition, we found multiple pelvic osteolytic lesions at CT scan. Other causes of hypercalcemia and bone lysis were excluded. The diagnosis in this case was SLE with lupus nephritis class III and anti-phospholipid syndrome, complicated by pulmonary embolism associated to primary hyperparathyroidism causing severe hypercalcemia, osteoporosis. Therapeutic intervention: the patient was given a pulse of methyl-prednisolone 15 mg/kg/day for 3 days followed by oral prednisone 1 mg/kg/day, associated with intravenous cyclophosphamide 750 mg/m 2 /month for 6 months. Mycophenolate mofetil 2 g/day was prescribed as a maintenance therapy of lupus nephritis with hydroxychloroquine at a dose of 400 mg/day. Treatment of pulmonary embolism was initiated with subcutaneous low molecular weight heparin (enoxaparin 0.1 ml/10 kg/12h) followed by antivitamin K. For Hypercalcemia, patient has received intravenous fluid with furosemide. She also required Alendronate 70 mg/week with Vitamin D 400u/day for osteoporosis. The left parathyroid gland was surgically removed. Histopathological examination revealed parathyroid adenoma. Her immediate postoperative parathyroid hormone level was 64 pg/ml with a calcium level of 98 mg/l. Follow-up and outcomes: forty-eight hours after the surgery she developed oral paresthesia. She had hypocalcemia at 72 mg/l. She required oral supplementation for few months. Additional investigations for multiple endocrine neoplasia were negative. The patient remained asymptomatic. Her SLE was calm without any relapse. Control of proteinuria was negative. Corticosteroids was dropped. The follow-up was 4 years.
",EN100653,"<|im_start|>user Extract the entities contained in the text. Extract only entities contained in the text.
Return the result in a json format: [{""entity"":""entity_name""}]. <<For Hypercalcemia, patient has received intravenous fluid with furosemide.>>> <|im_end|><|im_start|>assistant[{""entity"": ""Hypercalcemia""}, {""entity"": ""fluid""}, {""entity"": ""Hypercalcemia""}, {""entity"": ""patient""}] <|im_end|>","<|im_start|>user Extract the entities contained in the text. Extract only entities contained in the text.
Return the result in a json format: [{""entity"":""entity_name""}]. <<<We present a case of a 32-year-old woman with a history of gradual enlargement of the anterior neck.>>> <|im_end|><|im_start|>assistant [{""entity"": ""present""}, {""entity"": ""history""}, {""entity"": ""enlargement""}] <|im_end|>
<|im_start|>user Extract the entities contained in the text. Extract only entities contained in the text.
Return the result in a json format: [{""entity"":""entity_name""}]. <<<Patient information: a 9-month-old boy presented to the emergency room with a 3-day history of refusal to bear weight on the right lower extremity and febrile peaks of up to 38.5°C for 24 hours.>>> <|im_end|><|im_start|>assistant [{""entity"": ""presented""}, {""entity"": ""refusal""}, {""entity"": ""bear""}, {""entity"": ""peaks""}] <|im_end|>
<|im_start|>user Extract the entities contained in the text. Extract only entities contained in the text.
Return the result in a json format: [{""entity"":""entity_name""}]. <<For Hypercalcemia, patient has received intravenous fluid with furosemide.>>> <|im_end|><|im_start|>assistant","[{""entity"": ""Hypercalcemia""}, {""entity"": ""fluid""}, {""entity"": ""Hypercalcemia""}, {""entity"": ""patient""}] ","[{""entity"": ""Hypercalcemia""}, {""entity"": ""received""}, {""entity"": ""furosemide""}, {""entity"": """
She also required Alendronate 70 mg/week with Vitamin D 400u/day for osteoporosis.,"[{'id': '10524', 'offsets': array([18, 29]), 'role': '', 'semantic_type_id': '', 'text': 'Alendronate', 'type': 'EVENT'}
 {'id': '10539', 'offsets': array([46, 53]), 'role': '', 'semantic_type_id': '', 'text': 'Vitamin', 'type': 'EVENT'}
 {'id': '10554', 'offsets': array([69, 81]), 'role': '', 'semantic_type_id': '', 'text': 'osteoporosis', 'type': 'EVENT'}
 {'id': '11183', 'offsets': array([0, 3]), 'role': 'PATIENT', 'semantic_type_id': '', 'text': 'She', 'type': 'ACTOR'}]","A 31-year-old woman with no pathological history was admitted to our hospital for chest pain, bone and joint pain, hair loss and asthenia for the last 3 months. On physical examination, we found fever at 38°C, polypnea at 32 cycles/min, arterial hypertension at 160/90 mmHg, malar rash, synovitis of wrists, elbows and ankles, and edema on both legs. Diagnostic assessment: laboratory tests disclosed the following values: Increase level of erythrocyte sedimentation rate 120 mm/1 st hour, C reactive protein was 20 mg/l. The blood count showed hemoglobin at 9g/dl, MCV at 85 µ 3, lymphopenia at 400/mm 3, while platelets were normal 450 000/mm 3. Direct coombs test was negative. Serum Albumin was 25g/l; proteins level was low at 50g/l and proteinuria at 3.2g/day. Creatinine was normal. Anti-nuclear antibody ANA were positive 1/320 with homogeneous pattern, anti-dsDNA level was 160U/ml. Anti-cardiolipin IgG antibodies were positive 25UGPL. Rheumatoid Factor was negative. C3 and C4 complement fractions were low (0.2 g/l and 0.05 g/l). Chest x-ray, electrocardiogram and echocardiography were normal. Chest computed tomography (CT) scan showed proximal pulmonary embolism. Renal ultrasound was normal. Renal biopsy reveals immunocomplex nephritis, lupus nephritis, segmental mesangial proliferation, mild activity lupus nephritis class III (A/C). Before starting corticosteroids, we analyzed electrolytes. Serum calcium was elevated 132 mg/l with hyper-calciuria 479 mg/24 h. 25 OHD was normal. Alcaline phosphatase was 420 UI/l. the patient did not have any symptoms of hypercalcemia. Serum protein Electrophoresis showed polyclonal hypergammaglobulinaemia. Serum and urine immunofixation as well as Bence-Jones proteinuria were negative. Intact parathyroid hormone (iPTH) was high 628 pg/ml. CT scan and ultrasound of parathyroid imaging revealed a lower left parathyroid nodule measuring 2cm x 1 cm. Femoral and lumbar bone mineral density (BMD) showed osteoporosis (T-score: -2.6). In addition, we found multiple pelvic osteolytic lesions at CT scan. Other causes of hypercalcemia and bone lysis were excluded. The diagnosis in this case was SLE with lupus nephritis class III and anti-phospholipid syndrome, complicated by pulmonary embolism associated to primary hyperparathyroidism causing severe hypercalcemia, osteoporosis. Therapeutic intervention: the patient was given a pulse of methyl-prednisolone 15 mg/kg/day for 3 days followed by oral prednisone 1 mg/kg/day, associated with intravenous cyclophosphamide 750 mg/m 2 /month for 6 months. Mycophenolate mofetil 2 g/day was prescribed as a maintenance therapy of lupus nephritis with hydroxychloroquine at a dose of 400 mg/day. Treatment of pulmonary embolism was initiated with subcutaneous low molecular weight heparin (enoxaparin 0.1 ml/10 kg/12h) followed by antivitamin K. For Hypercalcemia, patient has received intravenous fluid with furosemide. She also required Alendronate 70 mg/week with Vitamin D 400u/day for osteoporosis. The left parathyroid gland was surgically removed. Histopathological examination revealed parathyroid adenoma. Her immediate postoperative parathyroid hormone level was 64 pg/ml with a calcium level of 98 mg/l. Follow-up and outcomes: forty-eight hours after the surgery she developed oral paresthesia. She had hypocalcemia at 72 mg/l. She required oral supplementation for few months. Additional investigations for multiple endocrine neoplasia were negative. The patient remained asymptomatic. Her SLE was calm without any relapse. Control of proteinuria was negative. Corticosteroids was dropped. The follow-up was 4 years.
",EN100653,"<|im_start|>user Extract the entities contained in the text. Extract only entities contained in the text.
Return the result in a json format: [{""entity"":""entity_name""}]. <<She also required Alendronate 70 mg/week with Vitamin D 400u/day for osteoporosis.>>> <|im_end|><|im_start|>assistant[{""entity"": ""Alendronate""}, {""entity"": ""Vitamin""}, {""entity"": ""osteoporosis""}, {""entity"": ""She""}] <|im_end|>","<|im_start|>user Extract the entities contained in the text. Extract only entities contained in the text.
Return the result in a json format: [{""entity"":""entity_name""}]. <<<We present a case of a 32-year-old woman with a history of gradual enlargement of the anterior neck.>>> <|im_end|><|im_start|>assistant [{""entity"": ""present""}, {""entity"": ""history""}, {""entity"": ""enlargement""}] <|im_end|>
<|im_start|>user Extract the entities contained in the text. Extract only entities contained in the text.
Return the result in a json format: [{""entity"":""entity_name""}]. <<<Patient information: a 9-month-old boy presented to the emergency room with a 3-day history of refusal to bear weight on the right lower extremity and febrile peaks of up to 38.5°C for 24 hours.>>> <|im_end|><|im_start|>assistant [{""entity"": ""presented""}, {""entity"": ""refusal""}, {""entity"": ""bear""}, {""entity"": ""peaks""}] <|im_end|>
<|im_start|>user Extract the entities contained in the text. Extract only entities contained in the text.
Return the result in a json format: [{""entity"":""entity_name""}]. <<She also required Alendronate 70 mg/week with Vitamin D 400u/day for osteoporosis.>>> <|im_end|><|im_start|>assistant","[{""entity"": ""Alendronate""}, {""entity"": ""Vitamin""}, {""entity"": ""osteoporosis""}, {""entity"": ""She""}] ","[{""entity"": ""required""}, {""entity"": ""osteoporosis""}, {""entity"": ""osteoporosis""}, {""entity"": ""She"
The left parathyroid gland was surgically removed.,"[{'id': '10569', 'offsets': array([42, 49]), 'role': '', 'semantic_type_id': '', 'text': 'removed', 'type': 'EVENT'}
 {'id': '11128', 'offsets': array([ 0, 26]), 'role': '', 'semantic_type_id': '', 'text': 'The left parathyroid gland', 'type': 'BODYPART'}]","A 31-year-old woman with no pathological history was admitted to our hospital for chest pain, bone and joint pain, hair loss and asthenia for the last 3 months. On physical examination, we found fever at 38°C, polypnea at 32 cycles/min, arterial hypertension at 160/90 mmHg, malar rash, synovitis of wrists, elbows and ankles, and edema on both legs. Diagnostic assessment: laboratory tests disclosed the following values: Increase level of erythrocyte sedimentation rate 120 mm/1 st hour, C reactive protein was 20 mg/l. The blood count showed hemoglobin at 9g/dl, MCV at 85 µ 3, lymphopenia at 400/mm 3, while platelets were normal 450 000/mm 3. Direct coombs test was negative. Serum Albumin was 25g/l; proteins level was low at 50g/l and proteinuria at 3.2g/day. Creatinine was normal. Anti-nuclear antibody ANA were positive 1/320 with homogeneous pattern, anti-dsDNA level was 160U/ml. Anti-cardiolipin IgG antibodies were positive 25UGPL. Rheumatoid Factor was negative. C3 and C4 complement fractions were low (0.2 g/l and 0.05 g/l). Chest x-ray, electrocardiogram and echocardiography were normal. Chest computed tomography (CT) scan showed proximal pulmonary embolism. Renal ultrasound was normal. Renal biopsy reveals immunocomplex nephritis, lupus nephritis, segmental mesangial proliferation, mild activity lupus nephritis class III (A/C). Before starting corticosteroids, we analyzed electrolytes. Serum calcium was elevated 132 mg/l with hyper-calciuria 479 mg/24 h. 25 OHD was normal. Alcaline phosphatase was 420 UI/l. the patient did not have any symptoms of hypercalcemia. Serum protein Electrophoresis showed polyclonal hypergammaglobulinaemia. Serum and urine immunofixation as well as Bence-Jones proteinuria were negative. Intact parathyroid hormone (iPTH) was high 628 pg/ml. CT scan and ultrasound of parathyroid imaging revealed a lower left parathyroid nodule measuring 2cm x 1 cm. Femoral and lumbar bone mineral density (BMD) showed osteoporosis (T-score: -2.6). In addition, we found multiple pelvic osteolytic lesions at CT scan. Other causes of hypercalcemia and bone lysis were excluded. The diagnosis in this case was SLE with lupus nephritis class III and anti-phospholipid syndrome, complicated by pulmonary embolism associated to primary hyperparathyroidism causing severe hypercalcemia, osteoporosis. Therapeutic intervention: the patient was given a pulse of methyl-prednisolone 15 mg/kg/day for 3 days followed by oral prednisone 1 mg/kg/day, associated with intravenous cyclophosphamide 750 mg/m 2 /month for 6 months. Mycophenolate mofetil 2 g/day was prescribed as a maintenance therapy of lupus nephritis with hydroxychloroquine at a dose of 400 mg/day. Treatment of pulmonary embolism was initiated with subcutaneous low molecular weight heparin (enoxaparin 0.1 ml/10 kg/12h) followed by antivitamin K. For Hypercalcemia, patient has received intravenous fluid with furosemide. She also required Alendronate 70 mg/week with Vitamin D 400u/day for osteoporosis. The left parathyroid gland was surgically removed. Histopathological examination revealed parathyroid adenoma. Her immediate postoperative parathyroid hormone level was 64 pg/ml with a calcium level of 98 mg/l. Follow-up and outcomes: forty-eight hours after the surgery she developed oral paresthesia. She had hypocalcemia at 72 mg/l. She required oral supplementation for few months. Additional investigations for multiple endocrine neoplasia were negative. The patient remained asymptomatic. Her SLE was calm without any relapse. Control of proteinuria was negative. Corticosteroids was dropped. The follow-up was 4 years.
",EN100653,"<|im_start|>user Extract the entities contained in the text. Extract only entities contained in the text.
Return the result in a json format: [{""entity"":""entity_name""}]. <<The left parathyroid gland was surgically removed.>>> <|im_end|><|im_start|>assistant[{""entity"": ""removed""}, {""entity"": ""The left parathyroid gland""}] <|im_end|>","<|im_start|>user Extract the entities contained in the text. Extract only entities contained in the text.
Return the result in a json format: [{""entity"":""entity_name""}]. <<<We present a case of a 32-year-old woman with a history of gradual enlargement of the anterior neck.>>> <|im_end|><|im_start|>assistant [{""entity"": ""present""}, {""entity"": ""history""}, {""entity"": ""enlargement""}] <|im_end|>
<|im_start|>user Extract the entities contained in the text. Extract only entities contained in the text.
Return the result in a json format: [{""entity"":""entity_name""}]. <<<Patient information: a 9-month-old boy presented to the emergency room with a 3-day history of refusal to bear weight on the right lower extremity and febrile peaks of up to 38.5°C for 24 hours.>>> <|im_end|><|im_start|>assistant [{""entity"": ""presented""}, {""entity"": ""refusal""}, {""entity"": ""bear""}, {""entity"": ""peaks""}] <|im_end|>
<|im_start|>user Extract the entities contained in the text. Extract only entities contained in the text.
Return the result in a json format: [{""entity"":""entity_name""}]. <<The left parathyroid gland was surgically removed.>>> <|im_end|><|im_start|>assistant","[{""entity"": ""removed""}, {""entity"": ""The left parathyroid gland""}] ","[{""entity"": ""removed""}] <|im_end|><|im_end|><|im_end|><|im_end|><|im_end|><|im_end|><|im_end|><|im_end|><|im_end|><|im_end|><|im_end|><|im_end|><|im_end|><|im_end|><|im_end|><|im_end|><|im_end|><|im_end|><|im_end|>"
Histopathological examination revealed parathyroid adenoma.,"[{'id': '10584', 'offsets': array([18, 29]), 'role': '', 'semantic_type_id': '', 'text': 'examination', 'type': 'EVENT'}
 {'id': '10599', 'offsets': array([30, 38]), 'role': '', 'semantic_type_id': '', 'text': 'revealed', 'type': 'EVENT'}
 {'id': '10614', 'offsets': array([51, 58]), 'role': '', 'semantic_type_id': '', 'text': 'adenoma', 'type': 'EVENT'}]","A 31-year-old woman with no pathological history was admitted to our hospital for chest pain, bone and joint pain, hair loss and asthenia for the last 3 months. On physical examination, we found fever at 38°C, polypnea at 32 cycles/min, arterial hypertension at 160/90 mmHg, malar rash, synovitis of wrists, elbows and ankles, and edema on both legs. Diagnostic assessment: laboratory tests disclosed the following values: Increase level of erythrocyte sedimentation rate 120 mm/1 st hour, C reactive protein was 20 mg/l. The blood count showed hemoglobin at 9g/dl, MCV at 85 µ 3, lymphopenia at 400/mm 3, while platelets were normal 450 000/mm 3. Direct coombs test was negative. Serum Albumin was 25g/l; proteins level was low at 50g/l and proteinuria at 3.2g/day. Creatinine was normal. Anti-nuclear antibody ANA were positive 1/320 with homogeneous pattern, anti-dsDNA level was 160U/ml. Anti-cardiolipin IgG antibodies were positive 25UGPL. Rheumatoid Factor was negative. C3 and C4 complement fractions were low (0.2 g/l and 0.05 g/l). Chest x-ray, electrocardiogram and echocardiography were normal. Chest computed tomography (CT) scan showed proximal pulmonary embolism. Renal ultrasound was normal. Renal biopsy reveals immunocomplex nephritis, lupus nephritis, segmental mesangial proliferation, mild activity lupus nephritis class III (A/C). Before starting corticosteroids, we analyzed electrolytes. Serum calcium was elevated 132 mg/l with hyper-calciuria 479 mg/24 h. 25 OHD was normal. Alcaline phosphatase was 420 UI/l. the patient did not have any symptoms of hypercalcemia. Serum protein Electrophoresis showed polyclonal hypergammaglobulinaemia. Serum and urine immunofixation as well as Bence-Jones proteinuria were negative. Intact parathyroid hormone (iPTH) was high 628 pg/ml. CT scan and ultrasound of parathyroid imaging revealed a lower left parathyroid nodule measuring 2cm x 1 cm. Femoral and lumbar bone mineral density (BMD) showed osteoporosis (T-score: -2.6). In addition, we found multiple pelvic osteolytic lesions at CT scan. Other causes of hypercalcemia and bone lysis were excluded. The diagnosis in this case was SLE with lupus nephritis class III and anti-phospholipid syndrome, complicated by pulmonary embolism associated to primary hyperparathyroidism causing severe hypercalcemia, osteoporosis. Therapeutic intervention: the patient was given a pulse of methyl-prednisolone 15 mg/kg/day for 3 days followed by oral prednisone 1 mg/kg/day, associated with intravenous cyclophosphamide 750 mg/m 2 /month for 6 months. Mycophenolate mofetil 2 g/day was prescribed as a maintenance therapy of lupus nephritis with hydroxychloroquine at a dose of 400 mg/day. Treatment of pulmonary embolism was initiated with subcutaneous low molecular weight heparin (enoxaparin 0.1 ml/10 kg/12h) followed by antivitamin K. For Hypercalcemia, patient has received intravenous fluid with furosemide. She also required Alendronate 70 mg/week with Vitamin D 400u/day for osteoporosis. The left parathyroid gland was surgically removed. Histopathological examination revealed parathyroid adenoma. Her immediate postoperative parathyroid hormone level was 64 pg/ml with a calcium level of 98 mg/l. Follow-up and outcomes: forty-eight hours after the surgery she developed oral paresthesia. She had hypocalcemia at 72 mg/l. She required oral supplementation for few months. Additional investigations for multiple endocrine neoplasia were negative. The patient remained asymptomatic. Her SLE was calm without any relapse. Control of proteinuria was negative. Corticosteroids was dropped. The follow-up was 4 years.
",EN100653,"<|im_start|>user Extract the entities contained in the text. Extract only entities contained in the text.
Return the result in a json format: [{""entity"":""entity_name""}]. <<Histopathological examination revealed parathyroid adenoma.>>> <|im_end|><|im_start|>assistant[{""entity"": ""examination""}, {""entity"": ""revealed""}, {""entity"": ""adenoma""}] <|im_end|>","<|im_start|>user Extract the entities contained in the text. Extract only entities contained in the text.
Return the result in a json format: [{""entity"":""entity_name""}]. <<<We present a case of a 32-year-old woman with a history of gradual enlargement of the anterior neck.>>> <|im_end|><|im_start|>assistant [{""entity"": ""present""}, {""entity"": ""history""}, {""entity"": ""enlargement""}] <|im_end|>
<|im_start|>user Extract the entities contained in the text. Extract only entities contained in the text.
Return the result in a json format: [{""entity"":""entity_name""}]. <<<Patient information: a 9-month-old boy presented to the emergency room with a 3-day history of refusal to bear weight on the right lower extremity and febrile peaks of up to 38.5°C for 24 hours.>>> <|im_end|><|im_start|>assistant [{""entity"": ""presented""}, {""entity"": ""refusal""}, {""entity"": ""bear""}, {""entity"": ""peaks""}] <|im_end|>
<|im_start|>user Extract the entities contained in the text. Extract only entities contained in the text.
Return the result in a json format: [{""entity"":""entity_name""}]. <<Histopathological examination revealed parathyroid adenoma.>>> <|im_end|><|im_start|>assistant","[{""entity"": ""examination""}, {""entity"": ""revealed""}, {""entity"": ""adenoma""}] ","[{""entity"": ""examination""}, {""entity"": ""revealed""}, {""entity"": ""parathyroid adenoma""}, {""entity"":"
Follow-up and outcomes: forty-eight hours after the surgery she developed oral paresthesia.,"[{'id': '10659', 'offsets': array([0, 9]), 'role': '', 'semantic_type_id': '', 'text': 'Follow-up', 'type': 'EVENT'}
 {'id': '10674', 'offsets': array([14, 22]), 'role': '', 'semantic_type_id': '', 'text': 'outcomes', 'type': 'EVENT'}
 {'id': '10689', 'offsets': array([52, 59]), 'role': '', 'semantic_type_id': '', 'text': 'surgery', 'type': 'EVENT'}
 {'id': '10704', 'offsets': array([79, 90]), 'role': '', 'semantic_type_id': '', 'text': 'paresthesia', 'type': 'EVENT'}
 {'id': '11190', 'offsets': array([60, 63]), 'role': 'PATIENT', 'semantic_type_id': '', 'text': 'she', 'type': 'ACTOR'}
 {'id': '11482', 'offsets': array([24, 41]), 'role': '', 'semantic_type_id': '', 'text': 'forty-eight hours', 'type': 'TIMEX3'}]","A 31-year-old woman with no pathological history was admitted to our hospital for chest pain, bone and joint pain, hair loss and asthenia for the last 3 months. On physical examination, we found fever at 38°C, polypnea at 32 cycles/min, arterial hypertension at 160/90 mmHg, malar rash, synovitis of wrists, elbows and ankles, and edema on both legs. Diagnostic assessment: laboratory tests disclosed the following values: Increase level of erythrocyte sedimentation rate 120 mm/1 st hour, C reactive protein was 20 mg/l. The blood count showed hemoglobin at 9g/dl, MCV at 85 µ 3, lymphopenia at 400/mm 3, while platelets were normal 450 000/mm 3. Direct coombs test was negative. Serum Albumin was 25g/l; proteins level was low at 50g/l and proteinuria at 3.2g/day. Creatinine was normal. Anti-nuclear antibody ANA were positive 1/320 with homogeneous pattern, anti-dsDNA level was 160U/ml. Anti-cardiolipin IgG antibodies were positive 25UGPL. Rheumatoid Factor was negative. C3 and C4 complement fractions were low (0.2 g/l and 0.05 g/l). Chest x-ray, electrocardiogram and echocardiography were normal. Chest computed tomography (CT) scan showed proximal pulmonary embolism. Renal ultrasound was normal. Renal biopsy reveals immunocomplex nephritis, lupus nephritis, segmental mesangial proliferation, mild activity lupus nephritis class III (A/C). Before starting corticosteroids, we analyzed electrolytes. Serum calcium was elevated 132 mg/l with hyper-calciuria 479 mg/24 h. 25 OHD was normal. Alcaline phosphatase was 420 UI/l. the patient did not have any symptoms of hypercalcemia. Serum protein Electrophoresis showed polyclonal hypergammaglobulinaemia. Serum and urine immunofixation as well as Bence-Jones proteinuria were negative. Intact parathyroid hormone (iPTH) was high 628 pg/ml. CT scan and ultrasound of parathyroid imaging revealed a lower left parathyroid nodule measuring 2cm x 1 cm. Femoral and lumbar bone mineral density (BMD) showed osteoporosis (T-score: -2.6). In addition, we found multiple pelvic osteolytic lesions at CT scan. Other causes of hypercalcemia and bone lysis were excluded. The diagnosis in this case was SLE with lupus nephritis class III and anti-phospholipid syndrome, complicated by pulmonary embolism associated to primary hyperparathyroidism causing severe hypercalcemia, osteoporosis. Therapeutic intervention: the patient was given a pulse of methyl-prednisolone 15 mg/kg/day for 3 days followed by oral prednisone 1 mg/kg/day, associated with intravenous cyclophosphamide 750 mg/m 2 /month for 6 months. Mycophenolate mofetil 2 g/day was prescribed as a maintenance therapy of lupus nephritis with hydroxychloroquine at a dose of 400 mg/day. Treatment of pulmonary embolism was initiated with subcutaneous low molecular weight heparin (enoxaparin 0.1 ml/10 kg/12h) followed by antivitamin K. For Hypercalcemia, patient has received intravenous fluid with furosemide. She also required Alendronate 70 mg/week with Vitamin D 400u/day for osteoporosis. The left parathyroid gland was surgically removed. Histopathological examination revealed parathyroid adenoma. Her immediate postoperative parathyroid hormone level was 64 pg/ml with a calcium level of 98 mg/l. Follow-up and outcomes: forty-eight hours after the surgery she developed oral paresthesia. She had hypocalcemia at 72 mg/l. She required oral supplementation for few months. Additional investigations for multiple endocrine neoplasia were negative. The patient remained asymptomatic. Her SLE was calm without any relapse. Control of proteinuria was negative. Corticosteroids was dropped. The follow-up was 4 years.
",EN100653,"<|im_start|>user Extract the entities contained in the text. Extract only entities contained in the text.
Return the result in a json format: [{""entity"":""entity_name""}]. <<Follow-up and outcomes: forty-eight hours after the surgery she developed oral paresthesia.>>> <|im_end|><|im_start|>assistant[{""entity"": ""Follow-up""}, {""entity"": ""outcomes""}, {""entity"": ""surgery""}, {""entity"": ""paresthesia""}, {""entity"": ""she""}, {""entity"": ""forty-eight hours""}] <|im_end|>","<|im_start|>user Extract the entities contained in the text. Extract only entities contained in the text.
Return the result in a json format: [{""entity"":""entity_name""}]. <<<We present a case of a 32-year-old woman with a history of gradual enlargement of the anterior neck.>>> <|im_end|><|im_start|>assistant [{""entity"": ""present""}, {""entity"": ""history""}, {""entity"": ""enlargement""}] <|im_end|>
<|im_start|>user Extract the entities contained in the text. Extract only entities contained in the text.
Return the result in a json format: [{""entity"":""entity_name""}]. <<<Patient information: a 9-month-old boy presented to the emergency room with a 3-day history of refusal to bear weight on the right lower extremity and febrile peaks of up to 38.5°C for 24 hours.>>> <|im_end|><|im_start|>assistant [{""entity"": ""presented""}, {""entity"": ""refusal""}, {""entity"": ""bear""}, {""entity"": ""peaks""}] <|im_end|>
<|im_start|>user Extract the entities contained in the text. Extract only entities contained in the text.
Return the result in a json format: [{""entity"":""entity_name""}]. <<Follow-up and outcomes: forty-eight hours after the surgery she developed oral paresthesia.>>> <|im_end|><|im_start|>assistant","[{""entity"": ""Follow-up""}, {""entity"": ""outcomes""}, {""entity"": ""surgery""}, {""entity"": ""paresthesia""}, {""entity"": ""she""}, {""entity"": ""forty-eight hours""}] ","[{""entity"": ""follow-up""}, {""entity"": ""outcomes""}, {""entity"": ""she""}, {""entity"": ""forty-eight"
She had hypocalcemia at 72 mg/l.,"[{'id': '10719', 'offsets': array([ 8, 20]), 'role': '', 'semantic_type_id': '', 'text': 'hypocalcemia', 'type': 'EVENT'}
 {'id': '11197', 'offsets': array([0, 3]), 'role': 'PATIENT', 'semantic_type_id': '', 'text': 'She', 'type': 'ACTOR'}
 {'id': '11428', 'offsets': array([24, 31]), 'role': '', 'semantic_type_id': '', 'text': '72 mg/l', 'type': 'RML'}]","A 31-year-old woman with no pathological history was admitted to our hospital for chest pain, bone and joint pain, hair loss and asthenia for the last 3 months. On physical examination, we found fever at 38°C, polypnea at 32 cycles/min, arterial hypertension at 160/90 mmHg, malar rash, synovitis of wrists, elbows and ankles, and edema on both legs. Diagnostic assessment: laboratory tests disclosed the following values: Increase level of erythrocyte sedimentation rate 120 mm/1 st hour, C reactive protein was 20 mg/l. The blood count showed hemoglobin at 9g/dl, MCV at 85 µ 3, lymphopenia at 400/mm 3, while platelets were normal 450 000/mm 3. Direct coombs test was negative. Serum Albumin was 25g/l; proteins level was low at 50g/l and proteinuria at 3.2g/day. Creatinine was normal. Anti-nuclear antibody ANA were positive 1/320 with homogeneous pattern, anti-dsDNA level was 160U/ml. Anti-cardiolipin IgG antibodies were positive 25UGPL. Rheumatoid Factor was negative. C3 and C4 complement fractions were low (0.2 g/l and 0.05 g/l). Chest x-ray, electrocardiogram and echocardiography were normal. Chest computed tomography (CT) scan showed proximal pulmonary embolism. Renal ultrasound was normal. Renal biopsy reveals immunocomplex nephritis, lupus nephritis, segmental mesangial proliferation, mild activity lupus nephritis class III (A/C). Before starting corticosteroids, we analyzed electrolytes. Serum calcium was elevated 132 mg/l with hyper-calciuria 479 mg/24 h. 25 OHD was normal. Alcaline phosphatase was 420 UI/l. the patient did not have any symptoms of hypercalcemia. Serum protein Electrophoresis showed polyclonal hypergammaglobulinaemia. Serum and urine immunofixation as well as Bence-Jones proteinuria were negative. Intact parathyroid hormone (iPTH) was high 628 pg/ml. CT scan and ultrasound of parathyroid imaging revealed a lower left parathyroid nodule measuring 2cm x 1 cm. Femoral and lumbar bone mineral density (BMD) showed osteoporosis (T-score: -2.6). In addition, we found multiple pelvic osteolytic lesions at CT scan. Other causes of hypercalcemia and bone lysis were excluded. The diagnosis in this case was SLE with lupus nephritis class III and anti-phospholipid syndrome, complicated by pulmonary embolism associated to primary hyperparathyroidism causing severe hypercalcemia, osteoporosis. Therapeutic intervention: the patient was given a pulse of methyl-prednisolone 15 mg/kg/day for 3 days followed by oral prednisone 1 mg/kg/day, associated with intravenous cyclophosphamide 750 mg/m 2 /month for 6 months. Mycophenolate mofetil 2 g/day was prescribed as a maintenance therapy of lupus nephritis with hydroxychloroquine at a dose of 400 mg/day. Treatment of pulmonary embolism was initiated with subcutaneous low molecular weight heparin (enoxaparin 0.1 ml/10 kg/12h) followed by antivitamin K. For Hypercalcemia, patient has received intravenous fluid with furosemide. She also required Alendronate 70 mg/week with Vitamin D 400u/day for osteoporosis. The left parathyroid gland was surgically removed. Histopathological examination revealed parathyroid adenoma. Her immediate postoperative parathyroid hormone level was 64 pg/ml with a calcium level of 98 mg/l. Follow-up and outcomes: forty-eight hours after the surgery she developed oral paresthesia. She had hypocalcemia at 72 mg/l. She required oral supplementation for few months. Additional investigations for multiple endocrine neoplasia were negative. The patient remained asymptomatic. Her SLE was calm without any relapse. Control of proteinuria was negative. Corticosteroids was dropped. The follow-up was 4 years.
",EN100653,"<|im_start|>user Extract the entities contained in the text. Extract only entities contained in the text.
Return the result in a json format: [{""entity"":""entity_name""}]. <<She had hypocalcemia at 72 mg/l.>>> <|im_end|><|im_start|>assistant[{""entity"": ""hypocalcemia""}, {""entity"": ""She""}, {""entity"": ""72 mg/l""}] <|im_end|>","<|im_start|>user Extract the entities contained in the text. Extract only entities contained in the text.
Return the result in a json format: [{""entity"":""entity_name""}]. <<<We present a case of a 32-year-old woman with a history of gradual enlargement of the anterior neck.>>> <|im_end|><|im_start|>assistant [{""entity"": ""present""}, {""entity"": ""history""}, {""entity"": ""enlargement""}] <|im_end|>
<|im_start|>user Extract the entities contained in the text. Extract only entities contained in the text.
Return the result in a json format: [{""entity"":""entity_name""}]. <<<Patient information: a 9-month-old boy presented to the emergency room with a 3-day history of refusal to bear weight on the right lower extremity and febrile peaks of up to 38.5°C for 24 hours.>>> <|im_end|><|im_start|>assistant [{""entity"": ""presented""}, {""entity"": ""refusal""}, {""entity"": ""bear""}, {""entity"": ""peaks""}] <|im_end|>
<|im_start|>user Extract the entities contained in the text. Extract only entities contained in the text.
Return the result in a json format: [{""entity"":""entity_name""}]. <<She had hypocalcemia at 72 mg/l.>>> <|im_end|><|im_start|>assistant","[{""entity"": ""hypocalcemia""}, {""entity"": ""She""}, {""entity"": ""72 mg/l""}] ","[{""entity"": ""hypocalcemia""}, {""entity"": ""72 mg/l""}, {""entity"": ""She""}] <|im_end|>"
She required oral supplementation for few months.,"[{'id': '10734', 'offsets': array([18, 33]), 'role': '', 'semantic_type_id': '', 'text': 'supplementation', 'type': 'EVENT'}
 {'id': '11204', 'offsets': array([0, 3]), 'role': 'PATIENT', 'semantic_type_id': '', 'text': 'She', 'type': 'ACTOR'}
 {'id': '11491', 'offsets': array([38, 48]), 'role': '', 'semantic_type_id': '', 'text': 'few months', 'type': 'TIMEX3'}]","A 31-year-old woman with no pathological history was admitted to our hospital for chest pain, bone and joint pain, hair loss and asthenia for the last 3 months. On physical examination, we found fever at 38°C, polypnea at 32 cycles/min, arterial hypertension at 160/90 mmHg, malar rash, synovitis of wrists, elbows and ankles, and edema on both legs. Diagnostic assessment: laboratory tests disclosed the following values: Increase level of erythrocyte sedimentation rate 120 mm/1 st hour, C reactive protein was 20 mg/l. The blood count showed hemoglobin at 9g/dl, MCV at 85 µ 3, lymphopenia at 400/mm 3, while platelets were normal 450 000/mm 3. Direct coombs test was negative. Serum Albumin was 25g/l; proteins level was low at 50g/l and proteinuria at 3.2g/day. Creatinine was normal. Anti-nuclear antibody ANA were positive 1/320 with homogeneous pattern, anti-dsDNA level was 160U/ml. Anti-cardiolipin IgG antibodies were positive 25UGPL. Rheumatoid Factor was negative. C3 and C4 complement fractions were low (0.2 g/l and 0.05 g/l). Chest x-ray, electrocardiogram and echocardiography were normal. Chest computed tomography (CT) scan showed proximal pulmonary embolism. Renal ultrasound was normal. Renal biopsy reveals immunocomplex nephritis, lupus nephritis, segmental mesangial proliferation, mild activity lupus nephritis class III (A/C). Before starting corticosteroids, we analyzed electrolytes. Serum calcium was elevated 132 mg/l with hyper-calciuria 479 mg/24 h. 25 OHD was normal. Alcaline phosphatase was 420 UI/l. the patient did not have any symptoms of hypercalcemia. Serum protein Electrophoresis showed polyclonal hypergammaglobulinaemia. Serum and urine immunofixation as well as Bence-Jones proteinuria were negative. Intact parathyroid hormone (iPTH) was high 628 pg/ml. CT scan and ultrasound of parathyroid imaging revealed a lower left parathyroid nodule measuring 2cm x 1 cm. Femoral and lumbar bone mineral density (BMD) showed osteoporosis (T-score: -2.6). In addition, we found multiple pelvic osteolytic lesions at CT scan. Other causes of hypercalcemia and bone lysis were excluded. The diagnosis in this case was SLE with lupus nephritis class III and anti-phospholipid syndrome, complicated by pulmonary embolism associated to primary hyperparathyroidism causing severe hypercalcemia, osteoporosis. Therapeutic intervention: the patient was given a pulse of methyl-prednisolone 15 mg/kg/day for 3 days followed by oral prednisone 1 mg/kg/day, associated with intravenous cyclophosphamide 750 mg/m 2 /month for 6 months. Mycophenolate mofetil 2 g/day was prescribed as a maintenance therapy of lupus nephritis with hydroxychloroquine at a dose of 400 mg/day. Treatment of pulmonary embolism was initiated with subcutaneous low molecular weight heparin (enoxaparin 0.1 ml/10 kg/12h) followed by antivitamin K. For Hypercalcemia, patient has received intravenous fluid with furosemide. She also required Alendronate 70 mg/week with Vitamin D 400u/day for osteoporosis. The left parathyroid gland was surgically removed. Histopathological examination revealed parathyroid adenoma. Her immediate postoperative parathyroid hormone level was 64 pg/ml with a calcium level of 98 mg/l. Follow-up and outcomes: forty-eight hours after the surgery she developed oral paresthesia. She had hypocalcemia at 72 mg/l. She required oral supplementation for few months. Additional investigations for multiple endocrine neoplasia were negative. The patient remained asymptomatic. Her SLE was calm without any relapse. Control of proteinuria was negative. Corticosteroids was dropped. The follow-up was 4 years.
",EN100653,"<|im_start|>user Extract the entities contained in the text. Extract only entities contained in the text.
Return the result in a json format: [{""entity"":""entity_name""}]. <<She required oral supplementation for few months.>>> <|im_end|><|im_start|>assistant[{""entity"": ""supplementation""}, {""entity"": ""She""}, {""entity"": ""few months""}] <|im_end|>","<|im_start|>user Extract the entities contained in the text. Extract only entities contained in the text.
Return the result in a json format: [{""entity"":""entity_name""}]. <<<We present a case of a 32-year-old woman with a history of gradual enlargement of the anterior neck.>>> <|im_end|><|im_start|>assistant [{""entity"": ""present""}, {""entity"": ""history""}, {""entity"": ""enlargement""}] <|im_end|>
<|im_start|>user Extract the entities contained in the text. Extract only entities contained in the text.
Return the result in a json format: [{""entity"":""entity_name""}]. <<<Patient information: a 9-month-old boy presented to the emergency room with a 3-day history of refusal to bear weight on the right lower extremity and febrile peaks of up to 38.5°C for 24 hours.>>> <|im_end|><|im_start|>assistant [{""entity"": ""presented""}, {""entity"": ""refusal""}, {""entity"": ""bear""}, {""entity"": ""peaks""}] <|im_end|>
<|im_start|>user Extract the entities contained in the text. Extract only entities contained in the text.
Return the result in a json format: [{""entity"":""entity_name""}]. <<She required oral supplementation for few months.>>> <|im_end|><|im_start|>assistant","[{""entity"": ""supplementation""}, {""entity"": ""She""}, {""entity"": ""few months""}] ","[{""entity"": ""supplementation""}, {""entity"": ""required""}, {""entity"": ""for""}, {""entity"": ""She""}, {""entity"
The patient remained asymptomatic.,"[{'id': '10764', 'offsets': array([12, 20]), 'role': '', 'semantic_type_id': '', 'text': 'remained', 'type': 'EVENT'}
 {'id': '10779', 'offsets': array([21, 33]), 'role': '', 'semantic_type_id': '', 'text': 'asymptomatic', 'type': 'EVENT'}
 {'id': '11211', 'offsets': array([ 0, 11]), 'role': 'PATIENT', 'semantic_type_id': '', 'text': 'The patient', 'type': 'ACTOR'}]","A 31-year-old woman with no pathological history was admitted to our hospital for chest pain, bone and joint pain, hair loss and asthenia for the last 3 months. On physical examination, we found fever at 38°C, polypnea at 32 cycles/min, arterial hypertension at 160/90 mmHg, malar rash, synovitis of wrists, elbows and ankles, and edema on both legs. Diagnostic assessment: laboratory tests disclosed the following values: Increase level of erythrocyte sedimentation rate 120 mm/1 st hour, C reactive protein was 20 mg/l. The blood count showed hemoglobin at 9g/dl, MCV at 85 µ 3, lymphopenia at 400/mm 3, while platelets were normal 450 000/mm 3. Direct coombs test was negative. Serum Albumin was 25g/l; proteins level was low at 50g/l and proteinuria at 3.2g/day. Creatinine was normal. Anti-nuclear antibody ANA were positive 1/320 with homogeneous pattern, anti-dsDNA level was 160U/ml. Anti-cardiolipin IgG antibodies were positive 25UGPL. Rheumatoid Factor was negative. C3 and C4 complement fractions were low (0.2 g/l and 0.05 g/l). Chest x-ray, electrocardiogram and echocardiography were normal. Chest computed tomography (CT) scan showed proximal pulmonary embolism. Renal ultrasound was normal. Renal biopsy reveals immunocomplex nephritis, lupus nephritis, segmental mesangial proliferation, mild activity lupus nephritis class III (A/C). Before starting corticosteroids, we analyzed electrolytes. Serum calcium was elevated 132 mg/l with hyper-calciuria 479 mg/24 h. 25 OHD was normal. Alcaline phosphatase was 420 UI/l. the patient did not have any symptoms of hypercalcemia. Serum protein Electrophoresis showed polyclonal hypergammaglobulinaemia. Serum and urine immunofixation as well as Bence-Jones proteinuria were negative. Intact parathyroid hormone (iPTH) was high 628 pg/ml. CT scan and ultrasound of parathyroid imaging revealed a lower left parathyroid nodule measuring 2cm x 1 cm. Femoral and lumbar bone mineral density (BMD) showed osteoporosis (T-score: -2.6). In addition, we found multiple pelvic osteolytic lesions at CT scan. Other causes of hypercalcemia and bone lysis were excluded. The diagnosis in this case was SLE with lupus nephritis class III and anti-phospholipid syndrome, complicated by pulmonary embolism associated to primary hyperparathyroidism causing severe hypercalcemia, osteoporosis. Therapeutic intervention: the patient was given a pulse of methyl-prednisolone 15 mg/kg/day for 3 days followed by oral prednisone 1 mg/kg/day, associated with intravenous cyclophosphamide 750 mg/m 2 /month for 6 months. Mycophenolate mofetil 2 g/day was prescribed as a maintenance therapy of lupus nephritis with hydroxychloroquine at a dose of 400 mg/day. Treatment of pulmonary embolism was initiated with subcutaneous low molecular weight heparin (enoxaparin 0.1 ml/10 kg/12h) followed by antivitamin K. For Hypercalcemia, patient has received intravenous fluid with furosemide. She also required Alendronate 70 mg/week with Vitamin D 400u/day for osteoporosis. The left parathyroid gland was surgically removed. Histopathological examination revealed parathyroid adenoma. Her immediate postoperative parathyroid hormone level was 64 pg/ml with a calcium level of 98 mg/l. Follow-up and outcomes: forty-eight hours after the surgery she developed oral paresthesia. She had hypocalcemia at 72 mg/l. She required oral supplementation for few months. Additional investigations for multiple endocrine neoplasia were negative. The patient remained asymptomatic. Her SLE was calm without any relapse. Control of proteinuria was negative. Corticosteroids was dropped. The follow-up was 4 years.
",EN100653,"<|im_start|>user Extract the entities contained in the text. Extract only entities contained in the text.
Return the result in a json format: [{""entity"":""entity_name""}]. <<The patient remained asymptomatic.>>> <|im_end|><|im_start|>assistant[{""entity"": ""remained""}, {""entity"": ""asymptomatic""}, {""entity"": ""The patient""}] <|im_end|>","<|im_start|>user Extract the entities contained in the text. Extract only entities contained in the text.
Return the result in a json format: [{""entity"":""entity_name""}]. <<<We present a case of a 32-year-old woman with a history of gradual enlargement of the anterior neck.>>> <|im_end|><|im_start|>assistant [{""entity"": ""present""}, {""entity"": ""history""}, {""entity"": ""enlargement""}] <|im_end|>
<|im_start|>user Extract the entities contained in the text. Extract only entities contained in the text.
Return the result in a json format: [{""entity"":""entity_name""}]. <<<Patient information: a 9-month-old boy presented to the emergency room with a 3-day history of refusal to bear weight on the right lower extremity and febrile peaks of up to 38.5°C for 24 hours.>>> <|im_end|><|im_start|>assistant [{""entity"": ""presented""}, {""entity"": ""refusal""}, {""entity"": ""bear""}, {""entity"": ""peaks""}] <|im_end|>
<|im_start|>user Extract the entities contained in the text. Extract only entities contained in the text.
Return the result in a json format: [{""entity"":""entity_name""}]. <<The patient remained asymptomatic.>>> <|im_end|><|im_start|>assistant","[{""entity"": ""remained""}, {""entity"": ""asymptomatic""}, {""entity"": ""The patient""}] ","[{""entity"": ""asymptomatic""}, {""entity"": ""The patient""}] <|im_end|><|im_end|><|im_end|><|im_end|><|im_end|><|im_end|><|im_end|><|im_end|><|im_end|>"
Corticosteroids was dropped.,"[{'id': '10839', 'offsets': array([ 0, 15]), 'role': '', 'semantic_type_id': '', 'text': 'Corticosteroids', 'type': 'EVENT'}
 {'id': '10854', 'offsets': array([20, 27]), 'role': '', 'semantic_type_id': '', 'text': 'dropped', 'type': 'EVENT'}]","A 31-year-old woman with no pathological history was admitted to our hospital for chest pain, bone and joint pain, hair loss and asthenia for the last 3 months. On physical examination, we found fever at 38°C, polypnea at 32 cycles/min, arterial hypertension at 160/90 mmHg, malar rash, synovitis of wrists, elbows and ankles, and edema on both legs. Diagnostic assessment: laboratory tests disclosed the following values: Increase level of erythrocyte sedimentation rate 120 mm/1 st hour, C reactive protein was 20 mg/l. The blood count showed hemoglobin at 9g/dl, MCV at 85 µ 3, lymphopenia at 400/mm 3, while platelets were normal 450 000/mm 3. Direct coombs test was negative. Serum Albumin was 25g/l; proteins level was low at 50g/l and proteinuria at 3.2g/day. Creatinine was normal. Anti-nuclear antibody ANA were positive 1/320 with homogeneous pattern, anti-dsDNA level was 160U/ml. Anti-cardiolipin IgG antibodies were positive 25UGPL. Rheumatoid Factor was negative. C3 and C4 complement fractions were low (0.2 g/l and 0.05 g/l). Chest x-ray, electrocardiogram and echocardiography were normal. Chest computed tomography (CT) scan showed proximal pulmonary embolism. Renal ultrasound was normal. Renal biopsy reveals immunocomplex nephritis, lupus nephritis, segmental mesangial proliferation, mild activity lupus nephritis class III (A/C). Before starting corticosteroids, we analyzed electrolytes. Serum calcium was elevated 132 mg/l with hyper-calciuria 479 mg/24 h. 25 OHD was normal. Alcaline phosphatase was 420 UI/l. the patient did not have any symptoms of hypercalcemia. Serum protein Electrophoresis showed polyclonal hypergammaglobulinaemia. Serum and urine immunofixation as well as Bence-Jones proteinuria were negative. Intact parathyroid hormone (iPTH) was high 628 pg/ml. CT scan and ultrasound of parathyroid imaging revealed a lower left parathyroid nodule measuring 2cm x 1 cm. Femoral and lumbar bone mineral density (BMD) showed osteoporosis (T-score: -2.6). In addition, we found multiple pelvic osteolytic lesions at CT scan. Other causes of hypercalcemia and bone lysis were excluded. The diagnosis in this case was SLE with lupus nephritis class III and anti-phospholipid syndrome, complicated by pulmonary embolism associated to primary hyperparathyroidism causing severe hypercalcemia, osteoporosis. Therapeutic intervention: the patient was given a pulse of methyl-prednisolone 15 mg/kg/day for 3 days followed by oral prednisone 1 mg/kg/day, associated with intravenous cyclophosphamide 750 mg/m 2 /month for 6 months. Mycophenolate mofetil 2 g/day was prescribed as a maintenance therapy of lupus nephritis with hydroxychloroquine at a dose of 400 mg/day. Treatment of pulmonary embolism was initiated with subcutaneous low molecular weight heparin (enoxaparin 0.1 ml/10 kg/12h) followed by antivitamin K. For Hypercalcemia, patient has received intravenous fluid with furosemide. She also required Alendronate 70 mg/week with Vitamin D 400u/day for osteoporosis. The left parathyroid gland was surgically removed. Histopathological examination revealed parathyroid adenoma. Her immediate postoperative parathyroid hormone level was 64 pg/ml with a calcium level of 98 mg/l. Follow-up and outcomes: forty-eight hours after the surgery she developed oral paresthesia. She had hypocalcemia at 72 mg/l. She required oral supplementation for few months. Additional investigations for multiple endocrine neoplasia were negative. The patient remained asymptomatic. Her SLE was calm without any relapse. Control of proteinuria was negative. Corticosteroids was dropped. The follow-up was 4 years.
",EN100653,"<|im_start|>user Extract the entities contained in the text. Extract only entities contained in the text.
Return the result in a json format: [{""entity"":""entity_name""}]. <<Corticosteroids was dropped.>>> <|im_end|><|im_start|>assistant[{""entity"": ""Corticosteroids""}, {""entity"": ""dropped""}] <|im_end|>","<|im_start|>user Extract the entities contained in the text. Extract only entities contained in the text.
Return the result in a json format: [{""entity"":""entity_name""}]. <<<We present a case of a 32-year-old woman with a history of gradual enlargement of the anterior neck.>>> <|im_end|><|im_start|>assistant [{""entity"": ""present""}, {""entity"": ""history""}, {""entity"": ""enlargement""}] <|im_end|>
<|im_start|>user Extract the entities contained in the text. Extract only entities contained in the text.
Return the result in a json format: [{""entity"":""entity_name""}]. <<<Patient information: a 9-month-old boy presented to the emergency room with a 3-day history of refusal to bear weight on the right lower extremity and febrile peaks of up to 38.5°C for 24 hours.>>> <|im_end|><|im_start|>assistant [{""entity"": ""presented""}, {""entity"": ""refusal""}, {""entity"": ""bear""}, {""entity"": ""peaks""}] <|im_end|>
<|im_start|>user Extract the entities contained in the text. Extract only entities contained in the text.
Return the result in a json format: [{""entity"":""entity_name""}]. <<Corticosteroids was dropped.>>> <|im_end|><|im_start|>assistant","[{""entity"": ""Corticosteroids""}, {""entity"": ""dropped""}] ","[{""entity"": ""dropped""}] <|im_end|><|im_end|><|im_end|><|im_end|><|im_end|><|im_end|><|im_end|><|im_end|><|im_end|><|im_end|><|im_end|><|im_end|><|im_end|><|im_end|><|im_end|><|im_end|><|im_end|><|im_end|>"
The follow-up was 4 years.,"[{'id': '10869', 'offsets': array([ 4, 13]), 'role': '', 'semantic_type_id': '', 'text': 'follow-up', 'type': 'EVENT'}
 {'id': '11500', 'offsets': array([18, 25]), 'role': '', 'semantic_type_id': '', 'text': '4 years', 'type': 'TIMEX3'}]","A 31-year-old woman with no pathological history was admitted to our hospital for chest pain, bone and joint pain, hair loss and asthenia for the last 3 months. On physical examination, we found fever at 38°C, polypnea at 32 cycles/min, arterial hypertension at 160/90 mmHg, malar rash, synovitis of wrists, elbows and ankles, and edema on both legs. Diagnostic assessment: laboratory tests disclosed the following values: Increase level of erythrocyte sedimentation rate 120 mm/1 st hour, C reactive protein was 20 mg/l. The blood count showed hemoglobin at 9g/dl, MCV at 85 µ 3, lymphopenia at 400/mm 3, while platelets were normal 450 000/mm 3. Direct coombs test was negative. Serum Albumin was 25g/l; proteins level was low at 50g/l and proteinuria at 3.2g/day. Creatinine was normal. Anti-nuclear antibody ANA were positive 1/320 with homogeneous pattern, anti-dsDNA level was 160U/ml. Anti-cardiolipin IgG antibodies were positive 25UGPL. Rheumatoid Factor was negative. C3 and C4 complement fractions were low (0.2 g/l and 0.05 g/l). Chest x-ray, electrocardiogram and echocardiography were normal. Chest computed tomography (CT) scan showed proximal pulmonary embolism. Renal ultrasound was normal. Renal biopsy reveals immunocomplex nephritis, lupus nephritis, segmental mesangial proliferation, mild activity lupus nephritis class III (A/C). Before starting corticosteroids, we analyzed electrolytes. Serum calcium was elevated 132 mg/l with hyper-calciuria 479 mg/24 h. 25 OHD was normal. Alcaline phosphatase was 420 UI/l. the patient did not have any symptoms of hypercalcemia. Serum protein Electrophoresis showed polyclonal hypergammaglobulinaemia. Serum and urine immunofixation as well as Bence-Jones proteinuria were negative. Intact parathyroid hormone (iPTH) was high 628 pg/ml. CT scan and ultrasound of parathyroid imaging revealed a lower left parathyroid nodule measuring 2cm x 1 cm. Femoral and lumbar bone mineral density (BMD) showed osteoporosis (T-score: -2.6). In addition, we found multiple pelvic osteolytic lesions at CT scan. Other causes of hypercalcemia and bone lysis were excluded. The diagnosis in this case was SLE with lupus nephritis class III and anti-phospholipid syndrome, complicated by pulmonary embolism associated to primary hyperparathyroidism causing severe hypercalcemia, osteoporosis. Therapeutic intervention: the patient was given a pulse of methyl-prednisolone 15 mg/kg/day for 3 days followed by oral prednisone 1 mg/kg/day, associated with intravenous cyclophosphamide 750 mg/m 2 /month for 6 months. Mycophenolate mofetil 2 g/day was prescribed as a maintenance therapy of lupus nephritis with hydroxychloroquine at a dose of 400 mg/day. Treatment of pulmonary embolism was initiated with subcutaneous low molecular weight heparin (enoxaparin 0.1 ml/10 kg/12h) followed by antivitamin K. For Hypercalcemia, patient has received intravenous fluid with furosemide. She also required Alendronate 70 mg/week with Vitamin D 400u/day for osteoporosis. The left parathyroid gland was surgically removed. Histopathological examination revealed parathyroid adenoma. Her immediate postoperative parathyroid hormone level was 64 pg/ml with a calcium level of 98 mg/l. Follow-up and outcomes: forty-eight hours after the surgery she developed oral paresthesia. She had hypocalcemia at 72 mg/l. She required oral supplementation for few months. Additional investigations for multiple endocrine neoplasia were negative. The patient remained asymptomatic. Her SLE was calm without any relapse. Control of proteinuria was negative. Corticosteroids was dropped. The follow-up was 4 years.
",EN100653,"<|im_start|>user Extract the entities contained in the text. Extract only entities contained in the text.
Return the result in a json format: [{""entity"":""entity_name""}]. <<The follow-up was 4 years.>>> <|im_end|><|im_start|>assistant[{""entity"": ""follow-up""}, {""entity"": ""4 years""}] <|im_end|>","<|im_start|>user Extract the entities contained in the text. Extract only entities contained in the text.
Return the result in a json format: [{""entity"":""entity_name""}]. <<<We present a case of a 32-year-old woman with a history of gradual enlargement of the anterior neck.>>> <|im_end|><|im_start|>assistant [{""entity"": ""present""}, {""entity"": ""history""}, {""entity"": ""enlargement""}] <|im_end|>
<|im_start|>user Extract the entities contained in the text. Extract only entities contained in the text.
Return the result in a json format: [{""entity"":""entity_name""}]. <<<Patient information: a 9-month-old boy presented to the emergency room with a 3-day history of refusal to bear weight on the right lower extremity and febrile peaks of up to 38.5°C for 24 hours.>>> <|im_end|><|im_start|>assistant [{""entity"": ""presented""}, {""entity"": ""refusal""}, {""entity"": ""bear""}, {""entity"": ""peaks""}] <|im_end|>
<|im_start|>user Extract the entities contained in the text. Extract only entities contained in the text.
Return the result in a json format: [{""entity"":""entity_name""}]. <<The follow-up was 4 years.>>> <|im_end|><|im_start|>assistant","[{""entity"": ""follow-up""}, {""entity"": ""4 years""}] ","[{""entity"": ""follow-up""}, {""entity"": ""4 years""}] <|im_end|><|im_end|><|im_end|><|im_end|><|im_end|><|im_end|><|im_end|><|im_end|><|im_end|><|im_end|><|im_end|>"
Forty year old male presented with a huge mass in this left arm.,"[{'id': '1949', 'offsets': array([20, 29]), 'role': '', 'semantic_type_id': '', 'text': 'presented', 'type': 'EVENT'}
 {'id': '1964', 'offsets': array([42, 46]), 'role': '', 'semantic_type_id': '', 'text': 'mass', 'type': 'EVENT'}
 {'id': '2396', 'offsets': array([50, 63]), 'role': '', 'semantic_type_id': '', 'text': 'this left arm', 'type': 'BODYPART'}
 {'id': '2432', 'offsets': array([ 0, 19]), 'role': 'PATIENT', 'semantic_type_id': '', 'text': 'Forty year old male', 'type': 'ACTOR'}]","Forty year old male presented with a huge mass in this left arm. The same patient apparently was admitted three years back for excision of the arm swelling which was relatively small that time. However the patient did not undergo surgery and was takin treatment from local bone setters during the last three years and tumor grew to a larger size during this period. The current dimensions of tumor was 32x28 cms with circumference of 87 cms. X-ray showed complete destruction of the upper humerus with central calcification. Biopsy releveled a chondrosarcoma. Skeletal survey and bone scan did not reveal any other lesion in the body. A forequarter amputation was done and a 16 kg tumor mass was excised. At three years follow up, the patient has no complains with no recurrence of the tumor.
",EN104179,"<|im_start|>user Extract the entities contained in the text. Extract only entities contained in the text.
Return the result in a json format: [{""entity"":""entity_name""}]. <<Forty year old male presented with a huge mass in this left arm.>>> <|im_end|><|im_start|>assistant[{""entity"": ""presented""}, {""entity"": ""mass""}, {""entity"": ""this left arm""}, {""entity"": ""Forty year old male""}] <|im_end|>","<|im_start|>user Extract the entities contained in the text. Extract only entities contained in the text.
Return the result in a json format: [{""entity"":""entity_name""}]. <<<We present a case of a 32-year-old woman with a history of gradual enlargement of the anterior neck.>>> <|im_end|><|im_start|>assistant [{""entity"": ""present""}, {""entity"": ""history""}, {""entity"": ""enlargement""}] <|im_end|>
<|im_start|>user Extract the entities contained in the text. Extract only entities contained in the text.
Return the result in a json format: [{""entity"":""entity_name""}]. <<<Patient information: a 9-month-old boy presented to the emergency room with a 3-day history of refusal to bear weight on the right lower extremity and febrile peaks of up to 38.5°C for 24 hours.>>> <|im_end|><|im_start|>assistant [{""entity"": ""presented""}, {""entity"": ""refusal""}, {""entity"": ""bear""}, {""entity"": ""peaks""}] <|im_end|>
<|im_start|>user Extract the entities contained in the text. Extract only entities contained in the text.
Return the result in a json format: [{""entity"":""entity_name""}]. <<Forty year old male presented with a huge mass in this left arm.>>> <|im_end|><|im_start|>assistant","[{""entity"": ""presented""}, {""entity"": ""mass""}, {""entity"": ""this left arm""}, {""entity"": ""Forty year old male""}] ","[{""entity"": ""presented""}, {""entity"": ""mass""}, {""entity"": ""left arm""}, {""entity"": ""Forty year"
The same patient apparently was admitted three years back for excision of the arm swelling which was relatively small that time.,"[{'id': '1979', 'offsets': array([32, 40]), 'role': '', 'semantic_type_id': '', 'text': 'admitted', 'type': 'EVENT'}
 {'id': '1994', 'offsets': array([62, 70]), 'role': '', 'semantic_type_id': '', 'text': 'excision', 'type': 'EVENT'}
 {'id': '2009', 'offsets': array([112, 117]), 'role': '', 'semantic_type_id': '', 'text': 'small', 'type': 'EVENT'}
 {'id': '2354', 'offsets': array([78, 90]), 'role': '', 'semantic_type_id': 'C0577598', 'text': 'arm swelling', 'type': 'CLINENTITY'}
 {'id': '2402', 'offsets': array([78, 81]), 'role': '', 'semantic_type_id': '', 'text': 'arm', 'type': 'BODYPART'}
 {'id': '2439', 'offsets': array([ 0, 16]), 'role': 'PATIENT', 'semantic_type_id': '', 'text': 'The same patient', 'type': 'ACTOR'}
 {'id': '2479', 'offsets': array([41, 57]), 'role': '', 'semantic_type_id': '', 'text': 'three years back', 'type': 'TIMEX3'}]","Forty year old male presented with a huge mass in this left arm. The same patient apparently was admitted three years back for excision of the arm swelling which was relatively small that time. However the patient did not undergo surgery and was takin treatment from local bone setters during the last three years and tumor grew to a larger size during this period. The current dimensions of tumor was 32x28 cms with circumference of 87 cms. X-ray showed complete destruction of the upper humerus with central calcification. Biopsy releveled a chondrosarcoma. Skeletal survey and bone scan did not reveal any other lesion in the body. A forequarter amputation was done and a 16 kg tumor mass was excised. At three years follow up, the patient has no complains with no recurrence of the tumor.
",EN104179,"<|im_start|>user Extract the entities contained in the text. Extract only entities contained in the text.
Return the result in a json format: [{""entity"":""entity_name""}]. <<The same patient apparently was admitted three years back for excision of the arm swelling which was relatively small that time.>>> <|im_end|><|im_start|>assistant[{""entity"": ""admitted""}, {""entity"": ""excision""}, {""entity"": ""small""}, {""entity"": ""arm swelling""}, {""entity"": ""arm""}, {""entity"": ""The same patient""}, {""entity"": ""three years back""}] <|im_end|>","<|im_start|>user Extract the entities contained in the text. Extract only entities contained in the text.
Return the result in a json format: [{""entity"":""entity_name""}]. <<<We present a case of a 32-year-old woman with a history of gradual enlargement of the anterior neck.>>> <|im_end|><|im_start|>assistant [{""entity"": ""present""}, {""entity"": ""history""}, {""entity"": ""enlargement""}] <|im_end|>
<|im_start|>user Extract the entities contained in the text. Extract only entities contained in the text.
Return the result in a json format: [{""entity"":""entity_name""}]. <<<Patient information: a 9-month-old boy presented to the emergency room with a 3-day history of refusal to bear weight on the right lower extremity and febrile peaks of up to 38.5°C for 24 hours.>>> <|im_end|><|im_start|>assistant [{""entity"": ""presented""}, {""entity"": ""refusal""}, {""entity"": ""bear""}, {""entity"": ""peaks""}] <|im_end|>
<|im_start|>user Extract the entities contained in the text. Extract only entities contained in the text.
Return the result in a json format: [{""entity"":""entity_name""}]. <<The same patient apparently was admitted three years back for excision of the arm swelling which was relatively small that time.>>> <|im_end|><|im_start|>assistant","[{""entity"": ""admitted""}, {""entity"": ""excision""}, {""entity"": ""small""}, {""entity"": ""arm swelling""}, {""entity"": ""arm""}, {""entity"": ""The same patient""}, {""entity"": ""three years back""}] ","[{""entity"": ""admitted""}, {""entity"": ""swelling""}, {""entity"": ""excision""}, {""entity"": ""small""},"
However the patient did not undergo surgery and was takin treatment from local bone setters during the last three years and tumor grew to a larger size during this period.,"[{'id': '2024', 'offsets': array([36, 43]), 'role': '', 'semantic_type_id': '', 'text': 'surgery', 'type': 'EVENT'}
 {'id': '2039', 'offsets': array([58, 67]), 'role': '', 'semantic_type_id': '', 'text': 'treatment', 'type': 'EVENT'}
 {'id': '2054', 'offsets': array([124, 129]), 'role': '', 'semantic_type_id': '', 'text': 'tumor', 'type': 'EVENT'}
 {'id': '2069', 'offsets': array([130, 134]), 'role': '', 'semantic_type_id': '', 'text': 'grew', 'type': 'EVENT'}
 {'id': '2361', 'offsets': array([124, 129]), 'role': '', 'semantic_type_id': 'C0027651', 'text': 'tumor', 'type': 'CLINENTITY'}
 {'id': '2408', 'offsets': array([79, 83]), 'role': '', 'semantic_type_id': '', 'text': 'bone', 'type': 'BODYPART'}
 {'id': '2446', 'offsets': array([ 8, 19]), 'role': 'PATIENT', 'semantic_type_id': '', 'text': 'the patient', 'type': 'ACTOR'}
 {'id': '2453', 'offsets': array([84, 91]), 'role': 'OTHER', 'semantic_type_id': '', 'text': 'setters', 'type': 'ACTOR'}
 {'id': '2488', 'offsets': array([ 99, 119]), 'role': '', 'semantic_type_id': '', 'text': 'the last three years', 'type': 'TIMEX3'}]","Forty year old male presented with a huge mass in this left arm. The same patient apparently was admitted three years back for excision of the arm swelling which was relatively small that time. However the patient did not undergo surgery and was takin treatment from local bone setters during the last three years and tumor grew to a larger size during this period. The current dimensions of tumor was 32x28 cms with circumference of 87 cms. X-ray showed complete destruction of the upper humerus with central calcification. Biopsy releveled a chondrosarcoma. Skeletal survey and bone scan did not reveal any other lesion in the body. A forequarter amputation was done and a 16 kg tumor mass was excised. At three years follow up, the patient has no complains with no recurrence of the tumor.
",EN104179,"<|im_start|>user Extract the entities contained in the text. Extract only entities contained in the text.
Return the result in a json format: [{""entity"":""entity_name""}]. <<However the patient did not undergo surgery and was takin treatment from local bone setters during the last three years and tumor grew to a larger size during this period.>>> <|im_end|><|im_start|>assistant[{""entity"": ""surgery""}, {""entity"": ""treatment""}, {""entity"": ""tumor""}, {""entity"": ""grew""}, {""entity"": ""tumor""}, {""entity"": ""bone""}, {""entity"": ""the patient""}, {""entity"": ""setters""}, {""entity"": ""the last three years""}] <|im_end|>","<|im_start|>user Extract the entities contained in the text. Extract only entities contained in the text.
Return the result in a json format: [{""entity"":""entity_name""}]. <<<We present a case of a 32-year-old woman with a history of gradual enlargement of the anterior neck.>>> <|im_end|><|im_start|>assistant [{""entity"": ""present""}, {""entity"": ""history""}, {""entity"": ""enlargement""}] <|im_end|>
<|im_start|>user Extract the entities contained in the text. Extract only entities contained in the text.
Return the result in a json format: [{""entity"":""entity_name""}]. <<<Patient information: a 9-month-old boy presented to the emergency room with a 3-day history of refusal to bear weight on the right lower extremity and febrile peaks of up to 38.5°C for 24 hours.>>> <|im_end|><|im_start|>assistant [{""entity"": ""presented""}, {""entity"": ""refusal""}, {""entity"": ""bear""}, {""entity"": ""peaks""}] <|im_end|>
<|im_start|>user Extract the entities contained in the text. Extract only entities contained in the text.
Return the result in a json format: [{""entity"":""entity_name""}]. <<However the patient did not undergo surgery and was takin treatment from local bone setters during the last three years and tumor grew to a larger size during this period.>>> <|im_end|><|im_start|>assistant","[{""entity"": ""surgery""}, {""entity"": ""treatment""}, {""entity"": ""tumor""}, {""entity"": ""grew""}, {""entity"": ""tumor""}, {""entity"": ""bone""}, {""entity"": ""the patient""}, {""entity"": ""setters""}, {""entity"": ""the last three years""}] ","[{""entity"": ""surgery""}, {""entity"": ""treatment""}, {""entity"": ""tumor""}, {""entity"": ""grew"
The current dimensions of tumor was 32x28 cms with circumference of 87 cms.,"[{'id': '2084', 'offsets': array([12, 22]), 'role': '', 'semantic_type_id': '', 'text': 'dimensions', 'type': 'EVENT'}
 {'id': '2099', 'offsets': array([51, 64]), 'role': '', 'semantic_type_id': '', 'text': 'circumference', 'type': 'EVENT'}
 {'id': '2368', 'offsets': array([26, 31]), 'role': '', 'semantic_type_id': 'C0027651', 'text': 'tumor', 'type': 'CLINENTITY'}
 {'id': '2467', 'offsets': array([36, 45]), 'role': '', 'semantic_type_id': '', 'text': '32x28 cms', 'type': 'RML'}
 {'id': '2473', 'offsets': array([68, 74]), 'role': '', 'semantic_type_id': '', 'text': '87 cms', 'type': 'RML'}]","Forty year old male presented with a huge mass in this left arm. The same patient apparently was admitted three years back for excision of the arm swelling which was relatively small that time. However the patient did not undergo surgery and was takin treatment from local bone setters during the last three years and tumor grew to a larger size during this period. The current dimensions of tumor was 32x28 cms with circumference of 87 cms. X-ray showed complete destruction of the upper humerus with central calcification. Biopsy releveled a chondrosarcoma. Skeletal survey and bone scan did not reveal any other lesion in the body. A forequarter amputation was done and a 16 kg tumor mass was excised. At three years follow up, the patient has no complains with no recurrence of the tumor.
",EN104179,"<|im_start|>user Extract the entities contained in the text. Extract only entities contained in the text.
Return the result in a json format: [{""entity"":""entity_name""}]. <<The current dimensions of tumor was 32x28 cms with circumference of 87 cms.>>> <|im_end|><|im_start|>assistant[{""entity"": ""dimensions""}, {""entity"": ""circumference""}, {""entity"": ""tumor""}, {""entity"": ""32x28 cms""}, {""entity"": ""87 cms""}] <|im_end|>","<|im_start|>user Extract the entities contained in the text. Extract only entities contained in the text.
Return the result in a json format: [{""entity"":""entity_name""}]. <<<We present a case of a 32-year-old woman with a history of gradual enlargement of the anterior neck.>>> <|im_end|><|im_start|>assistant [{""entity"": ""present""}, {""entity"": ""history""}, {""entity"": ""enlargement""}] <|im_end|>
<|im_start|>user Extract the entities contained in the text. Extract only entities contained in the text.
Return the result in a json format: [{""entity"":""entity_name""}]. <<<Patient information: a 9-month-old boy presented to the emergency room with a 3-day history of refusal to bear weight on the right lower extremity and febrile peaks of up to 38.5°C for 24 hours.>>> <|im_end|><|im_start|>assistant [{""entity"": ""presented""}, {""entity"": ""refusal""}, {""entity"": ""bear""}, {""entity"": ""peaks""}] <|im_end|>
<|im_start|>user Extract the entities contained in the text. Extract only entities contained in the text.
Return the result in a json format: [{""entity"":""entity_name""}]. <<The current dimensions of tumor was 32x28 cms with circumference of 87 cms.>>> <|im_end|><|im_start|>assistant","[{""entity"": ""dimensions""}, {""entity"": ""circumference""}, {""entity"": ""tumor""}, {""entity"": ""32x28 cms""}, {""entity"": ""87 cms""}] ","[{""entity"": ""tumor""}, {""entity"": ""The current dimensions""}, {""entity"": ""circumference""}] <|im_end|><|im_end|>"
X-ray showed complete destruction of the upper humerus with central calcification.,"[{'id': '2114', 'offsets': array([0, 5]), 'role': '', 'semantic_type_id': '', 'text': 'X-ray', 'type': 'EVENT'}
 {'id': '2129', 'offsets': array([ 6, 12]), 'role': '', 'semantic_type_id': '', 'text': 'showed', 'type': 'EVENT'}
 {'id': '2144', 'offsets': array([22, 33]), 'role': '', 'semantic_type_id': '', 'text': 'destruction', 'type': 'EVENT'}
 {'id': '2414', 'offsets': array([37, 54]), 'role': '', 'semantic_type_id': '', 'text': 'the upper humerus', 'type': 'BODYPART'}]","Forty year old male presented with a huge mass in this left arm. The same patient apparently was admitted three years back for excision of the arm swelling which was relatively small that time. However the patient did not undergo surgery and was takin treatment from local bone setters during the last three years and tumor grew to a larger size during this period. The current dimensions of tumor was 32x28 cms with circumference of 87 cms. X-ray showed complete destruction of the upper humerus with central calcification. Biopsy releveled a chondrosarcoma. Skeletal survey and bone scan did not reveal any other lesion in the body. A forequarter amputation was done and a 16 kg tumor mass was excised. At three years follow up, the patient has no complains with no recurrence of the tumor.
",EN104179,"<|im_start|>user Extract the entities contained in the text. Extract only entities contained in the text.
Return the result in a json format: [{""entity"":""entity_name""}]. <<X-ray showed complete destruction of the upper humerus with central calcification.>>> <|im_end|><|im_start|>assistant[{""entity"": ""X-ray""}, {""entity"": ""showed""}, {""entity"": ""destruction""}, {""entity"": ""the upper humerus""}] <|im_end|>","<|im_start|>user Extract the entities contained in the text. Extract only entities contained in the text.
Return the result in a json format: [{""entity"":""entity_name""}]. <<<We present a case of a 32-year-old woman with a history of gradual enlargement of the anterior neck.>>> <|im_end|><|im_start|>assistant [{""entity"": ""present""}, {""entity"": ""history""}, {""entity"": ""enlargement""}] <|im_end|>
<|im_start|>user Extract the entities contained in the text. Extract only entities contained in the text.
Return the result in a json format: [{""entity"":""entity_name""}]. <<<Patient information: a 9-month-old boy presented to the emergency room with a 3-day history of refusal to bear weight on the right lower extremity and febrile peaks of up to 38.5°C for 24 hours.>>> <|im_end|><|im_start|>assistant [{""entity"": ""presented""}, {""entity"": ""refusal""}, {""entity"": ""bear""}, {""entity"": ""peaks""}] <|im_end|>
<|im_start|>user Extract the entities contained in the text. Extract only entities contained in the text.
Return the result in a json format: [{""entity"":""entity_name""}]. <<X-ray showed complete destruction of the upper humerus with central calcification.>>> <|im_end|><|im_start|>assistant","[{""entity"": ""X-ray""}, {""entity"": ""showed""}, {""entity"": ""destruction""}, {""entity"": ""the upper humerus""}] ","[{""entity"": ""showed""}, {""entity"": ""destruction""}, {""entity"": ""calcification""}, {""entity"": ""the upper"
Biopsy releveled a chondrosarcoma.,"[{'id': '2159', 'offsets': array([0, 6]), 'role': '', 'semantic_type_id': '', 'text': 'Biopsy', 'type': 'EVENT'}
 {'id': '2174', 'offsets': array([ 7, 16]), 'role': '', 'semantic_type_id': '', 'text': 'releveled', 'type': 'EVENT'}
 {'id': '2189', 'offsets': array([19, 33]), 'role': '', 'semantic_type_id': '', 'text': 'chondrosarcoma', 'type': 'EVENT'}
 {'id': '2375', 'offsets': array([19, 33]), 'role': '', 'semantic_type_id': 'C0008479', 'text': 'chondrosarcoma', 'type': 'CLINENTITY'}]","Forty year old male presented with a huge mass in this left arm. The same patient apparently was admitted three years back for excision of the arm swelling which was relatively small that time. However the patient did not undergo surgery and was takin treatment from local bone setters during the last three years and tumor grew to a larger size during this period. The current dimensions of tumor was 32x28 cms with circumference of 87 cms. X-ray showed complete destruction of the upper humerus with central calcification. Biopsy releveled a chondrosarcoma. Skeletal survey and bone scan did not reveal any other lesion in the body. A forequarter amputation was done and a 16 kg tumor mass was excised. At three years follow up, the patient has no complains with no recurrence of the tumor.
",EN104179,"<|im_start|>user Extract the entities contained in the text. Extract only entities contained in the text.
Return the result in a json format: [{""entity"":""entity_name""}]. <<Biopsy releveled a chondrosarcoma.>>> <|im_end|><|im_start|>assistant[{""entity"": ""Biopsy""}, {""entity"": ""releveled""}, {""entity"": ""chondrosarcoma""}, {""entity"": ""chondrosarcoma""}] <|im_end|>","<|im_start|>user Extract the entities contained in the text. Extract only entities contained in the text.
Return the result in a json format: [{""entity"":""entity_name""}]. <<<We present a case of a 32-year-old woman with a history of gradual enlargement of the anterior neck.>>> <|im_end|><|im_start|>assistant [{""entity"": ""present""}, {""entity"": ""history""}, {""entity"": ""enlargement""}] <|im_end|>
<|im_start|>user Extract the entities contained in the text. Extract only entities contained in the text.
Return the result in a json format: [{""entity"":""entity_name""}]. <<<Patient information: a 9-month-old boy presented to the emergency room with a 3-day history of refusal to bear weight on the right lower extremity and febrile peaks of up to 38.5°C for 24 hours.>>> <|im_end|><|im_start|>assistant [{""entity"": ""presented""}, {""entity"": ""refusal""}, {""entity"": ""bear""}, {""entity"": ""peaks""}] <|im_end|>
<|im_start|>user Extract the entities contained in the text. Extract only entities contained in the text.
Return the result in a json format: [{""entity"":""entity_name""}]. <<Biopsy releveled a chondrosarcoma.>>> <|im_end|><|im_start|>assistant","[{""entity"": ""Biopsy""}, {""entity"": ""releveled""}, {""entity"": ""chondrosarcoma""}, {""entity"": ""chondrosarcoma""}] ","[{""entity"": ""Biopsy""}, {""entity"": ""chondrosarcoma""}] <|im_end|><|im_end|><|im_end|><|im_end|><|im_end|><|im_end|><|im_end|><|im_end|>"
Skeletal survey and bone scan did not reveal any other lesion in the body.,"[{'id': '2204', 'offsets': array([ 9, 15]), 'role': '', 'semantic_type_id': '', 'text': 'survey', 'type': 'EVENT'}
 {'id': '2219', 'offsets': array([25, 29]), 'role': '', 'semantic_type_id': '', 'text': 'scan', 'type': 'EVENT'}
 {'id': '2234', 'offsets': array([38, 44]), 'role': '', 'semantic_type_id': '', 'text': 'reveal', 'type': 'EVENT'}
 {'id': '2249', 'offsets': array([55, 61]), 'role': '', 'semantic_type_id': '', 'text': 'lesion', 'type': 'EVENT'}
 {'id': '2420', 'offsets': array([20, 24]), 'role': '', 'semantic_type_id': '', 'text': 'bone', 'type': 'BODYPART'}
 {'id': '2426', 'offsets': array([65, 73]), 'role': '', 'semantic_type_id': '', 'text': 'the body', 'type': 'BODYPART'}]","Forty year old male presented with a huge mass in this left arm. The same patient apparently was admitted three years back for excision of the arm swelling which was relatively small that time. However the patient did not undergo surgery and was takin treatment from local bone setters during the last three years and tumor grew to a larger size during this period. The current dimensions of tumor was 32x28 cms with circumference of 87 cms. X-ray showed complete destruction of the upper humerus with central calcification. Biopsy releveled a chondrosarcoma. Skeletal survey and bone scan did not reveal any other lesion in the body. A forequarter amputation was done and a 16 kg tumor mass was excised. At three years follow up, the patient has no complains with no recurrence of the tumor.
",EN104179,"<|im_start|>user Extract the entities contained in the text. Extract only entities contained in the text.
Return the result in a json format: [{""entity"":""entity_name""}]. <<Skeletal survey and bone scan did not reveal any other lesion in the body.>>> <|im_end|><|im_start|>assistant[{""entity"": ""survey""}, {""entity"": ""scan""}, {""entity"": ""reveal""}, {""entity"": ""lesion""}, {""entity"": ""bone""}, {""entity"": ""the body""}] <|im_end|>","<|im_start|>user Extract the entities contained in the text. Extract only entities contained in the text.
Return the result in a json format: [{""entity"":""entity_name""}]. <<<We present a case of a 32-year-old woman with a history of gradual enlargement of the anterior neck.>>> <|im_end|><|im_start|>assistant [{""entity"": ""present""}, {""entity"": ""history""}, {""entity"": ""enlargement""}] <|im_end|>
<|im_start|>user Extract the entities contained in the text. Extract only entities contained in the text.
Return the result in a json format: [{""entity"":""entity_name""}]. <<<Patient information: a 9-month-old boy presented to the emergency room with a 3-day history of refusal to bear weight on the right lower extremity and febrile peaks of up to 38.5°C for 24 hours.>>> <|im_end|><|im_start|>assistant [{""entity"": ""presented""}, {""entity"": ""refusal""}, {""entity"": ""bear""}, {""entity"": ""peaks""}] <|im_end|>
<|im_start|>user Extract the entities contained in the text. Extract only entities contained in the text.
Return the result in a json format: [{""entity"":""entity_name""}]. <<Skeletal survey and bone scan did not reveal any other lesion in the body.>>> <|im_end|><|im_start|>assistant","[{""entity"": ""survey""}, {""entity"": ""scan""}, {""entity"": ""reveal""}, {""entity"": ""lesion""}, {""entity"": ""bone""}, {""entity"": ""the body""}] ","[{""entity"": ""survey""}, {""entity"": ""scan""}, {""entity"": ""reveal""}, {""entity"": ""lesion""}, {""entity"
A forequarter amputation was done and a 16 kg tumor mass was excised.,"[{'id': '2264', 'offsets': array([14, 24]), 'role': '', 'semantic_type_id': '', 'text': 'amputation', 'type': 'EVENT'}
 {'id': '2279', 'offsets': array([52, 56]), 'role': '', 'semantic_type_id': '', 'text': 'mass', 'type': 'EVENT'}
 {'id': '2294', 'offsets': array([61, 68]), 'role': '', 'semantic_type_id': '', 'text': 'excised', 'type': 'EVENT'}
 {'id': '2382', 'offsets': array([46, 56]), 'role': '', 'semantic_type_id': 'C3273930', 'text': 'tumor mass', 'type': 'CLINENTITY'}]","Forty year old male presented with a huge mass in this left arm. The same patient apparently was admitted three years back for excision of the arm swelling which was relatively small that time. However the patient did not undergo surgery and was takin treatment from local bone setters during the last three years and tumor grew to a larger size during this period. The current dimensions of tumor was 32x28 cms with circumference of 87 cms. X-ray showed complete destruction of the upper humerus with central calcification. Biopsy releveled a chondrosarcoma. Skeletal survey and bone scan did not reveal any other lesion in the body. A forequarter amputation was done and a 16 kg tumor mass was excised. At three years follow up, the patient has no complains with no recurrence of the tumor.
",EN104179,"<|im_start|>user Extract the entities contained in the text. Extract only entities contained in the text.
Return the result in a json format: [{""entity"":""entity_name""}]. <<A forequarter amputation was done and a 16 kg tumor mass was excised.>>> <|im_end|><|im_start|>assistant[{""entity"": ""amputation""}, {""entity"": ""mass""}, {""entity"": ""excised""}, {""entity"": ""tumor mass""}] <|im_end|>","<|im_start|>user Extract the entities contained in the text. Extract only entities contained in the text.
Return the result in a json format: [{""entity"":""entity_name""}]. <<<We present a case of a 32-year-old woman with a history of gradual enlargement of the anterior neck.>>> <|im_end|><|im_start|>assistant [{""entity"": ""present""}, {""entity"": ""history""}, {""entity"": ""enlargement""}] <|im_end|>
<|im_start|>user Extract the entities contained in the text. Extract only entities contained in the text.
Return the result in a json format: [{""entity"":""entity_name""}]. <<<Patient information: a 9-month-old boy presented to the emergency room with a 3-day history of refusal to bear weight on the right lower extremity and febrile peaks of up to 38.5°C for 24 hours.>>> <|im_end|><|im_start|>assistant [{""entity"": ""presented""}, {""entity"": ""refusal""}, {""entity"": ""bear""}, {""entity"": ""peaks""}] <|im_end|>
<|im_start|>user Extract the entities contained in the text. Extract only entities contained in the text.
Return the result in a json format: [{""entity"":""entity_name""}]. <<A forequarter amputation was done and a 16 kg tumor mass was excised.>>> <|im_end|><|im_start|>assistant","[{""entity"": ""amputation""}, {""entity"": ""mass""}, {""entity"": ""excised""}, {""entity"": ""tumor mass""}] ","[{""entity"": ""amputation""}, {""entity"": ""excised""}, {""entity"": ""tumor""}, {""entity"": ""the right"
"At three years follow up, the patient has no complains with no recurrence of the tumor.","[{'id': '2309', 'offsets': array([15, 21]), 'role': '', 'semantic_type_id': '', 'text': 'follow', 'type': 'EVENT'}
 {'id': '2324', 'offsets': array([45, 54]), 'role': '', 'semantic_type_id': '', 'text': 'complains', 'type': 'EVENT'}
 {'id': '2339', 'offsets': array([63, 73]), 'role': '', 'semantic_type_id': '', 'text': 'recurrence', 'type': 'EVENT'}
 {'id': '2389', 'offsets': array([81, 86]), 'role': '', 'semantic_type_id': 'C0027651', 'text': 'tumor', 'type': 'CLINENTITY'}
 {'id': '2460', 'offsets': array([26, 37]), 'role': 'PATIENT', 'semantic_type_id': '', 'text': 'the patient', 'type': 'ACTOR'}
 {'id': '2497', 'offsets': array([ 3, 14]), 'role': '', 'semantic_type_id': '', 'text': 'three years', 'type': 'TIMEX3'}]","Forty year old male presented with a huge mass in this left arm. The same patient apparently was admitted three years back for excision of the arm swelling which was relatively small that time. However the patient did not undergo surgery and was takin treatment from local bone setters during the last three years and tumor grew to a larger size during this period. The current dimensions of tumor was 32x28 cms with circumference of 87 cms. X-ray showed complete destruction of the upper humerus with central calcification. Biopsy releveled a chondrosarcoma. Skeletal survey and bone scan did not reveal any other lesion in the body. A forequarter amputation was done and a 16 kg tumor mass was excised. At three years follow up, the patient has no complains with no recurrence of the tumor.
",EN104179,"<|im_start|>user Extract the entities contained in the text. Extract only entities contained in the text.
Return the result in a json format: [{""entity"":""entity_name""}]. <<At three years follow up, the patient has no complains with no recurrence of the tumor.>>> <|im_end|><|im_start|>assistant[{""entity"": ""follow""}, {""entity"": ""complains""}, {""entity"": ""recurrence""}, {""entity"": ""tumor""}, {""entity"": ""the patient""}, {""entity"": ""three years""}] <|im_end|>","<|im_start|>user Extract the entities contained in the text. Extract only entities contained in the text.
Return the result in a json format: [{""entity"":""entity_name""}]. <<<We present a case of a 32-year-old woman with a history of gradual enlargement of the anterior neck.>>> <|im_end|><|im_start|>assistant [{""entity"": ""present""}, {""entity"": ""history""}, {""entity"": ""enlargement""}] <|im_end|>
<|im_start|>user Extract the entities contained in the text. Extract only entities contained in the text.
Return the result in a json format: [{""entity"":""entity_name""}]. <<<Patient information: a 9-month-old boy presented to the emergency room with a 3-day history of refusal to bear weight on the right lower extremity and febrile peaks of up to 38.5°C for 24 hours.>>> <|im_end|><|im_start|>assistant [{""entity"": ""presented""}, {""entity"": ""refusal""}, {""entity"": ""bear""}, {""entity"": ""peaks""}] <|im_end|>
<|im_start|>user Extract the entities contained in the text. Extract only entities contained in the text.
Return the result in a json format: [{""entity"":""entity_name""}]. <<At three years follow up, the patient has no complains with no recurrence of the tumor.>>> <|im_end|><|im_start|>assistant","[{""entity"": ""follow""}, {""entity"": ""complains""}, {""entity"": ""recurrence""}, {""entity"": ""tumor""}, {""entity"": ""the patient""}, {""entity"": ""three years""}] ","[{""entity"": ""follow""}, {""entity"": ""complains""}, {""entity"": ""recurrence""}, {""entity"": ""tumor"
She consulted at our emergency service for the exacerbation of a left pelvic pain that has been evolving for two weeks prior to admission.,"[{'id': '7819', 'offsets': array([ 4, 13]), 'role': '', 'semantic_type_id': '', 'text': 'consulted', 'type': 'EVENT'}
 {'id': '7834', 'offsets': array([77, 81]), 'role': '', 'semantic_type_id': '', 'text': 'pain', 'type': 'EVENT'}
 {'id': '7849', 'offsets': array([128, 137]), 'role': '', 'semantic_type_id': '', 'text': 'admission', 'type': 'EVENT'}
 {'id': '9349', 'offsets': array([70, 81]), 'role': '', 'semantic_type_id': 'C0030794', 'text': 'pelvic pain', 'type': 'CLINENTITY'}
 {'id': '9561', 'offsets': array([0, 3]), 'role': 'PATIENT', 'semantic_type_id': '', 'text': 'She', 'type': 'ACTOR'}
 {'id': '9695', 'offsets': array([109, 118]), 'role': '', 'semantic_type_id': '', 'text': 'two weeks', 'type': 'TIMEX3'}]","It is the case of a 29 years old woman, G2P1001, married, at 9 weeks of pregnancy. She consulted at our emergency service for the exacerbation of a left pelvic pain that has been evolving for two weeks prior to admission. A transient lull was observed following a treatment with a progesteron (hydroxyprogesterone caproate) and an antispasmodic (tiemonium methylsulfate) in a community clinic. The resurgence of that lancinating and permanent pain irradiating to the loins and associated with slight vaginal bleeding prompted consultation. She had first menses at 14 and her menstrual cycle is regular with a length of 30 days. She has never practiced contraception. She has been adequately treated for acute pelvic inflammatory disease five years earlier. Her only child is a girl born vaginally seven years ago. Her blood group is B rhesus positive and she has never undergone surgery. She presented with sympathetic signs of pregnancy and the urinary pregnancy test was positive but echography was not yet done. On admission, besides the main complain, the patient had vaginal bleeding and nausea but neither fever, nor vomiting. On physical examination her general condition was good and the blood pressure was 110/70 millimeters of mercury, the respiratory rate: 20 cycles / minute; the pulse rate: 70 pulsations/minute and the temperature: 37.3 degree Celsius. The conjunctivae were pink and the tongue was clean and moist. There were no cervical adenopathies. The breast and cardiopulmonary examination revealed no abnormalities. The abdomen was flat, and mobile with respiration. On palpation there was just a tenderness of the left iliac fossa and the bowel sounds were normal on auscultation. Inspection under speculum revealed normal gravid external cervical os and there was no vaginal discharge. On digital exploration, the cervix was posterior long and closed, the uterus was globular, increased in size and compatible with an eight weeks pregnancy. The left adnexae presented with a tender, smooth and mobile mass of seven centimeters diameter but the right one were normal. The posterior cervico-vaginal fornix was neither tender nor bulging. We suspected a non ruptured extra-uterine pregnancy with the following differentials: heterotopic pregnancy, torsion of ovarian cyst in pregnancy, and intra-cystic ovarian bleeding in pregnancy. Paraclinical investigations revealed: beta human Chorionic Gonadotropin (β hCG) level of 96 702 milli International Units per milliliter of plasma (mIU/ml). Ultrasonography revealed a heterogenous left ovarian mass of 82 millimeters in diameter, an empty uterus and no peritoneal effusion. This comforted our first diagnosis. After a normal pre-operative work up, an emergency laparotomy was done under general anesthesia. The findings were: left ovary containing a gestational sac and the corpus luteum, normal right adnexae, normal left tube and normal uterus. There was no hemoperitoneum. We dissected the ovarian capsule and carried out ablation of the gestational sac, then we did hemostasis. The specimen was analysed by the pathologist who found decidual cells and trophoblastic tissue within the ovarian capsule and thus confirmed the ovarian pregnancy. Post operative course was uneventful and the patient was discharged six days after surgery. The ?hCG level decreased and disappeared 25 days after surgery.
",EN100068,"<|im_start|>user Extract the entities contained in the text. Extract only entities contained in the text.
Return the result in a json format: [{""entity"":""entity_name""}]. <<She consulted at our emergency service for the exacerbation of a left pelvic pain that has been evolving for two weeks prior to admission.>>> <|im_end|><|im_start|>assistant[{""entity"": ""consulted""}, {""entity"": ""pain""}, {""entity"": ""admission""}, {""entity"": ""pelvic pain""}, {""entity"": ""She""}, {""entity"": ""two weeks""}] <|im_end|>","<|im_start|>user Extract the entities contained in the text. Extract only entities contained in the text.
Return the result in a json format: [{""entity"":""entity_name""}]. <<<We present a case of a 32-year-old woman with a history of gradual enlargement of the anterior neck.>>> <|im_end|><|im_start|>assistant [{""entity"": ""present""}, {""entity"": ""history""}, {""entity"": ""enlargement""}] <|im_end|>
<|im_start|>user Extract the entities contained in the text. Extract only entities contained in the text.
Return the result in a json format: [{""entity"":""entity_name""}]. <<<Patient information: a 9-month-old boy presented to the emergency room with a 3-day history of refusal to bear weight on the right lower extremity and febrile peaks of up to 38.5°C for 24 hours.>>> <|im_end|><|im_start|>assistant [{""entity"": ""presented""}, {""entity"": ""refusal""}, {""entity"": ""bear""}, {""entity"": ""peaks""}] <|im_end|>
<|im_start|>user Extract the entities contained in the text. Extract only entities contained in the text.
Return the result in a json format: [{""entity"":""entity_name""}]. <<She consulted at our emergency service for the exacerbation of a left pelvic pain that has been evolving for two weeks prior to admission.>>> <|im_end|><|im_start|>assistant","[{""entity"": ""consulted""}, {""entity"": ""pain""}, {""entity"": ""admission""}, {""entity"": ""pelvic pain""}, {""entity"": ""She""}, {""entity"": ""two weeks""}] ","[{""entity"": ""consulted""}, {""entity"": ""pain""}, {""entity"": ""evolving""}, {""entity"": ""admission""},"
A transient lull was observed following a treatment with a progesteron (hydroxyprogesterone caproate) and an antispasmodic (tiemonium methylsulfate) in a community clinic.,"[{'id': '7864', 'offsets': array([12, 16]), 'role': '', 'semantic_type_id': '', 'text': 'lull', 'type': 'EVENT'}
 {'id': '7879', 'offsets': array([21, 29]), 'role': '', 'semantic_type_id': '', 'text': 'observed', 'type': 'EVENT'}
 {'id': '7894', 'offsets': array([42, 51]), 'role': '', 'semantic_type_id': '', 'text': 'treatment', 'type': 'EVENT'}]","It is the case of a 29 years old woman, G2P1001, married, at 9 weeks of pregnancy. She consulted at our emergency service for the exacerbation of a left pelvic pain that has been evolving for two weeks prior to admission. A transient lull was observed following a treatment with a progesteron (hydroxyprogesterone caproate) and an antispasmodic (tiemonium methylsulfate) in a community clinic. The resurgence of that lancinating and permanent pain irradiating to the loins and associated with slight vaginal bleeding prompted consultation. She had first menses at 14 and her menstrual cycle is regular with a length of 30 days. She has never practiced contraception. She has been adequately treated for acute pelvic inflammatory disease five years earlier. Her only child is a girl born vaginally seven years ago. Her blood group is B rhesus positive and she has never undergone surgery. She presented with sympathetic signs of pregnancy and the urinary pregnancy test was positive but echography was not yet done. On admission, besides the main complain, the patient had vaginal bleeding and nausea but neither fever, nor vomiting. On physical examination her general condition was good and the blood pressure was 110/70 millimeters of mercury, the respiratory rate: 20 cycles / minute; the pulse rate: 70 pulsations/minute and the temperature: 37.3 degree Celsius. The conjunctivae were pink and the tongue was clean and moist. There were no cervical adenopathies. The breast and cardiopulmonary examination revealed no abnormalities. The abdomen was flat, and mobile with respiration. On palpation there was just a tenderness of the left iliac fossa and the bowel sounds were normal on auscultation. Inspection under speculum revealed normal gravid external cervical os and there was no vaginal discharge. On digital exploration, the cervix was posterior long and closed, the uterus was globular, increased in size and compatible with an eight weeks pregnancy. The left adnexae presented with a tender, smooth and mobile mass of seven centimeters diameter but the right one were normal. The posterior cervico-vaginal fornix was neither tender nor bulging. We suspected a non ruptured extra-uterine pregnancy with the following differentials: heterotopic pregnancy, torsion of ovarian cyst in pregnancy, and intra-cystic ovarian bleeding in pregnancy. Paraclinical investigations revealed: beta human Chorionic Gonadotropin (β hCG) level of 96 702 milli International Units per milliliter of plasma (mIU/ml). Ultrasonography revealed a heterogenous left ovarian mass of 82 millimeters in diameter, an empty uterus and no peritoneal effusion. This comforted our first diagnosis. After a normal pre-operative work up, an emergency laparotomy was done under general anesthesia. The findings were: left ovary containing a gestational sac and the corpus luteum, normal right adnexae, normal left tube and normal uterus. There was no hemoperitoneum. We dissected the ovarian capsule and carried out ablation of the gestational sac, then we did hemostasis. The specimen was analysed by the pathologist who found decidual cells and trophoblastic tissue within the ovarian capsule and thus confirmed the ovarian pregnancy. Post operative course was uneventful and the patient was discharged six days after surgery. The ?hCG level decreased and disappeared 25 days after surgery.
",EN100068,"<|im_start|>user Extract the entities contained in the text. Extract only entities contained in the text.
Return the result in a json format: [{""entity"":""entity_name""}]. <<A transient lull was observed following a treatment with a progesteron (hydroxyprogesterone caproate) and an antispasmodic (tiemonium methylsulfate) in a community clinic.>>> <|im_end|><|im_start|>assistant[{""entity"": ""lull""}, {""entity"": ""observed""}, {""entity"": ""treatment""}] <|im_end|>","<|im_start|>user Extract the entities contained in the text. Extract only entities contained in the text.
Return the result in a json format: [{""entity"":""entity_name""}]. <<<We present a case of a 32-year-old woman with a history of gradual enlargement of the anterior neck.>>> <|im_end|><|im_start|>assistant [{""entity"": ""present""}, {""entity"": ""history""}, {""entity"": ""enlargement""}] <|im_end|>
<|im_start|>user Extract the entities contained in the text. Extract only entities contained in the text.
Return the result in a json format: [{""entity"":""entity_name""}]. <<<Patient information: a 9-month-old boy presented to the emergency room with a 3-day history of refusal to bear weight on the right lower extremity and febrile peaks of up to 38.5°C for 24 hours.>>> <|im_end|><|im_start|>assistant [{""entity"": ""presented""}, {""entity"": ""refusal""}, {""entity"": ""bear""}, {""entity"": ""peaks""}] <|im_end|>
<|im_start|>user Extract the entities contained in the text. Extract only entities contained in the text.
Return the result in a json format: [{""entity"":""entity_name""}]. <<A transient lull was observed following a treatment with a progesteron (hydroxyprogesterone caproate) and an antispasmodic (tiemonium methylsulfate) in a community clinic.>>> <|im_end|><|im_start|>assistant","[{""entity"": ""lull""}, {""entity"": ""observed""}, {""entity"": ""treatment""}] ","[{""entity"": ""lull""}, {""entity"": ""treatment""}, {""entity"": ""progesteron""}, {""entity"": ""hydro"
The resurgence of that lancinating and permanent pain irradiating to the loins and associated with slight vaginal bleeding prompted consultation.,"[{'id': '7909', 'offsets': array([ 4, 14]), 'role': '', 'semantic_type_id': '', 'text': 'resurgence', 'type': 'EVENT'}
 {'id': '7924', 'offsets': array([49, 53]), 'role': '', 'semantic_type_id': '', 'text': 'pain', 'type': 'EVENT'}
 {'id': '7939', 'offsets': array([54, 65]), 'role': '', 'semantic_type_id': '', 'text': 'irradiating', 'type': 'EVENT'}
 {'id': '7954', 'offsets': array([83, 93]), 'role': '', 'semantic_type_id': '', 'text': 'associated', 'type': 'EVENT'}
 {'id': '7969', 'offsets': array([114, 122]), 'role': '', 'semantic_type_id': '', 'text': 'bleeding', 'type': 'EVENT'}
 {'id': '7984', 'offsets': array([132, 144]), 'role': '', 'semantic_type_id': '', 'text': 'consultation', 'type': 'EVENT'}
 {'id': '9356', 'offsets': array([106, 122]), 'role': '', 'semantic_type_id': 'C2979982', 'text': 'vaginal bleeding', 'type': 'CLINENTITY'}
 {'id': '9398', 'offsets': array([69, 78]), 'role': '', 'semantic_type_id': '', 'text': 'the loins', 'type': 'BODYPART'}]","It is the case of a 29 years old woman, G2P1001, married, at 9 weeks of pregnancy. She consulted at our emergency service for the exacerbation of a left pelvic pain that has been evolving for two weeks prior to admission. A transient lull was observed following a treatment with a progesteron (hydroxyprogesterone caproate) and an antispasmodic (tiemonium methylsulfate) in a community clinic. The resurgence of that lancinating and permanent pain irradiating to the loins and associated with slight vaginal bleeding prompted consultation. She had first menses at 14 and her menstrual cycle is regular with a length of 30 days. She has never practiced contraception. She has been adequately treated for acute pelvic inflammatory disease five years earlier. Her only child is a girl born vaginally seven years ago. Her blood group is B rhesus positive and she has never undergone surgery. She presented with sympathetic signs of pregnancy and the urinary pregnancy test was positive but echography was not yet done. On admission, besides the main complain, the patient had vaginal bleeding and nausea but neither fever, nor vomiting. On physical examination her general condition was good and the blood pressure was 110/70 millimeters of mercury, the respiratory rate: 20 cycles / minute; the pulse rate: 70 pulsations/minute and the temperature: 37.3 degree Celsius. The conjunctivae were pink and the tongue was clean and moist. There were no cervical adenopathies. The breast and cardiopulmonary examination revealed no abnormalities. The abdomen was flat, and mobile with respiration. On palpation there was just a tenderness of the left iliac fossa and the bowel sounds were normal on auscultation. Inspection under speculum revealed normal gravid external cervical os and there was no vaginal discharge. On digital exploration, the cervix was posterior long and closed, the uterus was globular, increased in size and compatible with an eight weeks pregnancy. The left adnexae presented with a tender, smooth and mobile mass of seven centimeters diameter but the right one were normal. The posterior cervico-vaginal fornix was neither tender nor bulging. We suspected a non ruptured extra-uterine pregnancy with the following differentials: heterotopic pregnancy, torsion of ovarian cyst in pregnancy, and intra-cystic ovarian bleeding in pregnancy. Paraclinical investigations revealed: beta human Chorionic Gonadotropin (β hCG) level of 96 702 milli International Units per milliliter of plasma (mIU/ml). Ultrasonography revealed a heterogenous left ovarian mass of 82 millimeters in diameter, an empty uterus and no peritoneal effusion. This comforted our first diagnosis. After a normal pre-operative work up, an emergency laparotomy was done under general anesthesia. The findings were: left ovary containing a gestational sac and the corpus luteum, normal right adnexae, normal left tube and normal uterus. There was no hemoperitoneum. We dissected the ovarian capsule and carried out ablation of the gestational sac, then we did hemostasis. The specimen was analysed by the pathologist who found decidual cells and trophoblastic tissue within the ovarian capsule and thus confirmed the ovarian pregnancy. Post operative course was uneventful and the patient was discharged six days after surgery. The ?hCG level decreased and disappeared 25 days after surgery.
",EN100068,"<|im_start|>user Extract the entities contained in the text. Extract only entities contained in the text.
Return the result in a json format: [{""entity"":""entity_name""}]. <<The resurgence of that lancinating and permanent pain irradiating to the loins and associated with slight vaginal bleeding prompted consultation.>>> <|im_end|><|im_start|>assistant[{""entity"": ""resurgence""}, {""entity"": ""pain""}, {""entity"": ""irradiating""}, {""entity"": ""associated""}, {""entity"": ""bleeding""}, {""entity"": ""consultation""}, {""entity"": ""vaginal bleeding""}, {""entity"": ""the loins""}] <|im_end|>","<|im_start|>user Extract the entities contained in the text. Extract only entities contained in the text.
Return the result in a json format: [{""entity"":""entity_name""}]. <<<We present a case of a 32-year-old woman with a history of gradual enlargement of the anterior neck.>>> <|im_end|><|im_start|>assistant [{""entity"": ""present""}, {""entity"": ""history""}, {""entity"": ""enlargement""}] <|im_end|>
<|im_start|>user Extract the entities contained in the text. Extract only entities contained in the text.
Return the result in a json format: [{""entity"":""entity_name""}]. <<<Patient information: a 9-month-old boy presented to the emergency room with a 3-day history of refusal to bear weight on the right lower extremity and febrile peaks of up to 38.5°C for 24 hours.>>> <|im_end|><|im_start|>assistant [{""entity"": ""presented""}, {""entity"": ""refusal""}, {""entity"": ""bear""}, {""entity"": ""peaks""}] <|im_end|>
<|im_start|>user Extract the entities contained in the text. Extract only entities contained in the text.
Return the result in a json format: [{""entity"":""entity_name""}]. <<The resurgence of that lancinating and permanent pain irradiating to the loins and associated with slight vaginal bleeding prompted consultation.>>> <|im_end|><|im_start|>assistant","[{""entity"": ""resurgence""}, {""entity"": ""pain""}, {""entity"": ""irradiating""}, {""entity"": ""associated""}, {""entity"": ""bleeding""}, {""entity"": ""consultation""}, {""entity"": ""vaginal bleeding""}, {""entity"": ""the loins""}] ","[{""entity"": ""pain""}, {""entity"": ""irradiating""}, {""entity"": ""bleeding""}, {""entity"": ""prompted"
She had first menses at 14 and her menstrual cycle is regular with a length of 30 days.,"[{'id': '7999', 'offsets': array([14, 20]), 'role': '', 'semantic_type_id': '', 'text': 'menses', 'type': 'EVENT'}
 {'id': '8014', 'offsets': array([45, 50]), 'role': '', 'semantic_type_id': '', 'text': 'cycle', 'type': 'EVENT'}
 {'id': '8029', 'offsets': array([54, 61]), 'role': '', 'semantic_type_id': '', 'text': 'regular', 'type': 'EVENT'}
 {'id': '9568', 'offsets': array([0, 3]), 'role': 'PATIENT', 'semantic_type_id': '', 'text': 'She', 'type': 'ACTOR'}
 {'id': '9704', 'offsets': array([79, 86]), 'role': '', 'semantic_type_id': '', 'text': '30 days', 'type': 'TIMEX3'}]","It is the case of a 29 years old woman, G2P1001, married, at 9 weeks of pregnancy. She consulted at our emergency service for the exacerbation of a left pelvic pain that has been evolving for two weeks prior to admission. A transient lull was observed following a treatment with a progesteron (hydroxyprogesterone caproate) and an antispasmodic (tiemonium methylsulfate) in a community clinic. The resurgence of that lancinating and permanent pain irradiating to the loins and associated with slight vaginal bleeding prompted consultation. She had first menses at 14 and her menstrual cycle is regular with a length of 30 days. She has never practiced contraception. She has been adequately treated for acute pelvic inflammatory disease five years earlier. Her only child is a girl born vaginally seven years ago. Her blood group is B rhesus positive and she has never undergone surgery. She presented with sympathetic signs of pregnancy and the urinary pregnancy test was positive but echography was not yet done. On admission, besides the main complain, the patient had vaginal bleeding and nausea but neither fever, nor vomiting. On physical examination her general condition was good and the blood pressure was 110/70 millimeters of mercury, the respiratory rate: 20 cycles / minute; the pulse rate: 70 pulsations/minute and the temperature: 37.3 degree Celsius. The conjunctivae were pink and the tongue was clean and moist. There were no cervical adenopathies. The breast and cardiopulmonary examination revealed no abnormalities. The abdomen was flat, and mobile with respiration. On palpation there was just a tenderness of the left iliac fossa and the bowel sounds were normal on auscultation. Inspection under speculum revealed normal gravid external cervical os and there was no vaginal discharge. On digital exploration, the cervix was posterior long and closed, the uterus was globular, increased in size and compatible with an eight weeks pregnancy. The left adnexae presented with a tender, smooth and mobile mass of seven centimeters diameter but the right one were normal. The posterior cervico-vaginal fornix was neither tender nor bulging. We suspected a non ruptured extra-uterine pregnancy with the following differentials: heterotopic pregnancy, torsion of ovarian cyst in pregnancy, and intra-cystic ovarian bleeding in pregnancy. Paraclinical investigations revealed: beta human Chorionic Gonadotropin (β hCG) level of 96 702 milli International Units per milliliter of plasma (mIU/ml). Ultrasonography revealed a heterogenous left ovarian mass of 82 millimeters in diameter, an empty uterus and no peritoneal effusion. This comforted our first diagnosis. After a normal pre-operative work up, an emergency laparotomy was done under general anesthesia. The findings were: left ovary containing a gestational sac and the corpus luteum, normal right adnexae, normal left tube and normal uterus. There was no hemoperitoneum. We dissected the ovarian capsule and carried out ablation of the gestational sac, then we did hemostasis. The specimen was analysed by the pathologist who found decidual cells and trophoblastic tissue within the ovarian capsule and thus confirmed the ovarian pregnancy. Post operative course was uneventful and the patient was discharged six days after surgery. The ?hCG level decreased and disappeared 25 days after surgery.
",EN100068,"<|im_start|>user Extract the entities contained in the text. Extract only entities contained in the text.
Return the result in a json format: [{""entity"":""entity_name""}]. <<She had first menses at 14 and her menstrual cycle is regular with a length of 30 days.>>> <|im_end|><|im_start|>assistant[{""entity"": ""menses""}, {""entity"": ""cycle""}, {""entity"": ""regular""}, {""entity"": ""She""}, {""entity"": ""30 days""}] <|im_end|>","<|im_start|>user Extract the entities contained in the text. Extract only entities contained in the text.
Return the result in a json format: [{""entity"":""entity_name""}]. <<<We present a case of a 32-year-old woman with a history of gradual enlargement of the anterior neck.>>> <|im_end|><|im_start|>assistant [{""entity"": ""present""}, {""entity"": ""history""}, {""entity"": ""enlargement""}] <|im_end|>
<|im_start|>user Extract the entities contained in the text. Extract only entities contained in the text.
Return the result in a json format: [{""entity"":""entity_name""}]. <<<Patient information: a 9-month-old boy presented to the emergency room with a 3-day history of refusal to bear weight on the right lower extremity and febrile peaks of up to 38.5°C for 24 hours.>>> <|im_end|><|im_start|>assistant [{""entity"": ""presented""}, {""entity"": ""refusal""}, {""entity"": ""bear""}, {""entity"": ""peaks""}] <|im_end|>
<|im_start|>user Extract the entities contained in the text. Extract only entities contained in the text.
Return the result in a json format: [{""entity"":""entity_name""}]. <<She had first menses at 14 and her menstrual cycle is regular with a length of 30 days.>>> <|im_end|><|im_start|>assistant","[{""entity"": ""menses""}, {""entity"": ""cycle""}, {""entity"": ""regular""}, {""entity"": ""She""}, {""entity"": ""30 days""}] ","[{""entity"": ""menses""}, {""entity"": ""cycle""}, {""entity"": ""regular""}, {""entity"": ""length""}, {""entity"
She has never practiced contraception.,"[{'id': '8044', 'offsets': array([24, 37]), 'role': '', 'semantic_type_id': '', 'text': 'contraception', 'type': 'EVENT'}
 {'id': '9575', 'offsets': array([0, 3]), 'role': 'PATIENT', 'semantic_type_id': '', 'text': 'She', 'type': 'ACTOR'}]","It is the case of a 29 years old woman, G2P1001, married, at 9 weeks of pregnancy. She consulted at our emergency service for the exacerbation of a left pelvic pain that has been evolving for two weeks prior to admission. A transient lull was observed following a treatment with a progesteron (hydroxyprogesterone caproate) and an antispasmodic (tiemonium methylsulfate) in a community clinic. The resurgence of that lancinating and permanent pain irradiating to the loins and associated with slight vaginal bleeding prompted consultation. She had first menses at 14 and her menstrual cycle is regular with a length of 30 days. She has never practiced contraception. She has been adequately treated for acute pelvic inflammatory disease five years earlier. Her only child is a girl born vaginally seven years ago. Her blood group is B rhesus positive and she has never undergone surgery. She presented with sympathetic signs of pregnancy and the urinary pregnancy test was positive but echography was not yet done. On admission, besides the main complain, the patient had vaginal bleeding and nausea but neither fever, nor vomiting. On physical examination her general condition was good and the blood pressure was 110/70 millimeters of mercury, the respiratory rate: 20 cycles / minute; the pulse rate: 70 pulsations/minute and the temperature: 37.3 degree Celsius. The conjunctivae were pink and the tongue was clean and moist. There were no cervical adenopathies. The breast and cardiopulmonary examination revealed no abnormalities. The abdomen was flat, and mobile with respiration. On palpation there was just a tenderness of the left iliac fossa and the bowel sounds were normal on auscultation. Inspection under speculum revealed normal gravid external cervical os and there was no vaginal discharge. On digital exploration, the cervix was posterior long and closed, the uterus was globular, increased in size and compatible with an eight weeks pregnancy. The left adnexae presented with a tender, smooth and mobile mass of seven centimeters diameter but the right one were normal. The posterior cervico-vaginal fornix was neither tender nor bulging. We suspected a non ruptured extra-uterine pregnancy with the following differentials: heterotopic pregnancy, torsion of ovarian cyst in pregnancy, and intra-cystic ovarian bleeding in pregnancy. Paraclinical investigations revealed: beta human Chorionic Gonadotropin (β hCG) level of 96 702 milli International Units per milliliter of plasma (mIU/ml). Ultrasonography revealed a heterogenous left ovarian mass of 82 millimeters in diameter, an empty uterus and no peritoneal effusion. This comforted our first diagnosis. After a normal pre-operative work up, an emergency laparotomy was done under general anesthesia. The findings were: left ovary containing a gestational sac and the corpus luteum, normal right adnexae, normal left tube and normal uterus. There was no hemoperitoneum. We dissected the ovarian capsule and carried out ablation of the gestational sac, then we did hemostasis. The specimen was analysed by the pathologist who found decidual cells and trophoblastic tissue within the ovarian capsule and thus confirmed the ovarian pregnancy. Post operative course was uneventful and the patient was discharged six days after surgery. The ?hCG level decreased and disappeared 25 days after surgery.
",EN100068,"<|im_start|>user Extract the entities contained in the text. Extract only entities contained in the text.
Return the result in a json format: [{""entity"":""entity_name""}]. <<She has never practiced contraception.>>> <|im_end|><|im_start|>assistant[{""entity"": ""contraception""}, {""entity"": ""She""}] <|im_end|>","<|im_start|>user Extract the entities contained in the text. Extract only entities contained in the text.
Return the result in a json format: [{""entity"":""entity_name""}]. <<<We present a case of a 32-year-old woman with a history of gradual enlargement of the anterior neck.>>> <|im_end|><|im_start|>assistant [{""entity"": ""present""}, {""entity"": ""history""}, {""entity"": ""enlargement""}] <|im_end|>
<|im_start|>user Extract the entities contained in the text. Extract only entities contained in the text.
Return the result in a json format: [{""entity"":""entity_name""}]. <<<Patient information: a 9-month-old boy presented to the emergency room with a 3-day history of refusal to bear weight on the right lower extremity and febrile peaks of up to 38.5°C for 24 hours.>>> <|im_end|><|im_start|>assistant [{""entity"": ""presented""}, {""entity"": ""refusal""}, {""entity"": ""bear""}, {""entity"": ""peaks""}] <|im_end|>
<|im_start|>user Extract the entities contained in the text. Extract only entities contained in the text.
Return the result in a json format: [{""entity"":""entity_name""}]. <<She has never practiced contraception.>>> <|im_end|><|im_start|>assistant","[{""entity"": ""contraception""}, {""entity"": ""She""}] ","[{""entity"": ""contraception""}, {""entity"": ""She""}] <|im_end|><|im_end|><|im_end|><|im_end|><|im_end|><|im_end|><|im_end|><|im_end|><|im_end|><|im_end|><|im_end|>"
She has been adequately treated for acute pelvic inflammatory disease five years earlier.,"[{'id': '8059', 'offsets': array([24, 31]), 'role': '', 'semantic_type_id': '', 'text': 'treated', 'type': 'EVENT'}
 {'id': '8074', 'offsets': array([62, 69]), 'role': '', 'semantic_type_id': '', 'text': 'disease', 'type': 'EVENT'}
 {'id': '9363', 'offsets': array([36, 69]), 'role': '', 'semantic_type_id': 'C0149959', 'text': 'acute pelvic inflammatory disease', 'type': 'CLINENTITY'}
 {'id': '9582', 'offsets': array([0, 3]), 'role': 'PATIENT', 'semantic_type_id': '', 'text': 'She', 'type': 'ACTOR'}
 {'id': '9713', 'offsets': array([70, 88]), 'role': '', 'semantic_type_id': '', 'text': 'five years earlier', 'type': 'TIMEX3'}]","It is the case of a 29 years old woman, G2P1001, married, at 9 weeks of pregnancy. She consulted at our emergency service for the exacerbation of a left pelvic pain that has been evolving for two weeks prior to admission. A transient lull was observed following a treatment with a progesteron (hydroxyprogesterone caproate) and an antispasmodic (tiemonium methylsulfate) in a community clinic. The resurgence of that lancinating and permanent pain irradiating to the loins and associated with slight vaginal bleeding prompted consultation. She had first menses at 14 and her menstrual cycle is regular with a length of 30 days. She has never practiced contraception. She has been adequately treated for acute pelvic inflammatory disease five years earlier. Her only child is a girl born vaginally seven years ago. Her blood group is B rhesus positive and she has never undergone surgery. She presented with sympathetic signs of pregnancy and the urinary pregnancy test was positive but echography was not yet done. On admission, besides the main complain, the patient had vaginal bleeding and nausea but neither fever, nor vomiting. On physical examination her general condition was good and the blood pressure was 110/70 millimeters of mercury, the respiratory rate: 20 cycles / minute; the pulse rate: 70 pulsations/minute and the temperature: 37.3 degree Celsius. The conjunctivae were pink and the tongue was clean and moist. There were no cervical adenopathies. The breast and cardiopulmonary examination revealed no abnormalities. The abdomen was flat, and mobile with respiration. On palpation there was just a tenderness of the left iliac fossa and the bowel sounds were normal on auscultation. Inspection under speculum revealed normal gravid external cervical os and there was no vaginal discharge. On digital exploration, the cervix was posterior long and closed, the uterus was globular, increased in size and compatible with an eight weeks pregnancy. The left adnexae presented with a tender, smooth and mobile mass of seven centimeters diameter but the right one were normal. The posterior cervico-vaginal fornix was neither tender nor bulging. We suspected a non ruptured extra-uterine pregnancy with the following differentials: heterotopic pregnancy, torsion of ovarian cyst in pregnancy, and intra-cystic ovarian bleeding in pregnancy. Paraclinical investigations revealed: beta human Chorionic Gonadotropin (β hCG) level of 96 702 milli International Units per milliliter of plasma (mIU/ml). Ultrasonography revealed a heterogenous left ovarian mass of 82 millimeters in diameter, an empty uterus and no peritoneal effusion. This comforted our first diagnosis. After a normal pre-operative work up, an emergency laparotomy was done under general anesthesia. The findings were: left ovary containing a gestational sac and the corpus luteum, normal right adnexae, normal left tube and normal uterus. There was no hemoperitoneum. We dissected the ovarian capsule and carried out ablation of the gestational sac, then we did hemostasis. The specimen was analysed by the pathologist who found decidual cells and trophoblastic tissue within the ovarian capsule and thus confirmed the ovarian pregnancy. Post operative course was uneventful and the patient was discharged six days after surgery. The ?hCG level decreased and disappeared 25 days after surgery.
",EN100068,"<|im_start|>user Extract the entities contained in the text. Extract only entities contained in the text.
Return the result in a json format: [{""entity"":""entity_name""}]. <<She has been adequately treated for acute pelvic inflammatory disease five years earlier.>>> <|im_end|><|im_start|>assistant[{""entity"": ""treated""}, {""entity"": ""disease""}, {""entity"": ""acute pelvic inflammatory disease""}, {""entity"": ""She""}, {""entity"": ""five years earlier""}] <|im_end|>","<|im_start|>user Extract the entities contained in the text. Extract only entities contained in the text.
Return the result in a json format: [{""entity"":""entity_name""}]. <<<We present a case of a 32-year-old woman with a history of gradual enlargement of the anterior neck.>>> <|im_end|><|im_start|>assistant [{""entity"": ""present""}, {""entity"": ""history""}, {""entity"": ""enlargement""}] <|im_end|>
<|im_start|>user Extract the entities contained in the text. Extract only entities contained in the text.
Return the result in a json format: [{""entity"":""entity_name""}]. <<<Patient information: a 9-month-old boy presented to the emergency room with a 3-day history of refusal to bear weight on the right lower extremity and febrile peaks of up to 38.5°C for 24 hours.>>> <|im_end|><|im_start|>assistant [{""entity"": ""presented""}, {""entity"": ""refusal""}, {""entity"": ""bear""}, {""entity"": ""peaks""}] <|im_end|>
<|im_start|>user Extract the entities contained in the text. Extract only entities contained in the text.
Return the result in a json format: [{""entity"":""entity_name""}]. <<She has been adequately treated for acute pelvic inflammatory disease five years earlier.>>> <|im_end|><|im_start|>assistant","[{""entity"": ""treated""}, {""entity"": ""disease""}, {""entity"": ""acute pelvic inflammatory disease""}, {""entity"": ""She""}, {""entity"": ""five years earlier""}] ","[{""entity"": ""treated""}, {""entity"": ""disease""}, {""entity"": ""acute pelvic inflammatory disease""}, {""entity"": """
Her only child is a girl born vaginally seven years ago.,"[{'id': '8089', 'offsets': array([25, 29]), 'role': '', 'semantic_type_id': '', 'text': 'born', 'type': 'EVENT'}
 {'id': '9589', 'offsets': array([ 0, 14]), 'role': 'OTHER', 'semantic_type_id': '', 'text': 'Her only child', 'type': 'ACTOR'}
 {'id': '9722', 'offsets': array([40, 55]), 'role': '', 'semantic_type_id': '', 'text': 'seven years ago', 'type': 'TIMEX3'}]","It is the case of a 29 years old woman, G2P1001, married, at 9 weeks of pregnancy. She consulted at our emergency service for the exacerbation of a left pelvic pain that has been evolving for two weeks prior to admission. A transient lull was observed following a treatment with a progesteron (hydroxyprogesterone caproate) and an antispasmodic (tiemonium methylsulfate) in a community clinic. The resurgence of that lancinating and permanent pain irradiating to the loins and associated with slight vaginal bleeding prompted consultation. She had first menses at 14 and her menstrual cycle is regular with a length of 30 days. She has never practiced contraception. She has been adequately treated for acute pelvic inflammatory disease five years earlier. Her only child is a girl born vaginally seven years ago. Her blood group is B rhesus positive and she has never undergone surgery. She presented with sympathetic signs of pregnancy and the urinary pregnancy test was positive but echography was not yet done. On admission, besides the main complain, the patient had vaginal bleeding and nausea but neither fever, nor vomiting. On physical examination her general condition was good and the blood pressure was 110/70 millimeters of mercury, the respiratory rate: 20 cycles / minute; the pulse rate: 70 pulsations/minute and the temperature: 37.3 degree Celsius. The conjunctivae were pink and the tongue was clean and moist. There were no cervical adenopathies. The breast and cardiopulmonary examination revealed no abnormalities. The abdomen was flat, and mobile with respiration. On palpation there was just a tenderness of the left iliac fossa and the bowel sounds were normal on auscultation. Inspection under speculum revealed normal gravid external cervical os and there was no vaginal discharge. On digital exploration, the cervix was posterior long and closed, the uterus was globular, increased in size and compatible with an eight weeks pregnancy. The left adnexae presented with a tender, smooth and mobile mass of seven centimeters diameter but the right one were normal. The posterior cervico-vaginal fornix was neither tender nor bulging. We suspected a non ruptured extra-uterine pregnancy with the following differentials: heterotopic pregnancy, torsion of ovarian cyst in pregnancy, and intra-cystic ovarian bleeding in pregnancy. Paraclinical investigations revealed: beta human Chorionic Gonadotropin (β hCG) level of 96 702 milli International Units per milliliter of plasma (mIU/ml). Ultrasonography revealed a heterogenous left ovarian mass of 82 millimeters in diameter, an empty uterus and no peritoneal effusion. This comforted our first diagnosis. After a normal pre-operative work up, an emergency laparotomy was done under general anesthesia. The findings were: left ovary containing a gestational sac and the corpus luteum, normal right adnexae, normal left tube and normal uterus. There was no hemoperitoneum. We dissected the ovarian capsule and carried out ablation of the gestational sac, then we did hemostasis. The specimen was analysed by the pathologist who found decidual cells and trophoblastic tissue within the ovarian capsule and thus confirmed the ovarian pregnancy. Post operative course was uneventful and the patient was discharged six days after surgery. The ?hCG level decreased and disappeared 25 days after surgery.
",EN100068,"<|im_start|>user Extract the entities contained in the text. Extract only entities contained in the text.
Return the result in a json format: [{""entity"":""entity_name""}]. <<Her only child is a girl born vaginally seven years ago.>>> <|im_end|><|im_start|>assistant[{""entity"": ""born""}, {""entity"": ""Her only child""}, {""entity"": ""seven years ago""}] <|im_end|>","<|im_start|>user Extract the entities contained in the text. Extract only entities contained in the text.
Return the result in a json format: [{""entity"":""entity_name""}]. <<<We present a case of a 32-year-old woman with a history of gradual enlargement of the anterior neck.>>> <|im_end|><|im_start|>assistant [{""entity"": ""present""}, {""entity"": ""history""}, {""entity"": ""enlargement""}] <|im_end|>
<|im_start|>user Extract the entities contained in the text. Extract only entities contained in the text.
Return the result in a json format: [{""entity"":""entity_name""}]. <<<Patient information: a 9-month-old boy presented to the emergency room with a 3-day history of refusal to bear weight on the right lower extremity and febrile peaks of up to 38.5°C for 24 hours.>>> <|im_end|><|im_start|>assistant [{""entity"": ""presented""}, {""entity"": ""refusal""}, {""entity"": ""bear""}, {""entity"": ""peaks""}] <|im_end|>
<|im_start|>user Extract the entities contained in the text. Extract only entities contained in the text.
Return the result in a json format: [{""entity"":""entity_name""}]. <<Her only child is a girl born vaginally seven years ago.>>> <|im_end|><|im_start|>assistant","[{""entity"": ""born""}, {""entity"": ""Her only child""}, {""entity"": ""seven years ago""}] ","[{""entity"": ""child""}, {""entity"": ""girl""}, {""entity"": ""vaginally""}, {""entity"": ""seven years ago"
Her blood group is B rhesus positive and she has never undergone surgery.,"[{'id': '8104', 'offsets': array([10, 15]), 'role': '', 'semantic_type_id': '', 'text': 'group', 'type': 'EVENT'}
 {'id': '8119', 'offsets': array([65, 72]), 'role': '', 'semantic_type_id': '', 'text': 'surgery', 'type': 'EVENT'}
 {'id': '9404', 'offsets': array([4, 9]), 'role': '', 'semantic_type_id': '', 'text': 'blood', 'type': 'BODYPART'}
 {'id': '9596', 'offsets': array([41, 44]), 'role': 'PATIENT', 'semantic_type_id': '', 'text': 'she', 'type': 'ACTOR'}]","It is the case of a 29 years old woman, G2P1001, married, at 9 weeks of pregnancy. She consulted at our emergency service for the exacerbation of a left pelvic pain that has been evolving for two weeks prior to admission. A transient lull was observed following a treatment with a progesteron (hydroxyprogesterone caproate) and an antispasmodic (tiemonium methylsulfate) in a community clinic. The resurgence of that lancinating and permanent pain irradiating to the loins and associated with slight vaginal bleeding prompted consultation. She had first menses at 14 and her menstrual cycle is regular with a length of 30 days. She has never practiced contraception. She has been adequately treated for acute pelvic inflammatory disease five years earlier. Her only child is a girl born vaginally seven years ago. Her blood group is B rhesus positive and she has never undergone surgery. She presented with sympathetic signs of pregnancy and the urinary pregnancy test was positive but echography was not yet done. On admission, besides the main complain, the patient had vaginal bleeding and nausea but neither fever, nor vomiting. On physical examination her general condition was good and the blood pressure was 110/70 millimeters of mercury, the respiratory rate: 20 cycles / minute; the pulse rate: 70 pulsations/minute and the temperature: 37.3 degree Celsius. The conjunctivae were pink and the tongue was clean and moist. There were no cervical adenopathies. The breast and cardiopulmonary examination revealed no abnormalities. The abdomen was flat, and mobile with respiration. On palpation there was just a tenderness of the left iliac fossa and the bowel sounds were normal on auscultation. Inspection under speculum revealed normal gravid external cervical os and there was no vaginal discharge. On digital exploration, the cervix was posterior long and closed, the uterus was globular, increased in size and compatible with an eight weeks pregnancy. The left adnexae presented with a tender, smooth and mobile mass of seven centimeters diameter but the right one were normal. The posterior cervico-vaginal fornix was neither tender nor bulging. We suspected a non ruptured extra-uterine pregnancy with the following differentials: heterotopic pregnancy, torsion of ovarian cyst in pregnancy, and intra-cystic ovarian bleeding in pregnancy. Paraclinical investigations revealed: beta human Chorionic Gonadotropin (β hCG) level of 96 702 milli International Units per milliliter of plasma (mIU/ml). Ultrasonography revealed a heterogenous left ovarian mass of 82 millimeters in diameter, an empty uterus and no peritoneal effusion. This comforted our first diagnosis. After a normal pre-operative work up, an emergency laparotomy was done under general anesthesia. The findings were: left ovary containing a gestational sac and the corpus luteum, normal right adnexae, normal left tube and normal uterus. There was no hemoperitoneum. We dissected the ovarian capsule and carried out ablation of the gestational sac, then we did hemostasis. The specimen was analysed by the pathologist who found decidual cells and trophoblastic tissue within the ovarian capsule and thus confirmed the ovarian pregnancy. Post operative course was uneventful and the patient was discharged six days after surgery. The ?hCG level decreased and disappeared 25 days after surgery.
",EN100068,"<|im_start|>user Extract the entities contained in the text. Extract only entities contained in the text.
Return the result in a json format: [{""entity"":""entity_name""}]. <<Her blood group is B rhesus positive and she has never undergone surgery.>>> <|im_end|><|im_start|>assistant[{""entity"": ""group""}, {""entity"": ""surgery""}, {""entity"": ""blood""}, {""entity"": ""she""}] <|im_end|>","<|im_start|>user Extract the entities contained in the text. Extract only entities contained in the text.
Return the result in a json format: [{""entity"":""entity_name""}]. <<<We present a case of a 32-year-old woman with a history of gradual enlargement of the anterior neck.>>> <|im_end|><|im_start|>assistant [{""entity"": ""present""}, {""entity"": ""history""}, {""entity"": ""enlargement""}] <|im_end|>
<|im_start|>user Extract the entities contained in the text. Extract only entities contained in the text.
Return the result in a json format: [{""entity"":""entity_name""}]. <<<Patient information: a 9-month-old boy presented to the emergency room with a 3-day history of refusal to bear weight on the right lower extremity and febrile peaks of up to 38.5°C for 24 hours.>>> <|im_end|><|im_start|>assistant [{""entity"": ""presented""}, {""entity"": ""refusal""}, {""entity"": ""bear""}, {""entity"": ""peaks""}] <|im_end|>
<|im_start|>user Extract the entities contained in the text. Extract only entities contained in the text.
Return the result in a json format: [{""entity"":""entity_name""}]. <<Her blood group is B rhesus positive and she has never undergone surgery.>>> <|im_end|><|im_start|>assistant","[{""entity"": ""group""}, {""entity"": ""surgery""}, {""entity"": ""blood""}, {""entity"": ""she""}] ","[{""entity"": ""group""}, {""entity"": ""surgery""}, {""entity"": ""positive""}, {""entity"": ""she""}, {""entity"
She presented with sympathetic signs of pregnancy and the urinary pregnancy test was positive but echography was not yet done.,"[{'id': '8134', 'offsets': array([ 4, 13]), 'role': '', 'semantic_type_id': '', 'text': 'presented', 'type': 'EVENT'}
 {'id': '8149', 'offsets': array([31, 36]), 'role': '', 'semantic_type_id': '', 'text': 'signs', 'type': 'EVENT'}
 {'id': '8164', 'offsets': array([40, 49]), 'role': '', 'semantic_type_id': '', 'text': 'pregnancy', 'type': 'EVENT'}
 {'id': '8179', 'offsets': array([76, 80]), 'role': '', 'semantic_type_id': '', 'text': 'test', 'type': 'EVENT'}
 {'id': '8194', 'offsets': array([ 98, 108]), 'role': '', 'semantic_type_id': '', 'text': 'echography', 'type': 'EVENT'}
 {'id': '9603', 'offsets': array([0, 3]), 'role': 'PATIENT', 'semantic_type_id': '', 'text': 'She', 'type': 'ACTOR'}
 {'id': '9638', 'offsets': array([85, 93]), 'role': '', 'semantic_type_id': '', 'text': 'positive', 'type': 'RML'}]","It is the case of a 29 years old woman, G2P1001, married, at 9 weeks of pregnancy. She consulted at our emergency service for the exacerbation of a left pelvic pain that has been evolving for two weeks prior to admission. A transient lull was observed following a treatment with a progesteron (hydroxyprogesterone caproate) and an antispasmodic (tiemonium methylsulfate) in a community clinic. The resurgence of that lancinating and permanent pain irradiating to the loins and associated with slight vaginal bleeding prompted consultation. She had first menses at 14 and her menstrual cycle is regular with a length of 30 days. She has never practiced contraception. She has been adequately treated for acute pelvic inflammatory disease five years earlier. Her only child is a girl born vaginally seven years ago. Her blood group is B rhesus positive and she has never undergone surgery. She presented with sympathetic signs of pregnancy and the urinary pregnancy test was positive but echography was not yet done. On admission, besides the main complain, the patient had vaginal bleeding and nausea but neither fever, nor vomiting. On physical examination her general condition was good and the blood pressure was 110/70 millimeters of mercury, the respiratory rate: 20 cycles / minute; the pulse rate: 70 pulsations/minute and the temperature: 37.3 degree Celsius. The conjunctivae were pink and the tongue was clean and moist. There were no cervical adenopathies. The breast and cardiopulmonary examination revealed no abnormalities. The abdomen was flat, and mobile with respiration. On palpation there was just a tenderness of the left iliac fossa and the bowel sounds were normal on auscultation. Inspection under speculum revealed normal gravid external cervical os and there was no vaginal discharge. On digital exploration, the cervix was posterior long and closed, the uterus was globular, increased in size and compatible with an eight weeks pregnancy. The left adnexae presented with a tender, smooth and mobile mass of seven centimeters diameter but the right one were normal. The posterior cervico-vaginal fornix was neither tender nor bulging. We suspected a non ruptured extra-uterine pregnancy with the following differentials: heterotopic pregnancy, torsion of ovarian cyst in pregnancy, and intra-cystic ovarian bleeding in pregnancy. Paraclinical investigations revealed: beta human Chorionic Gonadotropin (β hCG) level of 96 702 milli International Units per milliliter of plasma (mIU/ml). Ultrasonography revealed a heterogenous left ovarian mass of 82 millimeters in diameter, an empty uterus and no peritoneal effusion. This comforted our first diagnosis. After a normal pre-operative work up, an emergency laparotomy was done under general anesthesia. The findings were: left ovary containing a gestational sac and the corpus luteum, normal right adnexae, normal left tube and normal uterus. There was no hemoperitoneum. We dissected the ovarian capsule and carried out ablation of the gestational sac, then we did hemostasis. The specimen was analysed by the pathologist who found decidual cells and trophoblastic tissue within the ovarian capsule and thus confirmed the ovarian pregnancy. Post operative course was uneventful and the patient was discharged six days after surgery. The ?hCG level decreased and disappeared 25 days after surgery.
",EN100068,"<|im_start|>user Extract the entities contained in the text. Extract only entities contained in the text.
Return the result in a json format: [{""entity"":""entity_name""}]. <<She presented with sympathetic signs of pregnancy and the urinary pregnancy test was positive but echography was not yet done.>>> <|im_end|><|im_start|>assistant[{""entity"": ""presented""}, {""entity"": ""signs""}, {""entity"": ""pregnancy""}, {""entity"": ""test""}, {""entity"": ""echography""}, {""entity"": ""She""}, {""entity"": ""positive""}] <|im_end|>","<|im_start|>user Extract the entities contained in the text. Extract only entities contained in the text.
Return the result in a json format: [{""entity"":""entity_name""}]. <<<We present a case of a 32-year-old woman with a history of gradual enlargement of the anterior neck.>>> <|im_end|><|im_start|>assistant [{""entity"": ""present""}, {""entity"": ""history""}, {""entity"": ""enlargement""}] <|im_end|>
<|im_start|>user Extract the entities contained in the text. Extract only entities contained in the text.
Return the result in a json format: [{""entity"":""entity_name""}]. <<<Patient information: a 9-month-old boy presented to the emergency room with a 3-day history of refusal to bear weight on the right lower extremity and febrile peaks of up to 38.5°C for 24 hours.>>> <|im_end|><|im_start|>assistant [{""entity"": ""presented""}, {""entity"": ""refusal""}, {""entity"": ""bear""}, {""entity"": ""peaks""}] <|im_end|>
<|im_start|>user Extract the entities contained in the text. Extract only entities contained in the text.
Return the result in a json format: [{""entity"":""entity_name""}]. <<She presented with sympathetic signs of pregnancy and the urinary pregnancy test was positive but echography was not yet done.>>> <|im_end|><|im_start|>assistant","[{""entity"": ""presented""}, {""entity"": ""signs""}, {""entity"": ""pregnancy""}, {""entity"": ""test""}, {""entity"": ""echography""}, {""entity"": ""She""}, {""entity"": ""positive""}] ","[{""entity"": ""presented""}, {""entity"": ""signs""}, {""entity"": ""test""}, {""entity"": ""echography""},"
"On admission, besides the main complain, the patient had vaginal bleeding and nausea but neither fever, nor vomiting.","[{'id': '8209', 'offsets': array([ 3, 12]), 'role': '', 'semantic_type_id': '', 'text': 'admission', 'type': 'EVENT'}
 {'id': '8224', 'offsets': array([31, 39]), 'role': '', 'semantic_type_id': '', 'text': 'complain', 'type': 'EVENT'}
 {'id': '8239', 'offsets': array([65, 73]), 'role': '', 'semantic_type_id': '', 'text': 'bleeding', 'type': 'EVENT'}
 {'id': '8254', 'offsets': array([78, 84]), 'role': '', 'semantic_type_id': '', 'text': 'nausea', 'type': 'EVENT'}
 {'id': '8269', 'offsets': array([ 97, 102]), 'role': '', 'semantic_type_id': '', 'text': 'fever', 'type': 'EVENT'}
 {'id': '8284', 'offsets': array([108, 116]), 'role': '', 'semantic_type_id': '', 'text': 'vomiting', 'type': 'EVENT'}
 {'id': '9370', 'offsets': array([57, 73]), 'role': '', 'semantic_type_id': 'C2979982', 'text': 'vaginal bleeding', 'type': 'CLINENTITY'}
 {'id': '9377', 'offsets': array([78, 84]), 'role': '', 'semantic_type_id': 'C0027497', 'text': 'nausea', 'type': 'CLINENTITY'}
 {'id': '9384', 'offsets': array([ 97, 102]), 'role': '', 'semantic_type_id': 'C0015967', 'text': 'fever', 'type': 'CLINENTITY'}
 {'id': '9391', 'offsets': array([108, 116]), 'role': '', 'semantic_type_id': 'C0042963', 'text': 'vomiting', 'type': 'CLINENTITY'}
 {'id': '9610', 'offsets': array([41, 52]), 'role': 'PATIENT', 'semantic_type_id': '', 'text': 'the patient', 'type': 'ACTOR'}]","It is the case of a 29 years old woman, G2P1001, married, at 9 weeks of pregnancy. She consulted at our emergency service for the exacerbation of a left pelvic pain that has been evolving for two weeks prior to admission. A transient lull was observed following a treatment with a progesteron (hydroxyprogesterone caproate) and an antispasmodic (tiemonium methylsulfate) in a community clinic. The resurgence of that lancinating and permanent pain irradiating to the loins and associated with slight vaginal bleeding prompted consultation. She had first menses at 14 and her menstrual cycle is regular with a length of 30 days. She has never practiced contraception. She has been adequately treated for acute pelvic inflammatory disease five years earlier. Her only child is a girl born vaginally seven years ago. Her blood group is B rhesus positive and she has never undergone surgery. She presented with sympathetic signs of pregnancy and the urinary pregnancy test was positive but echography was not yet done. On admission, besides the main complain, the patient had vaginal bleeding and nausea but neither fever, nor vomiting. On physical examination her general condition was good and the blood pressure was 110/70 millimeters of mercury, the respiratory rate: 20 cycles / minute; the pulse rate: 70 pulsations/minute and the temperature: 37.3 degree Celsius. The conjunctivae were pink and the tongue was clean and moist. There were no cervical adenopathies. The breast and cardiopulmonary examination revealed no abnormalities. The abdomen was flat, and mobile with respiration. On palpation there was just a tenderness of the left iliac fossa and the bowel sounds were normal on auscultation. Inspection under speculum revealed normal gravid external cervical os and there was no vaginal discharge. On digital exploration, the cervix was posterior long and closed, the uterus was globular, increased in size and compatible with an eight weeks pregnancy. The left adnexae presented with a tender, smooth and mobile mass of seven centimeters diameter but the right one were normal. The posterior cervico-vaginal fornix was neither tender nor bulging. We suspected a non ruptured extra-uterine pregnancy with the following differentials: heterotopic pregnancy, torsion of ovarian cyst in pregnancy, and intra-cystic ovarian bleeding in pregnancy. Paraclinical investigations revealed: beta human Chorionic Gonadotropin (β hCG) level of 96 702 milli International Units per milliliter of plasma (mIU/ml). Ultrasonography revealed a heterogenous left ovarian mass of 82 millimeters in diameter, an empty uterus and no peritoneal effusion. This comforted our first diagnosis. After a normal pre-operative work up, an emergency laparotomy was done under general anesthesia. The findings were: left ovary containing a gestational sac and the corpus luteum, normal right adnexae, normal left tube and normal uterus. There was no hemoperitoneum. We dissected the ovarian capsule and carried out ablation of the gestational sac, then we did hemostasis. The specimen was analysed by the pathologist who found decidual cells and trophoblastic tissue within the ovarian capsule and thus confirmed the ovarian pregnancy. Post operative course was uneventful and the patient was discharged six days after surgery. The ?hCG level decreased and disappeared 25 days after surgery.
",EN100068,"<|im_start|>user Extract the entities contained in the text. Extract only entities contained in the text.
Return the result in a json format: [{""entity"":""entity_name""}]. <<On admission, besides the main complain, the patient had vaginal bleeding and nausea but neither fever, nor vomiting.>>> <|im_end|><|im_start|>assistant[{""entity"": ""admission""}, {""entity"": ""complain""}, {""entity"": ""bleeding""}, {""entity"": ""nausea""}, {""entity"": ""fever""}, {""entity"": ""vomiting""}, {""entity"": ""vaginal bleeding""}, {""entity"": ""nausea""}, {""entity"": ""fever""}, {""entity"": ""vomiting""}, {""entity"": ""the patient""}] <|im_end|>","<|im_start|>user Extract the entities contained in the text. Extract only entities contained in the text.
Return the result in a json format: [{""entity"":""entity_name""}]. <<<We present a case of a 32-year-old woman with a history of gradual enlargement of the anterior neck.>>> <|im_end|><|im_start|>assistant [{""entity"": ""present""}, {""entity"": ""history""}, {""entity"": ""enlargement""}] <|im_end|>
<|im_start|>user Extract the entities contained in the text. Extract only entities contained in the text.
Return the result in a json format: [{""entity"":""entity_name""}]. <<<Patient information: a 9-month-old boy presented to the emergency room with a 3-day history of refusal to bear weight on the right lower extremity and febrile peaks of up to 38.5°C for 24 hours.>>> <|im_end|><|im_start|>assistant [{""entity"": ""presented""}, {""entity"": ""refusal""}, {""entity"": ""bear""}, {""entity"": ""peaks""}] <|im_end|>
<|im_start|>user Extract the entities contained in the text. Extract only entities contained in the text.
Return the result in a json format: [{""entity"":""entity_name""}]. <<On admission, besides the main complain, the patient had vaginal bleeding and nausea but neither fever, nor vomiting.>>> <|im_end|><|im_start|>assistant","[{""entity"": ""admission""}, {""entity"": ""complain""}, {""entity"": ""bleeding""}, {""entity"": ""nausea""}, {""entity"": ""fever""}, {""entity"": ""vomiting""}, {""entity"": ""vaginal bleeding""}, {""entity"": ""nausea""}, {""entity"": ""fever""}, {""entity"": ""vomiting""}, {""entity"": ""the patient""}] ","[{""entity"": ""admission""}, {""entity"": ""complain""}, {""entity"": ""bleeding""}, {""entity"": ""nause"
"On physical examination her general condition was good and the blood pressure was 110/70 millimeters of mercury, the respiratory rate: 20 cycles / minute; the pulse rate: 70 pulsations/minute and the temperature: 37.3 degree Celsius.","[{'id': '8299', 'offsets': array([12, 23]), 'role': '', 'semantic_type_id': '', 'text': 'examination', 'type': 'EVENT'}
 {'id': '8314', 'offsets': array([36, 45]), 'role': '', 'semantic_type_id': '', 'text': 'condition', 'type': 'EVENT'}
 {'id': '8329', 'offsets': array([50, 54]), 'role': '', 'semantic_type_id': '', 'text': 'good', 'type': 'EVENT'}
 {'id': '8344', 'offsets': array([69, 77]), 'role': '', 'semantic_type_id': '', 'text': 'pressure', 'type': 'EVENT'}
 {'id': '8359', 'offsets': array([129, 133]), 'role': '', 'semantic_type_id': '', 'text': 'rate', 'type': 'EVENT'}
 {'id': '8374', 'offsets': array([165, 169]), 'role': '', 'semantic_type_id': '', 'text': 'rate', 'type': 'EVENT'}
 {'id': '8389', 'offsets': array([200, 211]), 'role': '', 'semantic_type_id': '', 'text': 'temperature', 'type': 'EVENT'}
 {'id': '9410', 'offsets': array([63, 68]), 'role': '', 'semantic_type_id': '', 'text': 'blood', 'type': 'BODYPART'}
 {'id': '9644', 'offsets': array([ 82, 111]), 'role': '', 'semantic_type_id': '', 'text': '110/70 millimeters of mercury', 'type': 'RML'}
 {'id': '9650', 'offsets': array([135, 153]), 'role': '', 'semantic_type_id': '', 'text': '20 cycles / minute', 'type': 'RML'}
 {'id': '9656', 'offsets': array([171, 191]), 'role': '', 'semantic_type_id': '', 'text': '70 pulsations/minute', 'type': 'RML'}
 {'id': '9662', 'offsets': array([213, 232]), 'role': '', 'semantic_type_id': '', 'text': '37.3 degree Celsius', 'type': 'RML'}]","It is the case of a 29 years old woman, G2P1001, married, at 9 weeks of pregnancy. She consulted at our emergency service for the exacerbation of a left pelvic pain that has been evolving for two weeks prior to admission. A transient lull was observed following a treatment with a progesteron (hydroxyprogesterone caproate) and an antispasmodic (tiemonium methylsulfate) in a community clinic. The resurgence of that lancinating and permanent pain irradiating to the loins and associated with slight vaginal bleeding prompted consultation. She had first menses at 14 and her menstrual cycle is regular with a length of 30 days. She has never practiced contraception. She has been adequately treated for acute pelvic inflammatory disease five years earlier. Her only child is a girl born vaginally seven years ago. Her blood group is B rhesus positive and she has never undergone surgery. She presented with sympathetic signs of pregnancy and the urinary pregnancy test was positive but echography was not yet done. On admission, besides the main complain, the patient had vaginal bleeding and nausea but neither fever, nor vomiting. On physical examination her general condition was good and the blood pressure was 110/70 millimeters of mercury, the respiratory rate: 20 cycles / minute; the pulse rate: 70 pulsations/minute and the temperature: 37.3 degree Celsius. The conjunctivae were pink and the tongue was clean and moist. There were no cervical adenopathies. The breast and cardiopulmonary examination revealed no abnormalities. The abdomen was flat, and mobile with respiration. On palpation there was just a tenderness of the left iliac fossa and the bowel sounds were normal on auscultation. Inspection under speculum revealed normal gravid external cervical os and there was no vaginal discharge. On digital exploration, the cervix was posterior long and closed, the uterus was globular, increased in size and compatible with an eight weeks pregnancy. The left adnexae presented with a tender, smooth and mobile mass of seven centimeters diameter but the right one were normal. The posterior cervico-vaginal fornix was neither tender nor bulging. We suspected a non ruptured extra-uterine pregnancy with the following differentials: heterotopic pregnancy, torsion of ovarian cyst in pregnancy, and intra-cystic ovarian bleeding in pregnancy. Paraclinical investigations revealed: beta human Chorionic Gonadotropin (β hCG) level of 96 702 milli International Units per milliliter of plasma (mIU/ml). Ultrasonography revealed a heterogenous left ovarian mass of 82 millimeters in diameter, an empty uterus and no peritoneal effusion. This comforted our first diagnosis. After a normal pre-operative work up, an emergency laparotomy was done under general anesthesia. The findings were: left ovary containing a gestational sac and the corpus luteum, normal right adnexae, normal left tube and normal uterus. There was no hemoperitoneum. We dissected the ovarian capsule and carried out ablation of the gestational sac, then we did hemostasis. The specimen was analysed by the pathologist who found decidual cells and trophoblastic tissue within the ovarian capsule and thus confirmed the ovarian pregnancy. Post operative course was uneventful and the patient was discharged six days after surgery. The ?hCG level decreased and disappeared 25 days after surgery.
",EN100068,"<|im_start|>user Extract the entities contained in the text. Extract only entities contained in the text.
Return the result in a json format: [{""entity"":""entity_name""}]. <<On physical examination her general condition was good and the blood pressure was 110/70 millimeters of mercury, the respiratory rate: 20 cycles / minute; the pulse rate: 70 pulsations/minute and the temperature: 37.3 degree Celsius.>>> <|im_end|><|im_start|>assistant[{""entity"": ""examination""}, {""entity"": ""condition""}, {""entity"": ""good""}, {""entity"": ""pressure""}, {""entity"": ""rate""}, {""entity"": ""rate""}, {""entity"": ""temperature""}, {""entity"": ""blood""}, {""entity"": ""110/70 millimeters of mercury""}, {""entity"": ""20 cycles / minute""}, {""entity"": ""70 pulsations/minute""}, {""entity"": ""37.3 degree Celsius""}] <|im_end|>","<|im_start|>user Extract the entities contained in the text. Extract only entities contained in the text.
Return the result in a json format: [{""entity"":""entity_name""}]. <<<We present a case of a 32-year-old woman with a history of gradual enlargement of the anterior neck.>>> <|im_end|><|im_start|>assistant [{""entity"": ""present""}, {""entity"": ""history""}, {""entity"": ""enlargement""}] <|im_end|>
<|im_start|>user Extract the entities contained in the text. Extract only entities contained in the text.
Return the result in a json format: [{""entity"":""entity_name""}]. <<<Patient information: a 9-month-old boy presented to the emergency room with a 3-day history of refusal to bear weight on the right lower extremity and febrile peaks of up to 38.5°C for 24 hours.>>> <|im_end|><|im_start|>assistant [{""entity"": ""presented""}, {""entity"": ""refusal""}, {""entity"": ""bear""}, {""entity"": ""peaks""}] <|im_end|>
<|im_start|>user Extract the entities contained in the text. Extract only entities contained in the text.
Return the result in a json format: [{""entity"":""entity_name""}]. <<On physical examination her general condition was good and the blood pressure was 110/70 millimeters of mercury, the respiratory rate: 20 cycles / minute; the pulse rate: 70 pulsations/minute and the temperature: 37.3 degree Celsius.>>> <|im_end|><|im_start|>assistant","[{""entity"": ""examination""}, {""entity"": ""condition""}, {""entity"": ""good""}, {""entity"": ""pressure""}, {""entity"": ""rate""}, {""entity"": ""rate""}, {""entity"": ""temperature""}, {""entity"": ""blood""}, {""entity"": ""110/70 millimeters of mercury""}, {""entity"": ""20 cycles / minute""}, {""entity"": ""70 pulsations/minute""}, {""entity"": ""37.3 degree Celsius""}] ","[{""entity"": ""examination""}, {""entity"": ""condition""}, {""entity"": ""pressure""}, {""entity"": ""rate""}, {""entity"
"The abdomen was flat, and mobile with respiration.","[{'id': '8509', 'offsets': array([16, 20]), 'role': '', 'semantic_type_id': '', 'text': 'flat', 'type': 'EVENT'}
 {'id': '8524', 'offsets': array([26, 32]), 'role': '', 'semantic_type_id': '', 'text': 'mobile', 'type': 'EVENT'}
 {'id': '8539', 'offsets': array([38, 49]), 'role': '', 'semantic_type_id': '', 'text': 'respiration', 'type': 'EVENT'}
 {'id': '9434', 'offsets': array([ 0, 11]), 'role': '', 'semantic_type_id': '', 'text': 'The abdomen', 'type': 'BODYPART'}]","It is the case of a 29 years old woman, G2P1001, married, at 9 weeks of pregnancy. She consulted at our emergency service for the exacerbation of a left pelvic pain that has been evolving for two weeks prior to admission. A transient lull was observed following a treatment with a progesteron (hydroxyprogesterone caproate) and an antispasmodic (tiemonium methylsulfate) in a community clinic. The resurgence of that lancinating and permanent pain irradiating to the loins and associated with slight vaginal bleeding prompted consultation. She had first menses at 14 and her menstrual cycle is regular with a length of 30 days. She has never practiced contraception. She has been adequately treated for acute pelvic inflammatory disease five years earlier. Her only child is a girl born vaginally seven years ago. Her blood group is B rhesus positive and she has never undergone surgery. She presented with sympathetic signs of pregnancy and the urinary pregnancy test was positive but echography was not yet done. On admission, besides the main complain, the patient had vaginal bleeding and nausea but neither fever, nor vomiting. On physical examination her general condition was good and the blood pressure was 110/70 millimeters of mercury, the respiratory rate: 20 cycles / minute; the pulse rate: 70 pulsations/minute and the temperature: 37.3 degree Celsius. The conjunctivae were pink and the tongue was clean and moist. There were no cervical adenopathies. The breast and cardiopulmonary examination revealed no abnormalities. The abdomen was flat, and mobile with respiration. On palpation there was just a tenderness of the left iliac fossa and the bowel sounds were normal on auscultation. Inspection under speculum revealed normal gravid external cervical os and there was no vaginal discharge. On digital exploration, the cervix was posterior long and closed, the uterus was globular, increased in size and compatible with an eight weeks pregnancy. The left adnexae presented with a tender, smooth and mobile mass of seven centimeters diameter but the right one were normal. The posterior cervico-vaginal fornix was neither tender nor bulging. We suspected a non ruptured extra-uterine pregnancy with the following differentials: heterotopic pregnancy, torsion of ovarian cyst in pregnancy, and intra-cystic ovarian bleeding in pregnancy. Paraclinical investigations revealed: beta human Chorionic Gonadotropin (β hCG) level of 96 702 milli International Units per milliliter of plasma (mIU/ml). Ultrasonography revealed a heterogenous left ovarian mass of 82 millimeters in diameter, an empty uterus and no peritoneal effusion. This comforted our first diagnosis. After a normal pre-operative work up, an emergency laparotomy was done under general anesthesia. The findings were: left ovary containing a gestational sac and the corpus luteum, normal right adnexae, normal left tube and normal uterus. There was no hemoperitoneum. We dissected the ovarian capsule and carried out ablation of the gestational sac, then we did hemostasis. The specimen was analysed by the pathologist who found decidual cells and trophoblastic tissue within the ovarian capsule and thus confirmed the ovarian pregnancy. Post operative course was uneventful and the patient was discharged six days after surgery. The ?hCG level decreased and disappeared 25 days after surgery.
",EN100068,"<|im_start|>user Extract the entities contained in the text. Extract only entities contained in the text.
Return the result in a json format: [{""entity"":""entity_name""}]. <<The abdomen was flat, and mobile with respiration.>>> <|im_end|><|im_start|>assistant[{""entity"": ""flat""}, {""entity"": ""mobile""}, {""entity"": ""respiration""}, {""entity"": ""The abdomen""}] <|im_end|>","<|im_start|>user Extract the entities contained in the text. Extract only entities contained in the text.
Return the result in a json format: [{""entity"":""entity_name""}]. <<<We present a case of a 32-year-old woman with a history of gradual enlargement of the anterior neck.>>> <|im_end|><|im_start|>assistant [{""entity"": ""present""}, {""entity"": ""history""}, {""entity"": ""enlargement""}] <|im_end|>
<|im_start|>user Extract the entities contained in the text. Extract only entities contained in the text.
Return the result in a json format: [{""entity"":""entity_name""}]. <<<Patient information: a 9-month-old boy presented to the emergency room with a 3-day history of refusal to bear weight on the right lower extremity and febrile peaks of up to 38.5°C for 24 hours.>>> <|im_end|><|im_start|>assistant [{""entity"": ""presented""}, {""entity"": ""refusal""}, {""entity"": ""bear""}, {""entity"": ""peaks""}] <|im_end|>
<|im_start|>user Extract the entities contained in the text. Extract only entities contained in the text.
Return the result in a json format: [{""entity"":""entity_name""}]. <<The abdomen was flat, and mobile with respiration.>>> <|im_end|><|im_start|>assistant","[{""entity"": ""flat""}, {""entity"": ""mobile""}, {""entity"": ""respiration""}, {""entity"": ""The abdomen""}] ","[{""entity"": ""flat""}, {""entity"": ""mobile""}, {""entity"": ""respiration""}, {""entity"": ""The abdomen""}]"
On palpation there was just a tenderness of the left iliac fossa and the bowel sounds were normal on auscultation.,"[{'id': '8554', 'offsets': array([ 3, 12]), 'role': '', 'semantic_type_id': '', 'text': 'palpation', 'type': 'EVENT'}
 {'id': '8569', 'offsets': array([30, 40]), 'role': '', 'semantic_type_id': '', 'text': 'tenderness', 'type': 'EVENT'}
 {'id': '8584', 'offsets': array([79, 85]), 'role': '', 'semantic_type_id': '', 'text': 'sounds', 'type': 'EVENT'}
 {'id': '8599', 'offsets': array([91, 97]), 'role': '', 'semantic_type_id': '', 'text': 'normal', 'type': 'EVENT'}
 {'id': '8614', 'offsets': array([101, 113]), 'role': '', 'semantic_type_id': '', 'text': 'auscultation', 'type': 'EVENT'}
 {'id': '9440', 'offsets': array([44, 64]), 'role': '', 'semantic_type_id': '', 'text': 'the left iliac fossa', 'type': 'BODYPART'}
 {'id': '9446', 'offsets': array([73, 78]), 'role': '', 'semantic_type_id': '', 'text': 'bowel', 'type': 'BODYPART'}]","It is the case of a 29 years old woman, G2P1001, married, at 9 weeks of pregnancy. She consulted at our emergency service for the exacerbation of a left pelvic pain that has been evolving for two weeks prior to admission. A transient lull was observed following a treatment with a progesteron (hydroxyprogesterone caproate) and an antispasmodic (tiemonium methylsulfate) in a community clinic. The resurgence of that lancinating and permanent pain irradiating to the loins and associated with slight vaginal bleeding prompted consultation. She had first menses at 14 and her menstrual cycle is regular with a length of 30 days. She has never practiced contraception. She has been adequately treated for acute pelvic inflammatory disease five years earlier. Her only child is a girl born vaginally seven years ago. Her blood group is B rhesus positive and she has never undergone surgery. She presented with sympathetic signs of pregnancy and the urinary pregnancy test was positive but echography was not yet done. On admission, besides the main complain, the patient had vaginal bleeding and nausea but neither fever, nor vomiting. On physical examination her general condition was good and the blood pressure was 110/70 millimeters of mercury, the respiratory rate: 20 cycles / minute; the pulse rate: 70 pulsations/minute and the temperature: 37.3 degree Celsius. The conjunctivae were pink and the tongue was clean and moist. There were no cervical adenopathies. The breast and cardiopulmonary examination revealed no abnormalities. The abdomen was flat, and mobile with respiration. On palpation there was just a tenderness of the left iliac fossa and the bowel sounds were normal on auscultation. Inspection under speculum revealed normal gravid external cervical os and there was no vaginal discharge. On digital exploration, the cervix was posterior long and closed, the uterus was globular, increased in size and compatible with an eight weeks pregnancy. The left adnexae presented with a tender, smooth and mobile mass of seven centimeters diameter but the right one were normal. The posterior cervico-vaginal fornix was neither tender nor bulging. We suspected a non ruptured extra-uterine pregnancy with the following differentials: heterotopic pregnancy, torsion of ovarian cyst in pregnancy, and intra-cystic ovarian bleeding in pregnancy. Paraclinical investigations revealed: beta human Chorionic Gonadotropin (β hCG) level of 96 702 milli International Units per milliliter of plasma (mIU/ml). Ultrasonography revealed a heterogenous left ovarian mass of 82 millimeters in diameter, an empty uterus and no peritoneal effusion. This comforted our first diagnosis. After a normal pre-operative work up, an emergency laparotomy was done under general anesthesia. The findings were: left ovary containing a gestational sac and the corpus luteum, normal right adnexae, normal left tube and normal uterus. There was no hemoperitoneum. We dissected the ovarian capsule and carried out ablation of the gestational sac, then we did hemostasis. The specimen was analysed by the pathologist who found decidual cells and trophoblastic tissue within the ovarian capsule and thus confirmed the ovarian pregnancy. Post operative course was uneventful and the patient was discharged six days after surgery. The ?hCG level decreased and disappeared 25 days after surgery.
",EN100068,"<|im_start|>user Extract the entities contained in the text. Extract only entities contained in the text.
Return the result in a json format: [{""entity"":""entity_name""}]. <<On palpation there was just a tenderness of the left iliac fossa and the bowel sounds were normal on auscultation.>>> <|im_end|><|im_start|>assistant[{""entity"": ""palpation""}, {""entity"": ""tenderness""}, {""entity"": ""sounds""}, {""entity"": ""normal""}, {""entity"": ""auscultation""}, {""entity"": ""the left iliac fossa""}, {""entity"": ""bowel""}] <|im_end|>","<|im_start|>user Extract the entities contained in the text. Extract only entities contained in the text.
Return the result in a json format: [{""entity"":""entity_name""}]. <<<We present a case of a 32-year-old woman with a history of gradual enlargement of the anterior neck.>>> <|im_end|><|im_start|>assistant [{""entity"": ""present""}, {""entity"": ""history""}, {""entity"": ""enlargement""}] <|im_end|>
<|im_start|>user Extract the entities contained in the text. Extract only entities contained in the text.
Return the result in a json format: [{""entity"":""entity_name""}]. <<<Patient information: a 9-month-old boy presented to the emergency room with a 3-day history of refusal to bear weight on the right lower extremity and febrile peaks of up to 38.5°C for 24 hours.>>> <|im_end|><|im_start|>assistant [{""entity"": ""presented""}, {""entity"": ""refusal""}, {""entity"": ""bear""}, {""entity"": ""peaks""}] <|im_end|>
<|im_start|>user Extract the entities contained in the text. Extract only entities contained in the text.
Return the result in a json format: [{""entity"":""entity_name""}]. <<On palpation there was just a tenderness of the left iliac fossa and the bowel sounds were normal on auscultation.>>> <|im_end|><|im_start|>assistant","[{""entity"": ""palpation""}, {""entity"": ""tenderness""}, {""entity"": ""sounds""}, {""entity"": ""normal""}, {""entity"": ""auscultation""}, {""entity"": ""the left iliac fossa""}, {""entity"": ""bowel""}] ","[{""entity"": ""palpation""}, {""entity"": ""tenderness""}, {""entity"": ""sound""}, {""entity"": ""aus"
Inspection under speculum revealed normal gravid external cervical os and there was no vaginal discharge.,"[{'id': '8629', 'offsets': array([ 0, 10]), 'role': '', 'semantic_type_id': '', 'text': 'Inspection', 'type': 'EVENT'}
 {'id': '8644', 'offsets': array([26, 34]), 'role': '', 'semantic_type_id': '', 'text': 'revealed', 'type': 'EVENT'}
 {'id': '8659', 'offsets': array([ 95, 104]), 'role': '', 'semantic_type_id': '', 'text': 'discharge', 'type': 'EVENT'}
 {'id': '9452', 'offsets': array([35, 69]), 'role': '', 'semantic_type_id': '', 'text': 'normal gravid external cervical os', 'type': 'BODYPART'}]","It is the case of a 29 years old woman, G2P1001, married, at 9 weeks of pregnancy. She consulted at our emergency service for the exacerbation of a left pelvic pain that has been evolving for two weeks prior to admission. A transient lull was observed following a treatment with a progesteron (hydroxyprogesterone caproate) and an antispasmodic (tiemonium methylsulfate) in a community clinic. The resurgence of that lancinating and permanent pain irradiating to the loins and associated with slight vaginal bleeding prompted consultation. She had first menses at 14 and her menstrual cycle is regular with a length of 30 days. She has never practiced contraception. She has been adequately treated for acute pelvic inflammatory disease five years earlier. Her only child is a girl born vaginally seven years ago. Her blood group is B rhesus positive and she has never undergone surgery. She presented with sympathetic signs of pregnancy and the urinary pregnancy test was positive but echography was not yet done. On admission, besides the main complain, the patient had vaginal bleeding and nausea but neither fever, nor vomiting. On physical examination her general condition was good and the blood pressure was 110/70 millimeters of mercury, the respiratory rate: 20 cycles / minute; the pulse rate: 70 pulsations/minute and the temperature: 37.3 degree Celsius. The conjunctivae were pink and the tongue was clean and moist. There were no cervical adenopathies. The breast and cardiopulmonary examination revealed no abnormalities. The abdomen was flat, and mobile with respiration. On palpation there was just a tenderness of the left iliac fossa and the bowel sounds were normal on auscultation. Inspection under speculum revealed normal gravid external cervical os and there was no vaginal discharge. On digital exploration, the cervix was posterior long and closed, the uterus was globular, increased in size and compatible with an eight weeks pregnancy. The left adnexae presented with a tender, smooth and mobile mass of seven centimeters diameter but the right one were normal. The posterior cervico-vaginal fornix was neither tender nor bulging. We suspected a non ruptured extra-uterine pregnancy with the following differentials: heterotopic pregnancy, torsion of ovarian cyst in pregnancy, and intra-cystic ovarian bleeding in pregnancy. Paraclinical investigations revealed: beta human Chorionic Gonadotropin (β hCG) level of 96 702 milli International Units per milliliter of plasma (mIU/ml). Ultrasonography revealed a heterogenous left ovarian mass of 82 millimeters in diameter, an empty uterus and no peritoneal effusion. This comforted our first diagnosis. After a normal pre-operative work up, an emergency laparotomy was done under general anesthesia. The findings were: left ovary containing a gestational sac and the corpus luteum, normal right adnexae, normal left tube and normal uterus. There was no hemoperitoneum. We dissected the ovarian capsule and carried out ablation of the gestational sac, then we did hemostasis. The specimen was analysed by the pathologist who found decidual cells and trophoblastic tissue within the ovarian capsule and thus confirmed the ovarian pregnancy. Post operative course was uneventful and the patient was discharged six days after surgery. The ?hCG level decreased and disappeared 25 days after surgery.
",EN100068,"<|im_start|>user Extract the entities contained in the text. Extract only entities contained in the text.
Return the result in a json format: [{""entity"":""entity_name""}]. <<Inspection under speculum revealed normal gravid external cervical os and there was no vaginal discharge.>>> <|im_end|><|im_start|>assistant[{""entity"": ""Inspection""}, {""entity"": ""revealed""}, {""entity"": ""discharge""}, {""entity"": ""normal gravid external cervical os""}] <|im_end|>","<|im_start|>user Extract the entities contained in the text. Extract only entities contained in the text.
Return the result in a json format: [{""entity"":""entity_name""}]. <<<We present a case of a 32-year-old woman with a history of gradual enlargement of the anterior neck.>>> <|im_end|><|im_start|>assistant [{""entity"": ""present""}, {""entity"": ""history""}, {""entity"": ""enlargement""}] <|im_end|>
<|im_start|>user Extract the entities contained in the text. Extract only entities contained in the text.
Return the result in a json format: [{""entity"":""entity_name""}]. <<<Patient information: a 9-month-old boy presented to the emergency room with a 3-day history of refusal to bear weight on the right lower extremity and febrile peaks of up to 38.5°C for 24 hours.>>> <|im_end|><|im_start|>assistant [{""entity"": ""presented""}, {""entity"": ""refusal""}, {""entity"": ""bear""}, {""entity"": ""peaks""}] <|im_end|>
<|im_start|>user Extract the entities contained in the text. Extract only entities contained in the text.
Return the result in a json format: [{""entity"":""entity_name""}]. <<Inspection under speculum revealed normal gravid external cervical os and there was no vaginal discharge.>>> <|im_end|><|im_start|>assistant","[{""entity"": ""Inspection""}, {""entity"": ""revealed""}, {""entity"": ""discharge""}, {""entity"": ""normal gravid external cervical os""}] ","[{""entity"": ""Inspection""}, {""entity"": ""revealed""}, {""entity"": ""os""}, {""entity"": ""discharge""},"
"On digital exploration, the cervix was posterior long and closed, the uterus was globular, increased in size and compatible with an eight weeks pregnancy.","[{'id': '8674', 'offsets': array([11, 22]), 'role': '', 'semantic_type_id': '', 'text': 'exploration', 'type': 'EVENT'}
 {'id': '8689', 'offsets': array([39, 48]), 'role': '', 'semantic_type_id': '', 'text': 'posterior', 'type': 'EVENT'}
 {'id': '8704', 'offsets': array([49, 53]), 'role': '', 'semantic_type_id': '', 'text': 'long', 'type': 'EVENT'}
 {'id': '8719', 'offsets': array([58, 64]), 'role': '', 'semantic_type_id': '', 'text': 'closed', 'type': 'EVENT'}
 {'id': '8734', 'offsets': array([81, 89]), 'role': '', 'semantic_type_id': '', 'text': 'globular', 'type': 'EVENT'}
 {'id': '8749', 'offsets': array([ 91, 100]), 'role': '', 'semantic_type_id': '', 'text': 'increased', 'type': 'EVENT'}
 {'id': '8764', 'offsets': array([113, 123]), 'role': '', 'semantic_type_id': '', 'text': 'compatible', 'type': 'EVENT'}
 {'id': '8779', 'offsets': array([144, 153]), 'role': '', 'semantic_type_id': '', 'text': 'pregnancy', 'type': 'EVENT'}
 {'id': '9458', 'offsets': array([24, 34]), 'role': '', 'semantic_type_id': '', 'text': 'the cervix', 'type': 'BODYPART'}
 {'id': '9464', 'offsets': array([66, 76]), 'role': '', 'semantic_type_id': '', 'text': 'the uterus', 'type': 'BODYPART'}
 {'id': '9731', 'offsets': array([132, 143]), 'role': '', 'semantic_type_id': '', 'text': 'eight weeks', 'type': 'TIMEX3'}]","It is the case of a 29 years old woman, G2P1001, married, at 9 weeks of pregnancy. She consulted at our emergency service for the exacerbation of a left pelvic pain that has been evolving for two weeks prior to admission. A transient lull was observed following a treatment with a progesteron (hydroxyprogesterone caproate) and an antispasmodic (tiemonium methylsulfate) in a community clinic. The resurgence of that lancinating and permanent pain irradiating to the loins and associated with slight vaginal bleeding prompted consultation. She had first menses at 14 and her menstrual cycle is regular with a length of 30 days. She has never practiced contraception. She has been adequately treated for acute pelvic inflammatory disease five years earlier. Her only child is a girl born vaginally seven years ago. Her blood group is B rhesus positive and she has never undergone surgery. She presented with sympathetic signs of pregnancy and the urinary pregnancy test was positive but echography was not yet done. On admission, besides the main complain, the patient had vaginal bleeding and nausea but neither fever, nor vomiting. On physical examination her general condition was good and the blood pressure was 110/70 millimeters of mercury, the respiratory rate: 20 cycles / minute; the pulse rate: 70 pulsations/minute and the temperature: 37.3 degree Celsius. The conjunctivae were pink and the tongue was clean and moist. There were no cervical adenopathies. The breast and cardiopulmonary examination revealed no abnormalities. The abdomen was flat, and mobile with respiration. On palpation there was just a tenderness of the left iliac fossa and the bowel sounds were normal on auscultation. Inspection under speculum revealed normal gravid external cervical os and there was no vaginal discharge. On digital exploration, the cervix was posterior long and closed, the uterus was globular, increased in size and compatible with an eight weeks pregnancy. The left adnexae presented with a tender, smooth and mobile mass of seven centimeters diameter but the right one were normal. The posterior cervico-vaginal fornix was neither tender nor bulging. We suspected a non ruptured extra-uterine pregnancy with the following differentials: heterotopic pregnancy, torsion of ovarian cyst in pregnancy, and intra-cystic ovarian bleeding in pregnancy. Paraclinical investigations revealed: beta human Chorionic Gonadotropin (β hCG) level of 96 702 milli International Units per milliliter of plasma (mIU/ml). Ultrasonography revealed a heterogenous left ovarian mass of 82 millimeters in diameter, an empty uterus and no peritoneal effusion. This comforted our first diagnosis. After a normal pre-operative work up, an emergency laparotomy was done under general anesthesia. The findings were: left ovary containing a gestational sac and the corpus luteum, normal right adnexae, normal left tube and normal uterus. There was no hemoperitoneum. We dissected the ovarian capsule and carried out ablation of the gestational sac, then we did hemostasis. The specimen was analysed by the pathologist who found decidual cells and trophoblastic tissue within the ovarian capsule and thus confirmed the ovarian pregnancy. Post operative course was uneventful and the patient was discharged six days after surgery. The ?hCG level decreased and disappeared 25 days after surgery.
",EN100068,"<|im_start|>user Extract the entities contained in the text. Extract only entities contained in the text.
Return the result in a json format: [{""entity"":""entity_name""}]. <<On digital exploration, the cervix was posterior long and closed, the uterus was globular, increased in size and compatible with an eight weeks pregnancy.>>> <|im_end|><|im_start|>assistant[{""entity"": ""exploration""}, {""entity"": ""posterior""}, {""entity"": ""long""}, {""entity"": ""closed""}, {""entity"": ""globular""}, {""entity"": ""increased""}, {""entity"": ""compatible""}, {""entity"": ""pregnancy""}, {""entity"": ""the cervix""}, {""entity"": ""the uterus""}, {""entity"": ""eight weeks""}] <|im_end|>","<|im_start|>user Extract the entities contained in the text. Extract only entities contained in the text.
Return the result in a json format: [{""entity"":""entity_name""}]. <<<We present a case of a 32-year-old woman with a history of gradual enlargement of the anterior neck.>>> <|im_end|><|im_start|>assistant [{""entity"": ""present""}, {""entity"": ""history""}, {""entity"": ""enlargement""}] <|im_end|>
<|im_start|>user Extract the entities contained in the text. Extract only entities contained in the text.
Return the result in a json format: [{""entity"":""entity_name""}]. <<<Patient information: a 9-month-old boy presented to the emergency room with a 3-day history of refusal to bear weight on the right lower extremity and febrile peaks of up to 38.5°C for 24 hours.>>> <|im_end|><|im_start|>assistant [{""entity"": ""presented""}, {""entity"": ""refusal""}, {""entity"": ""bear""}, {""entity"": ""peaks""}] <|im_end|>
<|im_start|>user Extract the entities contained in the text. Extract only entities contained in the text.
Return the result in a json format: [{""entity"":""entity_name""}]. <<On digital exploration, the cervix was posterior long and closed, the uterus was globular, increased in size and compatible with an eight weeks pregnancy.>>> <|im_end|><|im_start|>assistant","[{""entity"": ""exploration""}, {""entity"": ""posterior""}, {""entity"": ""long""}, {""entity"": ""closed""}, {""entity"": ""globular""}, {""entity"": ""increased""}, {""entity"": ""compatible""}, {""entity"": ""pregnancy""}, {""entity"": ""the cervix""}, {""entity"": ""the uterus""}, {""entity"": ""eight weeks""}] ","[{""entity"": ""exploration""}, {""entity"": ""posterior long and closed""}, {""entity"": ""uterus""}, {""entity"":"
"The left adnexae presented with a tender, smooth and mobile mass of seven centimeters diameter but the right one were normal.","[{'id': '8794', 'offsets': array([60, 64]), 'role': '', 'semantic_type_id': '', 'text': 'mass', 'type': 'EVENT'}
 {'id': '8809', 'offsets': array([118, 124]), 'role': '', 'semantic_type_id': '', 'text': 'normal', 'type': 'EVENT'}
 {'id': '9470', 'offsets': array([ 0, 16]), 'role': '', 'semantic_type_id': '', 'text': 'The left adnexae', 'type': 'BODYPART'}
 {'id': '9668', 'offsets': array([68, 85]), 'role': '', 'semantic_type_id': '', 'text': 'seven centimeters', 'type': 'RML'}]","It is the case of a 29 years old woman, G2P1001, married, at 9 weeks of pregnancy. She consulted at our emergency service for the exacerbation of a left pelvic pain that has been evolving for two weeks prior to admission. A transient lull was observed following a treatment with a progesteron (hydroxyprogesterone caproate) and an antispasmodic (tiemonium methylsulfate) in a community clinic. The resurgence of that lancinating and permanent pain irradiating to the loins and associated with slight vaginal bleeding prompted consultation. She had first menses at 14 and her menstrual cycle is regular with a length of 30 days. She has never practiced contraception. She has been adequately treated for acute pelvic inflammatory disease five years earlier. Her only child is a girl born vaginally seven years ago. Her blood group is B rhesus positive and she has never undergone surgery. She presented with sympathetic signs of pregnancy and the urinary pregnancy test was positive but echography was not yet done. On admission, besides the main complain, the patient had vaginal bleeding and nausea but neither fever, nor vomiting. On physical examination her general condition was good and the blood pressure was 110/70 millimeters of mercury, the respiratory rate: 20 cycles / minute; the pulse rate: 70 pulsations/minute and the temperature: 37.3 degree Celsius. The conjunctivae were pink and the tongue was clean and moist. There were no cervical adenopathies. The breast and cardiopulmonary examination revealed no abnormalities. The abdomen was flat, and mobile with respiration. On palpation there was just a tenderness of the left iliac fossa and the bowel sounds were normal on auscultation. Inspection under speculum revealed normal gravid external cervical os and there was no vaginal discharge. On digital exploration, the cervix was posterior long and closed, the uterus was globular, increased in size and compatible with an eight weeks pregnancy. The left adnexae presented with a tender, smooth and mobile mass of seven centimeters diameter but the right one were normal. The posterior cervico-vaginal fornix was neither tender nor bulging. We suspected a non ruptured extra-uterine pregnancy with the following differentials: heterotopic pregnancy, torsion of ovarian cyst in pregnancy, and intra-cystic ovarian bleeding in pregnancy. Paraclinical investigations revealed: beta human Chorionic Gonadotropin (β hCG) level of 96 702 milli International Units per milliliter of plasma (mIU/ml). Ultrasonography revealed a heterogenous left ovarian mass of 82 millimeters in diameter, an empty uterus and no peritoneal effusion. This comforted our first diagnosis. After a normal pre-operative work up, an emergency laparotomy was done under general anesthesia. The findings were: left ovary containing a gestational sac and the corpus luteum, normal right adnexae, normal left tube and normal uterus. There was no hemoperitoneum. We dissected the ovarian capsule and carried out ablation of the gestational sac, then we did hemostasis. The specimen was analysed by the pathologist who found decidual cells and trophoblastic tissue within the ovarian capsule and thus confirmed the ovarian pregnancy. Post operative course was uneventful and the patient was discharged six days after surgery. The ?hCG level decreased and disappeared 25 days after surgery.
",EN100068,"<|im_start|>user Extract the entities contained in the text. Extract only entities contained in the text.
Return the result in a json format: [{""entity"":""entity_name""}]. <<The left adnexae presented with a tender, smooth and mobile mass of seven centimeters diameter but the right one were normal.>>> <|im_end|><|im_start|>assistant[{""entity"": ""mass""}, {""entity"": ""normal""}, {""entity"": ""The left adnexae""}, {""entity"": ""seven centimeters""}] <|im_end|>","<|im_start|>user Extract the entities contained in the text. Extract only entities contained in the text.
Return the result in a json format: [{""entity"":""entity_name""}]. <<<We present a case of a 32-year-old woman with a history of gradual enlargement of the anterior neck.>>> <|im_end|><|im_start|>assistant [{""entity"": ""present""}, {""entity"": ""history""}, {""entity"": ""enlargement""}] <|im_end|>
<|im_start|>user Extract the entities contained in the text. Extract only entities contained in the text.
Return the result in a json format: [{""entity"":""entity_name""}]. <<<Patient information: a 9-month-old boy presented to the emergency room with a 3-day history of refusal to bear weight on the right lower extremity and febrile peaks of up to 38.5°C for 24 hours.>>> <|im_end|><|im_start|>assistant [{""entity"": ""presented""}, {""entity"": ""refusal""}, {""entity"": ""bear""}, {""entity"": ""peaks""}] <|im_end|>
<|im_start|>user Extract the entities contained in the text. Extract only entities contained in the text.
Return the result in a json format: [{""entity"":""entity_name""}]. <<The left adnexae presented with a tender, smooth and mobile mass of seven centimeters diameter but the right one were normal.>>> <|im_end|><|im_start|>assistant","[{""entity"": ""mass""}, {""entity"": ""normal""}, {""entity"": ""The left adnexae""}, {""entity"": ""seven centimeters""}] ","[{""entity"": ""adnexae""}, {""entity"": ""smooth""}, {""entity"": ""mass""}, {""entity"": ""diameter""},"
The posterior cervico-vaginal fornix was neither tender nor bulging.,"[{'id': '8824', 'offsets': array([49, 55]), 'role': '', 'semantic_type_id': '', 'text': 'tender', 'type': 'EVENT'}
 {'id': '8839', 'offsets': array([60, 67]), 'role': '', 'semantic_type_id': '', 'text': 'bulging', 'type': 'EVENT'}
 {'id': '9476', 'offsets': array([ 0, 36]), 'role': '', 'semantic_type_id': '', 'text': 'The posterior cervico-vaginal fornix', 'type': 'BODYPART'}]","It is the case of a 29 years old woman, G2P1001, married, at 9 weeks of pregnancy. She consulted at our emergency service for the exacerbation of a left pelvic pain that has been evolving for two weeks prior to admission. A transient lull was observed following a treatment with a progesteron (hydroxyprogesterone caproate) and an antispasmodic (tiemonium methylsulfate) in a community clinic. The resurgence of that lancinating and permanent pain irradiating to the loins and associated with slight vaginal bleeding prompted consultation. She had first menses at 14 and her menstrual cycle is regular with a length of 30 days. She has never practiced contraception. She has been adequately treated for acute pelvic inflammatory disease five years earlier. Her only child is a girl born vaginally seven years ago. Her blood group is B rhesus positive and she has never undergone surgery. She presented with sympathetic signs of pregnancy and the urinary pregnancy test was positive but echography was not yet done. On admission, besides the main complain, the patient had vaginal bleeding and nausea but neither fever, nor vomiting. On physical examination her general condition was good and the blood pressure was 110/70 millimeters of mercury, the respiratory rate: 20 cycles / minute; the pulse rate: 70 pulsations/minute and the temperature: 37.3 degree Celsius. The conjunctivae were pink and the tongue was clean and moist. There were no cervical adenopathies. The breast and cardiopulmonary examination revealed no abnormalities. The abdomen was flat, and mobile with respiration. On palpation there was just a tenderness of the left iliac fossa and the bowel sounds were normal on auscultation. Inspection under speculum revealed normal gravid external cervical os and there was no vaginal discharge. On digital exploration, the cervix was posterior long and closed, the uterus was globular, increased in size and compatible with an eight weeks pregnancy. The left adnexae presented with a tender, smooth and mobile mass of seven centimeters diameter but the right one were normal. The posterior cervico-vaginal fornix was neither tender nor bulging. We suspected a non ruptured extra-uterine pregnancy with the following differentials: heterotopic pregnancy, torsion of ovarian cyst in pregnancy, and intra-cystic ovarian bleeding in pregnancy. Paraclinical investigations revealed: beta human Chorionic Gonadotropin (β hCG) level of 96 702 milli International Units per milliliter of plasma (mIU/ml). Ultrasonography revealed a heterogenous left ovarian mass of 82 millimeters in diameter, an empty uterus and no peritoneal effusion. This comforted our first diagnosis. After a normal pre-operative work up, an emergency laparotomy was done under general anesthesia. The findings were: left ovary containing a gestational sac and the corpus luteum, normal right adnexae, normal left tube and normal uterus. There was no hemoperitoneum. We dissected the ovarian capsule and carried out ablation of the gestational sac, then we did hemostasis. The specimen was analysed by the pathologist who found decidual cells and trophoblastic tissue within the ovarian capsule and thus confirmed the ovarian pregnancy. Post operative course was uneventful and the patient was discharged six days after surgery. The ?hCG level decreased and disappeared 25 days after surgery.
",EN100068,"<|im_start|>user Extract the entities contained in the text. Extract only entities contained in the text.
Return the result in a json format: [{""entity"":""entity_name""}]. <<The posterior cervico-vaginal fornix was neither tender nor bulging.>>> <|im_end|><|im_start|>assistant[{""entity"": ""tender""}, {""entity"": ""bulging""}, {""entity"": ""The posterior cervico-vaginal fornix""}] <|im_end|>","<|im_start|>user Extract the entities contained in the text. Extract only entities contained in the text.
Return the result in a json format: [{""entity"":""entity_name""}]. <<<We present a case of a 32-year-old woman with a history of gradual enlargement of the anterior neck.>>> <|im_end|><|im_start|>assistant [{""entity"": ""present""}, {""entity"": ""history""}, {""entity"": ""enlargement""}] <|im_end|>
<|im_start|>user Extract the entities contained in the text. Extract only entities contained in the text.
Return the result in a json format: [{""entity"":""entity_name""}]. <<<Patient information: a 9-month-old boy presented to the emergency room with a 3-day history of refusal to bear weight on the right lower extremity and febrile peaks of up to 38.5°C for 24 hours.>>> <|im_end|><|im_start|>assistant [{""entity"": ""presented""}, {""entity"": ""refusal""}, {""entity"": ""bear""}, {""entity"": ""peaks""}] <|im_end|>
<|im_start|>user Extract the entities contained in the text. Extract only entities contained in the text.
Return the result in a json format: [{""entity"":""entity_name""}]. <<The posterior cervico-vaginal fornix was neither tender nor bulging.>>> <|im_end|><|im_start|>assistant","[{""entity"": ""tender""}, {""entity"": ""bulging""}, {""entity"": ""The posterior cervico-vaginal fornix""}] ","[{""entity"": ""tender""}, {""entity"": ""bulging""}, {""entity"": ""The posterior cervico-vaginal fornix"
Paraclinical investigations revealed: beta human Chorionic Gonadotropin (β hCG) level of 96 702 milli International Units per milliliter of plasma (mIU/ml).,"[{'id': '8929', 'offsets': array([13, 27]), 'role': '', 'semantic_type_id': '', 'text': 'investigations', 'type': 'EVENT'}
 {'id': '8944', 'offsets': array([28, 36]), 'role': '', 'semantic_type_id': '', 'text': 'revealed', 'type': 'EVENT'}
 {'id': '8959', 'offsets': array([80, 85]), 'role': '', 'semantic_type_id': '', 'text': 'level', 'type': 'EVENT'}
 {'id': '9674', 'offsets': array([ 89, 146]), 'role': '', 'semantic_type_id': '', 'text': '96 702 milli International Units per milliliter of plasma', 'type': 'RML'}]","It is the case of a 29 years old woman, G2P1001, married, at 9 weeks of pregnancy. She consulted at our emergency service for the exacerbation of a left pelvic pain that has been evolving for two weeks prior to admission. A transient lull was observed following a treatment with a progesteron (hydroxyprogesterone caproate) and an antispasmodic (tiemonium methylsulfate) in a community clinic. The resurgence of that lancinating and permanent pain irradiating to the loins and associated with slight vaginal bleeding prompted consultation. She had first menses at 14 and her menstrual cycle is regular with a length of 30 days. She has never practiced contraception. She has been adequately treated for acute pelvic inflammatory disease five years earlier. Her only child is a girl born vaginally seven years ago. Her blood group is B rhesus positive and she has never undergone surgery. She presented with sympathetic signs of pregnancy and the urinary pregnancy test was positive but echography was not yet done. On admission, besides the main complain, the patient had vaginal bleeding and nausea but neither fever, nor vomiting. On physical examination her general condition was good and the blood pressure was 110/70 millimeters of mercury, the respiratory rate: 20 cycles / minute; the pulse rate: 70 pulsations/minute and the temperature: 37.3 degree Celsius. The conjunctivae were pink and the tongue was clean and moist. There were no cervical adenopathies. The breast and cardiopulmonary examination revealed no abnormalities. The abdomen was flat, and mobile with respiration. On palpation there was just a tenderness of the left iliac fossa and the bowel sounds were normal on auscultation. Inspection under speculum revealed normal gravid external cervical os and there was no vaginal discharge. On digital exploration, the cervix was posterior long and closed, the uterus was globular, increased in size and compatible with an eight weeks pregnancy. The left adnexae presented with a tender, smooth and mobile mass of seven centimeters diameter but the right one were normal. The posterior cervico-vaginal fornix was neither tender nor bulging. We suspected a non ruptured extra-uterine pregnancy with the following differentials: heterotopic pregnancy, torsion of ovarian cyst in pregnancy, and intra-cystic ovarian bleeding in pregnancy. Paraclinical investigations revealed: beta human Chorionic Gonadotropin (β hCG) level of 96 702 milli International Units per milliliter of plasma (mIU/ml). Ultrasonography revealed a heterogenous left ovarian mass of 82 millimeters in diameter, an empty uterus and no peritoneal effusion. This comforted our first diagnosis. After a normal pre-operative work up, an emergency laparotomy was done under general anesthesia. The findings were: left ovary containing a gestational sac and the corpus luteum, normal right adnexae, normal left tube and normal uterus. There was no hemoperitoneum. We dissected the ovarian capsule and carried out ablation of the gestational sac, then we did hemostasis. The specimen was analysed by the pathologist who found decidual cells and trophoblastic tissue within the ovarian capsule and thus confirmed the ovarian pregnancy. Post operative course was uneventful and the patient was discharged six days after surgery. The ?hCG level decreased and disappeared 25 days after surgery.
",EN100068,"<|im_start|>user Extract the entities contained in the text. Extract only entities contained in the text.
Return the result in a json format: [{""entity"":""entity_name""}]. <<Paraclinical investigations revealed: beta human Chorionic Gonadotropin (β hCG) level of 96 702 milli International Units per milliliter of plasma (mIU/ml).>>> <|im_end|><|im_start|>assistant[{""entity"": ""investigations""}, {""entity"": ""revealed""}, {""entity"": ""level""}, {""entity"": ""96 702 milli International Units per milliliter of plasma""}] <|im_end|>","<|im_start|>user Extract the entities contained in the text. Extract only entities contained in the text.
Return the result in a json format: [{""entity"":""entity_name""}]. <<<We present a case of a 32-year-old woman with a history of gradual enlargement of the anterior neck.>>> <|im_end|><|im_start|>assistant [{""entity"": ""present""}, {""entity"": ""history""}, {""entity"": ""enlargement""}] <|im_end|>
<|im_start|>user Extract the entities contained in the text. Extract only entities contained in the text.
Return the result in a json format: [{""entity"":""entity_name""}]. <<<Patient information: a 9-month-old boy presented to the emergency room with a 3-day history of refusal to bear weight on the right lower extremity and febrile peaks of up to 38.5°C for 24 hours.>>> <|im_end|><|im_start|>assistant [{""entity"": ""presented""}, {""entity"": ""refusal""}, {""entity"": ""bear""}, {""entity"": ""peaks""}] <|im_end|>
<|im_start|>user Extract the entities contained in the text. Extract only entities contained in the text.
Return the result in a json format: [{""entity"":""entity_name""}]. <<Paraclinical investigations revealed: beta human Chorionic Gonadotropin (β hCG) level of 96 702 milli International Units per milliliter of plasma (mIU/ml).>>> <|im_end|><|im_start|>assistant","[{""entity"": ""investigations""}, {""entity"": ""revealed""}, {""entity"": ""level""}, {""entity"": ""96 702 milli International Units per milliliter of plasma""}] ","[{""entity"": ""investigations""}, {""entity"": ""revealed""}, {""entity"": ""level""}, {""entity"": ""plasma"
"Ultrasonography revealed a heterogenous left ovarian mass of 82 millimeters in diameter, an empty uterus and no peritoneal effusion.","[{'id': '8974', 'offsets': array([ 0, 15]), 'role': '', 'semantic_type_id': '', 'text': 'Ultrasonography', 'type': 'EVENT'}
 {'id': '8989', 'offsets': array([16, 24]), 'role': '', 'semantic_type_id': '', 'text': 'revealed', 'type': 'EVENT'}
 {'id': '9004', 'offsets': array([53, 57]), 'role': '', 'semantic_type_id': '', 'text': 'mass', 'type': 'EVENT'}
 {'id': '9019', 'offsets': array([123, 131]), 'role': '', 'semantic_type_id': '', 'text': 'effusion', 'type': 'EVENT'}
 {'id': '9482', 'offsets': array([ 89, 104]), 'role': '', 'semantic_type_id': '', 'text': 'an empty uterus', 'type': 'BODYPART'}
 {'id': '9680', 'offsets': array([61, 75]), 'role': '', 'semantic_type_id': '', 'text': '82 millimeters', 'type': 'RML'}]","It is the case of a 29 years old woman, G2P1001, married, at 9 weeks of pregnancy. She consulted at our emergency service for the exacerbation of a left pelvic pain that has been evolving for two weeks prior to admission. A transient lull was observed following a treatment with a progesteron (hydroxyprogesterone caproate) and an antispasmodic (tiemonium methylsulfate) in a community clinic. The resurgence of that lancinating and permanent pain irradiating to the loins and associated with slight vaginal bleeding prompted consultation. She had first menses at 14 and her menstrual cycle is regular with a length of 30 days. She has never practiced contraception. She has been adequately treated for acute pelvic inflammatory disease five years earlier. Her only child is a girl born vaginally seven years ago. Her blood group is B rhesus positive and she has never undergone surgery. She presented with sympathetic signs of pregnancy and the urinary pregnancy test was positive but echography was not yet done. On admission, besides the main complain, the patient had vaginal bleeding and nausea but neither fever, nor vomiting. On physical examination her general condition was good and the blood pressure was 110/70 millimeters of mercury, the respiratory rate: 20 cycles / minute; the pulse rate: 70 pulsations/minute and the temperature: 37.3 degree Celsius. The conjunctivae were pink and the tongue was clean and moist. There were no cervical adenopathies. The breast and cardiopulmonary examination revealed no abnormalities. The abdomen was flat, and mobile with respiration. On palpation there was just a tenderness of the left iliac fossa and the bowel sounds were normal on auscultation. Inspection under speculum revealed normal gravid external cervical os and there was no vaginal discharge. On digital exploration, the cervix was posterior long and closed, the uterus was globular, increased in size and compatible with an eight weeks pregnancy. The left adnexae presented with a tender, smooth and mobile mass of seven centimeters diameter but the right one were normal. The posterior cervico-vaginal fornix was neither tender nor bulging. We suspected a non ruptured extra-uterine pregnancy with the following differentials: heterotopic pregnancy, torsion of ovarian cyst in pregnancy, and intra-cystic ovarian bleeding in pregnancy. Paraclinical investigations revealed: beta human Chorionic Gonadotropin (β hCG) level of 96 702 milli International Units per milliliter of plasma (mIU/ml). Ultrasonography revealed a heterogenous left ovarian mass of 82 millimeters in diameter, an empty uterus and no peritoneal effusion. This comforted our first diagnosis. After a normal pre-operative work up, an emergency laparotomy was done under general anesthesia. The findings were: left ovary containing a gestational sac and the corpus luteum, normal right adnexae, normal left tube and normal uterus. There was no hemoperitoneum. We dissected the ovarian capsule and carried out ablation of the gestational sac, then we did hemostasis. The specimen was analysed by the pathologist who found decidual cells and trophoblastic tissue within the ovarian capsule and thus confirmed the ovarian pregnancy. Post operative course was uneventful and the patient was discharged six days after surgery. The ?hCG level decreased and disappeared 25 days after surgery.
",EN100068,"<|im_start|>user Extract the entities contained in the text. Extract only entities contained in the text.
Return the result in a json format: [{""entity"":""entity_name""}]. <<Ultrasonography revealed a heterogenous left ovarian mass of 82 millimeters in diameter, an empty uterus and no peritoneal effusion.>>> <|im_end|><|im_start|>assistant[{""entity"": ""Ultrasonography""}, {""entity"": ""revealed""}, {""entity"": ""mass""}, {""entity"": ""effusion""}, {""entity"": ""an empty uterus""}, {""entity"": ""82 millimeters""}] <|im_end|>","<|im_start|>user Extract the entities contained in the text. Extract only entities contained in the text.
Return the result in a json format: [{""entity"":""entity_name""}]. <<<We present a case of a 32-year-old woman with a history of gradual enlargement of the anterior neck.>>> <|im_end|><|im_start|>assistant [{""entity"": ""present""}, {""entity"": ""history""}, {""entity"": ""enlargement""}] <|im_end|>
<|im_start|>user Extract the entities contained in the text. Extract only entities contained in the text.
Return the result in a json format: [{""entity"":""entity_name""}]. <<<Patient information: a 9-month-old boy presented to the emergency room with a 3-day history of refusal to bear weight on the right lower extremity and febrile peaks of up to 38.5°C for 24 hours.>>> <|im_end|><|im_start|>assistant [{""entity"": ""presented""}, {""entity"": ""refusal""}, {""entity"": ""bear""}, {""entity"": ""peaks""}] <|im_end|>
<|im_start|>user Extract the entities contained in the text. Extract only entities contained in the text.
Return the result in a json format: [{""entity"":""entity_name""}]. <<Ultrasonography revealed a heterogenous left ovarian mass of 82 millimeters in diameter, an empty uterus and no peritoneal effusion.>>> <|im_end|><|im_start|>assistant","[{""entity"": ""Ultrasonography""}, {""entity"": ""revealed""}, {""entity"": ""mass""}, {""entity"": ""effusion""}, {""entity"": ""an empty uterus""}, {""entity"": ""82 millimeters""}] ","[{""entity"": ""Ultrasonography""}, {""entity"": ""revealed""}, {""entity"": ""mass""}, {""entity"": ""ov"
This comforted our first diagnosis.,"[{'id': '9034', 'offsets': array([ 5, 14]), 'role': '', 'semantic_type_id': '', 'text': 'comforted', 'type': 'EVENT'}
 {'id': '9049', 'offsets': array([25, 34]), 'role': '', 'semantic_type_id': '', 'text': 'diagnosis', 'type': 'EVENT'}]","It is the case of a 29 years old woman, G2P1001, married, at 9 weeks of pregnancy. She consulted at our emergency service for the exacerbation of a left pelvic pain that has been evolving for two weeks prior to admission. A transient lull was observed following a treatment with a progesteron (hydroxyprogesterone caproate) and an antispasmodic (tiemonium methylsulfate) in a community clinic. The resurgence of that lancinating and permanent pain irradiating to the loins and associated with slight vaginal bleeding prompted consultation. She had first menses at 14 and her menstrual cycle is regular with a length of 30 days. She has never practiced contraception. She has been adequately treated for acute pelvic inflammatory disease five years earlier. Her only child is a girl born vaginally seven years ago. Her blood group is B rhesus positive and she has never undergone surgery. She presented with sympathetic signs of pregnancy and the urinary pregnancy test was positive but echography was not yet done. On admission, besides the main complain, the patient had vaginal bleeding and nausea but neither fever, nor vomiting. On physical examination her general condition was good and the blood pressure was 110/70 millimeters of mercury, the respiratory rate: 20 cycles / minute; the pulse rate: 70 pulsations/minute and the temperature: 37.3 degree Celsius. The conjunctivae were pink and the tongue was clean and moist. There were no cervical adenopathies. The breast and cardiopulmonary examination revealed no abnormalities. The abdomen was flat, and mobile with respiration. On palpation there was just a tenderness of the left iliac fossa and the bowel sounds were normal on auscultation. Inspection under speculum revealed normal gravid external cervical os and there was no vaginal discharge. On digital exploration, the cervix was posterior long and closed, the uterus was globular, increased in size and compatible with an eight weeks pregnancy. The left adnexae presented with a tender, smooth and mobile mass of seven centimeters diameter but the right one were normal. The posterior cervico-vaginal fornix was neither tender nor bulging. We suspected a non ruptured extra-uterine pregnancy with the following differentials: heterotopic pregnancy, torsion of ovarian cyst in pregnancy, and intra-cystic ovarian bleeding in pregnancy. Paraclinical investigations revealed: beta human Chorionic Gonadotropin (β hCG) level of 96 702 milli International Units per milliliter of plasma (mIU/ml). Ultrasonography revealed a heterogenous left ovarian mass of 82 millimeters in diameter, an empty uterus and no peritoneal effusion. This comforted our first diagnosis. After a normal pre-operative work up, an emergency laparotomy was done under general anesthesia. The findings were: left ovary containing a gestational sac and the corpus luteum, normal right adnexae, normal left tube and normal uterus. There was no hemoperitoneum. We dissected the ovarian capsule and carried out ablation of the gestational sac, then we did hemostasis. The specimen was analysed by the pathologist who found decidual cells and trophoblastic tissue within the ovarian capsule and thus confirmed the ovarian pregnancy. Post operative course was uneventful and the patient was discharged six days after surgery. The ?hCG level decreased and disappeared 25 days after surgery.
",EN100068,"<|im_start|>user Extract the entities contained in the text. Extract only entities contained in the text.
Return the result in a json format: [{""entity"":""entity_name""}]. <<This comforted our first diagnosis.>>> <|im_end|><|im_start|>assistant[{""entity"": ""comforted""}, {""entity"": ""diagnosis""}] <|im_end|>","<|im_start|>user Extract the entities contained in the text. Extract only entities contained in the text.
Return the result in a json format: [{""entity"":""entity_name""}]. <<<We present a case of a 32-year-old woman with a history of gradual enlargement of the anterior neck.>>> <|im_end|><|im_start|>assistant [{""entity"": ""present""}, {""entity"": ""history""}, {""entity"": ""enlargement""}] <|im_end|>
<|im_start|>user Extract the entities contained in the text. Extract only entities contained in the text.
Return the result in a json format: [{""entity"":""entity_name""}]. <<<Patient information: a 9-month-old boy presented to the emergency room with a 3-day history of refusal to bear weight on the right lower extremity and febrile peaks of up to 38.5°C for 24 hours.>>> <|im_end|><|im_start|>assistant [{""entity"": ""presented""}, {""entity"": ""refusal""}, {""entity"": ""bear""}, {""entity"": ""peaks""}] <|im_end|>
<|im_start|>user Extract the entities contained in the text. Extract only entities contained in the text.
Return the result in a json format: [{""entity"":""entity_name""}]. <<This comforted our first diagnosis.>>> <|im_end|><|im_start|>assistant","[{""entity"": ""comforted""}, {""entity"": ""diagnosis""}] ","[{""entity"": ""diagnosis""}] <|im_end|><|im_end|><|im_end|><|im_end|><|im_end|><|im_end|><|im_end|><|im_end|><|im_end|><|im_end|><|im_end|><|im_end|><|im_end|><|im_end|><|im_end|><|im_end|><|im_end|><|im_end|>"
There was no hemoperitoneum.,"[{'id': '9139', 'offsets': array([13, 27]), 'role': '', 'semantic_type_id': '', 'text': 'hemoperitoneum', 'type': 'EVENT'}]","It is the case of a 29 years old woman, G2P1001, married, at 9 weeks of pregnancy. She consulted at our emergency service for the exacerbation of a left pelvic pain that has been evolving for two weeks prior to admission. A transient lull was observed following a treatment with a progesteron (hydroxyprogesterone caproate) and an antispasmodic (tiemonium methylsulfate) in a community clinic. The resurgence of that lancinating and permanent pain irradiating to the loins and associated with slight vaginal bleeding prompted consultation. She had first menses at 14 and her menstrual cycle is regular with a length of 30 days. She has never practiced contraception. She has been adequately treated for acute pelvic inflammatory disease five years earlier. Her only child is a girl born vaginally seven years ago. Her blood group is B rhesus positive and she has never undergone surgery. She presented with sympathetic signs of pregnancy and the urinary pregnancy test was positive but echography was not yet done. On admission, besides the main complain, the patient had vaginal bleeding and nausea but neither fever, nor vomiting. On physical examination her general condition was good and the blood pressure was 110/70 millimeters of mercury, the respiratory rate: 20 cycles / minute; the pulse rate: 70 pulsations/minute and the temperature: 37.3 degree Celsius. The conjunctivae were pink and the tongue was clean and moist. There were no cervical adenopathies. The breast and cardiopulmonary examination revealed no abnormalities. The abdomen was flat, and mobile with respiration. On palpation there was just a tenderness of the left iliac fossa and the bowel sounds were normal on auscultation. Inspection under speculum revealed normal gravid external cervical os and there was no vaginal discharge. On digital exploration, the cervix was posterior long and closed, the uterus was globular, increased in size and compatible with an eight weeks pregnancy. The left adnexae presented with a tender, smooth and mobile mass of seven centimeters diameter but the right one were normal. The posterior cervico-vaginal fornix was neither tender nor bulging. We suspected a non ruptured extra-uterine pregnancy with the following differentials: heterotopic pregnancy, torsion of ovarian cyst in pregnancy, and intra-cystic ovarian bleeding in pregnancy. Paraclinical investigations revealed: beta human Chorionic Gonadotropin (β hCG) level of 96 702 milli International Units per milliliter of plasma (mIU/ml). Ultrasonography revealed a heterogenous left ovarian mass of 82 millimeters in diameter, an empty uterus and no peritoneal effusion. This comforted our first diagnosis. After a normal pre-operative work up, an emergency laparotomy was done under general anesthesia. The findings were: left ovary containing a gestational sac and the corpus luteum, normal right adnexae, normal left tube and normal uterus. There was no hemoperitoneum. We dissected the ovarian capsule and carried out ablation of the gestational sac, then we did hemostasis. The specimen was analysed by the pathologist who found decidual cells and trophoblastic tissue within the ovarian capsule and thus confirmed the ovarian pregnancy. Post operative course was uneventful and the patient was discharged six days after surgery. The ?hCG level decreased and disappeared 25 days after surgery.
",EN100068,"<|im_start|>user Extract the entities contained in the text. Extract only entities contained in the text.
Return the result in a json format: [{""entity"":""entity_name""}]. <<There was no hemoperitoneum.>>> <|im_end|><|im_start|>assistant[{""entity"": ""hemoperitoneum""}] <|im_end|>","<|im_start|>user Extract the entities contained in the text. Extract only entities contained in the text.
Return the result in a json format: [{""entity"":""entity_name""}]. <<<We present a case of a 32-year-old woman with a history of gradual enlargement of the anterior neck.>>> <|im_end|><|im_start|>assistant [{""entity"": ""present""}, {""entity"": ""history""}, {""entity"": ""enlargement""}] <|im_end|>
<|im_start|>user Extract the entities contained in the text. Extract only entities contained in the text.
Return the result in a json format: [{""entity"":""entity_name""}]. <<<Patient information: a 9-month-old boy presented to the emergency room with a 3-day history of refusal to bear weight on the right lower extremity and febrile peaks of up to 38.5°C for 24 hours.>>> <|im_end|><|im_start|>assistant [{""entity"": ""presented""}, {""entity"": ""refusal""}, {""entity"": ""bear""}, {""entity"": ""peaks""}] <|im_end|>
<|im_start|>user Extract the entities contained in the text. Extract only entities contained in the text.
Return the result in a json format: [{""entity"":""entity_name""}]. <<There was no hemoperitoneum.>>> <|im_end|><|im_start|>assistant","[{""entity"": ""hemoperitoneum""}] ","[{""entity"": ""hemoperitoneum""}, {""entity"": ""peritoneum""}] <|im_end|><|im_end|><|im_end|><|im_end|><|im_end|><|im_end|><|im_end|><|im_end|>"
"We dissected the ovarian capsule and carried out ablation of the gestational sac, then we did hemostasis.","[{'id': '9154', 'offsets': array([ 3, 12]), 'role': '', 'semantic_type_id': '', 'text': 'dissected', 'type': 'EVENT'}
 {'id': '9169', 'offsets': array([49, 57]), 'role': '', 'semantic_type_id': '', 'text': 'ablation', 'type': 'EVENT'}
 {'id': '9184', 'offsets': array([ 94, 104]), 'role': '', 'semantic_type_id': '', 'text': 'hemostasis', 'type': 'EVENT'}
 {'id': '9524', 'offsets': array([13, 32]), 'role': '', 'semantic_type_id': '', 'text': 'the ovarian capsule', 'type': 'BODYPART'}
 {'id': '9530', 'offsets': array([61, 80]), 'role': '', 'semantic_type_id': '', 'text': 'the gestational sac', 'type': 'BODYPART'}]","It is the case of a 29 years old woman, G2P1001, married, at 9 weeks of pregnancy. She consulted at our emergency service for the exacerbation of a left pelvic pain that has been evolving for two weeks prior to admission. A transient lull was observed following a treatment with a progesteron (hydroxyprogesterone caproate) and an antispasmodic (tiemonium methylsulfate) in a community clinic. The resurgence of that lancinating and permanent pain irradiating to the loins and associated with slight vaginal bleeding prompted consultation. She had first menses at 14 and her menstrual cycle is regular with a length of 30 days. She has never practiced contraception. She has been adequately treated for acute pelvic inflammatory disease five years earlier. Her only child is a girl born vaginally seven years ago. Her blood group is B rhesus positive and she has never undergone surgery. She presented with sympathetic signs of pregnancy and the urinary pregnancy test was positive but echography was not yet done. On admission, besides the main complain, the patient had vaginal bleeding and nausea but neither fever, nor vomiting. On physical examination her general condition was good and the blood pressure was 110/70 millimeters of mercury, the respiratory rate: 20 cycles / minute; the pulse rate: 70 pulsations/minute and the temperature: 37.3 degree Celsius. The conjunctivae were pink and the tongue was clean and moist. There were no cervical adenopathies. The breast and cardiopulmonary examination revealed no abnormalities. The abdomen was flat, and mobile with respiration. On palpation there was just a tenderness of the left iliac fossa and the bowel sounds were normal on auscultation. Inspection under speculum revealed normal gravid external cervical os and there was no vaginal discharge. On digital exploration, the cervix was posterior long and closed, the uterus was globular, increased in size and compatible with an eight weeks pregnancy. The left adnexae presented with a tender, smooth and mobile mass of seven centimeters diameter but the right one were normal. The posterior cervico-vaginal fornix was neither tender nor bulging. We suspected a non ruptured extra-uterine pregnancy with the following differentials: heterotopic pregnancy, torsion of ovarian cyst in pregnancy, and intra-cystic ovarian bleeding in pregnancy. Paraclinical investigations revealed: beta human Chorionic Gonadotropin (β hCG) level of 96 702 milli International Units per milliliter of plasma (mIU/ml). Ultrasonography revealed a heterogenous left ovarian mass of 82 millimeters in diameter, an empty uterus and no peritoneal effusion. This comforted our first diagnosis. After a normal pre-operative work up, an emergency laparotomy was done under general anesthesia. The findings were: left ovary containing a gestational sac and the corpus luteum, normal right adnexae, normal left tube and normal uterus. There was no hemoperitoneum. We dissected the ovarian capsule and carried out ablation of the gestational sac, then we did hemostasis. The specimen was analysed by the pathologist who found decidual cells and trophoblastic tissue within the ovarian capsule and thus confirmed the ovarian pregnancy. Post operative course was uneventful and the patient was discharged six days after surgery. The ?hCG level decreased and disappeared 25 days after surgery.
",EN100068,"<|im_start|>user Extract the entities contained in the text. Extract only entities contained in the text.
Return the result in a json format: [{""entity"":""entity_name""}]. <<We dissected the ovarian capsule and carried out ablation of the gestational sac, then we did hemostasis.>>> <|im_end|><|im_start|>assistant[{""entity"": ""dissected""}, {""entity"": ""ablation""}, {""entity"": ""hemostasis""}, {""entity"": ""the ovarian capsule""}, {""entity"": ""the gestational sac""}] <|im_end|>","<|im_start|>user Extract the entities contained in the text. Extract only entities contained in the text.
Return the result in a json format: [{""entity"":""entity_name""}]. <<<We present a case of a 32-year-old woman with a history of gradual enlargement of the anterior neck.>>> <|im_end|><|im_start|>assistant [{""entity"": ""present""}, {""entity"": ""history""}, {""entity"": ""enlargement""}] <|im_end|>
<|im_start|>user Extract the entities contained in the text. Extract only entities contained in the text.
Return the result in a json format: [{""entity"":""entity_name""}]. <<<Patient information: a 9-month-old boy presented to the emergency room with a 3-day history of refusal to bear weight on the right lower extremity and febrile peaks of up to 38.5°C for 24 hours.>>> <|im_end|><|im_start|>assistant [{""entity"": ""presented""}, {""entity"": ""refusal""}, {""entity"": ""bear""}, {""entity"": ""peaks""}] <|im_end|>
<|im_start|>user Extract the entities contained in the text. Extract only entities contained in the text.
Return the result in a json format: [{""entity"":""entity_name""}]. <<We dissected the ovarian capsule and carried out ablation of the gestational sac, then we did hemostasis.>>> <|im_end|><|im_start|>assistant","[{""entity"": ""dissected""}, {""entity"": ""ablation""}, {""entity"": ""hemostasis""}, {""entity"": ""the ovarian capsule""}, {""entity"": ""the gestational sac""}] ","[{""entity"": ""dissected""}, {""entity"": ""ablation""}, {""entity"": ""hemostasis""}, {""entity"": """
The specimen was analysed by the pathologist who found decidual cells and trophoblastic tissue within the ovarian capsule and thus confirmed the ovarian pregnancy.,"[{'id': '9199', 'offsets': array([17, 25]), 'role': '', 'semantic_type_id': '', 'text': 'analysed', 'type': 'EVENT'}
 {'id': '9214', 'offsets': array([131, 140]), 'role': '', 'semantic_type_id': '', 'text': 'confirmed', 'type': 'EVENT'}
 {'id': '9229', 'offsets': array([153, 162]), 'role': '', 'semantic_type_id': '', 'text': 'pregnancy', 'type': 'EVENT'}
 {'id': '9536', 'offsets': array([55, 69]), 'role': '', 'semantic_type_id': '', 'text': 'decidual cells', 'type': 'BODYPART'}
 {'id': '9542', 'offsets': array([74, 94]), 'role': '', 'semantic_type_id': '', 'text': 'trophoblastic tissue', 'type': 'BODYPART'}
 {'id': '9548', 'offsets': array([106, 121]), 'role': '', 'semantic_type_id': '', 'text': 'ovarian capsule', 'type': 'BODYPART'}
 {'id': '9624', 'offsets': array([29, 44]), 'role': 'H-PROFESSIONAL', 'semantic_type_id': '', 'text': 'the pathologist', 'type': 'ACTOR'}]","It is the case of a 29 years old woman, G2P1001, married, at 9 weeks of pregnancy. She consulted at our emergency service for the exacerbation of a left pelvic pain that has been evolving for two weeks prior to admission. A transient lull was observed following a treatment with a progesteron (hydroxyprogesterone caproate) and an antispasmodic (tiemonium methylsulfate) in a community clinic. The resurgence of that lancinating and permanent pain irradiating to the loins and associated with slight vaginal bleeding prompted consultation. She had first menses at 14 and her menstrual cycle is regular with a length of 30 days. She has never practiced contraception. She has been adequately treated for acute pelvic inflammatory disease five years earlier. Her only child is a girl born vaginally seven years ago. Her blood group is B rhesus positive and she has never undergone surgery. She presented with sympathetic signs of pregnancy and the urinary pregnancy test was positive but echography was not yet done. On admission, besides the main complain, the patient had vaginal bleeding and nausea but neither fever, nor vomiting. On physical examination her general condition was good and the blood pressure was 110/70 millimeters of mercury, the respiratory rate: 20 cycles / minute; the pulse rate: 70 pulsations/minute and the temperature: 37.3 degree Celsius. The conjunctivae were pink and the tongue was clean and moist. There were no cervical adenopathies. The breast and cardiopulmonary examination revealed no abnormalities. The abdomen was flat, and mobile with respiration. On palpation there was just a tenderness of the left iliac fossa and the bowel sounds were normal on auscultation. Inspection under speculum revealed normal gravid external cervical os and there was no vaginal discharge. On digital exploration, the cervix was posterior long and closed, the uterus was globular, increased in size and compatible with an eight weeks pregnancy. The left adnexae presented with a tender, smooth and mobile mass of seven centimeters diameter but the right one were normal. The posterior cervico-vaginal fornix was neither tender nor bulging. We suspected a non ruptured extra-uterine pregnancy with the following differentials: heterotopic pregnancy, torsion of ovarian cyst in pregnancy, and intra-cystic ovarian bleeding in pregnancy. Paraclinical investigations revealed: beta human Chorionic Gonadotropin (β hCG) level of 96 702 milli International Units per milliliter of plasma (mIU/ml). Ultrasonography revealed a heterogenous left ovarian mass of 82 millimeters in diameter, an empty uterus and no peritoneal effusion. This comforted our first diagnosis. After a normal pre-operative work up, an emergency laparotomy was done under general anesthesia. The findings were: left ovary containing a gestational sac and the corpus luteum, normal right adnexae, normal left tube and normal uterus. There was no hemoperitoneum. We dissected the ovarian capsule and carried out ablation of the gestational sac, then we did hemostasis. The specimen was analysed by the pathologist who found decidual cells and trophoblastic tissue within the ovarian capsule and thus confirmed the ovarian pregnancy. Post operative course was uneventful and the patient was discharged six days after surgery. The ?hCG level decreased and disappeared 25 days after surgery.
",EN100068,"<|im_start|>user Extract the entities contained in the text. Extract only entities contained in the text.
Return the result in a json format: [{""entity"":""entity_name""}]. <<The specimen was analysed by the pathologist who found decidual cells and trophoblastic tissue within the ovarian capsule and thus confirmed the ovarian pregnancy.>>> <|im_end|><|im_start|>assistant[{""entity"": ""analysed""}, {""entity"": ""confirmed""}, {""entity"": ""pregnancy""}, {""entity"": ""decidual cells""}, {""entity"": ""trophoblastic tissue""}, {""entity"": ""ovarian capsule""}, {""entity"": ""the pathologist""}] <|im_end|>","<|im_start|>user Extract the entities contained in the text. Extract only entities contained in the text.
Return the result in a json format: [{""entity"":""entity_name""}]. <<<We present a case of a 32-year-old woman with a history of gradual enlargement of the anterior neck.>>> <|im_end|><|im_start|>assistant [{""entity"": ""present""}, {""entity"": ""history""}, {""entity"": ""enlargement""}] <|im_end|>
<|im_start|>user Extract the entities contained in the text. Extract only entities contained in the text.
Return the result in a json format: [{""entity"":""entity_name""}]. <<<Patient information: a 9-month-old boy presented to the emergency room with a 3-day history of refusal to bear weight on the right lower extremity and febrile peaks of up to 38.5°C for 24 hours.>>> <|im_end|><|im_start|>assistant [{""entity"": ""presented""}, {""entity"": ""refusal""}, {""entity"": ""bear""}, {""entity"": ""peaks""}] <|im_end|>
<|im_start|>user Extract the entities contained in the text. Extract only entities contained in the text.
Return the result in a json format: [{""entity"":""entity_name""}]. <<The specimen was analysed by the pathologist who found decidual cells and trophoblastic tissue within the ovarian capsule and thus confirmed the ovarian pregnancy.>>> <|im_end|><|im_start|>assistant","[{""entity"": ""analysed""}, {""entity"": ""confirmed""}, {""entity"": ""pregnancy""}, {""entity"": ""decidual cells""}, {""entity"": ""trophoblastic tissue""}, {""entity"": ""ovarian capsule""}, {""entity"": ""the pathologist""}] ","[{""entity"": ""analysed""}, {""entity"": ""found""}, {""entity"": ""tissue""}, {""entity"": ""confirmed""},"
The ?,[],"It is the case of a 29 years old woman, G2P1001, married, at 9 weeks of pregnancy. She consulted at our emergency service for the exacerbation of a left pelvic pain that has been evolving for two weeks prior to admission. A transient lull was observed following a treatment with a progesteron (hydroxyprogesterone caproate) and an antispasmodic (tiemonium methylsulfate) in a community clinic. The resurgence of that lancinating and permanent pain irradiating to the loins and associated with slight vaginal bleeding prompted consultation. She had first menses at 14 and her menstrual cycle is regular with a length of 30 days. She has never practiced contraception. She has been adequately treated for acute pelvic inflammatory disease five years earlier. Her only child is a girl born vaginally seven years ago. Her blood group is B rhesus positive and she has never undergone surgery. She presented with sympathetic signs of pregnancy and the urinary pregnancy test was positive but echography was not yet done. On admission, besides the main complain, the patient had vaginal bleeding and nausea but neither fever, nor vomiting. On physical examination her general condition was good and the blood pressure was 110/70 millimeters of mercury, the respiratory rate: 20 cycles / minute; the pulse rate: 70 pulsations/minute and the temperature: 37.3 degree Celsius. The conjunctivae were pink and the tongue was clean and moist. There were no cervical adenopathies. The breast and cardiopulmonary examination revealed no abnormalities. The abdomen was flat, and mobile with respiration. On palpation there was just a tenderness of the left iliac fossa and the bowel sounds were normal on auscultation. Inspection under speculum revealed normal gravid external cervical os and there was no vaginal discharge. On digital exploration, the cervix was posterior long and closed, the uterus was globular, increased in size and compatible with an eight weeks pregnancy. The left adnexae presented with a tender, smooth and mobile mass of seven centimeters diameter but the right one were normal. The posterior cervico-vaginal fornix was neither tender nor bulging. We suspected a non ruptured extra-uterine pregnancy with the following differentials: heterotopic pregnancy, torsion of ovarian cyst in pregnancy, and intra-cystic ovarian bleeding in pregnancy. Paraclinical investigations revealed: beta human Chorionic Gonadotropin (β hCG) level of 96 702 milli International Units per milliliter of plasma (mIU/ml). Ultrasonography revealed a heterogenous left ovarian mass of 82 millimeters in diameter, an empty uterus and no peritoneal effusion. This comforted our first diagnosis. After a normal pre-operative work up, an emergency laparotomy was done under general anesthesia. The findings were: left ovary containing a gestational sac and the corpus luteum, normal right adnexae, normal left tube and normal uterus. There was no hemoperitoneum. We dissected the ovarian capsule and carried out ablation of the gestational sac, then we did hemostasis. The specimen was analysed by the pathologist who found decidual cells and trophoblastic tissue within the ovarian capsule and thus confirmed the ovarian pregnancy. Post operative course was uneventful and the patient was discharged six days after surgery. The ?hCG level decreased and disappeared 25 days after surgery.
",EN100068,"<|im_start|>user Extract the entities contained in the text. Extract only entities contained in the text.
Return the result in a json format: [{""entity"":""entity_name""}]. <<The ?>>> <|im_end|><|im_start|>assistant] <|im_end|>","<|im_start|>user Extract the entities contained in the text. Extract only entities contained in the text.
Return the result in a json format: [{""entity"":""entity_name""}]. <<<We present a case of a 32-year-old woman with a history of gradual enlargement of the anterior neck.>>> <|im_end|><|im_start|>assistant [{""entity"": ""present""}, {""entity"": ""history""}, {""entity"": ""enlargement""}] <|im_end|>
<|im_start|>user Extract the entities contained in the text. Extract only entities contained in the text.
Return the result in a json format: [{""entity"":""entity_name""}]. <<<Patient information: a 9-month-old boy presented to the emergency room with a 3-day history of refusal to bear weight on the right lower extremity and febrile peaks of up to 38.5°C for 24 hours.>>> <|im_end|><|im_start|>assistant [{""entity"": ""presented""}, {""entity"": ""refusal""}, {""entity"": ""bear""}, {""entity"": ""peaks""}] <|im_end|>
<|im_start|>user Extract the entities contained in the text. Extract only entities contained in the text.
Return the result in a json format: [{""entity"":""entity_name""}]. <<The ?>>> <|im_end|><|im_start|>assistant",] ,"[{""entity"": ""?""}] <|im_end|><|im_end|><|im_end|><|im_end|><|im_end|><|im_end|><|im_end|><|im_end|><|im_end|><|im_end|><|im_end|><|im_end|><|im_end|><|im_end|><|im_end|><|im_end|><|im_end|><|im_end|><|im_end|><|im_end|><|im_end|>"
hCG level decreased and disappeared 25 days after surgery.,"[{'id': '9304', 'offsets': array([10, 19]), 'role': '', 'semantic_type_id': '', 'text': 'decreased', 'type': 'EVENT'}
 {'id': '9319', 'offsets': array([24, 35]), 'role': '', 'semantic_type_id': '', 'text': 'disappeared', 'type': 'EVENT'}
 {'id': '9334', 'offsets': array([50, 57]), 'role': '', 'semantic_type_id': '', 'text': 'surgery', 'type': 'EVENT'}
 {'id': '9767', 'offsets': array([36, 43]), 'role': '', 'semantic_type_id': '', 'text': '25 days', 'type': 'TIMEX3'}]","It is the case of a 29 years old woman, G2P1001, married, at 9 weeks of pregnancy. She consulted at our emergency service for the exacerbation of a left pelvic pain that has been evolving for two weeks prior to admission. A transient lull was observed following a treatment with a progesteron (hydroxyprogesterone caproate) and an antispasmodic (tiemonium methylsulfate) in a community clinic. The resurgence of that lancinating and permanent pain irradiating to the loins and associated with slight vaginal bleeding prompted consultation. She had first menses at 14 and her menstrual cycle is regular with a length of 30 days. She has never practiced contraception. She has been adequately treated for acute pelvic inflammatory disease five years earlier. Her only child is a girl born vaginally seven years ago. Her blood group is B rhesus positive and she has never undergone surgery. She presented with sympathetic signs of pregnancy and the urinary pregnancy test was positive but echography was not yet done. On admission, besides the main complain, the patient had vaginal bleeding and nausea but neither fever, nor vomiting. On physical examination her general condition was good and the blood pressure was 110/70 millimeters of mercury, the respiratory rate: 20 cycles / minute; the pulse rate: 70 pulsations/minute and the temperature: 37.3 degree Celsius. The conjunctivae were pink and the tongue was clean and moist. There were no cervical adenopathies. The breast and cardiopulmonary examination revealed no abnormalities. The abdomen was flat, and mobile with respiration. On palpation there was just a tenderness of the left iliac fossa and the bowel sounds were normal on auscultation. Inspection under speculum revealed normal gravid external cervical os and there was no vaginal discharge. On digital exploration, the cervix was posterior long and closed, the uterus was globular, increased in size and compatible with an eight weeks pregnancy. The left adnexae presented with a tender, smooth and mobile mass of seven centimeters diameter but the right one were normal. The posterior cervico-vaginal fornix was neither tender nor bulging. We suspected a non ruptured extra-uterine pregnancy with the following differentials: heterotopic pregnancy, torsion of ovarian cyst in pregnancy, and intra-cystic ovarian bleeding in pregnancy. Paraclinical investigations revealed: beta human Chorionic Gonadotropin (β hCG) level of 96 702 milli International Units per milliliter of plasma (mIU/ml). Ultrasonography revealed a heterogenous left ovarian mass of 82 millimeters in diameter, an empty uterus and no peritoneal effusion. This comforted our first diagnosis. After a normal pre-operative work up, an emergency laparotomy was done under general anesthesia. The findings were: left ovary containing a gestational sac and the corpus luteum, normal right adnexae, normal left tube and normal uterus. There was no hemoperitoneum. We dissected the ovarian capsule and carried out ablation of the gestational sac, then we did hemostasis. The specimen was analysed by the pathologist who found decidual cells and trophoblastic tissue within the ovarian capsule and thus confirmed the ovarian pregnancy. Post operative course was uneventful and the patient was discharged six days after surgery. The ?hCG level decreased and disappeared 25 days after surgery.
",EN100068,"<|im_start|>user Extract the entities contained in the text. Extract only entities contained in the text.
Return the result in a json format: [{""entity"":""entity_name""}]. <<hCG level decreased and disappeared 25 days after surgery.>>> <|im_end|><|im_start|>assistant[{""entity"": ""decreased""}, {""entity"": ""disappeared""}, {""entity"": ""surgery""}, {""entity"": ""25 days""}] <|im_end|>","<|im_start|>user Extract the entities contained in the text. Extract only entities contained in the text.
Return the result in a json format: [{""entity"":""entity_name""}]. <<<We present a case of a 32-year-old woman with a history of gradual enlargement of the anterior neck.>>> <|im_end|><|im_start|>assistant [{""entity"": ""present""}, {""entity"": ""history""}, {""entity"": ""enlargement""}] <|im_end|>
<|im_start|>user Extract the entities contained in the text. Extract only entities contained in the text.
Return the result in a json format: [{""entity"":""entity_name""}]. <<<Patient information: a 9-month-old boy presented to the emergency room with a 3-day history of refusal to bear weight on the right lower extremity and febrile peaks of up to 38.5°C for 24 hours.>>> <|im_end|><|im_start|>assistant [{""entity"": ""presented""}, {""entity"": ""refusal""}, {""entity"": ""bear""}, {""entity"": ""peaks""}] <|im_end|>
<|im_start|>user Extract the entities contained in the text. Extract only entities contained in the text.
Return the result in a json format: [{""entity"":""entity_name""}]. <<hCG level decreased and disappeared 25 days after surgery.>>> <|im_end|><|im_start|>assistant","[{""entity"": ""decreased""}, {""entity"": ""disappeared""}, {""entity"": ""surgery""}, {""entity"": ""25 days""}] ","[{""entity"": ""level""}, {""entity"": ""disappeared""}, {""entity"": ""surgery""}, {""entity"": ""25 days"
We report the case of a 15-year-old Caucasian girl who was diagnosed with Silver-Russell syndrome at the age of four and a half years.,"[{'id': '3174', 'offsets': array([3, 9]), 'role': '', 'semantic_type_id': '', 'text': 'report', 'type': 'EVENT'}
 {'id': '3189', 'offsets': array([59, 68]), 'role': '', 'semantic_type_id': '', 'text': 'diagnosed', 'type': 'EVENT'}
 {'id': '3204', 'offsets': array([89, 97]), 'role': '', 'semantic_type_id': '', 'text': 'syndrome', 'type': 'EVENT'}
 {'id': '3564', 'offsets': array([74, 97]), 'role': '', 'semantic_type_id': 'C0175693', 'text': 'Silver-Russell syndrome', 'type': 'CLINENTITY'}
 {'id': '3592', 'offsets': array([0, 2]), 'role': 'H-PROFESSIONAL', 'semantic_type_id': '', 'text': 'We', 'type': 'ACTOR'}
 {'id': '3599', 'offsets': array([22, 50]), 'role': 'PATIENT', 'semantic_type_id': '', 'text': 'a 15-year-old Caucasian girl', 'type': 'ACTOR'}]","We report the case of a 15-year-old Caucasian girl who was diagnosed with Silver-Russell syndrome at the age of four and a half years. Recombinant growth hormone was administered for 18 months without an appropriate increase in growth velocity. At the age of seven years, her serum growth hormone levels were high, and an insulin-like growth factor 1 generation test did not increase insulin-like growth factor 1 levels (baseline insulin-like growth factor 1 levels, 52 μg/L; reference range, 75 μg/L to 365 μg/L; and peak, 76 μg/L and 50 μg/L after 12 and 84 hours, respectively, from baseline). The genetic analysis showed that the patient was homozygous for the R217X mutation in the growth hormone receptor gene, which is characteristic of Laron syndrome. On the basis of these results, the diagnosis of primary growth hormone insensitivity syndrome was made, and recombinant insulin-like growth factor 1 therapy was initiated. The patient's treatment was well tolerated, but unexplained central hypothyroidism occurred at the age of 12.9 years. At the age of 15 years, when the patient's sexual development was almost completed and her menstrual cycle occurred irregularly, her height was 129.8 cm, which is 4.71 standard deviations below the median for normal girls her age.
",EN107465,"<|im_start|>user Extract the entities contained in the text. Extract only entities contained in the text.
Return the result in a json format: [{""entity"":""entity_name""}]. <<We report the case of a 15-year-old Caucasian girl who was diagnosed with Silver-Russell syndrome at the age of four and a half years.>>> <|im_end|><|im_start|>assistant[{""entity"": ""report""}, {""entity"": ""diagnosed""}, {""entity"": ""syndrome""}, {""entity"": ""Silver-Russell syndrome""}, {""entity"": ""We""}, {""entity"": ""a 15-year-old Caucasian girl""}] <|im_end|>","<|im_start|>user Extract the entities contained in the text. Extract only entities contained in the text.
Return the result in a json format: [{""entity"":""entity_name""}]. <<<We present a case of a 32-year-old woman with a history of gradual enlargement of the anterior neck.>>> <|im_end|><|im_start|>assistant [{""entity"": ""present""}, {""entity"": ""history""}, {""entity"": ""enlargement""}] <|im_end|>
<|im_start|>user Extract the entities contained in the text. Extract only entities contained in the text.
Return the result in a json format: [{""entity"":""entity_name""}]. <<<Patient information: a 9-month-old boy presented to the emergency room with a 3-day history of refusal to bear weight on the right lower extremity and febrile peaks of up to 38.5°C for 24 hours.>>> <|im_end|><|im_start|>assistant [{""entity"": ""presented""}, {""entity"": ""refusal""}, {""entity"": ""bear""}, {""entity"": ""peaks""}] <|im_end|>
<|im_start|>user Extract the entities contained in the text. Extract only entities contained in the text.
Return the result in a json format: [{""entity"":""entity_name""}]. <<We report the case of a 15-year-old Caucasian girl who was diagnosed with Silver-Russell syndrome at the age of four and a half years.>>> <|im_end|><|im_start|>assistant","[{""entity"": ""report""}, {""entity"": ""diagnosed""}, {""entity"": ""syndrome""}, {""entity"": ""Silver-Russell syndrome""}, {""entity"": ""We""}, {""entity"": ""a 15-year-old Caucasian girl""}] ","[{""entity"": ""report""}, {""entity"": ""diagnosed""}, {""entity"": ""syndrome""}, {""entity"": ""Silver"
Recombinant growth hormone was administered for 18 months without an appropriate increase in growth velocity.,"[{'id': '3219', 'offsets': array([19, 26]), 'role': '', 'semantic_type_id': '', 'text': 'hormone', 'type': 'EVENT'}
 {'id': '3234', 'offsets': array([81, 89]), 'role': '', 'semantic_type_id': '', 'text': 'increase', 'type': 'EVENT'}
 {'id': '3664', 'offsets': array([48, 57]), 'role': '', 'semantic_type_id': '', 'text': '18 months', 'type': 'TIMEX3'}]","We report the case of a 15-year-old Caucasian girl who was diagnosed with Silver-Russell syndrome at the age of four and a half years. Recombinant growth hormone was administered for 18 months without an appropriate increase in growth velocity. At the age of seven years, her serum growth hormone levels were high, and an insulin-like growth factor 1 generation test did not increase insulin-like growth factor 1 levels (baseline insulin-like growth factor 1 levels, 52 μg/L; reference range, 75 μg/L to 365 μg/L; and peak, 76 μg/L and 50 μg/L after 12 and 84 hours, respectively, from baseline). The genetic analysis showed that the patient was homozygous for the R217X mutation in the growth hormone receptor gene, which is characteristic of Laron syndrome. On the basis of these results, the diagnosis of primary growth hormone insensitivity syndrome was made, and recombinant insulin-like growth factor 1 therapy was initiated. The patient's treatment was well tolerated, but unexplained central hypothyroidism occurred at the age of 12.9 years. At the age of 15 years, when the patient's sexual development was almost completed and her menstrual cycle occurred irregularly, her height was 129.8 cm, which is 4.71 standard deviations below the median for normal girls her age.
",EN107465,"<|im_start|>user Extract the entities contained in the text. Extract only entities contained in the text.
Return the result in a json format: [{""entity"":""entity_name""}]. <<Recombinant growth hormone was administered for 18 months without an appropriate increase in growth velocity.>>> <|im_end|><|im_start|>assistant[{""entity"": ""hormone""}, {""entity"": ""increase""}, {""entity"": ""18 months""}] <|im_end|>","<|im_start|>user Extract the entities contained in the text. Extract only entities contained in the text.
Return the result in a json format: [{""entity"":""entity_name""}]. <<<We present a case of a 32-year-old woman with a history of gradual enlargement of the anterior neck.>>> <|im_end|><|im_start|>assistant [{""entity"": ""present""}, {""entity"": ""history""}, {""entity"": ""enlargement""}] <|im_end|>
<|im_start|>user Extract the entities contained in the text. Extract only entities contained in the text.
Return the result in a json format: [{""entity"":""entity_name""}]. <<<Patient information: a 9-month-old boy presented to the emergency room with a 3-day history of refusal to bear weight on the right lower extremity and febrile peaks of up to 38.5°C for 24 hours.>>> <|im_end|><|im_start|>assistant [{""entity"": ""presented""}, {""entity"": ""refusal""}, {""entity"": ""bear""}, {""entity"": ""peaks""}] <|im_end|>
<|im_start|>user Extract the entities contained in the text. Extract only entities contained in the text.
Return the result in a json format: [{""entity"":""entity_name""}]. <<Recombinant growth hormone was administered for 18 months without an appropriate increase in growth velocity.>>> <|im_end|><|im_start|>assistant","[{""entity"": ""hormone""}, {""entity"": ""increase""}, {""entity"": ""18 months""}] ","[{""entity"": ""administered""}, {""entity"": ""increase""}, {""entity"": ""growth velocity""}, {""entity"": ""growth hormone"
"At the age of seven years, her serum growth hormone levels were high, and an insulin-like growth factor 1 generation test did not increase insulin-like growth factor 1 levels (baseline insulin-like growth factor 1 levels, 52 μg/L; reference range, 75 μg/L to 365 μg/L; and peak, 76 μg/L and 50 μg/L after 12 and 84 hours, respectively, from baseline).","[{'id': '3249', 'offsets': array([52, 58]), 'role': '', 'semantic_type_id': '', 'text': 'levels', 'type': 'EVENT'}
 {'id': '3264', 'offsets': array([117, 121]), 'role': '', 'semantic_type_id': '', 'text': 'test', 'type': 'EVENT'}
 {'id': '3279', 'offsets': array([130, 138]), 'role': '', 'semantic_type_id': '', 'text': 'increase', 'type': 'EVENT'}
 {'id': '3294', 'offsets': array([168, 174]), 'role': '', 'semantic_type_id': '', 'text': 'levels', 'type': 'EVENT'}
 {'id': '3309', 'offsets': array([214, 220]), 'role': '', 'semantic_type_id': '', 'text': 'levels', 'type': 'EVENT'}
 {'id': '3634', 'offsets': array([64, 68]), 'role': '', 'semantic_type_id': '', 'text': 'high', 'type': 'RML'}
 {'id': '3640', 'offsets': array([222, 229]), 'role': '', 'semantic_type_id': '', 'text': '52 μg/L', 'type': 'RML'}
 {'id': '3646', 'offsets': array([279, 286]), 'role': '', 'semantic_type_id': '', 'text': '76 μg/L', 'type': 'RML'}
 {'id': '3652', 'offsets': array([291, 298]), 'role': '', 'semantic_type_id': '', 'text': '50 μg/L', 'type': 'RML'}
 {'id': '3673', 'offsets': array([305, 307]), 'role': '', 'semantic_type_id': '', 'text': '12', 'type': 'TIMEX3'}
 {'id': '3682', 'offsets': array([312, 320]), 'role': '', 'semantic_type_id': '', 'text': '84 hours', 'type': 'TIMEX3'}]","We report the case of a 15-year-old Caucasian girl who was diagnosed with Silver-Russell syndrome at the age of four and a half years. Recombinant growth hormone was administered for 18 months without an appropriate increase in growth velocity. At the age of seven years, her serum growth hormone levels were high, and an insulin-like growth factor 1 generation test did not increase insulin-like growth factor 1 levels (baseline insulin-like growth factor 1 levels, 52 μg/L; reference range, 75 μg/L to 365 μg/L; and peak, 76 μg/L and 50 μg/L after 12 and 84 hours, respectively, from baseline). The genetic analysis showed that the patient was homozygous for the R217X mutation in the growth hormone receptor gene, which is characteristic of Laron syndrome. On the basis of these results, the diagnosis of primary growth hormone insensitivity syndrome was made, and recombinant insulin-like growth factor 1 therapy was initiated. The patient's treatment was well tolerated, but unexplained central hypothyroidism occurred at the age of 12.9 years. At the age of 15 years, when the patient's sexual development was almost completed and her menstrual cycle occurred irregularly, her height was 129.8 cm, which is 4.71 standard deviations below the median for normal girls her age.
",EN107465,"<|im_start|>user Extract the entities contained in the text. Extract only entities contained in the text.
Return the result in a json format: [{""entity"":""entity_name""}]. <<At the age of seven years, her serum growth hormone levels were high, and an insulin-like growth factor 1 generation test did not increase insulin-like growth factor 1 levels (baseline insulin-like growth factor 1 levels, 52 μg/L; reference range, 75 μg/L to 365 μg/L; and peak, 76 μg/L and 50 μg/L after 12 and 84 hours, respectively, from baseline).>>> <|im_end|><|im_start|>assistant[{""entity"": ""levels""}, {""entity"": ""test""}, {""entity"": ""increase""}, {""entity"": ""levels""}, {""entity"": ""levels""}, {""entity"": ""high""}, {""entity"": ""52 μg/L""}, {""entity"": ""76 μg/L""}, {""entity"": ""50 μg/L""}, {""entity"": ""12""}, {""entity"": ""84 hours""}] <|im_end|>","<|im_start|>user Extract the entities contained in the text. Extract only entities contained in the text.
Return the result in a json format: [{""entity"":""entity_name""}]. <<<We present a case of a 32-year-old woman with a history of gradual enlargement of the anterior neck.>>> <|im_end|><|im_start|>assistant [{""entity"": ""present""}, {""entity"": ""history""}, {""entity"": ""enlargement""}] <|im_end|>
<|im_start|>user Extract the entities contained in the text. Extract only entities contained in the text.
Return the result in a json format: [{""entity"":""entity_name""}]. <<<Patient information: a 9-month-old boy presented to the emergency room with a 3-day history of refusal to bear weight on the right lower extremity and febrile peaks of up to 38.5°C for 24 hours.>>> <|im_end|><|im_start|>assistant [{""entity"": ""presented""}, {""entity"": ""refusal""}, {""entity"": ""bear""}, {""entity"": ""peaks""}] <|im_end|>
<|im_start|>user Extract the entities contained in the text. Extract only entities contained in the text.
Return the result in a json format: [{""entity"":""entity_name""}]. <<At the age of seven years, her serum growth hormone levels were high, and an insulin-like growth factor 1 generation test did not increase insulin-like growth factor 1 levels (baseline insulin-like growth factor 1 levels, 52 μg/L; reference range, 75 μg/L to 365 μg/L; and peak, 76 μg/L and 50 μg/L after 12 and 84 hours, respectively, from baseline).>>> <|im_end|><|im_start|>assistant","[{""entity"": ""levels""}, {""entity"": ""test""}, {""entity"": ""increase""}, {""entity"": ""levels""}, {""entity"": ""levels""}, {""entity"": ""high""}, {""entity"": ""52 μg/L""}, {""entity"": ""76 μg/L""}, {""entity"": ""50 μg/L""}, {""entity"": ""12""}, {""entity"": ""84 hours""}] ","[{""entity"": ""levels""}, {""entity"": ""test""}, {""entity"": ""increased""}, {""entity"": ""levels""}, {""entity"
"The genetic analysis showed that the patient was homozygous for the R217X mutation in the growth hormone receptor gene, which is characteristic of Laron syndrome.","[{'id': '3324', 'offsets': array([12, 20]), 'role': '', 'semantic_type_id': '', 'text': 'analysis', 'type': 'EVENT'}
 {'id': '3339', 'offsets': array([21, 27]), 'role': '', 'semantic_type_id': '', 'text': 'showed', 'type': 'EVENT'}
 {'id': '3354', 'offsets': array([49, 59]), 'role': '', 'semantic_type_id': '', 'text': 'homozygous', 'type': 'EVENT'}
 {'id': '3369', 'offsets': array([74, 82]), 'role': '', 'semantic_type_id': '', 'text': 'mutation', 'type': 'EVENT'}
 {'id': '3384', 'offsets': array([153, 161]), 'role': '', 'semantic_type_id': '', 'text': 'syndrome', 'type': 'EVENT'}
 {'id': '3571', 'offsets': array([147, 161]), 'role': '', 'semantic_type_id': 'C0271568', 'text': 'Laron syndrome', 'type': 'CLINENTITY'}
 {'id': '3606', 'offsets': array([33, 44]), 'role': 'PATIENT', 'semantic_type_id': '', 'text': 'the patient', 'type': 'ACTOR'}]","We report the case of a 15-year-old Caucasian girl who was diagnosed with Silver-Russell syndrome at the age of four and a half years. Recombinant growth hormone was administered for 18 months without an appropriate increase in growth velocity. At the age of seven years, her serum growth hormone levels were high, and an insulin-like growth factor 1 generation test did not increase insulin-like growth factor 1 levels (baseline insulin-like growth factor 1 levels, 52 μg/L; reference range, 75 μg/L to 365 μg/L; and peak, 76 μg/L and 50 μg/L after 12 and 84 hours, respectively, from baseline). The genetic analysis showed that the patient was homozygous for the R217X mutation in the growth hormone receptor gene, which is characteristic of Laron syndrome. On the basis of these results, the diagnosis of primary growth hormone insensitivity syndrome was made, and recombinant insulin-like growth factor 1 therapy was initiated. The patient's treatment was well tolerated, but unexplained central hypothyroidism occurred at the age of 12.9 years. At the age of 15 years, when the patient's sexual development was almost completed and her menstrual cycle occurred irregularly, her height was 129.8 cm, which is 4.71 standard deviations below the median for normal girls her age.
",EN107465,"<|im_start|>user Extract the entities contained in the text. Extract only entities contained in the text.
Return the result in a json format: [{""entity"":""entity_name""}]. <<The genetic analysis showed that the patient was homozygous for the R217X mutation in the growth hormone receptor gene, which is characteristic of Laron syndrome.>>> <|im_end|><|im_start|>assistant[{""entity"": ""analysis""}, {""entity"": ""showed""}, {""entity"": ""homozygous""}, {""entity"": ""mutation""}, {""entity"": ""syndrome""}, {""entity"": ""Laron syndrome""}, {""entity"": ""the patient""}] <|im_end|>","<|im_start|>user Extract the entities contained in the text. Extract only entities contained in the text.
Return the result in a json format: [{""entity"":""entity_name""}]. <<<We present a case of a 32-year-old woman with a history of gradual enlargement of the anterior neck.>>> <|im_end|><|im_start|>assistant [{""entity"": ""present""}, {""entity"": ""history""}, {""entity"": ""enlargement""}] <|im_end|>
<|im_start|>user Extract the entities contained in the text. Extract only entities contained in the text.
Return the result in a json format: [{""entity"":""entity_name""}]. <<<Patient information: a 9-month-old boy presented to the emergency room with a 3-day history of refusal to bear weight on the right lower extremity and febrile peaks of up to 38.5°C for 24 hours.>>> <|im_end|><|im_start|>assistant [{""entity"": ""presented""}, {""entity"": ""refusal""}, {""entity"": ""bear""}, {""entity"": ""peaks""}] <|im_end|>
<|im_start|>user Extract the entities contained in the text. Extract only entities contained in the text.
Return the result in a json format: [{""entity"":""entity_name""}]. <<The genetic analysis showed that the patient was homozygous for the R217X mutation in the growth hormone receptor gene, which is characteristic of Laron syndrome.>>> <|im_end|><|im_start|>assistant","[{""entity"": ""analysis""}, {""entity"": ""showed""}, {""entity"": ""homozygous""}, {""entity"": ""mutation""}, {""entity"": ""syndrome""}, {""entity"": ""Laron syndrome""}, {""entity"": ""the patient""}] ","[{""entity"": ""analysis""}, {""entity"": ""showed""}, {""entity"": ""mutation""}, {""entity"": ""characteristic""}, {"""
"At the age of 15 years, when the patient's sexual development was almost completed and her menstrual cycle occurred irregularly, her height was 129.8 cm, which is 4.71 standard deviations below the median for normal girls her age.","[{'id': '3489', 'offsets': array([50, 61]), 'role': '', 'semantic_type_id': '', 'text': 'development', 'type': 'EVENT'}
 {'id': '3504', 'offsets': array([73, 82]), 'role': '', 'semantic_type_id': '', 'text': 'completed', 'type': 'EVENT'}
 {'id': '3519', 'offsets': array([107, 115]), 'role': '', 'semantic_type_id': '', 'text': 'occurred', 'type': 'EVENT'}
 {'id': '3534', 'offsets': array([133, 139]), 'role': '', 'semantic_type_id': '', 'text': 'height', 'type': 'EVENT'}
 {'id': '3549', 'offsets': array([177, 187]), 'role': '', 'semantic_type_id': '', 'text': 'deviations', 'type': 'EVENT'}
 {'id': '3620', 'offsets': array([29, 42]), 'role': 'PATIENT', 'semantic_type_id': '', 'text': ""the patient's"", 'type': 'ACTOR'}
 {'id': '3627', 'offsets': array([209, 229]), 'role': 'OTHER', 'semantic_type_id': '', 'text': 'normal girls her age', 'type': 'ACTOR'}
 {'id': '3658', 'offsets': array([144, 152]), 'role': '', 'semantic_type_id': '', 'text': '129.8 cm', 'type': 'RML'}]","We report the case of a 15-year-old Caucasian girl who was diagnosed with Silver-Russell syndrome at the age of four and a half years. Recombinant growth hormone was administered for 18 months without an appropriate increase in growth velocity. At the age of seven years, her serum growth hormone levels were high, and an insulin-like growth factor 1 generation test did not increase insulin-like growth factor 1 levels (baseline insulin-like growth factor 1 levels, 52 μg/L; reference range, 75 μg/L to 365 μg/L; and peak, 76 μg/L and 50 μg/L after 12 and 84 hours, respectively, from baseline). The genetic analysis showed that the patient was homozygous for the R217X mutation in the growth hormone receptor gene, which is characteristic of Laron syndrome. On the basis of these results, the diagnosis of primary growth hormone insensitivity syndrome was made, and recombinant insulin-like growth factor 1 therapy was initiated. The patient's treatment was well tolerated, but unexplained central hypothyroidism occurred at the age of 12.9 years. At the age of 15 years, when the patient's sexual development was almost completed and her menstrual cycle occurred irregularly, her height was 129.8 cm, which is 4.71 standard deviations below the median for normal girls her age.
",EN107465,"<|im_start|>user Extract the entities contained in the text. Extract only entities contained in the text.
Return the result in a json format: [{""entity"":""entity_name""}]. <<At the age of 15 years, when the patient's sexual development was almost completed and her menstrual cycle occurred irregularly, her height was 129.8 cm, which is 4.71 standard deviations below the median for normal girls her age.>>> <|im_end|><|im_start|>assistant[{""entity"": ""development""}, {""entity"": ""completed""}, {""entity"": ""occurred""}, {""entity"": ""height""}, {""entity"": ""deviations""}, {""entity"": ""the patient's""}, {""entity"": ""normal girls her age""}, {""entity"": ""129.8 cm""}] <|im_end|>","<|im_start|>user Extract the entities contained in the text. Extract only entities contained in the text.
Return the result in a json format: [{""entity"":""entity_name""}]. <<<We present a case of a 32-year-old woman with a history of gradual enlargement of the anterior neck.>>> <|im_end|><|im_start|>assistant [{""entity"": ""present""}, {""entity"": ""history""}, {""entity"": ""enlargement""}] <|im_end|>
<|im_start|>user Extract the entities contained in the text. Extract only entities contained in the text.
Return the result in a json format: [{""entity"":""entity_name""}]. <<<Patient information: a 9-month-old boy presented to the emergency room with a 3-day history of refusal to bear weight on the right lower extremity and febrile peaks of up to 38.5°C for 24 hours.>>> <|im_end|><|im_start|>assistant [{""entity"": ""presented""}, {""entity"": ""refusal""}, {""entity"": ""bear""}, {""entity"": ""peaks""}] <|im_end|>
<|im_start|>user Extract the entities contained in the text. Extract only entities contained in the text.
Return the result in a json format: [{""entity"":""entity_name""}]. <<At the age of 15 years, when the patient's sexual development was almost completed and her menstrual cycle occurred irregularly, her height was 129.8 cm, which is 4.71 standard deviations below the median for normal girls her age.>>> <|im_end|><|im_start|>assistant","[{""entity"": ""development""}, {""entity"": ""completed""}, {""entity"": ""occurred""}, {""entity"": ""height""}, {""entity"": ""deviations""}, {""entity"": ""the patient's""}, {""entity"": ""normal girls her age""}, {""entity"": ""129.8 cm""}] ","[{""entity"": ""development""}, {""entity"": ""cycle""}, {""entity"": ""height""}, {""entity"": ""the patient's""}, {"""
This is a case report of a 59-year old woman with a 5-year clinical history of perimenopausal uterine bleeding and three explorative curettages.,"[{'id': '2142', 'offsets': array([15, 21]), 'role': '', 'semantic_type_id': '', 'text': 'report', 'type': 'EVENT'}
 {'id': '2157', 'offsets': array([102, 110]), 'role': '', 'semantic_type_id': '', 'text': 'bleeding', 'type': 'EVENT'}
 {'id': '2172', 'offsets': array([133, 143]), 'role': '', 'semantic_type_id': '', 'text': 'curettages', 'type': 'EVENT'}
 {'id': '2547', 'offsets': array([ 79, 110]), 'role': '', 'semantic_type_id': 'C0747484', 'text': 'perimenopausal uterine bleeding', 'type': 'CLINENTITY'}
 {'id': '2607', 'offsets': array([25, 44]), 'role': 'PATIENT', 'semantic_type_id': '', 'text': 'a 59-year old woman', 'type': 'ACTOR'}
 {'id': '2645', 'offsets': array([52, 58]), 'role': '', 'semantic_type_id': '', 'text': '5-year', 'type': 'TIMEX3'}]","This is a case report of a 59-year old woman with a 5-year clinical history of perimenopausal uterine bleeding and three explorative curettages. Gynaecological and ultrasound examinations revealed ovarian enlargement with a diameter of 50 mm with hypoechoic zones suspected of benign teratoma. The diagnostic test such as Ca-125, AFP, free-T4 and TSH was in normal range. A smooth, solid right ovarian 50 an mm-size tumour, as well as small amount of fluid in the Douglas pouch, was found during the total abdominal hysterectomy, bilateral salpingo-oophorectomy and staging biopsy. The histopathology revealed teratoma with strumal carcinoid tumour IA stage according to AJCC 2010 of the right ovary and negative cytopathology of the fluid from the Douglas pouch. On the postoperative 2-year control, the patient was tumour free, and Ca-125, free-T4 and TSH were in normal range.
",EN103589,"<|im_start|>user Extract the entities contained in the text. Extract only entities contained in the text.
Return the result in a json format: [{""entity"":""entity_name""}]. <<This is a case report of a 59-year old woman with a 5-year clinical history of perimenopausal uterine bleeding and three explorative curettages.>>> <|im_end|><|im_start|>assistant[{""entity"": ""report""}, {""entity"": ""bleeding""}, {""entity"": ""curettages""}, {""entity"": ""perimenopausal uterine bleeding""}, {""entity"": ""a 59-year old woman""}, {""entity"": ""5-year""}] <|im_end|>","<|im_start|>user Extract the entities contained in the text. Extract only entities contained in the text.
Return the result in a json format: [{""entity"":""entity_name""}]. <<<We present a case of a 32-year-old woman with a history of gradual enlargement of the anterior neck.>>> <|im_end|><|im_start|>assistant [{""entity"": ""present""}, {""entity"": ""history""}, {""entity"": ""enlargement""}] <|im_end|>
<|im_start|>user Extract the entities contained in the text. Extract only entities contained in the text.
Return the result in a json format: [{""entity"":""entity_name""}]. <<<Patient information: a 9-month-old boy presented to the emergency room with a 3-day history of refusal to bear weight on the right lower extremity and febrile peaks of up to 38.5°C for 24 hours.>>> <|im_end|><|im_start|>assistant [{""entity"": ""presented""}, {""entity"": ""refusal""}, {""entity"": ""bear""}, {""entity"": ""peaks""}] <|im_end|>
<|im_start|>user Extract the entities contained in the text. Extract only entities contained in the text.
Return the result in a json format: [{""entity"":""entity_name""}]. <<This is a case report of a 59-year old woman with a 5-year clinical history of perimenopausal uterine bleeding and three explorative curettages.>>> <|im_end|><|im_start|>assistant","[{""entity"": ""report""}, {""entity"": ""bleeding""}, {""entity"": ""curettages""}, {""entity"": ""perimenopausal uterine bleeding""}, {""entity"": ""a 59-year old woman""}, {""entity"": ""5-year""}] ","[{""entity"": ""report""}, {""entity"": ""history""}, {""entity"": ""bleeding""}, {""entity"": ""curettages"
Gynaecological and ultrasound examinations revealed ovarian enlargement with a diameter of 50 mm with hypoechoic zones suspected of benign teratoma.,"[{'id': '2187', 'offsets': array([30, 42]), 'role': '', 'semantic_type_id': '', 'text': 'examinations', 'type': 'EVENT'}
 {'id': '2202', 'offsets': array([43, 51]), 'role': '', 'semantic_type_id': '', 'text': 'revealed', 'type': 'EVENT'}
 {'id': '2217', 'offsets': array([60, 71]), 'role': '', 'semantic_type_id': '', 'text': 'enlargement', 'type': 'EVENT'}
 {'id': '2232', 'offsets': array([119, 128]), 'role': '', 'semantic_type_id': '', 'text': 'suspected', 'type': 'EVENT'}
 {'id': '2247', 'offsets': array([139, 147]), 'role': '', 'semantic_type_id': '', 'text': 'teratoma', 'type': 'EVENT'}
 {'id': '2554', 'offsets': array([52, 71]), 'role': '', 'semantic_type_id': 'C0392039', 'text': 'ovarian enlargement', 'type': 'CLINENTITY'}
 {'id': '2561', 'offsets': array([132, 147]), 'role': '', 'semantic_type_id': 'C1879828', 'text': 'benign teratoma', 'type': 'CLINENTITY'}
 {'id': '2621', 'offsets': array([91, 96]), 'role': '', 'semantic_type_id': '', 'text': '50 mm', 'type': 'RML'}]","This is a case report of a 59-year old woman with a 5-year clinical history of perimenopausal uterine bleeding and three explorative curettages. Gynaecological and ultrasound examinations revealed ovarian enlargement with a diameter of 50 mm with hypoechoic zones suspected of benign teratoma. The diagnostic test such as Ca-125, AFP, free-T4 and TSH was in normal range. A smooth, solid right ovarian 50 an mm-size tumour, as well as small amount of fluid in the Douglas pouch, was found during the total abdominal hysterectomy, bilateral salpingo-oophorectomy and staging biopsy. The histopathology revealed teratoma with strumal carcinoid tumour IA stage according to AJCC 2010 of the right ovary and negative cytopathology of the fluid from the Douglas pouch. On the postoperative 2-year control, the patient was tumour free, and Ca-125, free-T4 and TSH were in normal range.
",EN103589,"<|im_start|>user Extract the entities contained in the text. Extract only entities contained in the text.
Return the result in a json format: [{""entity"":""entity_name""}]. <<Gynaecological and ultrasound examinations revealed ovarian enlargement with a diameter of 50 mm with hypoechoic zones suspected of benign teratoma.>>> <|im_end|><|im_start|>assistant[{""entity"": ""examinations""}, {""entity"": ""revealed""}, {""entity"": ""enlargement""}, {""entity"": ""suspected""}, {""entity"": ""teratoma""}, {""entity"": ""ovarian enlargement""}, {""entity"": ""benign teratoma""}, {""entity"": ""50 mm""}] <|im_end|>","<|im_start|>user Extract the entities contained in the text. Extract only entities contained in the text.
Return the result in a json format: [{""entity"":""entity_name""}]. <<<We present a case of a 32-year-old woman with a history of gradual enlargement of the anterior neck.>>> <|im_end|><|im_start|>assistant [{""entity"": ""present""}, {""entity"": ""history""}, {""entity"": ""enlargement""}] <|im_end|>
<|im_start|>user Extract the entities contained in the text. Extract only entities contained in the text.
Return the result in a json format: [{""entity"":""entity_name""}]. <<<Patient information: a 9-month-old boy presented to the emergency room with a 3-day history of refusal to bear weight on the right lower extremity and febrile peaks of up to 38.5°C for 24 hours.>>> <|im_end|><|im_start|>assistant [{""entity"": ""presented""}, {""entity"": ""refusal""}, {""entity"": ""bear""}, {""entity"": ""peaks""}] <|im_end|>
<|im_start|>user Extract the entities contained in the text. Extract only entities contained in the text.
Return the result in a json format: [{""entity"":""entity_name""}]. <<Gynaecological and ultrasound examinations revealed ovarian enlargement with a diameter of 50 mm with hypoechoic zones suspected of benign teratoma.>>> <|im_end|><|im_start|>assistant","[{""entity"": ""examinations""}, {""entity"": ""revealed""}, {""entity"": ""enlargement""}, {""entity"": ""suspected""}, {""entity"": ""teratoma""}, {""entity"": ""ovarian enlargement""}, {""entity"": ""benign teratoma""}, {""entity"": ""50 mm""}] ","[{""entity"": ""examinations""}, {""entity"": ""revealed""}, {""entity"": ""enlargement""}, {""entity"": """
"The diagnostic test such as Ca-125, AFP, free-T4 and TSH was in normal range.","[{'id': '2262', 'offsets': array([15, 19]), 'role': '', 'semantic_type_id': '', 'text': 'test', 'type': 'EVENT'}
 {'id': '2277', 'offsets': array([28, 34]), 'role': '', 'semantic_type_id': '', 'text': 'Ca-125', 'type': 'EVENT'}
 {'id': '2292', 'offsets': array([36, 39]), 'role': '', 'semantic_type_id': '', 'text': 'AFP', 'type': 'EVENT'}
 {'id': '2307', 'offsets': array([41, 48]), 'role': '', 'semantic_type_id': '', 'text': 'free-T4', 'type': 'EVENT'}
 {'id': '2322', 'offsets': array([53, 56]), 'role': '', 'semantic_type_id': '', 'text': 'TSH', 'type': 'EVENT'}
 {'id': '2627', 'offsets': array([64, 76]), 'role': '', 'semantic_type_id': '', 'text': 'normal range', 'type': 'RML'}]","This is a case report of a 59-year old woman with a 5-year clinical history of perimenopausal uterine bleeding and three explorative curettages. Gynaecological and ultrasound examinations revealed ovarian enlargement with a diameter of 50 mm with hypoechoic zones suspected of benign teratoma. The diagnostic test such as Ca-125, AFP, free-T4 and TSH was in normal range. A smooth, solid right ovarian 50 an mm-size tumour, as well as small amount of fluid in the Douglas pouch, was found during the total abdominal hysterectomy, bilateral salpingo-oophorectomy and staging biopsy. The histopathology revealed teratoma with strumal carcinoid tumour IA stage according to AJCC 2010 of the right ovary and negative cytopathology of the fluid from the Douglas pouch. On the postoperative 2-year control, the patient was tumour free, and Ca-125, free-T4 and TSH were in normal range.
",EN103589,"<|im_start|>user Extract the entities contained in the text. Extract only entities contained in the text.
Return the result in a json format: [{""entity"":""entity_name""}]. <<The diagnostic test such as Ca-125, AFP, free-T4 and TSH was in normal range.>>> <|im_end|><|im_start|>assistant[{""entity"": ""test""}, {""entity"": ""Ca-125""}, {""entity"": ""AFP""}, {""entity"": ""free-T4""}, {""entity"": ""TSH""}, {""entity"": ""normal range""}] <|im_end|>","<|im_start|>user Extract the entities contained in the text. Extract only entities contained in the text.
Return the result in a json format: [{""entity"":""entity_name""}]. <<<We present a case of a 32-year-old woman with a history of gradual enlargement of the anterior neck.>>> <|im_end|><|im_start|>assistant [{""entity"": ""present""}, {""entity"": ""history""}, {""entity"": ""enlargement""}] <|im_end|>
<|im_start|>user Extract the entities contained in the text. Extract only entities contained in the text.
Return the result in a json format: [{""entity"":""entity_name""}]. <<<Patient information: a 9-month-old boy presented to the emergency room with a 3-day history of refusal to bear weight on the right lower extremity and febrile peaks of up to 38.5°C for 24 hours.>>> <|im_end|><|im_start|>assistant [{""entity"": ""presented""}, {""entity"": ""refusal""}, {""entity"": ""bear""}, {""entity"": ""peaks""}] <|im_end|>
<|im_start|>user Extract the entities contained in the text. Extract only entities contained in the text.
Return the result in a json format: [{""entity"":""entity_name""}]. <<The diagnostic test such as Ca-125, AFP, free-T4 and TSH was in normal range.>>> <|im_end|><|im_start|>assistant","[{""entity"": ""test""}, {""entity"": ""Ca-125""}, {""entity"": ""AFP""}, {""entity"": ""free-T4""}, {""entity"": ""TSH""}, {""entity"": ""normal range""}] ","[{""entity"": ""test""}, {""entity"": ""Ca-125""}, {""entity"": ""AFP""}, {""entity"": ""free"
"A smooth, solid right ovarian 50 an mm-size tumour, as well as small amount of fluid in the Douglas pouch, was found during the total abdominal hysterectomy, bilateral salpingo-oophorectomy and staging biopsy.","[{'id': '2337', 'offsets': array([44, 50]), 'role': '', 'semantic_type_id': '', 'text': 'tumour', 'type': 'EVENT'}
 {'id': '2352', 'offsets': array([111, 116]), 'role': '', 'semantic_type_id': '', 'text': 'found', 'type': 'EVENT'}
 {'id': '2367', 'offsets': array([144, 156]), 'role': '', 'semantic_type_id': '', 'text': 'hysterectomy', 'type': 'EVENT'}
 {'id': '2382', 'offsets': array([168, 189]), 'role': '', 'semantic_type_id': '', 'text': 'salpingo-oophorectomy', 'type': 'EVENT'}
 {'id': '2397', 'offsets': array([202, 208]), 'role': '', 'semantic_type_id': '', 'text': 'biopsy', 'type': 'EVENT'}
 {'id': '2568', 'offsets': array([44, 50]), 'role': '', 'semantic_type_id': 'C0027651', 'text': 'tumour', 'type': 'CLINENTITY'}
 {'id': '2589', 'offsets': array([ 88, 105]), 'role': '', 'semantic_type_id': '', 'text': 'the Douglas pouch', 'type': 'BODYPART'}
 {'id': '2633', 'offsets': array([30, 43]), 'role': '', 'semantic_type_id': '', 'text': '50 an mm-size', 'type': 'RML'}]","This is a case report of a 59-year old woman with a 5-year clinical history of perimenopausal uterine bleeding and three explorative curettages. Gynaecological and ultrasound examinations revealed ovarian enlargement with a diameter of 50 mm with hypoechoic zones suspected of benign teratoma. The diagnostic test such as Ca-125, AFP, free-T4 and TSH was in normal range. A smooth, solid right ovarian 50 an mm-size tumour, as well as small amount of fluid in the Douglas pouch, was found during the total abdominal hysterectomy, bilateral salpingo-oophorectomy and staging biopsy. The histopathology revealed teratoma with strumal carcinoid tumour IA stage according to AJCC 2010 of the right ovary and negative cytopathology of the fluid from the Douglas pouch. On the postoperative 2-year control, the patient was tumour free, and Ca-125, free-T4 and TSH were in normal range.
",EN103589,"<|im_start|>user Extract the entities contained in the text. Extract only entities contained in the text.
Return the result in a json format: [{""entity"":""entity_name""}]. <<A smooth, solid right ovarian 50 an mm-size tumour, as well as small amount of fluid in the Douglas pouch, was found during the total abdominal hysterectomy, bilateral salpingo-oophorectomy and staging biopsy.>>> <|im_end|><|im_start|>assistant[{""entity"": ""tumour""}, {""entity"": ""found""}, {""entity"": ""hysterectomy""}, {""entity"": ""salpingo-oophorectomy""}, {""entity"": ""biopsy""}, {""entity"": ""tumour""}, {""entity"": ""the Douglas pouch""}, {""entity"": ""50 an mm-size""}] <|im_end|>","<|im_start|>user Extract the entities contained in the text. Extract only entities contained in the text.
Return the result in a json format: [{""entity"":""entity_name""}]. <<<We present a case of a 32-year-old woman with a history of gradual enlargement of the anterior neck.>>> <|im_end|><|im_start|>assistant [{""entity"": ""present""}, {""entity"": ""history""}, {""entity"": ""enlargement""}] <|im_end|>
<|im_start|>user Extract the entities contained in the text. Extract only entities contained in the text.
Return the result in a json format: [{""entity"":""entity_name""}]. <<<Patient information: a 9-month-old boy presented to the emergency room with a 3-day history of refusal to bear weight on the right lower extremity and febrile peaks of up to 38.5°C for 24 hours.>>> <|im_end|><|im_start|>assistant [{""entity"": ""presented""}, {""entity"": ""refusal""}, {""entity"": ""bear""}, {""entity"": ""peaks""}] <|im_end|>
<|im_start|>user Extract the entities contained in the text. Extract only entities contained in the text.
Return the result in a json format: [{""entity"":""entity_name""}]. <<A smooth, solid right ovarian 50 an mm-size tumour, as well as small amount of fluid in the Douglas pouch, was found during the total abdominal hysterectomy, bilateral salpingo-oophorectomy and staging biopsy.>>> <|im_end|><|im_start|>assistant","[{""entity"": ""tumour""}, {""entity"": ""found""}, {""entity"": ""hysterectomy""}, {""entity"": ""salpingo-oophorectomy""}, {""entity"": ""biopsy""}, {""entity"": ""tumour""}, {""entity"": ""the Douglas pouch""}, {""entity"": ""50 an mm-size""}] ","[{""entity"": ""tumour""}, {""entity"": ""the Douglas pouch""}, {""entity"": ""hysterectomy""}, {""entity"":"
"On the postoperative 2-year control, the patient was tumour free, and Ca-125, free-T4 and TSH were in normal range.","[{'id': '2472', 'offsets': array([28, 35]), 'role': '', 'semantic_type_id': '', 'text': 'control', 'type': 'EVENT'}
 {'id': '2487', 'offsets': array([53, 59]), 'role': '', 'semantic_type_id': '', 'text': 'tumour', 'type': 'EVENT'}
 {'id': '2502', 'offsets': array([70, 76]), 'role': '', 'semantic_type_id': '', 'text': 'Ca-125', 'type': 'EVENT'}
 {'id': '2517', 'offsets': array([78, 85]), 'role': '', 'semantic_type_id': '', 'text': 'free-T4', 'type': 'EVENT'}
 {'id': '2532', 'offsets': array([90, 93]), 'role': '', 'semantic_type_id': '', 'text': 'TSH', 'type': 'EVENT'}
 {'id': '2614', 'offsets': array([37, 48]), 'role': 'PATIENT', 'semantic_type_id': '', 'text': 'the patient', 'type': 'ACTOR'}
 {'id': '2639', 'offsets': array([102, 114]), 'role': '', 'semantic_type_id': '', 'text': 'normal range', 'type': 'RML'}
 {'id': '2654', 'offsets': array([ 7, 27]), 'role': '', 'semantic_type_id': '', 'text': 'postoperative 2-year', 'type': 'TIMEX3'}]","This is a case report of a 59-year old woman with a 5-year clinical history of perimenopausal uterine bleeding and three explorative curettages. Gynaecological and ultrasound examinations revealed ovarian enlargement with a diameter of 50 mm with hypoechoic zones suspected of benign teratoma. The diagnostic test such as Ca-125, AFP, free-T4 and TSH was in normal range. A smooth, solid right ovarian 50 an mm-size tumour, as well as small amount of fluid in the Douglas pouch, was found during the total abdominal hysterectomy, bilateral salpingo-oophorectomy and staging biopsy. The histopathology revealed teratoma with strumal carcinoid tumour IA stage according to AJCC 2010 of the right ovary and negative cytopathology of the fluid from the Douglas pouch. On the postoperative 2-year control, the patient was tumour free, and Ca-125, free-T4 and TSH were in normal range.
",EN103589,"<|im_start|>user Extract the entities contained in the text. Extract only entities contained in the text.
Return the result in a json format: [{""entity"":""entity_name""}]. <<On the postoperative 2-year control, the patient was tumour free, and Ca-125, free-T4 and TSH were in normal range.>>> <|im_end|><|im_start|>assistant[{""entity"": ""control""}, {""entity"": ""tumour""}, {""entity"": ""Ca-125""}, {""entity"": ""free-T4""}, {""entity"": ""TSH""}, {""entity"": ""the patient""}, {""entity"": ""normal range""}, {""entity"": ""postoperative 2-year""}] <|im_end|>","<|im_start|>user Extract the entities contained in the text. Extract only entities contained in the text.
Return the result in a json format: [{""entity"":""entity_name""}]. <<<We present a case of a 32-year-old woman with a history of gradual enlargement of the anterior neck.>>> <|im_end|><|im_start|>assistant [{""entity"": ""present""}, {""entity"": ""history""}, {""entity"": ""enlargement""}] <|im_end|>
<|im_start|>user Extract the entities contained in the text. Extract only entities contained in the text.
Return the result in a json format: [{""entity"":""entity_name""}]. <<<Patient information: a 9-month-old boy presented to the emergency room with a 3-day history of refusal to bear weight on the right lower extremity and febrile peaks of up to 38.5°C for 24 hours.>>> <|im_end|><|im_start|>assistant [{""entity"": ""presented""}, {""entity"": ""refusal""}, {""entity"": ""bear""}, {""entity"": ""peaks""}] <|im_end|>
<|im_start|>user Extract the entities contained in the text. Extract only entities contained in the text.
Return the result in a json format: [{""entity"":""entity_name""}]. <<On the postoperative 2-year control, the patient was tumour free, and Ca-125, free-T4 and TSH were in normal range.>>> <|im_end|><|im_start|>assistant","[{""entity"": ""control""}, {""entity"": ""tumour""}, {""entity"": ""Ca-125""}, {""entity"": ""free-T4""}, {""entity"": ""TSH""}, {""entity"": ""the patient""}, {""entity"": ""normal range""}, {""entity"": ""postoperative 2-year""}] ","[{""entity"": ""control""}, {""entity"": ""free""}, {""entity"": ""TSH""}, {""entity"": ""tumour free"
"A 3 years old girl born from non-consanguineous parents, without any neonatal suffering; with good psychomotor development, from a popular district in one of our cities, without any obvious contact with dogs; presented with exophthalmia associated with unilateral blindness evolving rapidly within 3 months.","[{'id': '4294', 'offsets': array([19, 23]), 'role': '', 'semantic_type_id': '', 'text': 'born', 'type': 'EVENT'}
 {'id': '4309', 'offsets': array([78, 87]), 'role': '', 'semantic_type_id': '', 'text': 'suffering', 'type': 'EVENT'}
 {'id': '4324', 'offsets': array([111, 122]), 'role': '', 'semantic_type_id': '', 'text': 'development', 'type': 'EVENT'}
 {'id': '4339', 'offsets': array([190, 197]), 'role': '', 'semantic_type_id': '', 'text': 'contact', 'type': 'EVENT'}
 {'id': '4354', 'offsets': array([209, 218]), 'role': '', 'semantic_type_id': '', 'text': 'presented', 'type': 'EVENT'}
 {'id': '4369', 'offsets': array([224, 236]), 'role': '', 'semantic_type_id': '', 'text': 'exophthalmia', 'type': 'EVENT'}
 {'id': '4384', 'offsets': array([264, 273]), 'role': '', 'semantic_type_id': '', 'text': 'blindness', 'type': 'EVENT'}
 {'id': '4399', 'offsets': array([274, 282]), 'role': '', 'semantic_type_id': '', 'text': 'evolving', 'type': 'EVENT'}
 {'id': '5171', 'offsets': array([253, 273]), 'role': '', 'semantic_type_id': 'C0271240', 'text': 'unilateral blindness', 'type': 'CLINENTITY'}
 {'id': '5292', 'offsets': array([ 0, 18]), 'role': 'PATIENT', 'semantic_type_id': '', 'text': 'A 3 years old girl', 'type': 'ACTOR'}
 {'id': '5299', 'offsets': array([29, 55]), 'role': 'OTHER', 'semantic_type_id': '', 'text': 'non-consanguineous parents', 'type': 'ACTOR'}
 {'id': '5306', 'offsets': array([203, 207]), 'role': 'OTHER', 'semantic_type_id': '', 'text': 'dogs', 'type': 'ACTOR'}
 {'id': '5365', 'offsets': array([298, 306]), 'role': '', 'semantic_type_id': '', 'text': '3 months', 'type': 'TIMEX3'}]","A 3 years old girl born from non-consanguineous parents, without any neonatal suffering; with good psychomotor development, from a popular district in one of our cities, without any obvious contact with dogs; presented with exophthalmia associated with unilateral blindness evolving rapidly within 3 months. Clinical examination showed a non-pulsatile, painless, axial, irreducible exophthalmia with no sign of conjunctivitis or keratitis, and right monocular blindness, right ptosis; and fundal examination had objectified right papillary oedema. The rest of the clinical examination was normal. Brain and orbital magnetic resonance imaging (MRI) revealed an extra-connal right orbital lesion near the orbital apex, measuring 28 x 18mm, of oval shape, it appeared hypo-signal in T1 and hyper-signal in T2, limited by a thin wall which took contrast product, this lesion compressed the optic nerve towards the nasal region. Chest x-ray and abdominal ultrasound did not reveal any other localization. The patient was operated by performing a right extra-dural frontal approach, a cyst puncture was done in the first intention because the cyst was adherent to the neighbouring structures making its complete removal impossible, then a microscopic extirpation of the cystic membrane, combined with abundant washing by hypertonic serum to sterilize the cystic sit and reduce chances of dissemination. Histological examination was in favour of intra-orbital hydatidosis. Postoperatively, the patient was given an antihelminthic treatment of albendazole at a dose of 10mg per kilogram per day in 3 doses separated by 2 weeks; the evolution was marked by the significant regression of the exophthalmia and the gradual improvement of the visual acuity. The patient however still retains a right unilateral nasal hemianopia after two years of follow-up. An MRI done in the same period shows a cure of the patient by a complete disappearance of the cyst.
",EN100453,"<|im_start|>user Extract the entities contained in the text. Extract only entities contained in the text.
Return the result in a json format: [{""entity"":""entity_name""}]. <<A 3 years old girl born from non-consanguineous parents, without any neonatal suffering; with good psychomotor development, from a popular district in one of our cities, without any obvious contact with dogs; presented with exophthalmia associated with unilateral blindness evolving rapidly within 3 months.>>> <|im_end|><|im_start|>assistant[{""entity"": ""born""}, {""entity"": ""suffering""}, {""entity"": ""development""}, {""entity"": ""contact""}, {""entity"": ""presented""}, {""entity"": ""exophthalmia""}, {""entity"": ""blindness""}, {""entity"": ""evolving""}, {""entity"": ""unilateral blindness""}, {""entity"": ""A 3 years old girl""}, {""entity"": ""non-consanguineous parents""}, {""entity"": ""dogs""}, {""entity"": ""3 months""}] <|im_end|>","<|im_start|>user Extract the entities contained in the text. Extract only entities contained in the text.
Return the result in a json format: [{""entity"":""entity_name""}]. <<<We present a case of a 32-year-old woman with a history of gradual enlargement of the anterior neck.>>> <|im_end|><|im_start|>assistant [{""entity"": ""present""}, {""entity"": ""history""}, {""entity"": ""enlargement""}] <|im_end|>
<|im_start|>user Extract the entities contained in the text. Extract only entities contained in the text.
Return the result in a json format: [{""entity"":""entity_name""}]. <<<Patient information: a 9-month-old boy presented to the emergency room with a 3-day history of refusal to bear weight on the right lower extremity and febrile peaks of up to 38.5°C for 24 hours.>>> <|im_end|><|im_start|>assistant [{""entity"": ""presented""}, {""entity"": ""refusal""}, {""entity"": ""bear""}, {""entity"": ""peaks""}] <|im_end|>
<|im_start|>user Extract the entities contained in the text. Extract only entities contained in the text.
Return the result in a json format: [{""entity"":""entity_name""}]. <<A 3 years old girl born from non-consanguineous parents, without any neonatal suffering; with good psychomotor development, from a popular district in one of our cities, without any obvious contact with dogs; presented with exophthalmia associated with unilateral blindness evolving rapidly within 3 months.>>> <|im_end|><|im_start|>assistant","[{""entity"": ""born""}, {""entity"": ""suffering""}, {""entity"": ""development""}, {""entity"": ""contact""}, {""entity"": ""presented""}, {""entity"": ""exophthalmia""}, {""entity"": ""blindness""}, {""entity"": ""evolving""}, {""entity"": ""unilateral blindness""}, {""entity"": ""A 3 years old girl""}, {""entity"": ""non-consanguineous parents""}, {""entity"": ""dogs""}, {""entity"": ""3 months""}] ","[{""entity"": ""suffering""}, {""entity"": ""development""}, {""entity"": ""contact""}, {""entity"": ""presented""},"
"Clinical examination showed a non-pulsatile, painless, axial, irreducible exophthalmia with no sign of conjunctivitis or keratitis, and right monocular blindness, right ptosis; and fundal examination had objectified right papillary oedema.","[{'id': '4414', 'offsets': array([ 9, 20]), 'role': '', 'semantic_type_id': '', 'text': 'examination', 'type': 'EVENT'}
 {'id': '4429', 'offsets': array([21, 27]), 'role': '', 'semantic_type_id': '', 'text': 'showed', 'type': 'EVENT'}
 {'id': '4444', 'offsets': array([74, 86]), 'role': '', 'semantic_type_id': '', 'text': 'exophthalmia', 'type': 'EVENT'}
 {'id': '4459', 'offsets': array([152, 161]), 'role': '', 'semantic_type_id': '', 'text': 'blindness', 'type': 'EVENT'}
 {'id': '4474', 'offsets': array([169, 175]), 'role': '', 'semantic_type_id': '', 'text': 'ptosis', 'type': 'EVENT'}
 {'id': '4489', 'offsets': array([188, 199]), 'role': '', 'semantic_type_id': '', 'text': 'examination', 'type': 'EVENT'}
 {'id': '4504', 'offsets': array([204, 215]), 'role': '', 'semantic_type_id': '', 'text': 'objectified', 'type': 'EVENT'}
 {'id': '4519', 'offsets': array([232, 238]), 'role': '', 'semantic_type_id': '', 'text': 'oedema', 'type': 'EVENT'}
 {'id': '5178', 'offsets': array([74, 86]), 'role': '', 'semantic_type_id': 'C0015300', 'text': 'exophthalmia', 'type': 'CLINENTITY'}
 {'id': '5185', 'offsets': array([103, 117]), 'role': '', 'semantic_type_id': 'C0009763', 'text': 'conjunctivitis', 'type': 'CLINENTITY'}
 {'id': '5192', 'offsets': array([121, 130]), 'role': '', 'semantic_type_id': 'C0022568', 'text': 'keratitis', 'type': 'CLINENTITY'}
 {'id': '5199', 'offsets': array([142, 161]), 'role': '', 'semantic_type_id': 'C0750958', 'text': 'monocular blindness', 'type': 'CLINENTITY'}
 {'id': '5206', 'offsets': array([163, 175]), 'role': '', 'semantic_type_id': 'C2230185', 'text': 'right ptosis', 'type': 'CLINENTITY'}]","A 3 years old girl born from non-consanguineous parents, without any neonatal suffering; with good psychomotor development, from a popular district in one of our cities, without any obvious contact with dogs; presented with exophthalmia associated with unilateral blindness evolving rapidly within 3 months. Clinical examination showed a non-pulsatile, painless, axial, irreducible exophthalmia with no sign of conjunctivitis or keratitis, and right monocular blindness, right ptosis; and fundal examination had objectified right papillary oedema. The rest of the clinical examination was normal. Brain and orbital magnetic resonance imaging (MRI) revealed an extra-connal right orbital lesion near the orbital apex, measuring 28 x 18mm, of oval shape, it appeared hypo-signal in T1 and hyper-signal in T2, limited by a thin wall which took contrast product, this lesion compressed the optic nerve towards the nasal region. Chest x-ray and abdominal ultrasound did not reveal any other localization. The patient was operated by performing a right extra-dural frontal approach, a cyst puncture was done in the first intention because the cyst was adherent to the neighbouring structures making its complete removal impossible, then a microscopic extirpation of the cystic membrane, combined with abundant washing by hypertonic serum to sterilize the cystic sit and reduce chances of dissemination. Histological examination was in favour of intra-orbital hydatidosis. Postoperatively, the patient was given an antihelminthic treatment of albendazole at a dose of 10mg per kilogram per day in 3 doses separated by 2 weeks; the evolution was marked by the significant regression of the exophthalmia and the gradual improvement of the visual acuity. The patient however still retains a right unilateral nasal hemianopia after two years of follow-up. An MRI done in the same period shows a cure of the patient by a complete disappearance of the cyst.
",EN100453,"<|im_start|>user Extract the entities contained in the text. Extract only entities contained in the text.
Return the result in a json format: [{""entity"":""entity_name""}]. <<Clinical examination showed a non-pulsatile, painless, axial, irreducible exophthalmia with no sign of conjunctivitis or keratitis, and right monocular blindness, right ptosis; and fundal examination had objectified right papillary oedema.>>> <|im_end|><|im_start|>assistant[{""entity"": ""examination""}, {""entity"": ""showed""}, {""entity"": ""exophthalmia""}, {""entity"": ""blindness""}, {""entity"": ""ptosis""}, {""entity"": ""examination""}, {""entity"": ""objectified""}, {""entity"": ""oedema""}, {""entity"": ""exophthalmia""}, {""entity"": ""conjunctivitis""}, {""entity"": ""keratitis""}, {""entity"": ""monocular blindness""}, {""entity"": ""right ptosis""}] <|im_end|>","<|im_start|>user Extract the entities contained in the text. Extract only entities contained in the text.
Return the result in a json format: [{""entity"":""entity_name""}]. <<<We present a case of a 32-year-old woman with a history of gradual enlargement of the anterior neck.>>> <|im_end|><|im_start|>assistant [{""entity"": ""present""}, {""entity"": ""history""}, {""entity"": ""enlargement""}] <|im_end|>
<|im_start|>user Extract the entities contained in the text. Extract only entities contained in the text.
Return the result in a json format: [{""entity"":""entity_name""}]. <<<Patient information: a 9-month-old boy presented to the emergency room with a 3-day history of refusal to bear weight on the right lower extremity and febrile peaks of up to 38.5°C for 24 hours.>>> <|im_end|><|im_start|>assistant [{""entity"": ""presented""}, {""entity"": ""refusal""}, {""entity"": ""bear""}, {""entity"": ""peaks""}] <|im_end|>
<|im_start|>user Extract the entities contained in the text. Extract only entities contained in the text.
Return the result in a json format: [{""entity"":""entity_name""}]. <<Clinical examination showed a non-pulsatile, painless, axial, irreducible exophthalmia with no sign of conjunctivitis or keratitis, and right monocular blindness, right ptosis; and fundal examination had objectified right papillary oedema.>>> <|im_end|><|im_start|>assistant","[{""entity"": ""examination""}, {""entity"": ""showed""}, {""entity"": ""exophthalmia""}, {""entity"": ""blindness""}, {""entity"": ""ptosis""}, {""entity"": ""examination""}, {""entity"": ""objectified""}, {""entity"": ""oedema""}, {""entity"": ""exophthalmia""}, {""entity"": ""conjunctivitis""}, {""entity"": ""keratitis""}, {""entity"": ""monocular blindness""}, {""entity"": ""right ptosis""}] ","[{""entity"": ""examination""}, {""entity"": ""showed""}, {""entity"": ""irreducible exophthalmia""}, {"""
"Brain and orbital magnetic resonance imaging (MRI) revealed an extra-connal right orbital lesion near the orbital apex, measuring 28 x 18mm, of oval shape, it appeared hypo-signal in T1 and hyper-signal in T2, limited by a thin wall which took contrast product, this lesion compressed the optic nerve towards the nasal region.","[{'id': '4549', 'offsets': array([37, 44]), 'role': '', 'semantic_type_id': '', 'text': 'imaging', 'type': 'EVENT'}
 {'id': '4564', 'offsets': array([46, 49]), 'role': '', 'semantic_type_id': '', 'text': 'MRI', 'type': 'EVENT'}
 {'id': '4579', 'offsets': array([51, 59]), 'role': '', 'semantic_type_id': '', 'text': 'revealed', 'type': 'EVENT'}
 {'id': '4594', 'offsets': array([90, 96]), 'role': '', 'semantic_type_id': '', 'text': 'lesion', 'type': 'EVENT'}
 {'id': '4609', 'offsets': array([120, 129]), 'role': '', 'semantic_type_id': '', 'text': 'measuring', 'type': 'EVENT'}
 {'id': '4624', 'offsets': array([149, 154]), 'role': '', 'semantic_type_id': '', 'text': 'shape', 'type': 'EVENT'}
 {'id': '4639', 'offsets': array([183, 185]), 'role': '', 'semantic_type_id': '', 'text': 'T1', 'type': 'EVENT'}
 {'id': '4654', 'offsets': array([206, 208]), 'role': '', 'semantic_type_id': '', 'text': 'T2', 'type': 'EVENT'}
 {'id': '4669', 'offsets': array([210, 217]), 'role': '', 'semantic_type_id': '', 'text': 'limited', 'type': 'EVENT'}
 {'id': '4684', 'offsets': array([239, 243]), 'role': '', 'semantic_type_id': '', 'text': 'took', 'type': 'EVENT'}
 {'id': '4699', 'offsets': array([267, 273]), 'role': '', 'semantic_type_id': '', 'text': 'lesion', 'type': 'EVENT'}
 {'id': '4714', 'offsets': array([274, 284]), 'role': '', 'semantic_type_id': '', 'text': 'compressed', 'type': 'EVENT'}
 {'id': '5213', 'offsets': array([63, 96]), 'role': '', 'semantic_type_id': 'CUILESS', 'text': 'extra-connal right orbital lesion', 'type': 'CLINENTITY'}
 {'id': '5220', 'offsets': array([267, 273]), 'role': '', 'semantic_type_id': 'C0221198', 'text': 'lesion', 'type': 'CLINENTITY'}
 {'id': '5262', 'offsets': array([0, 5]), 'role': '', 'semantic_type_id': '', 'text': 'Brain', 'type': 'BODYPART'}
 {'id': '5268', 'offsets': array([102, 118]), 'role': '', 'semantic_type_id': '', 'text': 'the orbital apex', 'type': 'BODYPART'}
 {'id': '5274', 'offsets': array([285, 300]), 'role': '', 'semantic_type_id': '', 'text': 'the optic nerve', 'type': 'BODYPART'}
 {'id': '5280', 'offsets': array([309, 325]), 'role': '', 'semantic_type_id': '', 'text': 'the nasal region', 'type': 'BODYPART'}
 {'id': '5347', 'offsets': array([130, 139]), 'role': '', 'semantic_type_id': '', 'text': '28 x 18mm', 'type': 'RML'}
 {'id': '5353', 'offsets': array([168, 179]), 'role': '', 'semantic_type_id': '', 'text': 'hypo-signal', 'type': 'RML'}
 {'id': '5359', 'offsets': array([190, 202]), 'role': '', 'semantic_type_id': '', 'text': 'hyper-signal', 'type': 'RML'}]","A 3 years old girl born from non-consanguineous parents, without any neonatal suffering; with good psychomotor development, from a popular district in one of our cities, without any obvious contact with dogs; presented with exophthalmia associated with unilateral blindness evolving rapidly within 3 months. Clinical examination showed a non-pulsatile, painless, axial, irreducible exophthalmia with no sign of conjunctivitis or keratitis, and right monocular blindness, right ptosis; and fundal examination had objectified right papillary oedema. The rest of the clinical examination was normal. Brain and orbital magnetic resonance imaging (MRI) revealed an extra-connal right orbital lesion near the orbital apex, measuring 28 x 18mm, of oval shape, it appeared hypo-signal in T1 and hyper-signal in T2, limited by a thin wall which took contrast product, this lesion compressed the optic nerve towards the nasal region. Chest x-ray and abdominal ultrasound did not reveal any other localization. The patient was operated by performing a right extra-dural frontal approach, a cyst puncture was done in the first intention because the cyst was adherent to the neighbouring structures making its complete removal impossible, then a microscopic extirpation of the cystic membrane, combined with abundant washing by hypertonic serum to sterilize the cystic sit and reduce chances of dissemination. Histological examination was in favour of intra-orbital hydatidosis. Postoperatively, the patient was given an antihelminthic treatment of albendazole at a dose of 10mg per kilogram per day in 3 doses separated by 2 weeks; the evolution was marked by the significant regression of the exophthalmia and the gradual improvement of the visual acuity. The patient however still retains a right unilateral nasal hemianopia after two years of follow-up. An MRI done in the same period shows a cure of the patient by a complete disappearance of the cyst.
",EN100453,"<|im_start|>user Extract the entities contained in the text. Extract only entities contained in the text.
Return the result in a json format: [{""entity"":""entity_name""}]. <<Brain and orbital magnetic resonance imaging (MRI) revealed an extra-connal right orbital lesion near the orbital apex, measuring 28 x 18mm, of oval shape, it appeared hypo-signal in T1 and hyper-signal in T2, limited by a thin wall which took contrast product, this lesion compressed the optic nerve towards the nasal region.>>> <|im_end|><|im_start|>assistant[{""entity"": ""imaging""}, {""entity"": ""MRI""}, {""entity"": ""revealed""}, {""entity"": ""lesion""}, {""entity"": ""measuring""}, {""entity"": ""shape""}, {""entity"": ""T1""}, {""entity"": ""T2""}, {""entity"": ""limited""}, {""entity"": ""took""}, {""entity"": ""lesion""}, {""entity"": ""compressed""}, {""entity"": ""extra-connal right orbital lesion""}, {""entity"": ""lesion""}, {""entity"": ""Brain""}, {""entity"": ""the orbital apex""}, {""entity"": ""the optic nerve""}, {""entity"": ""the nasal region""}, {""entity"": ""28 x 18mm""}, {""entity"": ""hypo-signal""}, {""entity"": ""hyper-signal""}] <|im_end|>","<|im_start|>user Extract the entities contained in the text. Extract only entities contained in the text.
Return the result in a json format: [{""entity"":""entity_name""}]. <<<We present a case of a 32-year-old woman with a history of gradual enlargement of the anterior neck.>>> <|im_end|><|im_start|>assistant [{""entity"": ""present""}, {""entity"": ""history""}, {""entity"": ""enlargement""}] <|im_end|>
<|im_start|>user Extract the entities contained in the text. Extract only entities contained in the text.
Return the result in a json format: [{""entity"":""entity_name""}]. <<<Patient information: a 9-month-old boy presented to the emergency room with a 3-day history of refusal to bear weight on the right lower extremity and febrile peaks of up to 38.5°C for 24 hours.>>> <|im_end|><|im_start|>assistant [{""entity"": ""presented""}, {""entity"": ""refusal""}, {""entity"": ""bear""}, {""entity"": ""peaks""}] <|im_end|>
<|im_start|>user Extract the entities contained in the text. Extract only entities contained in the text.
Return the result in a json format: [{""entity"":""entity_name""}]. <<Brain and orbital magnetic resonance imaging (MRI) revealed an extra-connal right orbital lesion near the orbital apex, measuring 28 x 18mm, of oval shape, it appeared hypo-signal in T1 and hyper-signal in T2, limited by a thin wall which took contrast product, this lesion compressed the optic nerve towards the nasal region.>>> <|im_end|><|im_start|>assistant","[{""entity"": ""imaging""}, {""entity"": ""MRI""}, {""entity"": ""revealed""}, {""entity"": ""lesion""}, {""entity"": ""measuring""}, {""entity"": ""shape""}, {""entity"": ""T1""}, {""entity"": ""T2""}, {""entity"": ""limited""}, {""entity"": ""took""}, {""entity"": ""lesion""}, {""entity"": ""compressed""}, {""entity"": ""extra-connal right orbital lesion""}, {""entity"": ""lesion""}, {""entity"": ""Brain""}, {""entity"": ""the orbital apex""}, {""entity"": ""the optic nerve""}, {""entity"": ""the nasal region""}, {""entity"": ""28 x 18mm""}, {""entity"": ""hypo-signal""}, {""entity"": ""hyper-signal""}] ","[{""entity"": ""imaging""}, {""entity"": ""revealed""}, {""entity"": ""lesion""}, {""entity"": ""measuring"
Chest x-ray and abdominal ultrasound did not reveal any other localization.,"[{'id': '4729', 'offsets': array([ 6, 11]), 'role': '', 'semantic_type_id': '', 'text': 'x-ray', 'type': 'EVENT'}
 {'id': '4744', 'offsets': array([26, 36]), 'role': '', 'semantic_type_id': '', 'text': 'ultrasound', 'type': 'EVENT'}
 {'id': '4759', 'offsets': array([45, 51]), 'role': '', 'semantic_type_id': '', 'text': 'reveal', 'type': 'EVENT'}
 {'id': '4774', 'offsets': array([62, 74]), 'role': '', 'semantic_type_id': '', 'text': 'localization', 'type': 'EVENT'}
 {'id': '5286', 'offsets': array([0, 5]), 'role': '', 'semantic_type_id': '', 'text': 'Chest', 'type': 'BODYPART'}]","A 3 years old girl born from non-consanguineous parents, without any neonatal suffering; with good psychomotor development, from a popular district in one of our cities, without any obvious contact with dogs; presented with exophthalmia associated with unilateral blindness evolving rapidly within 3 months. Clinical examination showed a non-pulsatile, painless, axial, irreducible exophthalmia with no sign of conjunctivitis or keratitis, and right monocular blindness, right ptosis; and fundal examination had objectified right papillary oedema. The rest of the clinical examination was normal. Brain and orbital magnetic resonance imaging (MRI) revealed an extra-connal right orbital lesion near the orbital apex, measuring 28 x 18mm, of oval shape, it appeared hypo-signal in T1 and hyper-signal in T2, limited by a thin wall which took contrast product, this lesion compressed the optic nerve towards the nasal region. Chest x-ray and abdominal ultrasound did not reveal any other localization. The patient was operated by performing a right extra-dural frontal approach, a cyst puncture was done in the first intention because the cyst was adherent to the neighbouring structures making its complete removal impossible, then a microscopic extirpation of the cystic membrane, combined with abundant washing by hypertonic serum to sterilize the cystic sit and reduce chances of dissemination. Histological examination was in favour of intra-orbital hydatidosis. Postoperatively, the patient was given an antihelminthic treatment of albendazole at a dose of 10mg per kilogram per day in 3 doses separated by 2 weeks; the evolution was marked by the significant regression of the exophthalmia and the gradual improvement of the visual acuity. The patient however still retains a right unilateral nasal hemianopia after two years of follow-up. An MRI done in the same period shows a cure of the patient by a complete disappearance of the cyst.
",EN100453,"<|im_start|>user Extract the entities contained in the text. Extract only entities contained in the text.
Return the result in a json format: [{""entity"":""entity_name""}]. <<Chest x-ray and abdominal ultrasound did not reveal any other localization.>>> <|im_end|><|im_start|>assistant[{""entity"": ""x-ray""}, {""entity"": ""ultrasound""}, {""entity"": ""reveal""}, {""entity"": ""localization""}, {""entity"": ""Chest""}] <|im_end|>","<|im_start|>user Extract the entities contained in the text. Extract only entities contained in the text.
Return the result in a json format: [{""entity"":""entity_name""}]. <<<We present a case of a 32-year-old woman with a history of gradual enlargement of the anterior neck.>>> <|im_end|><|im_start|>assistant [{""entity"": ""present""}, {""entity"": ""history""}, {""entity"": ""enlargement""}] <|im_end|>
<|im_start|>user Extract the entities contained in the text. Extract only entities contained in the text.
Return the result in a json format: [{""entity"":""entity_name""}]. <<<Patient information: a 9-month-old boy presented to the emergency room with a 3-day history of refusal to bear weight on the right lower extremity and febrile peaks of up to 38.5°C for 24 hours.>>> <|im_end|><|im_start|>assistant [{""entity"": ""presented""}, {""entity"": ""refusal""}, {""entity"": ""bear""}, {""entity"": ""peaks""}] <|im_end|>
<|im_start|>user Extract the entities contained in the text. Extract only entities contained in the text.
Return the result in a json format: [{""entity"":""entity_name""}]. <<Chest x-ray and abdominal ultrasound did not reveal any other localization.>>> <|im_end|><|im_start|>assistant","[{""entity"": ""x-ray""}, {""entity"": ""ultrasound""}, {""entity"": ""reveal""}, {""entity"": ""localization""}, {""entity"": ""Chest""}] ","[{""entity"": ""x-ray""}, {""entity"": ""ultrasound""}, {""entity"": ""reveal""}, {""entity"": ""localization""},"
"The patient was operated by performing a right extra-dural frontal approach, a cyst puncture was done in the first intention because the cyst was adherent to the neighbouring structures making its complete removal impossible, then a microscopic extirpation of the cystic membrane, combined with abundant washing by hypertonic serum to sterilize the cystic sit and reduce chances of dissemination.","[{'id': '4789', 'offsets': array([16, 24]), 'role': '', 'semantic_type_id': '', 'text': 'operated', 'type': 'EVENT'}
 {'id': '4804', 'offsets': array([67, 75]), 'role': '', 'semantic_type_id': '', 'text': 'approach', 'type': 'EVENT'}
 {'id': '4819', 'offsets': array([84, 92]), 'role': '', 'semantic_type_id': '', 'text': 'puncture', 'type': 'EVENT'}
 {'id': '4834', 'offsets': array([137, 141]), 'role': '', 'semantic_type_id': '', 'text': 'cyst', 'type': 'EVENT'}
 {'id': '4849', 'offsets': array([146, 154]), 'role': '', 'semantic_type_id': '', 'text': 'adherent', 'type': 'EVENT'}
 {'id': '4864', 'offsets': array([206, 213]), 'role': '', 'semantic_type_id': '', 'text': 'removal', 'type': 'EVENT'}
 {'id': '4879', 'offsets': array([245, 256]), 'role': '', 'semantic_type_id': '', 'text': 'extirpation', 'type': 'EVENT'}
 {'id': '4894', 'offsets': array([304, 311]), 'role': '', 'semantic_type_id': '', 'text': 'washing', 'type': 'EVENT'}
 {'id': '4909', 'offsets': array([335, 344]), 'role': '', 'semantic_type_id': '', 'text': 'sterilize', 'type': 'EVENT'}
 {'id': '4924', 'offsets': array([364, 370]), 'role': '', 'semantic_type_id': '', 'text': 'reduce', 'type': 'EVENT'}
 {'id': '4939', 'offsets': array([382, 395]), 'role': '', 'semantic_type_id': '', 'text': 'dissemination', 'type': 'EVENT'}
 {'id': '5227', 'offsets': array([137, 141]), 'role': '', 'semantic_type_id': 'C0010709', 'text': 'cyst', 'type': 'CLINENTITY'}
 {'id': '5313', 'offsets': array([ 0, 11]), 'role': 'PATIENT', 'semantic_type_id': '', 'text': 'The patient', 'type': 'ACTOR'}]","A 3 years old girl born from non-consanguineous parents, without any neonatal suffering; with good psychomotor development, from a popular district in one of our cities, without any obvious contact with dogs; presented with exophthalmia associated with unilateral blindness evolving rapidly within 3 months. Clinical examination showed a non-pulsatile, painless, axial, irreducible exophthalmia with no sign of conjunctivitis or keratitis, and right monocular blindness, right ptosis; and fundal examination had objectified right papillary oedema. The rest of the clinical examination was normal. Brain and orbital magnetic resonance imaging (MRI) revealed an extra-connal right orbital lesion near the orbital apex, measuring 28 x 18mm, of oval shape, it appeared hypo-signal in T1 and hyper-signal in T2, limited by a thin wall which took contrast product, this lesion compressed the optic nerve towards the nasal region. Chest x-ray and abdominal ultrasound did not reveal any other localization. The patient was operated by performing a right extra-dural frontal approach, a cyst puncture was done in the first intention because the cyst was adherent to the neighbouring structures making its complete removal impossible, then a microscopic extirpation of the cystic membrane, combined with abundant washing by hypertonic serum to sterilize the cystic sit and reduce chances of dissemination. Histological examination was in favour of intra-orbital hydatidosis. Postoperatively, the patient was given an antihelminthic treatment of albendazole at a dose of 10mg per kilogram per day in 3 doses separated by 2 weeks; the evolution was marked by the significant regression of the exophthalmia and the gradual improvement of the visual acuity. The patient however still retains a right unilateral nasal hemianopia after two years of follow-up. An MRI done in the same period shows a cure of the patient by a complete disappearance of the cyst.
",EN100453,"<|im_start|>user Extract the entities contained in the text. Extract only entities contained in the text.
Return the result in a json format: [{""entity"":""entity_name""}]. <<The patient was operated by performing a right extra-dural frontal approach, a cyst puncture was done in the first intention because the cyst was adherent to the neighbouring structures making its complete removal impossible, then a microscopic extirpation of the cystic membrane, combined with abundant washing by hypertonic serum to sterilize the cystic sit and reduce chances of dissemination.>>> <|im_end|><|im_start|>assistant[{""entity"": ""operated""}, {""entity"": ""approach""}, {""entity"": ""puncture""}, {""entity"": ""cyst""}, {""entity"": ""adherent""}, {""entity"": ""removal""}, {""entity"": ""extirpation""}, {""entity"": ""washing""}, {""entity"": ""sterilize""}, {""entity"": ""reduce""}, {""entity"": ""dissemination""}, {""entity"": ""cyst""}, {""entity"": ""The patient""}] <|im_end|>","<|im_start|>user Extract the entities contained in the text. Extract only entities contained in the text.
Return the result in a json format: [{""entity"":""entity_name""}]. <<<We present a case of a 32-year-old woman with a history of gradual enlargement of the anterior neck.>>> <|im_end|><|im_start|>assistant [{""entity"": ""present""}, {""entity"": ""history""}, {""entity"": ""enlargement""}] <|im_end|>
<|im_start|>user Extract the entities contained in the text. Extract only entities contained in the text.
Return the result in a json format: [{""entity"":""entity_name""}]. <<<Patient information: a 9-month-old boy presented to the emergency room with a 3-day history of refusal to bear weight on the right lower extremity and febrile peaks of up to 38.5°C for 24 hours.>>> <|im_end|><|im_start|>assistant [{""entity"": ""presented""}, {""entity"": ""refusal""}, {""entity"": ""bear""}, {""entity"": ""peaks""}] <|im_end|>
<|im_start|>user Extract the entities contained in the text. Extract only entities contained in the text.
Return the result in a json format: [{""entity"":""entity_name""}]. <<The patient was operated by performing a right extra-dural frontal approach, a cyst puncture was done in the first intention because the cyst was adherent to the neighbouring structures making its complete removal impossible, then a microscopic extirpation of the cystic membrane, combined with abundant washing by hypertonic serum to sterilize the cystic sit and reduce chances of dissemination.>>> <|im_end|><|im_start|>assistant","[{""entity"": ""operated""}, {""entity"": ""approach""}, {""entity"": ""puncture""}, {""entity"": ""cyst""}, {""entity"": ""adherent""}, {""entity"": ""removal""}, {""entity"": ""extirpation""}, {""entity"": ""washing""}, {""entity"": ""sterilize""}, {""entity"": ""reduce""}, {""entity"": ""dissemination""}, {""entity"": ""cyst""}, {""entity"": ""The patient""}] ","[{""entity"": ""operated""}, {""entity"": ""approach""}, {""entity"": ""puncture""}, {""entity"": ""rem"
"Postoperatively, the patient was given an antihelminthic treatment of albendazole at a dose of 10mg per kilogram per day in 3 doses separated by 2 weeks; the evolution was marked by the significant regression of the exophthalmia and the gradual improvement of the visual acuity.","[{'id': '4984', 'offsets': array([57, 66]), 'role': '', 'semantic_type_id': '', 'text': 'treatment', 'type': 'EVENT'}
 {'id': '4999', 'offsets': array([158, 167]), 'role': '', 'semantic_type_id': '', 'text': 'evolution', 'type': 'EVENT'}
 {'id': '5014', 'offsets': array([172, 178]), 'role': '', 'semantic_type_id': '', 'text': 'marked', 'type': 'EVENT'}
 {'id': '5029', 'offsets': array([198, 208]), 'role': '', 'semantic_type_id': '', 'text': 'regression', 'type': 'EVENT'}
 {'id': '5044', 'offsets': array([245, 256]), 'role': '', 'semantic_type_id': '', 'text': 'improvement', 'type': 'EVENT'}
 {'id': '5241', 'offsets': array([216, 228]), 'role': '', 'semantic_type_id': 'C0015300', 'text': 'exophthalmia', 'type': 'CLINENTITY'}
 {'id': '5320', 'offsets': array([17, 28]), 'role': 'PATIENT', 'semantic_type_id': '', 'text': 'the patient', 'type': 'ACTOR'}
 {'id': '5374', 'offsets': array([ 0, 15]), 'role': '', 'semantic_type_id': '', 'text': 'Postoperatively', 'type': 'TIMEX3'}
 {'id': '5383', 'offsets': array([145, 152]), 'role': '', 'semantic_type_id': '', 'text': '2 weeks', 'type': 'TIMEX3'}]","A 3 years old girl born from non-consanguineous parents, without any neonatal suffering; with good psychomotor development, from a popular district in one of our cities, without any obvious contact with dogs; presented with exophthalmia associated with unilateral blindness evolving rapidly within 3 months. Clinical examination showed a non-pulsatile, painless, axial, irreducible exophthalmia with no sign of conjunctivitis or keratitis, and right monocular blindness, right ptosis; and fundal examination had objectified right papillary oedema. The rest of the clinical examination was normal. Brain and orbital magnetic resonance imaging (MRI) revealed an extra-connal right orbital lesion near the orbital apex, measuring 28 x 18mm, of oval shape, it appeared hypo-signal in T1 and hyper-signal in T2, limited by a thin wall which took contrast product, this lesion compressed the optic nerve towards the nasal region. Chest x-ray and abdominal ultrasound did not reveal any other localization. The patient was operated by performing a right extra-dural frontal approach, a cyst puncture was done in the first intention because the cyst was adherent to the neighbouring structures making its complete removal impossible, then a microscopic extirpation of the cystic membrane, combined with abundant washing by hypertonic serum to sterilize the cystic sit and reduce chances of dissemination. Histological examination was in favour of intra-orbital hydatidosis. Postoperatively, the patient was given an antihelminthic treatment of albendazole at a dose of 10mg per kilogram per day in 3 doses separated by 2 weeks; the evolution was marked by the significant regression of the exophthalmia and the gradual improvement of the visual acuity. The patient however still retains a right unilateral nasal hemianopia after two years of follow-up. An MRI done in the same period shows a cure of the patient by a complete disappearance of the cyst.
",EN100453,"<|im_start|>user Extract the entities contained in the text. Extract only entities contained in the text.
Return the result in a json format: [{""entity"":""entity_name""}]. <<Postoperatively, the patient was given an antihelminthic treatment of albendazole at a dose of 10mg per kilogram per day in 3 doses separated by 2 weeks; the evolution was marked by the significant regression of the exophthalmia and the gradual improvement of the visual acuity.>>> <|im_end|><|im_start|>assistant[{""entity"": ""treatment""}, {""entity"": ""evolution""}, {""entity"": ""marked""}, {""entity"": ""regression""}, {""entity"": ""improvement""}, {""entity"": ""exophthalmia""}, {""entity"": ""the patient""}, {""entity"": ""Postoperatively""}, {""entity"": ""2 weeks""}] <|im_end|>","<|im_start|>user Extract the entities contained in the text. Extract only entities contained in the text.
Return the result in a json format: [{""entity"":""entity_name""}]. <<<We present a case of a 32-year-old woman with a history of gradual enlargement of the anterior neck.>>> <|im_end|><|im_start|>assistant [{""entity"": ""present""}, {""entity"": ""history""}, {""entity"": ""enlargement""}] <|im_end|>
<|im_start|>user Extract the entities contained in the text. Extract only entities contained in the text.
Return the result in a json format: [{""entity"":""entity_name""}]. <<<Patient information: a 9-month-old boy presented to the emergency room with a 3-day history of refusal to bear weight on the right lower extremity and febrile peaks of up to 38.5°C for 24 hours.>>> <|im_end|><|im_start|>assistant [{""entity"": ""presented""}, {""entity"": ""refusal""}, {""entity"": ""bear""}, {""entity"": ""peaks""}] <|im_end|>
<|im_start|>user Extract the entities contained in the text. Extract only entities contained in the text.
Return the result in a json format: [{""entity"":""entity_name""}]. <<Postoperatively, the patient was given an antihelminthic treatment of albendazole at a dose of 10mg per kilogram per day in 3 doses separated by 2 weeks; the evolution was marked by the significant regression of the exophthalmia and the gradual improvement of the visual acuity.>>> <|im_end|><|im_start|>assistant","[{""entity"": ""treatment""}, {""entity"": ""evolution""}, {""entity"": ""marked""}, {""entity"": ""regression""}, {""entity"": ""improvement""}, {""entity"": ""exophthalmia""}, {""entity"": ""the patient""}, {""entity"": ""Postoperatively""}, {""entity"": ""2 weeks""}] ","[{""entity"": ""treatment""}, {""entity"": ""dose""}, {""entity"": ""separated""}, {""entity"": ""evolution"
The patient however still retains a right unilateral nasal hemianopia after two years of follow-up.,"[{'id': '5059', 'offsets': array([26, 33]), 'role': '', 'semantic_type_id': '', 'text': 'retains', 'type': 'EVENT'}
 {'id': '5074', 'offsets': array([59, 69]), 'role': '', 'semantic_type_id': '', 'text': 'hemianopia', 'type': 'EVENT'}
 {'id': '5089', 'offsets': array([89, 98]), 'role': '', 'semantic_type_id': '', 'text': 'follow-up', 'type': 'EVENT'}
 {'id': '5248', 'offsets': array([59, 69]), 'role': '', 'semantic_type_id': 'C0018979', 'text': 'hemianopia', 'type': 'CLINENTITY'}
 {'id': '5327', 'offsets': array([ 0, 11]), 'role': 'PATIENT', 'semantic_type_id': '', 'text': 'The patient', 'type': 'ACTOR'}
 {'id': '5392', 'offsets': array([76, 85]), 'role': '', 'semantic_type_id': '', 'text': 'two years', 'type': 'TIMEX3'}]","A 3 years old girl born from non-consanguineous parents, without any neonatal suffering; with good psychomotor development, from a popular district in one of our cities, without any obvious contact with dogs; presented with exophthalmia associated with unilateral blindness evolving rapidly within 3 months. Clinical examination showed a non-pulsatile, painless, axial, irreducible exophthalmia with no sign of conjunctivitis or keratitis, and right monocular blindness, right ptosis; and fundal examination had objectified right papillary oedema. The rest of the clinical examination was normal. Brain and orbital magnetic resonance imaging (MRI) revealed an extra-connal right orbital lesion near the orbital apex, measuring 28 x 18mm, of oval shape, it appeared hypo-signal in T1 and hyper-signal in T2, limited by a thin wall which took contrast product, this lesion compressed the optic nerve towards the nasal region. Chest x-ray and abdominal ultrasound did not reveal any other localization. The patient was operated by performing a right extra-dural frontal approach, a cyst puncture was done in the first intention because the cyst was adherent to the neighbouring structures making its complete removal impossible, then a microscopic extirpation of the cystic membrane, combined with abundant washing by hypertonic serum to sterilize the cystic sit and reduce chances of dissemination. Histological examination was in favour of intra-orbital hydatidosis. Postoperatively, the patient was given an antihelminthic treatment of albendazole at a dose of 10mg per kilogram per day in 3 doses separated by 2 weeks; the evolution was marked by the significant regression of the exophthalmia and the gradual improvement of the visual acuity. The patient however still retains a right unilateral nasal hemianopia after two years of follow-up. An MRI done in the same period shows a cure of the patient by a complete disappearance of the cyst.
",EN100453,"<|im_start|>user Extract the entities contained in the text. Extract only entities contained in the text.
Return the result in a json format: [{""entity"":""entity_name""}]. <<The patient however still retains a right unilateral nasal hemianopia after two years of follow-up.>>> <|im_end|><|im_start|>assistant[{""entity"": ""retains""}, {""entity"": ""hemianopia""}, {""entity"": ""follow-up""}, {""entity"": ""hemianopia""}, {""entity"": ""The patient""}, {""entity"": ""two years""}] <|im_end|>","<|im_start|>user Extract the entities contained in the text. Extract only entities contained in the text.
Return the result in a json format: [{""entity"":""entity_name""}]. <<<We present a case of a 32-year-old woman with a history of gradual enlargement of the anterior neck.>>> <|im_end|><|im_start|>assistant [{""entity"": ""present""}, {""entity"": ""history""}, {""entity"": ""enlargement""}] <|im_end|>
<|im_start|>user Extract the entities contained in the text. Extract only entities contained in the text.
Return the result in a json format: [{""entity"":""entity_name""}]. <<<Patient information: a 9-month-old boy presented to the emergency room with a 3-day history of refusal to bear weight on the right lower extremity and febrile peaks of up to 38.5°C for 24 hours.>>> <|im_end|><|im_start|>assistant [{""entity"": ""presented""}, {""entity"": ""refusal""}, {""entity"": ""bear""}, {""entity"": ""peaks""}] <|im_end|>
<|im_start|>user Extract the entities contained in the text. Extract only entities contained in the text.
Return the result in a json format: [{""entity"":""entity_name""}]. <<The patient however still retains a right unilateral nasal hemianopia after two years of follow-up.>>> <|im_end|><|im_start|>assistant","[{""entity"": ""retains""}, {""entity"": ""hemianopia""}, {""entity"": ""follow-up""}, {""entity"": ""hemianopia""}, {""entity"": ""The patient""}, {""entity"": ""two years""}] ","[{""entity"": ""retains""}, {""entity"": ""hemianopia""}, {""entity"": ""follow-up""}, {""entity"": ""The"
We received a boy 3-year-old boy with autistic disorder on hospital of pediatric ward A at university hospital Mohammed VI of Marrakesh.,"[{'id': '7428', 'offsets': array([ 3, 11]), 'role': '', 'semantic_type_id': '', 'text': 'received', 'type': 'EVENT'}
 {'id': '7443', 'offsets': array([47, 55]), 'role': '', 'semantic_type_id': '', 'text': 'disorder', 'type': 'EVENT'}
 {'id': '9033', 'offsets': array([38, 55]), 'role': '', 'semantic_type_id': 'C0004352', 'text': 'autistic disorder', 'type': 'CLINENTITY'}
 {'id': '9137', 'offsets': array([12, 32]), 'role': 'PATIENT', 'semantic_type_id': '', 'text': 'a boy 3-year-old boy', 'type': 'ACTOR'}]","We received a boy 3-year-old boy with autistic disorder on hospital of pediatric ward A at university hospital Mohammed VI of Marrakesh. He has no family history of illness or autistic spectrum disorder. The history revealed that at 2 years of age. The child was diagnosed with a ‘‘severe communication disorder,'' with social interaction difficulties and sensory processing delay. A composite follow-up of all previous assessments and investigations was undertaken. Blood work was normal (thyroid-stimulating hormone (TSH), hemoglobin, mean corpuscular volume (MCV), and ferritin). Genetic testing was unremarkable (normal karyotype, negative for fragile X) and the magnetic resonance imaging (MRI) in search of a demyelinating attack of the white matter, electroencephalography (EEG), optometry assessment were also normal. At the conclusion of this composite assessment, the boy was given a primary diagnosis of autistic spectrum disorder. A plan was instituted including speech-language therapy, intensive individualized educational programming, and contact was encouraged with the Autism Society. For that purpose, the parents moved to morocco to be surrounded by family without any huge improvement. Upon direct questioning at initial presentation, the 3-year-old child was reported by the parents to have unexplained fatigue, Gastrointestinal symptoms included bloating, constipation and diarrhea. Psychiatric symptoms included a frequently depressed mood, disproportionate anger, and emotional lability. On exploring his history, the child was born from yemenite father and Moroccan mother in Germany at-term weighing 3500 g with an Apgar score of 9 at 1 minute and 10 at 5 minutes after an uneventful pregnancy and delivery. No concerns were present in the neonatal period. Development in the first 24 months of life appeared fine according to the parents-his motor skills seemed to progress normally and he achieved expected milestones. After 2 years of age, however, his language skills slowly began to regress. He also demonstrated a change in temperament as he started to whine repeatedly and to scream without provocation. Physical examination revealed a height and weight normal for age. He was uncommunicative, restless, and somewhat agitated. General examination was unremarkable other than dark rings around the eyes. There were no dysmorphic features evident. He had difficulty maintaining eye contact, and he appeared disinterested in what was taking place. No abnormality was found on abdominal assessment. Anti-tissue transglutaminase antibodies levels were 76 U (normal < 10). The patient underwent upper endoscopy as duodenal biopsy to confirm a celiac disease diagnosis. It shows a total villous atrophy corresponding to a stage 4 of Marsh classification. Given the positive screen for celiac disease (positive anti-tissue transglutaminase antibodies and results of duodenal biopsy), dietary intervention was immediately commenced. All gluten was eliminated from the boy's diet. Within 1 month, the boy's gastrointestinal symptoms were relieved and his behavior had changed. The mother reported that her boy became progressively more communicative. The child has continued on the gluten-free diet and has progressed well and remained healthy over the following 6 months.
",EN100490,"<|im_start|>user Extract the entities contained in the text. Extract only entities contained in the text.
Return the result in a json format: [{""entity"":""entity_name""}]. <<We received a boy 3-year-old boy with autistic disorder on hospital of pediatric ward A at university hospital Mohammed VI of Marrakesh.>>> <|im_end|><|im_start|>assistant[{""entity"": ""received""}, {""entity"": ""disorder""}, {""entity"": ""autistic disorder""}, {""entity"": ""a boy 3-year-old boy""}] <|im_end|>","<|im_start|>user Extract the entities contained in the text. Extract only entities contained in the text.
Return the result in a json format: [{""entity"":""entity_name""}]. <<<We present a case of a 32-year-old woman with a history of gradual enlargement of the anterior neck.>>> <|im_end|><|im_start|>assistant [{""entity"": ""present""}, {""entity"": ""history""}, {""entity"": ""enlargement""}] <|im_end|>
<|im_start|>user Extract the entities contained in the text. Extract only entities contained in the text.
Return the result in a json format: [{""entity"":""entity_name""}]. <<<Patient information: a 9-month-old boy presented to the emergency room with a 3-day history of refusal to bear weight on the right lower extremity and febrile peaks of up to 38.5°C for 24 hours.>>> <|im_end|><|im_start|>assistant [{""entity"": ""presented""}, {""entity"": ""refusal""}, {""entity"": ""bear""}, {""entity"": ""peaks""}] <|im_end|>
<|im_start|>user Extract the entities contained in the text. Extract only entities contained in the text.
Return the result in a json format: [{""entity"":""entity_name""}]. <<We received a boy 3-year-old boy with autistic disorder on hospital of pediatric ward A at university hospital Mohammed VI of Marrakesh.>>> <|im_end|><|im_start|>assistant","[{""entity"": ""received""}, {""entity"": ""disorder""}, {""entity"": ""autistic disorder""}, {""entity"": ""a boy 3-year-old boy""}] ","[{""entity"": ""received""}, {""entity"": ""disorder""}, {""entity"": ""hospital""}, {""entity"": ""ward""}, {""entity"
He has no family history of illness or autistic spectrum disorder.,"[{'id': '7458', 'offsets': array([57, 65]), 'role': '', 'semantic_type_id': '', 'text': 'disorder', 'type': 'EVENT'}
 {'id': '9040', 'offsets': array([39, 65]), 'role': '', 'semantic_type_id': '', 'text': 'autistic spectrum disorder', 'type': 'CLINENTITY'}
 {'id': '9144', 'offsets': array([0, 2]), 'role': 'PATIENT', 'semantic_type_id': '', 'text': 'He', 'type': 'ACTOR'}]","We received a boy 3-year-old boy with autistic disorder on hospital of pediatric ward A at university hospital Mohammed VI of Marrakesh. He has no family history of illness or autistic spectrum disorder. The history revealed that at 2 years of age. The child was diagnosed with a ‘‘severe communication disorder,'' with social interaction difficulties and sensory processing delay. A composite follow-up of all previous assessments and investigations was undertaken. Blood work was normal (thyroid-stimulating hormone (TSH), hemoglobin, mean corpuscular volume (MCV), and ferritin). Genetic testing was unremarkable (normal karyotype, negative for fragile X) and the magnetic resonance imaging (MRI) in search of a demyelinating attack of the white matter, electroencephalography (EEG), optometry assessment were also normal. At the conclusion of this composite assessment, the boy was given a primary diagnosis of autistic spectrum disorder. A plan was instituted including speech-language therapy, intensive individualized educational programming, and contact was encouraged with the Autism Society. For that purpose, the parents moved to morocco to be surrounded by family without any huge improvement. Upon direct questioning at initial presentation, the 3-year-old child was reported by the parents to have unexplained fatigue, Gastrointestinal symptoms included bloating, constipation and diarrhea. Psychiatric symptoms included a frequently depressed mood, disproportionate anger, and emotional lability. On exploring his history, the child was born from yemenite father and Moroccan mother in Germany at-term weighing 3500 g with an Apgar score of 9 at 1 minute and 10 at 5 minutes after an uneventful pregnancy and delivery. No concerns were present in the neonatal period. Development in the first 24 months of life appeared fine according to the parents-his motor skills seemed to progress normally and he achieved expected milestones. After 2 years of age, however, his language skills slowly began to regress. He also demonstrated a change in temperament as he started to whine repeatedly and to scream without provocation. Physical examination revealed a height and weight normal for age. He was uncommunicative, restless, and somewhat agitated. General examination was unremarkable other than dark rings around the eyes. There were no dysmorphic features evident. He had difficulty maintaining eye contact, and he appeared disinterested in what was taking place. No abnormality was found on abdominal assessment. Anti-tissue transglutaminase antibodies levels were 76 U (normal < 10). The patient underwent upper endoscopy as duodenal biopsy to confirm a celiac disease diagnosis. It shows a total villous atrophy corresponding to a stage 4 of Marsh classification. Given the positive screen for celiac disease (positive anti-tissue transglutaminase antibodies and results of duodenal biopsy), dietary intervention was immediately commenced. All gluten was eliminated from the boy's diet. Within 1 month, the boy's gastrointestinal symptoms were relieved and his behavior had changed. The mother reported that her boy became progressively more communicative. The child has continued on the gluten-free diet and has progressed well and remained healthy over the following 6 months.
",EN100490,"<|im_start|>user Extract the entities contained in the text. Extract only entities contained in the text.
Return the result in a json format: [{""entity"":""entity_name""}]. <<He has no family history of illness or autistic spectrum disorder.>>> <|im_end|><|im_start|>assistant[{""entity"": ""disorder""}, {""entity"": ""autistic spectrum disorder""}, {""entity"": ""He""}] <|im_end|>","<|im_start|>user Extract the entities contained in the text. Extract only entities contained in the text.
Return the result in a json format: [{""entity"":""entity_name""}]. <<<We present a case of a 32-year-old woman with a history of gradual enlargement of the anterior neck.>>> <|im_end|><|im_start|>assistant [{""entity"": ""present""}, {""entity"": ""history""}, {""entity"": ""enlargement""}] <|im_end|>
<|im_start|>user Extract the entities contained in the text. Extract only entities contained in the text.
Return the result in a json format: [{""entity"":""entity_name""}]. <<<Patient information: a 9-month-old boy presented to the emergency room with a 3-day history of refusal to bear weight on the right lower extremity and febrile peaks of up to 38.5°C for 24 hours.>>> <|im_end|><|im_start|>assistant [{""entity"": ""presented""}, {""entity"": ""refusal""}, {""entity"": ""bear""}, {""entity"": ""peaks""}] <|im_end|>
<|im_start|>user Extract the entities contained in the text. Extract only entities contained in the text.
Return the result in a json format: [{""entity"":""entity_name""}]. <<He has no family history of illness or autistic spectrum disorder.>>> <|im_end|><|im_start|>assistant","[{""entity"": ""disorder""}, {""entity"": ""autistic spectrum disorder""}, {""entity"": ""He""}] ","[{""entity"": ""history""}, {""entity"": ""disorder""}, {""entity"": ""illness""}, {""entity"": ""autistic spectrum"
The history revealed that at 2 years of age.,"[{'id': '7473', 'offsets': array([ 4, 11]), 'role': '', 'semantic_type_id': '', 'text': 'history', 'type': 'EVENT'}
 {'id': '7488', 'offsets': array([12, 20]), 'role': '', 'semantic_type_id': '', 'text': 'revealed', 'type': 'EVENT'}]","We received a boy 3-year-old boy with autistic disorder on hospital of pediatric ward A at university hospital Mohammed VI of Marrakesh. He has no family history of illness or autistic spectrum disorder. The history revealed that at 2 years of age. The child was diagnosed with a ‘‘severe communication disorder,'' with social interaction difficulties and sensory processing delay. A composite follow-up of all previous assessments and investigations was undertaken. Blood work was normal (thyroid-stimulating hormone (TSH), hemoglobin, mean corpuscular volume (MCV), and ferritin). Genetic testing was unremarkable (normal karyotype, negative for fragile X) and the magnetic resonance imaging (MRI) in search of a demyelinating attack of the white matter, electroencephalography (EEG), optometry assessment were also normal. At the conclusion of this composite assessment, the boy was given a primary diagnosis of autistic spectrum disorder. A plan was instituted including speech-language therapy, intensive individualized educational programming, and contact was encouraged with the Autism Society. For that purpose, the parents moved to morocco to be surrounded by family without any huge improvement. Upon direct questioning at initial presentation, the 3-year-old child was reported by the parents to have unexplained fatigue, Gastrointestinal symptoms included bloating, constipation and diarrhea. Psychiatric symptoms included a frequently depressed mood, disproportionate anger, and emotional lability. On exploring his history, the child was born from yemenite father and Moroccan mother in Germany at-term weighing 3500 g with an Apgar score of 9 at 1 minute and 10 at 5 minutes after an uneventful pregnancy and delivery. No concerns were present in the neonatal period. Development in the first 24 months of life appeared fine according to the parents-his motor skills seemed to progress normally and he achieved expected milestones. After 2 years of age, however, his language skills slowly began to regress. He also demonstrated a change in temperament as he started to whine repeatedly and to scream without provocation. Physical examination revealed a height and weight normal for age. He was uncommunicative, restless, and somewhat agitated. General examination was unremarkable other than dark rings around the eyes. There were no dysmorphic features evident. He had difficulty maintaining eye contact, and he appeared disinterested in what was taking place. No abnormality was found on abdominal assessment. Anti-tissue transglutaminase antibodies levels were 76 U (normal < 10). The patient underwent upper endoscopy as duodenal biopsy to confirm a celiac disease diagnosis. It shows a total villous atrophy corresponding to a stage 4 of Marsh classification. Given the positive screen for celiac disease (positive anti-tissue transglutaminase antibodies and results of duodenal biopsy), dietary intervention was immediately commenced. All gluten was eliminated from the boy's diet. Within 1 month, the boy's gastrointestinal symptoms were relieved and his behavior had changed. The mother reported that her boy became progressively more communicative. The child has continued on the gluten-free diet and has progressed well and remained healthy over the following 6 months.
",EN100490,"<|im_start|>user Extract the entities contained in the text. Extract only entities contained in the text.
Return the result in a json format: [{""entity"":""entity_name""}]. <<The history revealed that at 2 years of age.>>> <|im_end|><|im_start|>assistant[{""entity"": ""history""}, {""entity"": ""revealed""}] <|im_end|>","<|im_start|>user Extract the entities contained in the text. Extract only entities contained in the text.
Return the result in a json format: [{""entity"":""entity_name""}]. <<<We present a case of a 32-year-old woman with a history of gradual enlargement of the anterior neck.>>> <|im_end|><|im_start|>assistant [{""entity"": ""present""}, {""entity"": ""history""}, {""entity"": ""enlargement""}] <|im_end|>
<|im_start|>user Extract the entities contained in the text. Extract only entities contained in the text.
Return the result in a json format: [{""entity"":""entity_name""}]. <<<Patient information: a 9-month-old boy presented to the emergency room with a 3-day history of refusal to bear weight on the right lower extremity and febrile peaks of up to 38.5°C for 24 hours.>>> <|im_end|><|im_start|>assistant [{""entity"": ""presented""}, {""entity"": ""refusal""}, {""entity"": ""bear""}, {""entity"": ""peaks""}] <|im_end|>
<|im_start|>user Extract the entities contained in the text. Extract only entities contained in the text.
Return the result in a json format: [{""entity"":""entity_name""}]. <<The history revealed that at 2 years of age.>>> <|im_end|><|im_start|>assistant","[{""entity"": ""history""}, {""entity"": ""revealed""}] ","[{""entity"": ""history""}, {""entity"": ""revealed""}, {""entity"": ""age""}, {""entity"": ""2 years""}]"
"The child was diagnosed with a ‘‘severe communication disorder,'' with social interaction difficulties and sensory processing delay.","[{'id': '7503', 'offsets': array([14, 23]), 'role': '', 'semantic_type_id': '', 'text': 'diagnosed', 'type': 'EVENT'}
 {'id': '7518', 'offsets': array([54, 62]), 'role': '', 'semantic_type_id': '', 'text': 'disorder', 'type': 'EVENT'}
 {'id': '7533', 'offsets': array([ 90, 102]), 'role': '', 'semantic_type_id': '', 'text': 'difficulties', 'type': 'EVENT'}
 {'id': '7548', 'offsets': array([126, 131]), 'role': '', 'semantic_type_id': '', 'text': 'delay', 'type': 'EVENT'}
 {'id': '9151', 'offsets': array([0, 9]), 'role': 'PATIENT', 'semantic_type_id': '', 'text': 'The child', 'type': 'ACTOR'}]","We received a boy 3-year-old boy with autistic disorder on hospital of pediatric ward A at university hospital Mohammed VI of Marrakesh. He has no family history of illness or autistic spectrum disorder. The history revealed that at 2 years of age. The child was diagnosed with a ‘‘severe communication disorder,'' with social interaction difficulties and sensory processing delay. A composite follow-up of all previous assessments and investigations was undertaken. Blood work was normal (thyroid-stimulating hormone (TSH), hemoglobin, mean corpuscular volume (MCV), and ferritin). Genetic testing was unremarkable (normal karyotype, negative for fragile X) and the magnetic resonance imaging (MRI) in search of a demyelinating attack of the white matter, electroencephalography (EEG), optometry assessment were also normal. At the conclusion of this composite assessment, the boy was given a primary diagnosis of autistic spectrum disorder. A plan was instituted including speech-language therapy, intensive individualized educational programming, and contact was encouraged with the Autism Society. For that purpose, the parents moved to morocco to be surrounded by family without any huge improvement. Upon direct questioning at initial presentation, the 3-year-old child was reported by the parents to have unexplained fatigue, Gastrointestinal symptoms included bloating, constipation and diarrhea. Psychiatric symptoms included a frequently depressed mood, disproportionate anger, and emotional lability. On exploring his history, the child was born from yemenite father and Moroccan mother in Germany at-term weighing 3500 g with an Apgar score of 9 at 1 minute and 10 at 5 minutes after an uneventful pregnancy and delivery. No concerns were present in the neonatal period. Development in the first 24 months of life appeared fine according to the parents-his motor skills seemed to progress normally and he achieved expected milestones. After 2 years of age, however, his language skills slowly began to regress. He also demonstrated a change in temperament as he started to whine repeatedly and to scream without provocation. Physical examination revealed a height and weight normal for age. He was uncommunicative, restless, and somewhat agitated. General examination was unremarkable other than dark rings around the eyes. There were no dysmorphic features evident. He had difficulty maintaining eye contact, and he appeared disinterested in what was taking place. No abnormality was found on abdominal assessment. Anti-tissue transglutaminase antibodies levels were 76 U (normal < 10). The patient underwent upper endoscopy as duodenal biopsy to confirm a celiac disease diagnosis. It shows a total villous atrophy corresponding to a stage 4 of Marsh classification. Given the positive screen for celiac disease (positive anti-tissue transglutaminase antibodies and results of duodenal biopsy), dietary intervention was immediately commenced. All gluten was eliminated from the boy's diet. Within 1 month, the boy's gastrointestinal symptoms were relieved and his behavior had changed. The mother reported that her boy became progressively more communicative. The child has continued on the gluten-free diet and has progressed well and remained healthy over the following 6 months.
",EN100490,"<|im_start|>user Extract the entities contained in the text. Extract only entities contained in the text.
Return the result in a json format: [{""entity"":""entity_name""}]. <<The child was diagnosed with a ‘‘severe communication disorder,'' with social interaction difficulties and sensory processing delay.>>> <|im_end|><|im_start|>assistant[{""entity"": ""diagnosed""}, {""entity"": ""disorder""}, {""entity"": ""difficulties""}, {""entity"": ""delay""}, {""entity"": ""The child""}] <|im_end|>","<|im_start|>user Extract the entities contained in the text. Extract only entities contained in the text.
Return the result in a json format: [{""entity"":""entity_name""}]. <<<We present a case of a 32-year-old woman with a history of gradual enlargement of the anterior neck.>>> <|im_end|><|im_start|>assistant [{""entity"": ""present""}, {""entity"": ""history""}, {""entity"": ""enlargement""}] <|im_end|>
<|im_start|>user Extract the entities contained in the text. Extract only entities contained in the text.
Return the result in a json format: [{""entity"":""entity_name""}]. <<<Patient information: a 9-month-old boy presented to the emergency room with a 3-day history of refusal to bear weight on the right lower extremity and febrile peaks of up to 38.5°C for 24 hours.>>> <|im_end|><|im_start|>assistant [{""entity"": ""presented""}, {""entity"": ""refusal""}, {""entity"": ""bear""}, {""entity"": ""peaks""}] <|im_end|>
<|im_start|>user Extract the entities contained in the text. Extract only entities contained in the text.
Return the result in a json format: [{""entity"":""entity_name""}]. <<The child was diagnosed with a ‘‘severe communication disorder,'' with social interaction difficulties and sensory processing delay.>>> <|im_end|><|im_start|>assistant","[{""entity"": ""diagnosed""}, {""entity"": ""disorder""}, {""entity"": ""difficulties""}, {""entity"": ""delay""}, {""entity"": ""The child""}] ","[{""entity"": ""diagnosed""}, {""entity"": ""disorder""}, {""entity"": ""difficulties""}, {""entity"": """
"Blood work was normal (thyroid-stimulating hormone (TSH), hemoglobin, mean corpuscular volume (MCV), and ferritin).","[{'id': '7578', 'offsets': array([ 6, 10]), 'role': '', 'semantic_type_id': '', 'text': 'work', 'type': 'EVENT'}
 {'id': '7593', 'offsets': array([87, 93]), 'role': '', 'semantic_type_id': '', 'text': 'volume', 'type': 'EVENT'}
 {'id': '7608', 'offsets': array([95, 98]), 'role': '', 'semantic_type_id': '', 'text': 'MCV', 'type': 'EVENT'}
 {'id': '9089', 'offsets': array([0, 5]), 'role': '', 'semantic_type_id': '', 'text': 'Blood', 'type': 'BODYPART'}
 {'id': '9095', 'offsets': array([43, 50]), 'role': '', 'semantic_type_id': '', 'text': 'hormone', 'type': 'BODYPART'}
 {'id': '9101', 'offsets': array([52, 55]), 'role': '', 'semantic_type_id': '', 'text': 'TSH', 'type': 'BODYPART'}
 {'id': '9107', 'offsets': array([58, 68]), 'role': '', 'semantic_type_id': '', 'text': 'hemoglobin', 'type': 'BODYPART'}
 {'id': '9113', 'offsets': array([105, 113]), 'role': '', 'semantic_type_id': '', 'text': 'ferritin', 'type': 'BODYPART'}
 {'id': '9305', 'offsets': array([15, 21]), 'role': '', 'semantic_type_id': '', 'text': 'normal', 'type': 'RML'}]","We received a boy 3-year-old boy with autistic disorder on hospital of pediatric ward A at university hospital Mohammed VI of Marrakesh. He has no family history of illness or autistic spectrum disorder. The history revealed that at 2 years of age. The child was diagnosed with a ‘‘severe communication disorder,'' with social interaction difficulties and sensory processing delay. A composite follow-up of all previous assessments and investigations was undertaken. Blood work was normal (thyroid-stimulating hormone (TSH), hemoglobin, mean corpuscular volume (MCV), and ferritin). Genetic testing was unremarkable (normal karyotype, negative for fragile X) and the magnetic resonance imaging (MRI) in search of a demyelinating attack of the white matter, electroencephalography (EEG), optometry assessment were also normal. At the conclusion of this composite assessment, the boy was given a primary diagnosis of autistic spectrum disorder. A plan was instituted including speech-language therapy, intensive individualized educational programming, and contact was encouraged with the Autism Society. For that purpose, the parents moved to morocco to be surrounded by family without any huge improvement. Upon direct questioning at initial presentation, the 3-year-old child was reported by the parents to have unexplained fatigue, Gastrointestinal symptoms included bloating, constipation and diarrhea. Psychiatric symptoms included a frequently depressed mood, disproportionate anger, and emotional lability. On exploring his history, the child was born from yemenite father and Moroccan mother in Germany at-term weighing 3500 g with an Apgar score of 9 at 1 minute and 10 at 5 minutes after an uneventful pregnancy and delivery. No concerns were present in the neonatal period. Development in the first 24 months of life appeared fine according to the parents-his motor skills seemed to progress normally and he achieved expected milestones. After 2 years of age, however, his language skills slowly began to regress. He also demonstrated a change in temperament as he started to whine repeatedly and to scream without provocation. Physical examination revealed a height and weight normal for age. He was uncommunicative, restless, and somewhat agitated. General examination was unremarkable other than dark rings around the eyes. There were no dysmorphic features evident. He had difficulty maintaining eye contact, and he appeared disinterested in what was taking place. No abnormality was found on abdominal assessment. Anti-tissue transglutaminase antibodies levels were 76 U (normal < 10). The patient underwent upper endoscopy as duodenal biopsy to confirm a celiac disease diagnosis. It shows a total villous atrophy corresponding to a stage 4 of Marsh classification. Given the positive screen for celiac disease (positive anti-tissue transglutaminase antibodies and results of duodenal biopsy), dietary intervention was immediately commenced. All gluten was eliminated from the boy's diet. Within 1 month, the boy's gastrointestinal symptoms were relieved and his behavior had changed. The mother reported that her boy became progressively more communicative. The child has continued on the gluten-free diet and has progressed well and remained healthy over the following 6 months.
",EN100490,"<|im_start|>user Extract the entities contained in the text. Extract only entities contained in the text.
Return the result in a json format: [{""entity"":""entity_name""}]. <<Blood work was normal (thyroid-stimulating hormone (TSH), hemoglobin, mean corpuscular volume (MCV), and ferritin).>>> <|im_end|><|im_start|>assistant[{""entity"": ""work""}, {""entity"": ""volume""}, {""entity"": ""MCV""}, {""entity"": ""Blood""}, {""entity"": ""hormone""}, {""entity"": ""TSH""}, {""entity"": ""hemoglobin""}, {""entity"": ""ferritin""}, {""entity"": ""normal""}] <|im_end|>","<|im_start|>user Extract the entities contained in the text. Extract only entities contained in the text.
Return the result in a json format: [{""entity"":""entity_name""}]. <<<We present a case of a 32-year-old woman with a history of gradual enlargement of the anterior neck.>>> <|im_end|><|im_start|>assistant [{""entity"": ""present""}, {""entity"": ""history""}, {""entity"": ""enlargement""}] <|im_end|>
<|im_start|>user Extract the entities contained in the text. Extract only entities contained in the text.
Return the result in a json format: [{""entity"":""entity_name""}]. <<<Patient information: a 9-month-old boy presented to the emergency room with a 3-day history of refusal to bear weight on the right lower extremity and febrile peaks of up to 38.5°C for 24 hours.>>> <|im_end|><|im_start|>assistant [{""entity"": ""presented""}, {""entity"": ""refusal""}, {""entity"": ""bear""}, {""entity"": ""peaks""}] <|im_end|>
<|im_start|>user Extract the entities contained in the text. Extract only entities contained in the text.
Return the result in a json format: [{""entity"":""entity_name""}]. <<Blood work was normal (thyroid-stimulating hormone (TSH), hemoglobin, mean corpuscular volume (MCV), and ferritin).>>> <|im_end|><|im_start|>assistant","[{""entity"": ""work""}, {""entity"": ""volume""}, {""entity"": ""MCV""}, {""entity"": ""Blood""}, {""entity"": ""hormone""}, {""entity"": ""TSH""}, {""entity"": ""hemoglobin""}, {""entity"": ""ferritin""}, {""entity"": ""normal""}] ","[{""entity"": ""work""}, {""entity"": ""normal""}, {""entity"": ""peaks""}, {""entity"": ""the thyroid-stim"
"Genetic testing was unremarkable (normal karyotype, negative for fragile X) and the magnetic resonance imaging (MRI) in search of a demyelinating attack of the white matter, electroencephalography (EEG), optometry assessment were also normal.","[{'id': '7623', 'offsets': array([ 8, 15]), 'role': '', 'semantic_type_id': '', 'text': 'testing', 'type': 'EVENT'}
 {'id': '7638', 'offsets': array([20, 32]), 'role': '', 'semantic_type_id': '', 'text': 'unremarkable', 'type': 'EVENT'}
 {'id': '7653', 'offsets': array([73, 74]), 'role': '', 'semantic_type_id': '', 'text': 'X', 'type': 'EVENT'}
 {'id': '7668', 'offsets': array([103, 110]), 'role': '', 'semantic_type_id': '', 'text': 'imaging', 'type': 'EVENT'}
 {'id': '7683', 'offsets': array([112, 115]), 'role': '', 'semantic_type_id': '', 'text': 'MRI', 'type': 'EVENT'}
 {'id': '7698', 'offsets': array([174, 196]), 'role': '', 'semantic_type_id': '', 'text': 'electroencephalography', 'type': 'EVENT'}
 {'id': '7713', 'offsets': array([198, 201]), 'role': '', 'semantic_type_id': '', 'text': 'EEG', 'type': 'EVENT'}
 {'id': '7728', 'offsets': array([214, 224]), 'role': '', 'semantic_type_id': '', 'text': 'assessment', 'type': 'EVENT'}
 {'id': '9119', 'offsets': array([41, 50]), 'role': '', 'semantic_type_id': '', 'text': 'karyotype', 'type': 'BODYPART'}
 {'id': '9311', 'offsets': array([52, 60]), 'role': '', 'semantic_type_id': '', 'text': 'negative', 'type': 'RML'}
 {'id': '9317', 'offsets': array([235, 241]), 'role': '', 'semantic_type_id': '', 'text': 'normal', 'type': 'RML'}]","We received a boy 3-year-old boy with autistic disorder on hospital of pediatric ward A at university hospital Mohammed VI of Marrakesh. He has no family history of illness or autistic spectrum disorder. The history revealed that at 2 years of age. The child was diagnosed with a ‘‘severe communication disorder,'' with social interaction difficulties and sensory processing delay. A composite follow-up of all previous assessments and investigations was undertaken. Blood work was normal (thyroid-stimulating hormone (TSH), hemoglobin, mean corpuscular volume (MCV), and ferritin). Genetic testing was unremarkable (normal karyotype, negative for fragile X) and the magnetic resonance imaging (MRI) in search of a demyelinating attack of the white matter, electroencephalography (EEG), optometry assessment were also normal. At the conclusion of this composite assessment, the boy was given a primary diagnosis of autistic spectrum disorder. A plan was instituted including speech-language therapy, intensive individualized educational programming, and contact was encouraged with the Autism Society. For that purpose, the parents moved to morocco to be surrounded by family without any huge improvement. Upon direct questioning at initial presentation, the 3-year-old child was reported by the parents to have unexplained fatigue, Gastrointestinal symptoms included bloating, constipation and diarrhea. Psychiatric symptoms included a frequently depressed mood, disproportionate anger, and emotional lability. On exploring his history, the child was born from yemenite father and Moroccan mother in Germany at-term weighing 3500 g with an Apgar score of 9 at 1 minute and 10 at 5 minutes after an uneventful pregnancy and delivery. No concerns were present in the neonatal period. Development in the first 24 months of life appeared fine according to the parents-his motor skills seemed to progress normally and he achieved expected milestones. After 2 years of age, however, his language skills slowly began to regress. He also demonstrated a change in temperament as he started to whine repeatedly and to scream without provocation. Physical examination revealed a height and weight normal for age. He was uncommunicative, restless, and somewhat agitated. General examination was unremarkable other than dark rings around the eyes. There were no dysmorphic features evident. He had difficulty maintaining eye contact, and he appeared disinterested in what was taking place. No abnormality was found on abdominal assessment. Anti-tissue transglutaminase antibodies levels were 76 U (normal < 10). The patient underwent upper endoscopy as duodenal biopsy to confirm a celiac disease diagnosis. It shows a total villous atrophy corresponding to a stage 4 of Marsh classification. Given the positive screen for celiac disease (positive anti-tissue transglutaminase antibodies and results of duodenal biopsy), dietary intervention was immediately commenced. All gluten was eliminated from the boy's diet. Within 1 month, the boy's gastrointestinal symptoms were relieved and his behavior had changed. The mother reported that her boy became progressively more communicative. The child has continued on the gluten-free diet and has progressed well and remained healthy over the following 6 months.
",EN100490,"<|im_start|>user Extract the entities contained in the text. Extract only entities contained in the text.
Return the result in a json format: [{""entity"":""entity_name""}]. <<Genetic testing was unremarkable (normal karyotype, negative for fragile X) and the magnetic resonance imaging (MRI) in search of a demyelinating attack of the white matter, electroencephalography (EEG), optometry assessment were also normal.>>> <|im_end|><|im_start|>assistant[{""entity"": ""testing""}, {""entity"": ""unremarkable""}, {""entity"": ""X""}, {""entity"": ""imaging""}, {""entity"": ""MRI""}, {""entity"": ""electroencephalography""}, {""entity"": ""EEG""}, {""entity"": ""assessment""}, {""entity"": ""karyotype""}, {""entity"": ""negative""}, {""entity"": ""normal""}] <|im_end|>","<|im_start|>user Extract the entities contained in the text. Extract only entities contained in the text.
Return the result in a json format: [{""entity"":""entity_name""}]. <<<We present a case of a 32-year-old woman with a history of gradual enlargement of the anterior neck.>>> <|im_end|><|im_start|>assistant [{""entity"": ""present""}, {""entity"": ""history""}, {""entity"": ""enlargement""}] <|im_end|>
<|im_start|>user Extract the entities contained in the text. Extract only entities contained in the text.
Return the result in a json format: [{""entity"":""entity_name""}]. <<<Patient information: a 9-month-old boy presented to the emergency room with a 3-day history of refusal to bear weight on the right lower extremity and febrile peaks of up to 38.5°C for 24 hours.>>> <|im_end|><|im_start|>assistant [{""entity"": ""presented""}, {""entity"": ""refusal""}, {""entity"": ""bear""}, {""entity"": ""peaks""}] <|im_end|>
<|im_start|>user Extract the entities contained in the text. Extract only entities contained in the text.
Return the result in a json format: [{""entity"":""entity_name""}]. <<Genetic testing was unremarkable (normal karyotype, negative for fragile X) and the magnetic resonance imaging (MRI) in search of a demyelinating attack of the white matter, electroencephalography (EEG), optometry assessment were also normal.>>> <|im_end|><|im_start|>assistant","[{""entity"": ""testing""}, {""entity"": ""unremarkable""}, {""entity"": ""X""}, {""entity"": ""imaging""}, {""entity"": ""MRI""}, {""entity"": ""electroencephalography""}, {""entity"": ""EEG""}, {""entity"": ""assessment""}, {""entity"": ""karyotype""}, {""entity"": ""negative""}, {""entity"": ""normal""}] ","[{""entity"": ""testing""}, {""entity"": ""karyotype""}, {""entity"": ""attack""}, {""entity"": ""assessment""}, {"""
"At the conclusion of this composite assessment, the boy was given a primary diagnosis of autistic spectrum disorder.","[{'id': '7743', 'offsets': array([ 7, 17]), 'role': '', 'semantic_type_id': '', 'text': 'conclusion', 'type': 'EVENT'}
 {'id': '7758', 'offsets': array([36, 46]), 'role': '', 'semantic_type_id': '', 'text': 'assessment', 'type': 'EVENT'}
 {'id': '7773', 'offsets': array([107, 115]), 'role': '', 'semantic_type_id': '', 'text': 'disorder', 'type': 'EVENT'}
 {'id': '9047', 'offsets': array([ 89, 115]), 'role': '', 'semantic_type_id': 'C0004352', 'text': 'autistic spectrum disorder', 'type': 'CLINENTITY'}
 {'id': '9158', 'offsets': array([48, 55]), 'role': 'PATIENT', 'semantic_type_id': '', 'text': 'the boy', 'type': 'ACTOR'}]","We received a boy 3-year-old boy with autistic disorder on hospital of pediatric ward A at university hospital Mohammed VI of Marrakesh. He has no family history of illness or autistic spectrum disorder. The history revealed that at 2 years of age. The child was diagnosed with a ‘‘severe communication disorder,'' with social interaction difficulties and sensory processing delay. A composite follow-up of all previous assessments and investigations was undertaken. Blood work was normal (thyroid-stimulating hormone (TSH), hemoglobin, mean corpuscular volume (MCV), and ferritin). Genetic testing was unremarkable (normal karyotype, negative for fragile X) and the magnetic resonance imaging (MRI) in search of a demyelinating attack of the white matter, electroencephalography (EEG), optometry assessment were also normal. At the conclusion of this composite assessment, the boy was given a primary diagnosis of autistic spectrum disorder. A plan was instituted including speech-language therapy, intensive individualized educational programming, and contact was encouraged with the Autism Society. For that purpose, the parents moved to morocco to be surrounded by family without any huge improvement. Upon direct questioning at initial presentation, the 3-year-old child was reported by the parents to have unexplained fatigue, Gastrointestinal symptoms included bloating, constipation and diarrhea. Psychiatric symptoms included a frequently depressed mood, disproportionate anger, and emotional lability. On exploring his history, the child was born from yemenite father and Moroccan mother in Germany at-term weighing 3500 g with an Apgar score of 9 at 1 minute and 10 at 5 minutes after an uneventful pregnancy and delivery. No concerns were present in the neonatal period. Development in the first 24 months of life appeared fine according to the parents-his motor skills seemed to progress normally and he achieved expected milestones. After 2 years of age, however, his language skills slowly began to regress. He also demonstrated a change in temperament as he started to whine repeatedly and to scream without provocation. Physical examination revealed a height and weight normal for age. He was uncommunicative, restless, and somewhat agitated. General examination was unremarkable other than dark rings around the eyes. There were no dysmorphic features evident. He had difficulty maintaining eye contact, and he appeared disinterested in what was taking place. No abnormality was found on abdominal assessment. Anti-tissue transglutaminase antibodies levels were 76 U (normal < 10). The patient underwent upper endoscopy as duodenal biopsy to confirm a celiac disease diagnosis. It shows a total villous atrophy corresponding to a stage 4 of Marsh classification. Given the positive screen for celiac disease (positive anti-tissue transglutaminase antibodies and results of duodenal biopsy), dietary intervention was immediately commenced. All gluten was eliminated from the boy's diet. Within 1 month, the boy's gastrointestinal symptoms were relieved and his behavior had changed. The mother reported that her boy became progressively more communicative. The child has continued on the gluten-free diet and has progressed well and remained healthy over the following 6 months.
",EN100490,"<|im_start|>user Extract the entities contained in the text. Extract only entities contained in the text.
Return the result in a json format: [{""entity"":""entity_name""}]. <<At the conclusion of this composite assessment, the boy was given a primary diagnosis of autistic spectrum disorder.>>> <|im_end|><|im_start|>assistant[{""entity"": ""conclusion""}, {""entity"": ""assessment""}, {""entity"": ""disorder""}, {""entity"": ""autistic spectrum disorder""}, {""entity"": ""the boy""}] <|im_end|>","<|im_start|>user Extract the entities contained in the text. Extract only entities contained in the text.
Return the result in a json format: [{""entity"":""entity_name""}]. <<<We present a case of a 32-year-old woman with a history of gradual enlargement of the anterior neck.>>> <|im_end|><|im_start|>assistant [{""entity"": ""present""}, {""entity"": ""history""}, {""entity"": ""enlargement""}] <|im_end|>
<|im_start|>user Extract the entities contained in the text. Extract only entities contained in the text.
Return the result in a json format: [{""entity"":""entity_name""}]. <<<Patient information: a 9-month-old boy presented to the emergency room with a 3-day history of refusal to bear weight on the right lower extremity and febrile peaks of up to 38.5°C for 24 hours.>>> <|im_end|><|im_start|>assistant [{""entity"": ""presented""}, {""entity"": ""refusal""}, {""entity"": ""bear""}, {""entity"": ""peaks""}] <|im_end|>
<|im_start|>user Extract the entities contained in the text. Extract only entities contained in the text.
Return the result in a json format: [{""entity"":""entity_name""}]. <<At the conclusion of this composite assessment, the boy was given a primary diagnosis of autistic spectrum disorder.>>> <|im_end|><|im_start|>assistant","[{""entity"": ""conclusion""}, {""entity"": ""assessment""}, {""entity"": ""disorder""}, {""entity"": ""autistic spectrum disorder""}, {""entity"": ""the boy""}] ","[{""entity"": ""assessment""}, {""entity"": ""diagnosis""}, {""entity"": ""autistic spectrum disorder""}, {""entity"": ""the"
"A plan was instituted including speech-language therapy, intensive individualized educational programming, and contact was encouraged with the Autism Society.","[{'id': '7788', 'offsets': array([2, 6]), 'role': '', 'semantic_type_id': '', 'text': 'plan', 'type': 'EVENT'}
 {'id': '7803', 'offsets': array([48, 55]), 'role': '', 'semantic_type_id': '', 'text': 'therapy', 'type': 'EVENT'}
 {'id': '7818', 'offsets': array([ 94, 105]), 'role': '', 'semantic_type_id': '', 'text': 'programming', 'type': 'EVENT'}
 {'id': '7833', 'offsets': array([111, 118]), 'role': '', 'semantic_type_id': '', 'text': 'contact', 'type': 'EVENT'}
 {'id': '7848', 'offsets': array([123, 133]), 'role': '', 'semantic_type_id': '', 'text': 'encouraged', 'type': 'EVENT'}]","We received a boy 3-year-old boy with autistic disorder on hospital of pediatric ward A at university hospital Mohammed VI of Marrakesh. He has no family history of illness or autistic spectrum disorder. The history revealed that at 2 years of age. The child was diagnosed with a ‘‘severe communication disorder,'' with social interaction difficulties and sensory processing delay. A composite follow-up of all previous assessments and investigations was undertaken. Blood work was normal (thyroid-stimulating hormone (TSH), hemoglobin, mean corpuscular volume (MCV), and ferritin). Genetic testing was unremarkable (normal karyotype, negative for fragile X) and the magnetic resonance imaging (MRI) in search of a demyelinating attack of the white matter, electroencephalography (EEG), optometry assessment were also normal. At the conclusion of this composite assessment, the boy was given a primary diagnosis of autistic spectrum disorder. A plan was instituted including speech-language therapy, intensive individualized educational programming, and contact was encouraged with the Autism Society. For that purpose, the parents moved to morocco to be surrounded by family without any huge improvement. Upon direct questioning at initial presentation, the 3-year-old child was reported by the parents to have unexplained fatigue, Gastrointestinal symptoms included bloating, constipation and diarrhea. Psychiatric symptoms included a frequently depressed mood, disproportionate anger, and emotional lability. On exploring his history, the child was born from yemenite father and Moroccan mother in Germany at-term weighing 3500 g with an Apgar score of 9 at 1 minute and 10 at 5 minutes after an uneventful pregnancy and delivery. No concerns were present in the neonatal period. Development in the first 24 months of life appeared fine according to the parents-his motor skills seemed to progress normally and he achieved expected milestones. After 2 years of age, however, his language skills slowly began to regress. He also demonstrated a change in temperament as he started to whine repeatedly and to scream without provocation. Physical examination revealed a height and weight normal for age. He was uncommunicative, restless, and somewhat agitated. General examination was unremarkable other than dark rings around the eyes. There were no dysmorphic features evident. He had difficulty maintaining eye contact, and he appeared disinterested in what was taking place. No abnormality was found on abdominal assessment. Anti-tissue transglutaminase antibodies levels were 76 U (normal < 10). The patient underwent upper endoscopy as duodenal biopsy to confirm a celiac disease diagnosis. It shows a total villous atrophy corresponding to a stage 4 of Marsh classification. Given the positive screen for celiac disease (positive anti-tissue transglutaminase antibodies and results of duodenal biopsy), dietary intervention was immediately commenced. All gluten was eliminated from the boy's diet. Within 1 month, the boy's gastrointestinal symptoms were relieved and his behavior had changed. The mother reported that her boy became progressively more communicative. The child has continued on the gluten-free diet and has progressed well and remained healthy over the following 6 months.
",EN100490,"<|im_start|>user Extract the entities contained in the text. Extract only entities contained in the text.
Return the result in a json format: [{""entity"":""entity_name""}]. <<A plan was instituted including speech-language therapy, intensive individualized educational programming, and contact was encouraged with the Autism Society.>>> <|im_end|><|im_start|>assistant[{""entity"": ""plan""}, {""entity"": ""therapy""}, {""entity"": ""programming""}, {""entity"": ""contact""}, {""entity"": ""encouraged""}] <|im_end|>","<|im_start|>user Extract the entities contained in the text. Extract only entities contained in the text.
Return the result in a json format: [{""entity"":""entity_name""}]. <<<We present a case of a 32-year-old woman with a history of gradual enlargement of the anterior neck.>>> <|im_end|><|im_start|>assistant [{""entity"": ""present""}, {""entity"": ""history""}, {""entity"": ""enlargement""}] <|im_end|>
<|im_start|>user Extract the entities contained in the text. Extract only entities contained in the text.
Return the result in a json format: [{""entity"":""entity_name""}]. <<<Patient information: a 9-month-old boy presented to the emergency room with a 3-day history of refusal to bear weight on the right lower extremity and febrile peaks of up to 38.5°C for 24 hours.>>> <|im_end|><|im_start|>assistant [{""entity"": ""presented""}, {""entity"": ""refusal""}, {""entity"": ""bear""}, {""entity"": ""peaks""}] <|im_end|>
<|im_start|>user Extract the entities contained in the text. Extract only entities contained in the text.
Return the result in a json format: [{""entity"":""entity_name""}]. <<A plan was instituted including speech-language therapy, intensive individualized educational programming, and contact was encouraged with the Autism Society.>>> <|im_end|><|im_start|>assistant","[{""entity"": ""plan""}, {""entity"": ""therapy""}, {""entity"": ""programming""}, {""entity"": ""contact""}, {""entity"": ""encouraged""}] ","[{""entity"": ""instituted""}, {""entity"": ""therapy""}, {""entity"": ""programming""}, {""entity"": ""encouraged"
"For that purpose, the parents moved to morocco to be surrounded by family without any huge improvement.","[{'id': '7863', 'offsets': array([30, 35]), 'role': '', 'semantic_type_id': '', 'text': 'moved', 'type': 'EVENT'}
 {'id': '7878', 'offsets': array([53, 63]), 'role': '', 'semantic_type_id': '', 'text': 'surrounded', 'type': 'EVENT'}
 {'id': '7893', 'offsets': array([ 91, 102]), 'role': '', 'semantic_type_id': '', 'text': 'improvement', 'type': 'EVENT'}
 {'id': '9165', 'offsets': array([18, 29]), 'role': 'OTHER', 'semantic_type_id': '', 'text': 'the parents', 'type': 'ACTOR'}
 {'id': '9172', 'offsets': array([67, 73]), 'role': 'OTHER', 'semantic_type_id': '', 'text': 'family', 'type': 'ACTOR'}]","We received a boy 3-year-old boy with autistic disorder on hospital of pediatric ward A at university hospital Mohammed VI of Marrakesh. He has no family history of illness or autistic spectrum disorder. The history revealed that at 2 years of age. The child was diagnosed with a ‘‘severe communication disorder,'' with social interaction difficulties and sensory processing delay. A composite follow-up of all previous assessments and investigations was undertaken. Blood work was normal (thyroid-stimulating hormone (TSH), hemoglobin, mean corpuscular volume (MCV), and ferritin). Genetic testing was unremarkable (normal karyotype, negative for fragile X) and the magnetic resonance imaging (MRI) in search of a demyelinating attack of the white matter, electroencephalography (EEG), optometry assessment were also normal. At the conclusion of this composite assessment, the boy was given a primary diagnosis of autistic spectrum disorder. A plan was instituted including speech-language therapy, intensive individualized educational programming, and contact was encouraged with the Autism Society. For that purpose, the parents moved to morocco to be surrounded by family without any huge improvement. Upon direct questioning at initial presentation, the 3-year-old child was reported by the parents to have unexplained fatigue, Gastrointestinal symptoms included bloating, constipation and diarrhea. Psychiatric symptoms included a frequently depressed mood, disproportionate anger, and emotional lability. On exploring his history, the child was born from yemenite father and Moroccan mother in Germany at-term weighing 3500 g with an Apgar score of 9 at 1 minute and 10 at 5 minutes after an uneventful pregnancy and delivery. No concerns were present in the neonatal period. Development in the first 24 months of life appeared fine according to the parents-his motor skills seemed to progress normally and he achieved expected milestones. After 2 years of age, however, his language skills slowly began to regress. He also demonstrated a change in temperament as he started to whine repeatedly and to scream without provocation. Physical examination revealed a height and weight normal for age. He was uncommunicative, restless, and somewhat agitated. General examination was unremarkable other than dark rings around the eyes. There were no dysmorphic features evident. He had difficulty maintaining eye contact, and he appeared disinterested in what was taking place. No abnormality was found on abdominal assessment. Anti-tissue transglutaminase antibodies levels were 76 U (normal < 10). The patient underwent upper endoscopy as duodenal biopsy to confirm a celiac disease diagnosis. It shows a total villous atrophy corresponding to a stage 4 of Marsh classification. Given the positive screen for celiac disease (positive anti-tissue transglutaminase antibodies and results of duodenal biopsy), dietary intervention was immediately commenced. All gluten was eliminated from the boy's diet. Within 1 month, the boy's gastrointestinal symptoms were relieved and his behavior had changed. The mother reported that her boy became progressively more communicative. The child has continued on the gluten-free diet and has progressed well and remained healthy over the following 6 months.
",EN100490,"<|im_start|>user Extract the entities contained in the text. Extract only entities contained in the text.
Return the result in a json format: [{""entity"":""entity_name""}]. <<For that purpose, the parents moved to morocco to be surrounded by family without any huge improvement.>>> <|im_end|><|im_start|>assistant[{""entity"": ""moved""}, {""entity"": ""surrounded""}, {""entity"": ""improvement""}, {""entity"": ""the parents""}, {""entity"": ""family""}] <|im_end|>","<|im_start|>user Extract the entities contained in the text. Extract only entities contained in the text.
Return the result in a json format: [{""entity"":""entity_name""}]. <<<We present a case of a 32-year-old woman with a history of gradual enlargement of the anterior neck.>>> <|im_end|><|im_start|>assistant [{""entity"": ""present""}, {""entity"": ""history""}, {""entity"": ""enlargement""}] <|im_end|>
<|im_start|>user Extract the entities contained in the text. Extract only entities contained in the text.
Return the result in a json format: [{""entity"":""entity_name""}]. <<<Patient information: a 9-month-old boy presented to the emergency room with a 3-day history of refusal to bear weight on the right lower extremity and febrile peaks of up to 38.5°C for 24 hours.>>> <|im_end|><|im_start|>assistant [{""entity"": ""presented""}, {""entity"": ""refusal""}, {""entity"": ""bear""}, {""entity"": ""peaks""}] <|im_end|>
<|im_start|>user Extract the entities contained in the text. Extract only entities contained in the text.
Return the result in a json format: [{""entity"":""entity_name""}]. <<For that purpose, the parents moved to morocco to be surrounded by family without any huge improvement.>>> <|im_end|><|im_start|>assistant","[{""entity"": ""moved""}, {""entity"": ""surrounded""}, {""entity"": ""improvement""}, {""entity"": ""the parents""}, {""entity"": ""family""}] ","[{""entity"": ""moved""}, {""entity"": ""improvement""}, {""entity"": ""surrounded""}, {""entity"": ""the parents"
"Upon direct questioning at initial presentation, the 3-year-old child was reported by the parents to have unexplained fatigue, Gastrointestinal symptoms included bloating, constipation and diarrhea.","[{'id': '7908', 'offsets': array([12, 23]), 'role': '', 'semantic_type_id': '', 'text': 'questioning', 'type': 'EVENT'}
 {'id': '7923', 'offsets': array([74, 82]), 'role': '', 'semantic_type_id': '', 'text': 'reported', 'type': 'EVENT'}
 {'id': '7938', 'offsets': array([118, 125]), 'role': '', 'semantic_type_id': '', 'text': 'fatigue', 'type': 'EVENT'}
 {'id': '7953', 'offsets': array([144, 152]), 'role': '', 'semantic_type_id': '', 'text': 'symptoms', 'type': 'EVENT'}
 {'id': '7968', 'offsets': array([162, 170]), 'role': '', 'semantic_type_id': '', 'text': 'bloating', 'type': 'EVENT'}
 {'id': '7983', 'offsets': array([172, 184]), 'role': '', 'semantic_type_id': '', 'text': 'constipation', 'type': 'EVENT'}
 {'id': '7998', 'offsets': array([189, 197]), 'role': '', 'semantic_type_id': '', 'text': 'diarrhea', 'type': 'EVENT'}
 {'id': '9054', 'offsets': array([162, 170]), 'role': '', 'semantic_type_id': 'C1291077', 'text': 'bloating', 'type': 'CLINENTITY'}
 {'id': '9061', 'offsets': array([172, 184]), 'role': '', 'semantic_type_id': 'C0009806', 'text': 'constipation', 'type': 'CLINENTITY'}
 {'id': '9068', 'offsets': array([189, 197]), 'role': '', 'semantic_type_id': 'C0011991', 'text': 'diarrhea', 'type': 'CLINENTITY'}
 {'id': '9179', 'offsets': array([49, 69]), 'role': 'PATIENT', 'semantic_type_id': '', 'text': 'the 3-year-old child', 'type': 'ACTOR'}
 {'id': '9186', 'offsets': array([86, 97]), 'role': 'OTHER', 'semantic_type_id': '', 'text': 'the parents', 'type': 'ACTOR'}]","We received a boy 3-year-old boy with autistic disorder on hospital of pediatric ward A at university hospital Mohammed VI of Marrakesh. He has no family history of illness or autistic spectrum disorder. The history revealed that at 2 years of age. The child was diagnosed with a ‘‘severe communication disorder,'' with social interaction difficulties and sensory processing delay. A composite follow-up of all previous assessments and investigations was undertaken. Blood work was normal (thyroid-stimulating hormone (TSH), hemoglobin, mean corpuscular volume (MCV), and ferritin). Genetic testing was unremarkable (normal karyotype, negative for fragile X) and the magnetic resonance imaging (MRI) in search of a demyelinating attack of the white matter, electroencephalography (EEG), optometry assessment were also normal. At the conclusion of this composite assessment, the boy was given a primary diagnosis of autistic spectrum disorder. A plan was instituted including speech-language therapy, intensive individualized educational programming, and contact was encouraged with the Autism Society. For that purpose, the parents moved to morocco to be surrounded by family without any huge improvement. Upon direct questioning at initial presentation, the 3-year-old child was reported by the parents to have unexplained fatigue, Gastrointestinal symptoms included bloating, constipation and diarrhea. Psychiatric symptoms included a frequently depressed mood, disproportionate anger, and emotional lability. On exploring his history, the child was born from yemenite father and Moroccan mother in Germany at-term weighing 3500 g with an Apgar score of 9 at 1 minute and 10 at 5 minutes after an uneventful pregnancy and delivery. No concerns were present in the neonatal period. Development in the first 24 months of life appeared fine according to the parents-his motor skills seemed to progress normally and he achieved expected milestones. After 2 years of age, however, his language skills slowly began to regress. He also demonstrated a change in temperament as he started to whine repeatedly and to scream without provocation. Physical examination revealed a height and weight normal for age. He was uncommunicative, restless, and somewhat agitated. General examination was unremarkable other than dark rings around the eyes. There were no dysmorphic features evident. He had difficulty maintaining eye contact, and he appeared disinterested in what was taking place. No abnormality was found on abdominal assessment. Anti-tissue transglutaminase antibodies levels were 76 U (normal < 10). The patient underwent upper endoscopy as duodenal biopsy to confirm a celiac disease diagnosis. It shows a total villous atrophy corresponding to a stage 4 of Marsh classification. Given the positive screen for celiac disease (positive anti-tissue transglutaminase antibodies and results of duodenal biopsy), dietary intervention was immediately commenced. All gluten was eliminated from the boy's diet. Within 1 month, the boy's gastrointestinal symptoms were relieved and his behavior had changed. The mother reported that her boy became progressively more communicative. The child has continued on the gluten-free diet and has progressed well and remained healthy over the following 6 months.
",EN100490,"<|im_start|>user Extract the entities contained in the text. Extract only entities contained in the text.
Return the result in a json format: [{""entity"":""entity_name""}]. <<Upon direct questioning at initial presentation, the 3-year-old child was reported by the parents to have unexplained fatigue, Gastrointestinal symptoms included bloating, constipation and diarrhea.>>> <|im_end|><|im_start|>assistant[{""entity"": ""questioning""}, {""entity"": ""reported""}, {""entity"": ""fatigue""}, {""entity"": ""symptoms""}, {""entity"": ""bloating""}, {""entity"": ""constipation""}, {""entity"": ""diarrhea""}, {""entity"": ""bloating""}, {""entity"": ""constipation""}, {""entity"": ""diarrhea""}, {""entity"": ""the 3-year-old child""}, {""entity"": ""the parents""}] <|im_end|>","<|im_start|>user Extract the entities contained in the text. Extract only entities contained in the text.
Return the result in a json format: [{""entity"":""entity_name""}]. <<<We present a case of a 32-year-old woman with a history of gradual enlargement of the anterior neck.>>> <|im_end|><|im_start|>assistant [{""entity"": ""present""}, {""entity"": ""history""}, {""entity"": ""enlargement""}] <|im_end|>
<|im_start|>user Extract the entities contained in the text. Extract only entities contained in the text.
Return the result in a json format: [{""entity"":""entity_name""}]. <<<Patient information: a 9-month-old boy presented to the emergency room with a 3-day history of refusal to bear weight on the right lower extremity and febrile peaks of up to 38.5°C for 24 hours.>>> <|im_end|><|im_start|>assistant [{""entity"": ""presented""}, {""entity"": ""refusal""}, {""entity"": ""bear""}, {""entity"": ""peaks""}] <|im_end|>
<|im_start|>user Extract the entities contained in the text. Extract only entities contained in the text.
Return the result in a json format: [{""entity"":""entity_name""}]. <<Upon direct questioning at initial presentation, the 3-year-old child was reported by the parents to have unexplained fatigue, Gastrointestinal symptoms included bloating, constipation and diarrhea.>>> <|im_end|><|im_start|>assistant","[{""entity"": ""questioning""}, {""entity"": ""reported""}, {""entity"": ""fatigue""}, {""entity"": ""symptoms""}, {""entity"": ""bloating""}, {""entity"": ""constipation""}, {""entity"": ""diarrhea""}, {""entity"": ""bloating""}, {""entity"": ""constipation""}, {""entity"": ""diarrhea""}, {""entity"": ""the 3-year-old child""}, {""entity"": ""the parents""}] ","[{""entity"": ""questioning""}, {""entity"": ""presentation""}, {""entity"": ""reported""}, {""entity"": ""fatigue""}, {"""
"Psychiatric symptoms included a frequently depressed mood, disproportionate anger, and emotional lability.","[{'id': '8013', 'offsets': array([12, 20]), 'role': '', 'semantic_type_id': '', 'text': 'symptoms', 'type': 'EVENT'}
 {'id': '8028', 'offsets': array([53, 57]), 'role': '', 'semantic_type_id': '', 'text': 'mood', 'type': 'EVENT'}
 {'id': '8043', 'offsets': array([76, 81]), 'role': '', 'semantic_type_id': '', 'text': 'anger', 'type': 'EVENT'}
 {'id': '8058', 'offsets': array([ 97, 105]), 'role': '', 'semantic_type_id': '', 'text': 'lability', 'type': 'EVENT'}]","We received a boy 3-year-old boy with autistic disorder on hospital of pediatric ward A at university hospital Mohammed VI of Marrakesh. He has no family history of illness or autistic spectrum disorder. The history revealed that at 2 years of age. The child was diagnosed with a ‘‘severe communication disorder,'' with social interaction difficulties and sensory processing delay. A composite follow-up of all previous assessments and investigations was undertaken. Blood work was normal (thyroid-stimulating hormone (TSH), hemoglobin, mean corpuscular volume (MCV), and ferritin). Genetic testing was unremarkable (normal karyotype, negative for fragile X) and the magnetic resonance imaging (MRI) in search of a demyelinating attack of the white matter, electroencephalography (EEG), optometry assessment were also normal. At the conclusion of this composite assessment, the boy was given a primary diagnosis of autistic spectrum disorder. A plan was instituted including speech-language therapy, intensive individualized educational programming, and contact was encouraged with the Autism Society. For that purpose, the parents moved to morocco to be surrounded by family without any huge improvement. Upon direct questioning at initial presentation, the 3-year-old child was reported by the parents to have unexplained fatigue, Gastrointestinal symptoms included bloating, constipation and diarrhea. Psychiatric symptoms included a frequently depressed mood, disproportionate anger, and emotional lability. On exploring his history, the child was born from yemenite father and Moroccan mother in Germany at-term weighing 3500 g with an Apgar score of 9 at 1 minute and 10 at 5 minutes after an uneventful pregnancy and delivery. No concerns were present in the neonatal period. Development in the first 24 months of life appeared fine according to the parents-his motor skills seemed to progress normally and he achieved expected milestones. After 2 years of age, however, his language skills slowly began to regress. He also demonstrated a change in temperament as he started to whine repeatedly and to scream without provocation. Physical examination revealed a height and weight normal for age. He was uncommunicative, restless, and somewhat agitated. General examination was unremarkable other than dark rings around the eyes. There were no dysmorphic features evident. He had difficulty maintaining eye contact, and he appeared disinterested in what was taking place. No abnormality was found on abdominal assessment. Anti-tissue transglutaminase antibodies levels were 76 U (normal < 10). The patient underwent upper endoscopy as duodenal biopsy to confirm a celiac disease diagnosis. It shows a total villous atrophy corresponding to a stage 4 of Marsh classification. Given the positive screen for celiac disease (positive anti-tissue transglutaminase antibodies and results of duodenal biopsy), dietary intervention was immediately commenced. All gluten was eliminated from the boy's diet. Within 1 month, the boy's gastrointestinal symptoms were relieved and his behavior had changed. The mother reported that her boy became progressively more communicative. The child has continued on the gluten-free diet and has progressed well and remained healthy over the following 6 months.
",EN100490,"<|im_start|>user Extract the entities contained in the text. Extract only entities contained in the text.
Return the result in a json format: [{""entity"":""entity_name""}]. <<Psychiatric symptoms included a frequently depressed mood, disproportionate anger, and emotional lability.>>> <|im_end|><|im_start|>assistant[{""entity"": ""symptoms""}, {""entity"": ""mood""}, {""entity"": ""anger""}, {""entity"": ""lability""}] <|im_end|>","<|im_start|>user Extract the entities contained in the text. Extract only entities contained in the text.
Return the result in a json format: [{""entity"":""entity_name""}]. <<<We present a case of a 32-year-old woman with a history of gradual enlargement of the anterior neck.>>> <|im_end|><|im_start|>assistant [{""entity"": ""present""}, {""entity"": ""history""}, {""entity"": ""enlargement""}] <|im_end|>
<|im_start|>user Extract the entities contained in the text. Extract only entities contained in the text.
Return the result in a json format: [{""entity"":""entity_name""}]. <<<Patient information: a 9-month-old boy presented to the emergency room with a 3-day history of refusal to bear weight on the right lower extremity and febrile peaks of up to 38.5°C for 24 hours.>>> <|im_end|><|im_start|>assistant [{""entity"": ""presented""}, {""entity"": ""refusal""}, {""entity"": ""bear""}, {""entity"": ""peaks""}] <|im_end|>
<|im_start|>user Extract the entities contained in the text. Extract only entities contained in the text.
Return the result in a json format: [{""entity"":""entity_name""}]. <<Psychiatric symptoms included a frequently depressed mood, disproportionate anger, and emotional lability.>>> <|im_end|><|im_start|>assistant","[{""entity"": ""symptoms""}, {""entity"": ""mood""}, {""entity"": ""anger""}, {""entity"": ""lability""}] ","[{""entity"": ""symptoms""}, {""entity"": ""mood""}, {""entity"": ""anger""}, {""entity"": ""lability""},"
"On exploring his history, the child was born from yemenite father and Moroccan mother in Germany at-term weighing 3500 g with an Apgar score of 9 at 1 minute and 10 at 5 minutes after an uneventful pregnancy and delivery.","[{'id': '8073', 'offsets': array([ 3, 12]), 'role': '', 'semantic_type_id': '', 'text': 'exploring', 'type': 'EVENT'}
 {'id': '8088', 'offsets': array([40, 44]), 'role': '', 'semantic_type_id': '', 'text': 'born', 'type': 'EVENT'}
 {'id': '8103', 'offsets': array([105, 113]), 'role': '', 'semantic_type_id': '', 'text': 'weighing', 'type': 'EVENT'}
 {'id': '8118', 'offsets': array([129, 134]), 'role': '', 'semantic_type_id': '', 'text': 'Apgar', 'type': 'EVENT'}
 {'id': '8133', 'offsets': array([198, 207]), 'role': '', 'semantic_type_id': '', 'text': 'pregnancy', 'type': 'EVENT'}
 {'id': '8148', 'offsets': array([212, 220]), 'role': '', 'semantic_type_id': '', 'text': 'delivery', 'type': 'EVENT'}
 {'id': '9193', 'offsets': array([26, 35]), 'role': 'PATIENT', 'semantic_type_id': '', 'text': 'the child', 'type': 'ACTOR'}
 {'id': '9200', 'offsets': array([50, 65]), 'role': 'OTHER', 'semantic_type_id': '', 'text': 'yemenite father', 'type': 'ACTOR'}
 {'id': '9207', 'offsets': array([70, 85]), 'role': 'OTHER', 'semantic_type_id': '', 'text': 'Moroccan mother', 'type': 'ACTOR'}
 {'id': '9323', 'offsets': array([114, 120]), 'role': '', 'semantic_type_id': '', 'text': '3500 g', 'type': 'RML'}
 {'id': '9329', 'offsets': array([144, 145]), 'role': '', 'semantic_type_id': '', 'text': '9', 'type': 'RML'}
 {'id': '9335', 'offsets': array([162, 164]), 'role': '', 'semantic_type_id': '', 'text': '10', 'type': 'RML'}]","We received a boy 3-year-old boy with autistic disorder on hospital of pediatric ward A at university hospital Mohammed VI of Marrakesh. He has no family history of illness or autistic spectrum disorder. The history revealed that at 2 years of age. The child was diagnosed with a ‘‘severe communication disorder,'' with social interaction difficulties and sensory processing delay. A composite follow-up of all previous assessments and investigations was undertaken. Blood work was normal (thyroid-stimulating hormone (TSH), hemoglobin, mean corpuscular volume (MCV), and ferritin). Genetic testing was unremarkable (normal karyotype, negative for fragile X) and the magnetic resonance imaging (MRI) in search of a demyelinating attack of the white matter, electroencephalography (EEG), optometry assessment were also normal. At the conclusion of this composite assessment, the boy was given a primary diagnosis of autistic spectrum disorder. A plan was instituted including speech-language therapy, intensive individualized educational programming, and contact was encouraged with the Autism Society. For that purpose, the parents moved to morocco to be surrounded by family without any huge improvement. Upon direct questioning at initial presentation, the 3-year-old child was reported by the parents to have unexplained fatigue, Gastrointestinal symptoms included bloating, constipation and diarrhea. Psychiatric symptoms included a frequently depressed mood, disproportionate anger, and emotional lability. On exploring his history, the child was born from yemenite father and Moroccan mother in Germany at-term weighing 3500 g with an Apgar score of 9 at 1 minute and 10 at 5 minutes after an uneventful pregnancy and delivery. No concerns were present in the neonatal period. Development in the first 24 months of life appeared fine according to the parents-his motor skills seemed to progress normally and he achieved expected milestones. After 2 years of age, however, his language skills slowly began to regress. He also demonstrated a change in temperament as he started to whine repeatedly and to scream without provocation. Physical examination revealed a height and weight normal for age. He was uncommunicative, restless, and somewhat agitated. General examination was unremarkable other than dark rings around the eyes. There were no dysmorphic features evident. He had difficulty maintaining eye contact, and he appeared disinterested in what was taking place. No abnormality was found on abdominal assessment. Anti-tissue transglutaminase antibodies levels were 76 U (normal < 10). The patient underwent upper endoscopy as duodenal biopsy to confirm a celiac disease diagnosis. It shows a total villous atrophy corresponding to a stage 4 of Marsh classification. Given the positive screen for celiac disease (positive anti-tissue transglutaminase antibodies and results of duodenal biopsy), dietary intervention was immediately commenced. All gluten was eliminated from the boy's diet. Within 1 month, the boy's gastrointestinal symptoms were relieved and his behavior had changed. The mother reported that her boy became progressively more communicative. The child has continued on the gluten-free diet and has progressed well and remained healthy over the following 6 months.
",EN100490,"<|im_start|>user Extract the entities contained in the text. Extract only entities contained in the text.
Return the result in a json format: [{""entity"":""entity_name""}]. <<On exploring his history, the child was born from yemenite father and Moroccan mother in Germany at-term weighing 3500 g with an Apgar score of 9 at 1 minute and 10 at 5 minutes after an uneventful pregnancy and delivery.>>> <|im_end|><|im_start|>assistant[{""entity"": ""exploring""}, {""entity"": ""born""}, {""entity"": ""weighing""}, {""entity"": ""Apgar""}, {""entity"": ""pregnancy""}, {""entity"": ""delivery""}, {""entity"": ""the child""}, {""entity"": ""yemenite father""}, {""entity"": ""Moroccan mother""}, {""entity"": ""3500 g""}, {""entity"": ""9""}, {""entity"": ""10""}] <|im_end|>","<|im_start|>user Extract the entities contained in the text. Extract only entities contained in the text.
Return the result in a json format: [{""entity"":""entity_name""}]. <<<We present a case of a 32-year-old woman with a history of gradual enlargement of the anterior neck.>>> <|im_end|><|im_start|>assistant [{""entity"": ""present""}, {""entity"": ""history""}, {""entity"": ""enlargement""}] <|im_end|>
<|im_start|>user Extract the entities contained in the text. Extract only entities contained in the text.
Return the result in a json format: [{""entity"":""entity_name""}]. <<<Patient information: a 9-month-old boy presented to the emergency room with a 3-day history of refusal to bear weight on the right lower extremity and febrile peaks of up to 38.5°C for 24 hours.>>> <|im_end|><|im_start|>assistant [{""entity"": ""presented""}, {""entity"": ""refusal""}, {""entity"": ""bear""}, {""entity"": ""peaks""}] <|im_end|>
<|im_start|>user Extract the entities contained in the text. Extract only entities contained in the text.
Return the result in a json format: [{""entity"":""entity_name""}]. <<On exploring his history, the child was born from yemenite father and Moroccan mother in Germany at-term weighing 3500 g with an Apgar score of 9 at 1 minute and 10 at 5 minutes after an uneventful pregnancy and delivery.>>> <|im_end|><|im_start|>assistant","[{""entity"": ""exploring""}, {""entity"": ""born""}, {""entity"": ""weighing""}, {""entity"": ""Apgar""}, {""entity"": ""pregnancy""}, {""entity"": ""delivery""}, {""entity"": ""the child""}, {""entity"": ""yemenite father""}, {""entity"": ""Moroccan mother""}, {""entity"": ""3500 g""}, {""entity"": ""9""}, {""entity"": ""10""}] ","[{""entity"": ""exploring""}, {""entity"": ""history""}, {""entity"": ""born""}, {""entity"": ""father""}, {""entity"
Development in the first 24 months of life appeared fine according to the parents-his motor skills seemed to progress normally and he achieved expected milestones.,"[{'id': '8178', 'offsets': array([ 0, 11]), 'role': '', 'semantic_type_id': '', 'text': 'Development', 'type': 'EVENT'}
 {'id': '8193', 'offsets': array([52, 56]), 'role': '', 'semantic_type_id': '', 'text': 'fine', 'type': 'EVENT'}
 {'id': '8208', 'offsets': array([92, 98]), 'role': '', 'semantic_type_id': '', 'text': 'skills', 'type': 'EVENT'}
 {'id': '8223', 'offsets': array([109, 117]), 'role': '', 'semantic_type_id': '', 'text': 'progress', 'type': 'EVENT'}
 {'id': '8238', 'offsets': array([134, 142]), 'role': '', 'semantic_type_id': '', 'text': 'achieved', 'type': 'EVENT'}
 {'id': '9214', 'offsets': array([74, 85]), 'role': 'OTHER', 'semantic_type_id': '', 'text': 'parents-his', 'type': 'ACTOR'}
 {'id': '9221', 'offsets': array([131, 133]), 'role': 'PATIENT', 'semantic_type_id': '', 'text': 'he', 'type': 'ACTOR'}
 {'id': '9371', 'offsets': array([15, 34]), 'role': '', 'semantic_type_id': '', 'text': 'the first 24 months', 'type': 'TIMEX3'}]","We received a boy 3-year-old boy with autistic disorder on hospital of pediatric ward A at university hospital Mohammed VI of Marrakesh. He has no family history of illness or autistic spectrum disorder. The history revealed that at 2 years of age. The child was diagnosed with a ‘‘severe communication disorder,'' with social interaction difficulties and sensory processing delay. A composite follow-up of all previous assessments and investigations was undertaken. Blood work was normal (thyroid-stimulating hormone (TSH), hemoglobin, mean corpuscular volume (MCV), and ferritin). Genetic testing was unremarkable (normal karyotype, negative for fragile X) and the magnetic resonance imaging (MRI) in search of a demyelinating attack of the white matter, electroencephalography (EEG), optometry assessment were also normal. At the conclusion of this composite assessment, the boy was given a primary diagnosis of autistic spectrum disorder. A plan was instituted including speech-language therapy, intensive individualized educational programming, and contact was encouraged with the Autism Society. For that purpose, the parents moved to morocco to be surrounded by family without any huge improvement. Upon direct questioning at initial presentation, the 3-year-old child was reported by the parents to have unexplained fatigue, Gastrointestinal symptoms included bloating, constipation and diarrhea. Psychiatric symptoms included a frequently depressed mood, disproportionate anger, and emotional lability. On exploring his history, the child was born from yemenite father and Moroccan mother in Germany at-term weighing 3500 g with an Apgar score of 9 at 1 minute and 10 at 5 minutes after an uneventful pregnancy and delivery. No concerns were present in the neonatal period. Development in the first 24 months of life appeared fine according to the parents-his motor skills seemed to progress normally and he achieved expected milestones. After 2 years of age, however, his language skills slowly began to regress. He also demonstrated a change in temperament as he started to whine repeatedly and to scream without provocation. Physical examination revealed a height and weight normal for age. He was uncommunicative, restless, and somewhat agitated. General examination was unremarkable other than dark rings around the eyes. There were no dysmorphic features evident. He had difficulty maintaining eye contact, and he appeared disinterested in what was taking place. No abnormality was found on abdominal assessment. Anti-tissue transglutaminase antibodies levels were 76 U (normal < 10). The patient underwent upper endoscopy as duodenal biopsy to confirm a celiac disease diagnosis. It shows a total villous atrophy corresponding to a stage 4 of Marsh classification. Given the positive screen for celiac disease (positive anti-tissue transglutaminase antibodies and results of duodenal biopsy), dietary intervention was immediately commenced. All gluten was eliminated from the boy's diet. Within 1 month, the boy's gastrointestinal symptoms were relieved and his behavior had changed. The mother reported that her boy became progressively more communicative. The child has continued on the gluten-free diet and has progressed well and remained healthy over the following 6 months.
",EN100490,"<|im_start|>user Extract the entities contained in the text. Extract only entities contained in the text.
Return the result in a json format: [{""entity"":""entity_name""}]. <<Development in the first 24 months of life appeared fine according to the parents-his motor skills seemed to progress normally and he achieved expected milestones.>>> <|im_end|><|im_start|>assistant[{""entity"": ""Development""}, {""entity"": ""fine""}, {""entity"": ""skills""}, {""entity"": ""progress""}, {""entity"": ""achieved""}, {""entity"": ""parents-his""}, {""entity"": ""he""}, {""entity"": ""the first 24 months""}] <|im_end|>","<|im_start|>user Extract the entities contained in the text. Extract only entities contained in the text.
Return the result in a json format: [{""entity"":""entity_name""}]. <<<We present a case of a 32-year-old woman with a history of gradual enlargement of the anterior neck.>>> <|im_end|><|im_start|>assistant [{""entity"": ""present""}, {""entity"": ""history""}, {""entity"": ""enlargement""}] <|im_end|>
<|im_start|>user Extract the entities contained in the text. Extract only entities contained in the text.
Return the result in a json format: [{""entity"":""entity_name""}]. <<<Patient information: a 9-month-old boy presented to the emergency room with a 3-day history of refusal to bear weight on the right lower extremity and febrile peaks of up to 38.5°C for 24 hours.>>> <|im_end|><|im_start|>assistant [{""entity"": ""presented""}, {""entity"": ""refusal""}, {""entity"": ""bear""}, {""entity"": ""peaks""}] <|im_end|>
<|im_start|>user Extract the entities contained in the text. Extract only entities contained in the text.
Return the result in a json format: [{""entity"":""entity_name""}]. <<Development in the first 24 months of life appeared fine according to the parents-his motor skills seemed to progress normally and he achieved expected milestones.>>> <|im_end|><|im_start|>assistant","[{""entity"": ""Development""}, {""entity"": ""fine""}, {""entity"": ""skills""}, {""entity"": ""progress""}, {""entity"": ""achieved""}, {""entity"": ""parents-his""}, {""entity"": ""he""}, {""entity"": ""the first 24 months""}] ","[{""entity"": ""Development""}, {""entity"": ""life""}, {""entity"": ""fine""}, {""entity"": ""skills""}, {""entity"":"
"After 2 years of age, however, his language skills slowly began to regress.","[{'id': '8253', 'offsets': array([44, 50]), 'role': '', 'semantic_type_id': '', 'text': 'skills', 'type': 'EVENT'}
 {'id': '8268', 'offsets': array([58, 63]), 'role': '', 'semantic_type_id': '', 'text': 'began', 'type': 'EVENT'}
 {'id': '8283', 'offsets': array([67, 74]), 'role': '', 'semantic_type_id': '', 'text': 'regress', 'type': 'EVENT'}]","We received a boy 3-year-old boy with autistic disorder on hospital of pediatric ward A at university hospital Mohammed VI of Marrakesh. He has no family history of illness or autistic spectrum disorder. The history revealed that at 2 years of age. The child was diagnosed with a ‘‘severe communication disorder,'' with social interaction difficulties and sensory processing delay. A composite follow-up of all previous assessments and investigations was undertaken. Blood work was normal (thyroid-stimulating hormone (TSH), hemoglobin, mean corpuscular volume (MCV), and ferritin). Genetic testing was unremarkable (normal karyotype, negative for fragile X) and the magnetic resonance imaging (MRI) in search of a demyelinating attack of the white matter, electroencephalography (EEG), optometry assessment were also normal. At the conclusion of this composite assessment, the boy was given a primary diagnosis of autistic spectrum disorder. A plan was instituted including speech-language therapy, intensive individualized educational programming, and contact was encouraged with the Autism Society. For that purpose, the parents moved to morocco to be surrounded by family without any huge improvement. Upon direct questioning at initial presentation, the 3-year-old child was reported by the parents to have unexplained fatigue, Gastrointestinal symptoms included bloating, constipation and diarrhea. Psychiatric symptoms included a frequently depressed mood, disproportionate anger, and emotional lability. On exploring his history, the child was born from yemenite father and Moroccan mother in Germany at-term weighing 3500 g with an Apgar score of 9 at 1 minute and 10 at 5 minutes after an uneventful pregnancy and delivery. No concerns were present in the neonatal period. Development in the first 24 months of life appeared fine according to the parents-his motor skills seemed to progress normally and he achieved expected milestones. After 2 years of age, however, his language skills slowly began to regress. He also demonstrated a change in temperament as he started to whine repeatedly and to scream without provocation. Physical examination revealed a height and weight normal for age. He was uncommunicative, restless, and somewhat agitated. General examination was unremarkable other than dark rings around the eyes. There were no dysmorphic features evident. He had difficulty maintaining eye contact, and he appeared disinterested in what was taking place. No abnormality was found on abdominal assessment. Anti-tissue transglutaminase antibodies levels were 76 U (normal < 10). The patient underwent upper endoscopy as duodenal biopsy to confirm a celiac disease diagnosis. It shows a total villous atrophy corresponding to a stage 4 of Marsh classification. Given the positive screen for celiac disease (positive anti-tissue transglutaminase antibodies and results of duodenal biopsy), dietary intervention was immediately commenced. All gluten was eliminated from the boy's diet. Within 1 month, the boy's gastrointestinal symptoms were relieved and his behavior had changed. The mother reported that her boy became progressively more communicative. The child has continued on the gluten-free diet and has progressed well and remained healthy over the following 6 months.
",EN100490,"<|im_start|>user Extract the entities contained in the text. Extract only entities contained in the text.
Return the result in a json format: [{""entity"":""entity_name""}]. <<After 2 years of age, however, his language skills slowly began to regress.>>> <|im_end|><|im_start|>assistant[{""entity"": ""skills""}, {""entity"": ""began""}, {""entity"": ""regress""}] <|im_end|>","<|im_start|>user Extract the entities contained in the text. Extract only entities contained in the text.
Return the result in a json format: [{""entity"":""entity_name""}]. <<<We present a case of a 32-year-old woman with a history of gradual enlargement of the anterior neck.>>> <|im_end|><|im_start|>assistant [{""entity"": ""present""}, {""entity"": ""history""}, {""entity"": ""enlargement""}] <|im_end|>
<|im_start|>user Extract the entities contained in the text. Extract only entities contained in the text.
Return the result in a json format: [{""entity"":""entity_name""}]. <<<Patient information: a 9-month-old boy presented to the emergency room with a 3-day history of refusal to bear weight on the right lower extremity and febrile peaks of up to 38.5°C for 24 hours.>>> <|im_end|><|im_start|>assistant [{""entity"": ""presented""}, {""entity"": ""refusal""}, {""entity"": ""bear""}, {""entity"": ""peaks""}] <|im_end|>
<|im_start|>user Extract the entities contained in the text. Extract only entities contained in the text.
Return the result in a json format: [{""entity"":""entity_name""}]. <<After 2 years of age, however, his language skills slowly began to regress.>>> <|im_end|><|im_start|>assistant","[{""entity"": ""skills""}, {""entity"": ""began""}, {""entity"": ""regress""}] ","[{""entity"": ""skills""}, {""entity"": ""regress""}, {""entity"": ""he""}, {""entity"": ""2 years of age"
He also demonstrated a change in temperament as he started to whine repeatedly and to scream without provocation.,"[{'id': '8298', 'offsets': array([23, 29]), 'role': '', 'semantic_type_id': '', 'text': 'change', 'type': 'EVENT'}
 {'id': '8313', 'offsets': array([51, 58]), 'role': '', 'semantic_type_id': '', 'text': 'started', 'type': 'EVENT'}
 {'id': '8328', 'offsets': array([62, 67]), 'role': '', 'semantic_type_id': '', 'text': 'whine', 'type': 'EVENT'}
 {'id': '8343', 'offsets': array([86, 92]), 'role': '', 'semantic_type_id': '', 'text': 'scream', 'type': 'EVENT'}
 {'id': '8358', 'offsets': array([101, 112]), 'role': '', 'semantic_type_id': '', 'text': 'provocation', 'type': 'EVENT'}
 {'id': '9228', 'offsets': array([0, 2]), 'role': 'PATIENT', 'semantic_type_id': '', 'text': 'He', 'type': 'ACTOR'}
 {'id': '9235', 'offsets': array([48, 50]), 'role': 'PATIENT', 'semantic_type_id': '', 'text': 'he', 'type': 'ACTOR'}]","We received a boy 3-year-old boy with autistic disorder on hospital of pediatric ward A at university hospital Mohammed VI of Marrakesh. He has no family history of illness or autistic spectrum disorder. The history revealed that at 2 years of age. The child was diagnosed with a ‘‘severe communication disorder,'' with social interaction difficulties and sensory processing delay. A composite follow-up of all previous assessments and investigations was undertaken. Blood work was normal (thyroid-stimulating hormone (TSH), hemoglobin, mean corpuscular volume (MCV), and ferritin). Genetic testing was unremarkable (normal karyotype, negative for fragile X) and the magnetic resonance imaging (MRI) in search of a demyelinating attack of the white matter, electroencephalography (EEG), optometry assessment were also normal. At the conclusion of this composite assessment, the boy was given a primary diagnosis of autistic spectrum disorder. A plan was instituted including speech-language therapy, intensive individualized educational programming, and contact was encouraged with the Autism Society. For that purpose, the parents moved to morocco to be surrounded by family without any huge improvement. Upon direct questioning at initial presentation, the 3-year-old child was reported by the parents to have unexplained fatigue, Gastrointestinal symptoms included bloating, constipation and diarrhea. Psychiatric symptoms included a frequently depressed mood, disproportionate anger, and emotional lability. On exploring his history, the child was born from yemenite father and Moroccan mother in Germany at-term weighing 3500 g with an Apgar score of 9 at 1 minute and 10 at 5 minutes after an uneventful pregnancy and delivery. No concerns were present in the neonatal period. Development in the first 24 months of life appeared fine according to the parents-his motor skills seemed to progress normally and he achieved expected milestones. After 2 years of age, however, his language skills slowly began to regress. He also demonstrated a change in temperament as he started to whine repeatedly and to scream without provocation. Physical examination revealed a height and weight normal for age. He was uncommunicative, restless, and somewhat agitated. General examination was unremarkable other than dark rings around the eyes. There were no dysmorphic features evident. He had difficulty maintaining eye contact, and he appeared disinterested in what was taking place. No abnormality was found on abdominal assessment. Anti-tissue transglutaminase antibodies levels were 76 U (normal < 10). The patient underwent upper endoscopy as duodenal biopsy to confirm a celiac disease diagnosis. It shows a total villous atrophy corresponding to a stage 4 of Marsh classification. Given the positive screen for celiac disease (positive anti-tissue transglutaminase antibodies and results of duodenal biopsy), dietary intervention was immediately commenced. All gluten was eliminated from the boy's diet. Within 1 month, the boy's gastrointestinal symptoms were relieved and his behavior had changed. The mother reported that her boy became progressively more communicative. The child has continued on the gluten-free diet and has progressed well and remained healthy over the following 6 months.
",EN100490,"<|im_start|>user Extract the entities contained in the text. Extract only entities contained in the text.
Return the result in a json format: [{""entity"":""entity_name""}]. <<He also demonstrated a change in temperament as he started to whine repeatedly and to scream without provocation.>>> <|im_end|><|im_start|>assistant[{""entity"": ""change""}, {""entity"": ""started""}, {""entity"": ""whine""}, {""entity"": ""scream""}, {""entity"": ""provocation""}, {""entity"": ""He""}, {""entity"": ""he""}] <|im_end|>","<|im_start|>user Extract the entities contained in the text. Extract only entities contained in the text.
Return the result in a json format: [{""entity"":""entity_name""}]. <<<We present a case of a 32-year-old woman with a history of gradual enlargement of the anterior neck.>>> <|im_end|><|im_start|>assistant [{""entity"": ""present""}, {""entity"": ""history""}, {""entity"": ""enlargement""}] <|im_end|>
<|im_start|>user Extract the entities contained in the text. Extract only entities contained in the text.
Return the result in a json format: [{""entity"":""entity_name""}]. <<<Patient information: a 9-month-old boy presented to the emergency room with a 3-day history of refusal to bear weight on the right lower extremity and febrile peaks of up to 38.5°C for 24 hours.>>> <|im_end|><|im_start|>assistant [{""entity"": ""presented""}, {""entity"": ""refusal""}, {""entity"": ""bear""}, {""entity"": ""peaks""}] <|im_end|>
<|im_start|>user Extract the entities contained in the text. Extract only entities contained in the text.
Return the result in a json format: [{""entity"":""entity_name""}]. <<He also demonstrated a change in temperament as he started to whine repeatedly and to scream without provocation.>>> <|im_end|><|im_start|>assistant","[{""entity"": ""change""}, {""entity"": ""started""}, {""entity"": ""whine""}, {""entity"": ""scream""}, {""entity"": ""provocation""}, {""entity"": ""He""}, {""entity"": ""he""}] ","[{""entity"": ""demonstrated""}, {""entity"": ""temperament""}, {""entity"": ""started""}, {""entity"": """
Physical examination revealed a height and weight normal for age.,"[{'id': '8373', 'offsets': array([ 9, 20]), 'role': '', 'semantic_type_id': '', 'text': 'examination', 'type': 'EVENT'}
 {'id': '8388', 'offsets': array([21, 29]), 'role': '', 'semantic_type_id': '', 'text': 'revealed', 'type': 'EVENT'}
 {'id': '8403', 'offsets': array([32, 38]), 'role': '', 'semantic_type_id': '', 'text': 'height', 'type': 'EVENT'}
 {'id': '8418', 'offsets': array([43, 49]), 'role': '', 'semantic_type_id': '', 'text': 'weight', 'type': 'EVENT'}
 {'id': '9341', 'offsets': array([50, 56]), 'role': '', 'semantic_type_id': '', 'text': 'normal', 'type': 'RML'}]","We received a boy 3-year-old boy with autistic disorder on hospital of pediatric ward A at university hospital Mohammed VI of Marrakesh. He has no family history of illness or autistic spectrum disorder. The history revealed that at 2 years of age. The child was diagnosed with a ‘‘severe communication disorder,'' with social interaction difficulties and sensory processing delay. A composite follow-up of all previous assessments and investigations was undertaken. Blood work was normal (thyroid-stimulating hormone (TSH), hemoglobin, mean corpuscular volume (MCV), and ferritin). Genetic testing was unremarkable (normal karyotype, negative for fragile X) and the magnetic resonance imaging (MRI) in search of a demyelinating attack of the white matter, electroencephalography (EEG), optometry assessment were also normal. At the conclusion of this composite assessment, the boy was given a primary diagnosis of autistic spectrum disorder. A plan was instituted including speech-language therapy, intensive individualized educational programming, and contact was encouraged with the Autism Society. For that purpose, the parents moved to morocco to be surrounded by family without any huge improvement. Upon direct questioning at initial presentation, the 3-year-old child was reported by the parents to have unexplained fatigue, Gastrointestinal symptoms included bloating, constipation and diarrhea. Psychiatric symptoms included a frequently depressed mood, disproportionate anger, and emotional lability. On exploring his history, the child was born from yemenite father and Moroccan mother in Germany at-term weighing 3500 g with an Apgar score of 9 at 1 minute and 10 at 5 minutes after an uneventful pregnancy and delivery. No concerns were present in the neonatal period. Development in the first 24 months of life appeared fine according to the parents-his motor skills seemed to progress normally and he achieved expected milestones. After 2 years of age, however, his language skills slowly began to regress. He also demonstrated a change in temperament as he started to whine repeatedly and to scream without provocation. Physical examination revealed a height and weight normal for age. He was uncommunicative, restless, and somewhat agitated. General examination was unremarkable other than dark rings around the eyes. There were no dysmorphic features evident. He had difficulty maintaining eye contact, and he appeared disinterested in what was taking place. No abnormality was found on abdominal assessment. Anti-tissue transglutaminase antibodies levels were 76 U (normal < 10). The patient underwent upper endoscopy as duodenal biopsy to confirm a celiac disease diagnosis. It shows a total villous atrophy corresponding to a stage 4 of Marsh classification. Given the positive screen for celiac disease (positive anti-tissue transglutaminase antibodies and results of duodenal biopsy), dietary intervention was immediately commenced. All gluten was eliminated from the boy's diet. Within 1 month, the boy's gastrointestinal symptoms were relieved and his behavior had changed. The mother reported that her boy became progressively more communicative. The child has continued on the gluten-free diet and has progressed well and remained healthy over the following 6 months.
",EN100490,"<|im_start|>user Extract the entities contained in the text. Extract only entities contained in the text.
Return the result in a json format: [{""entity"":""entity_name""}]. <<Physical examination revealed a height and weight normal for age.>>> <|im_end|><|im_start|>assistant[{""entity"": ""examination""}, {""entity"": ""revealed""}, {""entity"": ""height""}, {""entity"": ""weight""}, {""entity"": ""normal""}] <|im_end|>","<|im_start|>user Extract the entities contained in the text. Extract only entities contained in the text.
Return the result in a json format: [{""entity"":""entity_name""}]. <<<We present a case of a 32-year-old woman with a history of gradual enlargement of the anterior neck.>>> <|im_end|><|im_start|>assistant [{""entity"": ""present""}, {""entity"": ""history""}, {""entity"": ""enlargement""}] <|im_end|>
<|im_start|>user Extract the entities contained in the text. Extract only entities contained in the text.
Return the result in a json format: [{""entity"":""entity_name""}]. <<<Patient information: a 9-month-old boy presented to the emergency room with a 3-day history of refusal to bear weight on the right lower extremity and febrile peaks of up to 38.5°C for 24 hours.>>> <|im_end|><|im_start|>assistant [{""entity"": ""presented""}, {""entity"": ""refusal""}, {""entity"": ""bear""}, {""entity"": ""peaks""}] <|im_end|>
<|im_start|>user Extract the entities contained in the text. Extract only entities contained in the text.
Return the result in a json format: [{""entity"":""entity_name""}]. <<Physical examination revealed a height and weight normal for age.>>> <|im_end|><|im_start|>assistant","[{""entity"": ""examination""}, {""entity"": ""revealed""}, {""entity"": ""height""}, {""entity"": ""weight""}, {""entity"": ""normal""}] ","[{""entity"": ""examination""}, {""entity"": ""revealed""}, {""entity"": ""height""}, {""entity"": ""weight""}, {"""
"He was uncommunicative, restless, and somewhat agitated.","[{'id': '8433', 'offsets': array([ 7, 22]), 'role': '', 'semantic_type_id': '', 'text': 'uncommunicative', 'type': 'EVENT'}
 {'id': '8448', 'offsets': array([24, 32]), 'role': '', 'semantic_type_id': '', 'text': 'restless', 'type': 'EVENT'}
 {'id': '8463', 'offsets': array([47, 55]), 'role': '', 'semantic_type_id': '', 'text': 'agitated', 'type': 'EVENT'}
 {'id': '9242', 'offsets': array([0, 2]), 'role': 'PATIENT', 'semantic_type_id': '', 'text': 'He', 'type': 'ACTOR'}]","We received a boy 3-year-old boy with autistic disorder on hospital of pediatric ward A at university hospital Mohammed VI of Marrakesh. He has no family history of illness or autistic spectrum disorder. The history revealed that at 2 years of age. The child was diagnosed with a ‘‘severe communication disorder,'' with social interaction difficulties and sensory processing delay. A composite follow-up of all previous assessments and investigations was undertaken. Blood work was normal (thyroid-stimulating hormone (TSH), hemoglobin, mean corpuscular volume (MCV), and ferritin). Genetic testing was unremarkable (normal karyotype, negative for fragile X) and the magnetic resonance imaging (MRI) in search of a demyelinating attack of the white matter, electroencephalography (EEG), optometry assessment were also normal. At the conclusion of this composite assessment, the boy was given a primary diagnosis of autistic spectrum disorder. A plan was instituted including speech-language therapy, intensive individualized educational programming, and contact was encouraged with the Autism Society. For that purpose, the parents moved to morocco to be surrounded by family without any huge improvement. Upon direct questioning at initial presentation, the 3-year-old child was reported by the parents to have unexplained fatigue, Gastrointestinal symptoms included bloating, constipation and diarrhea. Psychiatric symptoms included a frequently depressed mood, disproportionate anger, and emotional lability. On exploring his history, the child was born from yemenite father and Moroccan mother in Germany at-term weighing 3500 g with an Apgar score of 9 at 1 minute and 10 at 5 minutes after an uneventful pregnancy and delivery. No concerns were present in the neonatal period. Development in the first 24 months of life appeared fine according to the parents-his motor skills seemed to progress normally and he achieved expected milestones. After 2 years of age, however, his language skills slowly began to regress. He also demonstrated a change in temperament as he started to whine repeatedly and to scream without provocation. Physical examination revealed a height and weight normal for age. He was uncommunicative, restless, and somewhat agitated. General examination was unremarkable other than dark rings around the eyes. There were no dysmorphic features evident. He had difficulty maintaining eye contact, and he appeared disinterested in what was taking place. No abnormality was found on abdominal assessment. Anti-tissue transglutaminase antibodies levels were 76 U (normal < 10). The patient underwent upper endoscopy as duodenal biopsy to confirm a celiac disease diagnosis. It shows a total villous atrophy corresponding to a stage 4 of Marsh classification. Given the positive screen for celiac disease (positive anti-tissue transglutaminase antibodies and results of duodenal biopsy), dietary intervention was immediately commenced. All gluten was eliminated from the boy's diet. Within 1 month, the boy's gastrointestinal symptoms were relieved and his behavior had changed. The mother reported that her boy became progressively more communicative. The child has continued on the gluten-free diet and has progressed well and remained healthy over the following 6 months.
",EN100490,"<|im_start|>user Extract the entities contained in the text. Extract only entities contained in the text.
Return the result in a json format: [{""entity"":""entity_name""}]. <<He was uncommunicative, restless, and somewhat agitated.>>> <|im_end|><|im_start|>assistant[{""entity"": ""uncommunicative""}, {""entity"": ""restless""}, {""entity"": ""agitated""}, {""entity"": ""He""}] <|im_end|>","<|im_start|>user Extract the entities contained in the text. Extract only entities contained in the text.
Return the result in a json format: [{""entity"":""entity_name""}]. <<<We present a case of a 32-year-old woman with a history of gradual enlargement of the anterior neck.>>> <|im_end|><|im_start|>assistant [{""entity"": ""present""}, {""entity"": ""history""}, {""entity"": ""enlargement""}] <|im_end|>
<|im_start|>user Extract the entities contained in the text. Extract only entities contained in the text.
Return the result in a json format: [{""entity"":""entity_name""}]. <<<Patient information: a 9-month-old boy presented to the emergency room with a 3-day history of refusal to bear weight on the right lower extremity and febrile peaks of up to 38.5°C for 24 hours.>>> <|im_end|><|im_start|>assistant [{""entity"": ""presented""}, {""entity"": ""refusal""}, {""entity"": ""bear""}, {""entity"": ""peaks""}] <|im_end|>
<|im_start|>user Extract the entities contained in the text. Extract only entities contained in the text.
Return the result in a json format: [{""entity"":""entity_name""}]. <<He was uncommunicative, restless, and somewhat agitated.>>> <|im_end|><|im_start|>assistant","[{""entity"": ""uncommunicative""}, {""entity"": ""restless""}, {""entity"": ""agitated""}, {""entity"": ""He""}] ","[{""entity"": ""uncommunicative""}, {""entity"": ""restless""}, {""entity"": ""agitated""}, {""entity"": ""He"
General examination was unremarkable other than dark rings around the eyes.,"[{'id': '8478', 'offsets': array([ 8, 19]), 'role': '', 'semantic_type_id': '', 'text': 'examination', 'type': 'EVENT'}
 {'id': '8493', 'offsets': array([24, 36]), 'role': '', 'semantic_type_id': '', 'text': 'unremarkable', 'type': 'EVENT'}
 {'id': '8508', 'offsets': array([53, 58]), 'role': '', 'semantic_type_id': '', 'text': 'rings', 'type': 'EVENT'}
 {'id': '9125', 'offsets': array([66, 74]), 'role': '', 'semantic_type_id': '', 'text': 'the eyes', 'type': 'BODYPART'}]","We received a boy 3-year-old boy with autistic disorder on hospital of pediatric ward A at university hospital Mohammed VI of Marrakesh. He has no family history of illness or autistic spectrum disorder. The history revealed that at 2 years of age. The child was diagnosed with a ‘‘severe communication disorder,'' with social interaction difficulties and sensory processing delay. A composite follow-up of all previous assessments and investigations was undertaken. Blood work was normal (thyroid-stimulating hormone (TSH), hemoglobin, mean corpuscular volume (MCV), and ferritin). Genetic testing was unremarkable (normal karyotype, negative for fragile X) and the magnetic resonance imaging (MRI) in search of a demyelinating attack of the white matter, electroencephalography (EEG), optometry assessment were also normal. At the conclusion of this composite assessment, the boy was given a primary diagnosis of autistic spectrum disorder. A plan was instituted including speech-language therapy, intensive individualized educational programming, and contact was encouraged with the Autism Society. For that purpose, the parents moved to morocco to be surrounded by family without any huge improvement. Upon direct questioning at initial presentation, the 3-year-old child was reported by the parents to have unexplained fatigue, Gastrointestinal symptoms included bloating, constipation and diarrhea. Psychiatric symptoms included a frequently depressed mood, disproportionate anger, and emotional lability. On exploring his history, the child was born from yemenite father and Moroccan mother in Germany at-term weighing 3500 g with an Apgar score of 9 at 1 minute and 10 at 5 minutes after an uneventful pregnancy and delivery. No concerns were present in the neonatal period. Development in the first 24 months of life appeared fine according to the parents-his motor skills seemed to progress normally and he achieved expected milestones. After 2 years of age, however, his language skills slowly began to regress. He also demonstrated a change in temperament as he started to whine repeatedly and to scream without provocation. Physical examination revealed a height and weight normal for age. He was uncommunicative, restless, and somewhat agitated. General examination was unremarkable other than dark rings around the eyes. There were no dysmorphic features evident. He had difficulty maintaining eye contact, and he appeared disinterested in what was taking place. No abnormality was found on abdominal assessment. Anti-tissue transglutaminase antibodies levels were 76 U (normal < 10). The patient underwent upper endoscopy as duodenal biopsy to confirm a celiac disease diagnosis. It shows a total villous atrophy corresponding to a stage 4 of Marsh classification. Given the positive screen for celiac disease (positive anti-tissue transglutaminase antibodies and results of duodenal biopsy), dietary intervention was immediately commenced. All gluten was eliminated from the boy's diet. Within 1 month, the boy's gastrointestinal symptoms were relieved and his behavior had changed. The mother reported that her boy became progressively more communicative. The child has continued on the gluten-free diet and has progressed well and remained healthy over the following 6 months.
",EN100490,"<|im_start|>user Extract the entities contained in the text. Extract only entities contained in the text.
Return the result in a json format: [{""entity"":""entity_name""}]. <<General examination was unremarkable other than dark rings around the eyes.>>> <|im_end|><|im_start|>assistant[{""entity"": ""examination""}, {""entity"": ""unremarkable""}, {""entity"": ""rings""}, {""entity"": ""the eyes""}] <|im_end|>","<|im_start|>user Extract the entities contained in the text. Extract only entities contained in the text.
Return the result in a json format: [{""entity"":""entity_name""}]. <<<We present a case of a 32-year-old woman with a history of gradual enlargement of the anterior neck.>>> <|im_end|><|im_start|>assistant [{""entity"": ""present""}, {""entity"": ""history""}, {""entity"": ""enlargement""}] <|im_end|>
<|im_start|>user Extract the entities contained in the text. Extract only entities contained in the text.
Return the result in a json format: [{""entity"":""entity_name""}]. <<<Patient information: a 9-month-old boy presented to the emergency room with a 3-day history of refusal to bear weight on the right lower extremity and febrile peaks of up to 38.5°C for 24 hours.>>> <|im_end|><|im_start|>assistant [{""entity"": ""presented""}, {""entity"": ""refusal""}, {""entity"": ""bear""}, {""entity"": ""peaks""}] <|im_end|>
<|im_start|>user Extract the entities contained in the text. Extract only entities contained in the text.
Return the result in a json format: [{""entity"":""entity_name""}]. <<General examination was unremarkable other than dark rings around the eyes.>>> <|im_end|><|im_start|>assistant","[{""entity"": ""examination""}, {""entity"": ""unremarkable""}, {""entity"": ""rings""}, {""entity"": ""the eyes""}] ","[{""entity"": ""examination""}, {""entity"": ""unremarkable""}, {""entity"": ""rings""}, {""entity"": ""the"
Anti-tissue transglutaminase antibodies levels were 76 U (normal < 10).,"[{'id': '8658', 'offsets': array([40, 46]), 'role': '', 'semantic_type_id': '', 'text': 'levels', 'type': 'EVENT'}
 {'id': '9347', 'offsets': array([52, 56]), 'role': '', 'semantic_type_id': '', 'text': '76 U', 'type': 'RML'}]","We received a boy 3-year-old boy with autistic disorder on hospital of pediatric ward A at university hospital Mohammed VI of Marrakesh. He has no family history of illness or autistic spectrum disorder. The history revealed that at 2 years of age. The child was diagnosed with a ‘‘severe communication disorder,'' with social interaction difficulties and sensory processing delay. A composite follow-up of all previous assessments and investigations was undertaken. Blood work was normal (thyroid-stimulating hormone (TSH), hemoglobin, mean corpuscular volume (MCV), and ferritin). Genetic testing was unremarkable (normal karyotype, negative for fragile X) and the magnetic resonance imaging (MRI) in search of a demyelinating attack of the white matter, electroencephalography (EEG), optometry assessment were also normal. At the conclusion of this composite assessment, the boy was given a primary diagnosis of autistic spectrum disorder. A plan was instituted including speech-language therapy, intensive individualized educational programming, and contact was encouraged with the Autism Society. For that purpose, the parents moved to morocco to be surrounded by family without any huge improvement. Upon direct questioning at initial presentation, the 3-year-old child was reported by the parents to have unexplained fatigue, Gastrointestinal symptoms included bloating, constipation and diarrhea. Psychiatric symptoms included a frequently depressed mood, disproportionate anger, and emotional lability. On exploring his history, the child was born from yemenite father and Moroccan mother in Germany at-term weighing 3500 g with an Apgar score of 9 at 1 minute and 10 at 5 minutes after an uneventful pregnancy and delivery. No concerns were present in the neonatal period. Development in the first 24 months of life appeared fine according to the parents-his motor skills seemed to progress normally and he achieved expected milestones. After 2 years of age, however, his language skills slowly began to regress. He also demonstrated a change in temperament as he started to whine repeatedly and to scream without provocation. Physical examination revealed a height and weight normal for age. He was uncommunicative, restless, and somewhat agitated. General examination was unremarkable other than dark rings around the eyes. There were no dysmorphic features evident. He had difficulty maintaining eye contact, and he appeared disinterested in what was taking place. No abnormality was found on abdominal assessment. Anti-tissue transglutaminase antibodies levels were 76 U (normal < 10). The patient underwent upper endoscopy as duodenal biopsy to confirm a celiac disease diagnosis. It shows a total villous atrophy corresponding to a stage 4 of Marsh classification. Given the positive screen for celiac disease (positive anti-tissue transglutaminase antibodies and results of duodenal biopsy), dietary intervention was immediately commenced. All gluten was eliminated from the boy's diet. Within 1 month, the boy's gastrointestinal symptoms were relieved and his behavior had changed. The mother reported that her boy became progressively more communicative. The child has continued on the gluten-free diet and has progressed well and remained healthy over the following 6 months.
",EN100490,"<|im_start|>user Extract the entities contained in the text. Extract only entities contained in the text.
Return the result in a json format: [{""entity"":""entity_name""}]. <<Anti-tissue transglutaminase antibodies levels were 76 U (normal < 10).>>> <|im_end|><|im_start|>assistant[{""entity"": ""levels""}, {""entity"": ""76 U""}] <|im_end|>","<|im_start|>user Extract the entities contained in the text. Extract only entities contained in the text.
Return the result in a json format: [{""entity"":""entity_name""}]. <<<We present a case of a 32-year-old woman with a history of gradual enlargement of the anterior neck.>>> <|im_end|><|im_start|>assistant [{""entity"": ""present""}, {""entity"": ""history""}, {""entity"": ""enlargement""}] <|im_end|>
<|im_start|>user Extract the entities contained in the text. Extract only entities contained in the text.
Return the result in a json format: [{""entity"":""entity_name""}]. <<<Patient information: a 9-month-old boy presented to the emergency room with a 3-day history of refusal to bear weight on the right lower extremity and febrile peaks of up to 38.5°C for 24 hours.>>> <|im_end|><|im_start|>assistant [{""entity"": ""presented""}, {""entity"": ""refusal""}, {""entity"": ""bear""}, {""entity"": ""peaks""}] <|im_end|>
<|im_start|>user Extract the entities contained in the text. Extract only entities contained in the text.
Return the result in a json format: [{""entity"":""entity_name""}]. <<Anti-tissue transglutaminase antibodies levels were 76 U (normal < 10).>>> <|im_end|><|im_start|>assistant","[{""entity"": ""levels""}, {""entity"": ""76 U""}] ","[{""entity"": ""levels""}, {""entity"": ""normal""}, {""entity"": ""tissue transglutaminase antibodies""}, {""entity"
It shows a total villous atrophy corresponding to a stage 4 of Marsh classification.,"[{'id': '8718', 'offsets': array([3, 8]), 'role': '', 'semantic_type_id': '', 'text': 'shows', 'type': 'EVENT'}
 {'id': '8733', 'offsets': array([25, 32]), 'role': '', 'semantic_type_id': '', 'text': 'atrophy', 'type': 'EVENT'}
 {'id': '8748', 'offsets': array([33, 46]), 'role': '', 'semantic_type_id': '', 'text': 'corresponding', 'type': 'EVENT'}
 {'id': '9075', 'offsets': array([17, 32]), 'role': '', 'semantic_type_id': 'C0554101', 'text': 'villous atrophy', 'type': 'CLINENTITY'}
 {'id': '9353', 'offsets': array([52, 83]), 'role': '', 'semantic_type_id': '', 'text': 'stage 4 of Marsh classification', 'type': 'RML'}]","We received a boy 3-year-old boy with autistic disorder on hospital of pediatric ward A at university hospital Mohammed VI of Marrakesh. He has no family history of illness or autistic spectrum disorder. The history revealed that at 2 years of age. The child was diagnosed with a ‘‘severe communication disorder,'' with social interaction difficulties and sensory processing delay. A composite follow-up of all previous assessments and investigations was undertaken. Blood work was normal (thyroid-stimulating hormone (TSH), hemoglobin, mean corpuscular volume (MCV), and ferritin). Genetic testing was unremarkable (normal karyotype, negative for fragile X) and the magnetic resonance imaging (MRI) in search of a demyelinating attack of the white matter, electroencephalography (EEG), optometry assessment were also normal. At the conclusion of this composite assessment, the boy was given a primary diagnosis of autistic spectrum disorder. A plan was instituted including speech-language therapy, intensive individualized educational programming, and contact was encouraged with the Autism Society. For that purpose, the parents moved to morocco to be surrounded by family without any huge improvement. Upon direct questioning at initial presentation, the 3-year-old child was reported by the parents to have unexplained fatigue, Gastrointestinal symptoms included bloating, constipation and diarrhea. Psychiatric symptoms included a frequently depressed mood, disproportionate anger, and emotional lability. On exploring his history, the child was born from yemenite father and Moroccan mother in Germany at-term weighing 3500 g with an Apgar score of 9 at 1 minute and 10 at 5 minutes after an uneventful pregnancy and delivery. No concerns were present in the neonatal period. Development in the first 24 months of life appeared fine according to the parents-his motor skills seemed to progress normally and he achieved expected milestones. After 2 years of age, however, his language skills slowly began to regress. He also demonstrated a change in temperament as he started to whine repeatedly and to scream without provocation. Physical examination revealed a height and weight normal for age. He was uncommunicative, restless, and somewhat agitated. General examination was unremarkable other than dark rings around the eyes. There were no dysmorphic features evident. He had difficulty maintaining eye contact, and he appeared disinterested in what was taking place. No abnormality was found on abdominal assessment. Anti-tissue transglutaminase antibodies levels were 76 U (normal < 10). The patient underwent upper endoscopy as duodenal biopsy to confirm a celiac disease diagnosis. It shows a total villous atrophy corresponding to a stage 4 of Marsh classification. Given the positive screen for celiac disease (positive anti-tissue transglutaminase antibodies and results of duodenal biopsy), dietary intervention was immediately commenced. All gluten was eliminated from the boy's diet. Within 1 month, the boy's gastrointestinal symptoms were relieved and his behavior had changed. The mother reported that her boy became progressively more communicative. The child has continued on the gluten-free diet and has progressed well and remained healthy over the following 6 months.
",EN100490,"<|im_start|>user Extract the entities contained in the text. Extract only entities contained in the text.
Return the result in a json format: [{""entity"":""entity_name""}]. <<It shows a total villous atrophy corresponding to a stage 4 of Marsh classification.>>> <|im_end|><|im_start|>assistant[{""entity"": ""shows""}, {""entity"": ""atrophy""}, {""entity"": ""corresponding""}, {""entity"": ""villous atrophy""}, {""entity"": ""stage 4 of Marsh classification""}] <|im_end|>","<|im_start|>user Extract the entities contained in the text. Extract only entities contained in the text.
Return the result in a json format: [{""entity"":""entity_name""}]. <<<We present a case of a 32-year-old woman with a history of gradual enlargement of the anterior neck.>>> <|im_end|><|im_start|>assistant [{""entity"": ""present""}, {""entity"": ""history""}, {""entity"": ""enlargement""}] <|im_end|>
<|im_start|>user Extract the entities contained in the text. Extract only entities contained in the text.
Return the result in a json format: [{""entity"":""entity_name""}]. <<<Patient information: a 9-month-old boy presented to the emergency room with a 3-day history of refusal to bear weight on the right lower extremity and febrile peaks of up to 38.5°C for 24 hours.>>> <|im_end|><|im_start|>assistant [{""entity"": ""presented""}, {""entity"": ""refusal""}, {""entity"": ""bear""}, {""entity"": ""peaks""}] <|im_end|>
<|im_start|>user Extract the entities contained in the text. Extract only entities contained in the text.
Return the result in a json format: [{""entity"":""entity_name""}]. <<It shows a total villous atrophy corresponding to a stage 4 of Marsh classification.>>> <|im_end|><|im_start|>assistant","[{""entity"": ""shows""}, {""entity"": ""atrophy""}, {""entity"": ""corresponding""}, {""entity"": ""villous atrophy""}, {""entity"": ""stage 4 of Marsh classification""}] ","[{""entity"": ""show""}, {""entity"": ""atrophy""}, {""entity"": ""classification""}, {""entity"": ""villous at"
"Given the positive screen for celiac disease (positive anti-tissue transglutaminase antibodies and results of duodenal biopsy), dietary intervention was immediately commenced.","[{'id': '8763', 'offsets': array([37, 44]), 'role': '', 'semantic_type_id': '', 'text': 'disease', 'type': 'EVENT'}
 {'id': '8778', 'offsets': array([84, 94]), 'role': '', 'semantic_type_id': '', 'text': 'antibodies', 'type': 'EVENT'}
 {'id': '8793', 'offsets': array([ 99, 106]), 'role': '', 'semantic_type_id': '', 'text': 'results', 'type': 'EVENT'}
 {'id': '8808', 'offsets': array([136, 148]), 'role': '', 'semantic_type_id': '', 'text': 'intervention', 'type': 'EVENT'}
 {'id': '8823', 'offsets': array([165, 174]), 'role': '', 'semantic_type_id': '', 'text': 'commenced', 'type': 'EVENT'}
 {'id': '9082', 'offsets': array([30, 44]), 'role': '', 'semantic_type_id': 'C0007570', 'text': 'celiac disease', 'type': 'CLINENTITY'}
 {'id': '9359', 'offsets': array([10, 25]), 'role': '', 'semantic_type_id': '', 'text': 'positive screen', 'type': 'RML'}
 {'id': '9365', 'offsets': array([46, 54]), 'role': '', 'semantic_type_id': '', 'text': 'positive', 'type': 'RML'}]","We received a boy 3-year-old boy with autistic disorder on hospital of pediatric ward A at university hospital Mohammed VI of Marrakesh. He has no family history of illness or autistic spectrum disorder. The history revealed that at 2 years of age. The child was diagnosed with a ‘‘severe communication disorder,'' with social interaction difficulties and sensory processing delay. A composite follow-up of all previous assessments and investigations was undertaken. Blood work was normal (thyroid-stimulating hormone (TSH), hemoglobin, mean corpuscular volume (MCV), and ferritin). Genetic testing was unremarkable (normal karyotype, negative for fragile X) and the magnetic resonance imaging (MRI) in search of a demyelinating attack of the white matter, electroencephalography (EEG), optometry assessment were also normal. At the conclusion of this composite assessment, the boy was given a primary diagnosis of autistic spectrum disorder. A plan was instituted including speech-language therapy, intensive individualized educational programming, and contact was encouraged with the Autism Society. For that purpose, the parents moved to morocco to be surrounded by family without any huge improvement. Upon direct questioning at initial presentation, the 3-year-old child was reported by the parents to have unexplained fatigue, Gastrointestinal symptoms included bloating, constipation and diarrhea. Psychiatric symptoms included a frequently depressed mood, disproportionate anger, and emotional lability. On exploring his history, the child was born from yemenite father and Moroccan mother in Germany at-term weighing 3500 g with an Apgar score of 9 at 1 minute and 10 at 5 minutes after an uneventful pregnancy and delivery. No concerns were present in the neonatal period. Development in the first 24 months of life appeared fine according to the parents-his motor skills seemed to progress normally and he achieved expected milestones. After 2 years of age, however, his language skills slowly began to regress. He also demonstrated a change in temperament as he started to whine repeatedly and to scream without provocation. Physical examination revealed a height and weight normal for age. He was uncommunicative, restless, and somewhat agitated. General examination was unremarkable other than dark rings around the eyes. There were no dysmorphic features evident. He had difficulty maintaining eye contact, and he appeared disinterested in what was taking place. No abnormality was found on abdominal assessment. Anti-tissue transglutaminase antibodies levels were 76 U (normal < 10). The patient underwent upper endoscopy as duodenal biopsy to confirm a celiac disease diagnosis. It shows a total villous atrophy corresponding to a stage 4 of Marsh classification. Given the positive screen for celiac disease (positive anti-tissue transglutaminase antibodies and results of duodenal biopsy), dietary intervention was immediately commenced. All gluten was eliminated from the boy's diet. Within 1 month, the boy's gastrointestinal symptoms were relieved and his behavior had changed. The mother reported that her boy became progressively more communicative. The child has continued on the gluten-free diet and has progressed well and remained healthy over the following 6 months.
",EN100490,"<|im_start|>user Extract the entities contained in the text. Extract only entities contained in the text.
Return the result in a json format: [{""entity"":""entity_name""}]. <<Given the positive screen for celiac disease (positive anti-tissue transglutaminase antibodies and results of duodenal biopsy), dietary intervention was immediately commenced.>>> <|im_end|><|im_start|>assistant[{""entity"": ""disease""}, {""entity"": ""antibodies""}, {""entity"": ""results""}, {""entity"": ""intervention""}, {""entity"": ""commenced""}, {""entity"": ""celiac disease""}, {""entity"": ""positive screen""}, {""entity"": ""positive""}] <|im_end|>","<|im_start|>user Extract the entities contained in the text. Extract only entities contained in the text.
Return the result in a json format: [{""entity"":""entity_name""}]. <<<We present a case of a 32-year-old woman with a history of gradual enlargement of the anterior neck.>>> <|im_end|><|im_start|>assistant [{""entity"": ""present""}, {""entity"": ""history""}, {""entity"": ""enlargement""}] <|im_end|>
<|im_start|>user Extract the entities contained in the text. Extract only entities contained in the text.
Return the result in a json format: [{""entity"":""entity_name""}]. <<<Patient information: a 9-month-old boy presented to the emergency room with a 3-day history of refusal to bear weight on the right lower extremity and febrile peaks of up to 38.5°C for 24 hours.>>> <|im_end|><|im_start|>assistant [{""entity"": ""presented""}, {""entity"": ""refusal""}, {""entity"": ""bear""}, {""entity"": ""peaks""}] <|im_end|>
<|im_start|>user Extract the entities contained in the text. Extract only entities contained in the text.
Return the result in a json format: [{""entity"":""entity_name""}]. <<Given the positive screen for celiac disease (positive anti-tissue transglutaminase antibodies and results of duodenal biopsy), dietary intervention was immediately commenced.>>> <|im_end|><|im_start|>assistant","[{""entity"": ""disease""}, {""entity"": ""antibodies""}, {""entity"": ""results""}, {""entity"": ""intervention""}, {""entity"": ""commenced""}, {""entity"": ""celiac disease""}, {""entity"": ""positive screen""}, {""entity"": ""positive""}] ","[{""entity"": ""screen""}, {""entity"": ""intervention""}, {""entity"": ""commenced""}, {""entity"": ""celiac disease"
"Within 1 month, the boy's gastrointestinal symptoms were relieved and his behavior had changed.","[{'id': '8868', 'offsets': array([43, 51]), 'role': '', 'semantic_type_id': '', 'text': 'symptoms', 'type': 'EVENT'}
 {'id': '8883', 'offsets': array([57, 65]), 'role': '', 'semantic_type_id': '', 'text': 'relieved', 'type': 'EVENT'}
 {'id': '8898', 'offsets': array([74, 82]), 'role': '', 'semantic_type_id': '', 'text': 'behavior', 'type': 'EVENT'}
 {'id': '8913', 'offsets': array([87, 94]), 'role': '', 'semantic_type_id': '', 'text': 'changed', 'type': 'EVENT'}
 {'id': '9277', 'offsets': array([20, 25]), 'role': 'PATIENT', 'semantic_type_id': '', 'text': ""boy's"", 'type': 'ACTOR'}
 {'id': '9380', 'offsets': array([ 7, 14]), 'role': '', 'semantic_type_id': '', 'text': '1 month', 'type': 'TIMEX3'}]","We received a boy 3-year-old boy with autistic disorder on hospital of pediatric ward A at university hospital Mohammed VI of Marrakesh. He has no family history of illness or autistic spectrum disorder. The history revealed that at 2 years of age. The child was diagnosed with a ‘‘severe communication disorder,'' with social interaction difficulties and sensory processing delay. A composite follow-up of all previous assessments and investigations was undertaken. Blood work was normal (thyroid-stimulating hormone (TSH), hemoglobin, mean corpuscular volume (MCV), and ferritin). Genetic testing was unremarkable (normal karyotype, negative for fragile X) and the magnetic resonance imaging (MRI) in search of a demyelinating attack of the white matter, electroencephalography (EEG), optometry assessment were also normal. At the conclusion of this composite assessment, the boy was given a primary diagnosis of autistic spectrum disorder. A plan was instituted including speech-language therapy, intensive individualized educational programming, and contact was encouraged with the Autism Society. For that purpose, the parents moved to morocco to be surrounded by family without any huge improvement. Upon direct questioning at initial presentation, the 3-year-old child was reported by the parents to have unexplained fatigue, Gastrointestinal symptoms included bloating, constipation and diarrhea. Psychiatric symptoms included a frequently depressed mood, disproportionate anger, and emotional lability. On exploring his history, the child was born from yemenite father and Moroccan mother in Germany at-term weighing 3500 g with an Apgar score of 9 at 1 minute and 10 at 5 minutes after an uneventful pregnancy and delivery. No concerns were present in the neonatal period. Development in the first 24 months of life appeared fine according to the parents-his motor skills seemed to progress normally and he achieved expected milestones. After 2 years of age, however, his language skills slowly began to regress. He also demonstrated a change in temperament as he started to whine repeatedly and to scream without provocation. Physical examination revealed a height and weight normal for age. He was uncommunicative, restless, and somewhat agitated. General examination was unremarkable other than dark rings around the eyes. There were no dysmorphic features evident. He had difficulty maintaining eye contact, and he appeared disinterested in what was taking place. No abnormality was found on abdominal assessment. Anti-tissue transglutaminase antibodies levels were 76 U (normal < 10). The patient underwent upper endoscopy as duodenal biopsy to confirm a celiac disease diagnosis. It shows a total villous atrophy corresponding to a stage 4 of Marsh classification. Given the positive screen for celiac disease (positive anti-tissue transglutaminase antibodies and results of duodenal biopsy), dietary intervention was immediately commenced. All gluten was eliminated from the boy's diet. Within 1 month, the boy's gastrointestinal symptoms were relieved and his behavior had changed. The mother reported that her boy became progressively more communicative. The child has continued on the gluten-free diet and has progressed well and remained healthy over the following 6 months.
",EN100490,"<|im_start|>user Extract the entities contained in the text. Extract only entities contained in the text.
Return the result in a json format: [{""entity"":""entity_name""}]. <<Within 1 month, the boy's gastrointestinal symptoms were relieved and his behavior had changed.>>> <|im_end|><|im_start|>assistant[{""entity"": ""symptoms""}, {""entity"": ""relieved""}, {""entity"": ""behavior""}, {""entity"": ""changed""}, {""entity"": ""boy's""}, {""entity"": ""1 month""}] <|im_end|>","<|im_start|>user Extract the entities contained in the text. Extract only entities contained in the text.
Return the result in a json format: [{""entity"":""entity_name""}]. <<<We present a case of a 32-year-old woman with a history of gradual enlargement of the anterior neck.>>> <|im_end|><|im_start|>assistant [{""entity"": ""present""}, {""entity"": ""history""}, {""entity"": ""enlargement""}] <|im_end|>
<|im_start|>user Extract the entities contained in the text. Extract only entities contained in the text.
Return the result in a json format: [{""entity"":""entity_name""}]. <<<Patient information: a 9-month-old boy presented to the emergency room with a 3-day history of refusal to bear weight on the right lower extremity and febrile peaks of up to 38.5°C for 24 hours.>>> <|im_end|><|im_start|>assistant [{""entity"": ""presented""}, {""entity"": ""refusal""}, {""entity"": ""bear""}, {""entity"": ""peaks""}] <|im_end|>
<|im_start|>user Extract the entities contained in the text. Extract only entities contained in the text.
Return the result in a json format: [{""entity"":""entity_name""}]. <<Within 1 month, the boy's gastrointestinal symptoms were relieved and his behavior had changed.>>> <|im_end|><|im_start|>assistant","[{""entity"": ""symptoms""}, {""entity"": ""relieved""}, {""entity"": ""behavior""}, {""entity"": ""changed""}, {""entity"": ""boy's""}, {""entity"": ""1 month""}] ","[{""entity"": ""symptoms""}, {""entity"": ""relieved""}, {""entity"": ""behavior""}, {""entity"": ""changed""}, {"""
The mother reported that her boy became progressively more communicative.,"[{'id': '8928', 'offsets': array([11, 19]), 'role': '', 'semantic_type_id': '', 'text': 'reported', 'type': 'EVENT'}
 {'id': '8943', 'offsets': array([59, 72]), 'role': '', 'semantic_type_id': '', 'text': 'communicative', 'type': 'EVENT'}
 {'id': '9284', 'offsets': array([ 0, 10]), 'role': 'OTHER', 'semantic_type_id': '', 'text': 'The mother', 'type': 'ACTOR'}
 {'id': '9291', 'offsets': array([25, 32]), 'role': 'PATIENT', 'semantic_type_id': '', 'text': 'her boy', 'type': 'ACTOR'}]","We received a boy 3-year-old boy with autistic disorder on hospital of pediatric ward A at university hospital Mohammed VI of Marrakesh. He has no family history of illness or autistic spectrum disorder. The history revealed that at 2 years of age. The child was diagnosed with a ‘‘severe communication disorder,'' with social interaction difficulties and sensory processing delay. A composite follow-up of all previous assessments and investigations was undertaken. Blood work was normal (thyroid-stimulating hormone (TSH), hemoglobin, mean corpuscular volume (MCV), and ferritin). Genetic testing was unremarkable (normal karyotype, negative for fragile X) and the magnetic resonance imaging (MRI) in search of a demyelinating attack of the white matter, electroencephalography (EEG), optometry assessment were also normal. At the conclusion of this composite assessment, the boy was given a primary diagnosis of autistic spectrum disorder. A plan was instituted including speech-language therapy, intensive individualized educational programming, and contact was encouraged with the Autism Society. For that purpose, the parents moved to morocco to be surrounded by family without any huge improvement. Upon direct questioning at initial presentation, the 3-year-old child was reported by the parents to have unexplained fatigue, Gastrointestinal symptoms included bloating, constipation and diarrhea. Psychiatric symptoms included a frequently depressed mood, disproportionate anger, and emotional lability. On exploring his history, the child was born from yemenite father and Moroccan mother in Germany at-term weighing 3500 g with an Apgar score of 9 at 1 minute and 10 at 5 minutes after an uneventful pregnancy and delivery. No concerns were present in the neonatal period. Development in the first 24 months of life appeared fine according to the parents-his motor skills seemed to progress normally and he achieved expected milestones. After 2 years of age, however, his language skills slowly began to regress. He also demonstrated a change in temperament as he started to whine repeatedly and to scream without provocation. Physical examination revealed a height and weight normal for age. He was uncommunicative, restless, and somewhat agitated. General examination was unremarkable other than dark rings around the eyes. There were no dysmorphic features evident. He had difficulty maintaining eye contact, and he appeared disinterested in what was taking place. No abnormality was found on abdominal assessment. Anti-tissue transglutaminase antibodies levels were 76 U (normal < 10). The patient underwent upper endoscopy as duodenal biopsy to confirm a celiac disease diagnosis. It shows a total villous atrophy corresponding to a stage 4 of Marsh classification. Given the positive screen for celiac disease (positive anti-tissue transglutaminase antibodies and results of duodenal biopsy), dietary intervention was immediately commenced. All gluten was eliminated from the boy's diet. Within 1 month, the boy's gastrointestinal symptoms were relieved and his behavior had changed. The mother reported that her boy became progressively more communicative. The child has continued on the gluten-free diet and has progressed well and remained healthy over the following 6 months.
",EN100490,"<|im_start|>user Extract the entities contained in the text. Extract only entities contained in the text.
Return the result in a json format: [{""entity"":""entity_name""}]. <<The mother reported that her boy became progressively more communicative.>>> <|im_end|><|im_start|>assistant[{""entity"": ""reported""}, {""entity"": ""communicative""}, {""entity"": ""The mother""}, {""entity"": ""her boy""}] <|im_end|>","<|im_start|>user Extract the entities contained in the text. Extract only entities contained in the text.
Return the result in a json format: [{""entity"":""entity_name""}]. <<<We present a case of a 32-year-old woman with a history of gradual enlargement of the anterior neck.>>> <|im_end|><|im_start|>assistant [{""entity"": ""present""}, {""entity"": ""history""}, {""entity"": ""enlargement""}] <|im_end|>
<|im_start|>user Extract the entities contained in the text. Extract only entities contained in the text.
Return the result in a json format: [{""entity"":""entity_name""}]. <<<Patient information: a 9-month-old boy presented to the emergency room with a 3-day history of refusal to bear weight on the right lower extremity and febrile peaks of up to 38.5°C for 24 hours.>>> <|im_end|><|im_start|>assistant [{""entity"": ""presented""}, {""entity"": ""refusal""}, {""entity"": ""bear""}, {""entity"": ""peaks""}] <|im_end|>
<|im_start|>user Extract the entities contained in the text. Extract only entities contained in the text.
Return the result in a json format: [{""entity"":""entity_name""}]. <<The mother reported that her boy became progressively more communicative.>>> <|im_end|><|im_start|>assistant","[{""entity"": ""reported""}, {""entity"": ""communicative""}, {""entity"": ""The mother""}, {""entity"": ""her boy""}] ","[{""entity"": ""reported""}, {""entity"": ""communicative""}, {""entity"": ""her boy""}, {""entity"": ""The mother""},"
The child has continued on the gluten-free diet and has progressed well and remained healthy over the following 6 months.,"[{'id': '8958', 'offsets': array([14, 23]), 'role': '', 'semantic_type_id': '', 'text': 'continued', 'type': 'EVENT'}
 {'id': '8973', 'offsets': array([43, 47]), 'role': '', 'semantic_type_id': '', 'text': 'diet', 'type': 'EVENT'}
 {'id': '8988', 'offsets': array([56, 66]), 'role': '', 'semantic_type_id': '', 'text': 'progressed', 'type': 'EVENT'}
 {'id': '9003', 'offsets': array([76, 84]), 'role': '', 'semantic_type_id': '', 'text': 'remained', 'type': 'EVENT'}
 {'id': '9018', 'offsets': array([85, 92]), 'role': '', 'semantic_type_id': '', 'text': 'healthy', 'type': 'EVENT'}
 {'id': '9298', 'offsets': array([0, 9]), 'role': 'PATIENT', 'semantic_type_id': '', 'text': 'The child', 'type': 'ACTOR'}
 {'id': '9389', 'offsets': array([ 98, 120]), 'role': '', 'semantic_type_id': '', 'text': 'the following 6 months', 'type': 'TIMEX3'}]","We received a boy 3-year-old boy with autistic disorder on hospital of pediatric ward A at university hospital Mohammed VI of Marrakesh. He has no family history of illness or autistic spectrum disorder. The history revealed that at 2 years of age. The child was diagnosed with a ‘‘severe communication disorder,'' with social interaction difficulties and sensory processing delay. A composite follow-up of all previous assessments and investigations was undertaken. Blood work was normal (thyroid-stimulating hormone (TSH), hemoglobin, mean corpuscular volume (MCV), and ferritin). Genetic testing was unremarkable (normal karyotype, negative for fragile X) and the magnetic resonance imaging (MRI) in search of a demyelinating attack of the white matter, electroencephalography (EEG), optometry assessment were also normal. At the conclusion of this composite assessment, the boy was given a primary diagnosis of autistic spectrum disorder. A plan was instituted including speech-language therapy, intensive individualized educational programming, and contact was encouraged with the Autism Society. For that purpose, the parents moved to morocco to be surrounded by family without any huge improvement. Upon direct questioning at initial presentation, the 3-year-old child was reported by the parents to have unexplained fatigue, Gastrointestinal symptoms included bloating, constipation and diarrhea. Psychiatric symptoms included a frequently depressed mood, disproportionate anger, and emotional lability. On exploring his history, the child was born from yemenite father and Moroccan mother in Germany at-term weighing 3500 g with an Apgar score of 9 at 1 minute and 10 at 5 minutes after an uneventful pregnancy and delivery. No concerns were present in the neonatal period. Development in the first 24 months of life appeared fine according to the parents-his motor skills seemed to progress normally and he achieved expected milestones. After 2 years of age, however, his language skills slowly began to regress. He also demonstrated a change in temperament as he started to whine repeatedly and to scream without provocation. Physical examination revealed a height and weight normal for age. He was uncommunicative, restless, and somewhat agitated. General examination was unremarkable other than dark rings around the eyes. There were no dysmorphic features evident. He had difficulty maintaining eye contact, and he appeared disinterested in what was taking place. No abnormality was found on abdominal assessment. Anti-tissue transglutaminase antibodies levels were 76 U (normal < 10). The patient underwent upper endoscopy as duodenal biopsy to confirm a celiac disease diagnosis. It shows a total villous atrophy corresponding to a stage 4 of Marsh classification. Given the positive screen for celiac disease (positive anti-tissue transglutaminase antibodies and results of duodenal biopsy), dietary intervention was immediately commenced. All gluten was eliminated from the boy's diet. Within 1 month, the boy's gastrointestinal symptoms were relieved and his behavior had changed. The mother reported that her boy became progressively more communicative. The child has continued on the gluten-free diet and has progressed well and remained healthy over the following 6 months.
",EN100490,"<|im_start|>user Extract the entities contained in the text. Extract only entities contained in the text.
Return the result in a json format: [{""entity"":""entity_name""}]. <<The child has continued on the gluten-free diet and has progressed well and remained healthy over the following 6 months.>>> <|im_end|><|im_start|>assistant[{""entity"": ""continued""}, {""entity"": ""diet""}, {""entity"": ""progressed""}, {""entity"": ""remained""}, {""entity"": ""healthy""}, {""entity"": ""The child""}, {""entity"": ""the following 6 months""}] <|im_end|>","<|im_start|>user Extract the entities contained in the text. Extract only entities contained in the text.
Return the result in a json format: [{""entity"":""entity_name""}]. <<<We present a case of a 32-year-old woman with a history of gradual enlargement of the anterior neck.>>> <|im_end|><|im_start|>assistant [{""entity"": ""present""}, {""entity"": ""history""}, {""entity"": ""enlargement""}] <|im_end|>
<|im_start|>user Extract the entities contained in the text. Extract only entities contained in the text.
Return the result in a json format: [{""entity"":""entity_name""}]. <<<Patient information: a 9-month-old boy presented to the emergency room with a 3-day history of refusal to bear weight on the right lower extremity and febrile peaks of up to 38.5°C for 24 hours.>>> <|im_end|><|im_start|>assistant [{""entity"": ""presented""}, {""entity"": ""refusal""}, {""entity"": ""bear""}, {""entity"": ""peaks""}] <|im_end|>
<|im_start|>user Extract the entities contained in the text. Extract only entities contained in the text.
Return the result in a json format: [{""entity"":""entity_name""}]. <<The child has continued on the gluten-free diet and has progressed well and remained healthy over the following 6 months.>>> <|im_end|><|im_start|>assistant","[{""entity"": ""continued""}, {""entity"": ""diet""}, {""entity"": ""progressed""}, {""entity"": ""remained""}, {""entity"": ""healthy""}, {""entity"": ""The child""}, {""entity"": ""the following 6 months""}] ","[{""entity"": ""continued""}, {""entity"": ""diet""}, {""entity"": ""progressed""}, {""entity"": ""healthy""}, {""entity"
"A 23 year old female patient (weight 67kg, height 171cm, BMI 22.91kg/cm 2) presented to emergency department with fever (39.4oC), tachycardia (116 bpm), hypotension (95/45 mmHg), tachypnoea (25 breaths/min), sore throat, neck pain, diffuse pain and tissue oedema in the right-side gluteal region.","[{'id': '8325', 'offsets': array([30, 36]), 'role': '', 'semantic_type_id': '', 'text': 'weight', 'type': 'EVENT'}
 {'id': '8340', 'offsets': array([43, 49]), 'role': '', 'semantic_type_id': '', 'text': 'height', 'type': 'EVENT'}
 {'id': '8355', 'offsets': array([57, 60]), 'role': '', 'semantic_type_id': '', 'text': 'BMI', 'type': 'EVENT'}
 {'id': '8370', 'offsets': array([75, 84]), 'role': '', 'semantic_type_id': '', 'text': 'presented', 'type': 'EVENT'}
 {'id': '8385', 'offsets': array([114, 119]), 'role': '', 'semantic_type_id': '', 'text': 'fever', 'type': 'EVENT'}
 {'id': '8400', 'offsets': array([130, 141]), 'role': '', 'semantic_type_id': '', 'text': 'tachycardia', 'type': 'EVENT'}
 {'id': '8415', 'offsets': array([153, 164]), 'role': '', 'semantic_type_id': '', 'text': 'hypotension', 'type': 'EVENT'}
 {'id': '8430', 'offsets': array([179, 189]), 'role': '', 'semantic_type_id': '', 'text': 'tachypnoea', 'type': 'EVENT'}
 {'id': '8445', 'offsets': array([226, 230]), 'role': '', 'semantic_type_id': '', 'text': 'pain', 'type': 'EVENT'}
 {'id': '8460', 'offsets': array([240, 244]), 'role': '', 'semantic_type_id': '', 'text': 'pain', 'type': 'EVENT'}
 {'id': '8475', 'offsets': array([256, 262]), 'role': '', 'semantic_type_id': '', 'text': 'oedema', 'type': 'EVENT'}
 {'id': '10048', 'offsets': array([208, 219]), 'role': '', 'semantic_type_id': 'C0242429', 'text': 'sore throat', 'type': 'CLINENTITY'}
 {'id': '10055', 'offsets': array([221, 230]), 'role': '', 'semantic_type_id': 'C0007859', 'text': 'neck pain', 'type': 'CLINENTITY'}
 {'id': '10103', 'offsets': array([221, 225]), 'role': '', 'semantic_type_id': '', 'text': 'neck', 'type': 'BODYPART'}
 {'id': '10109', 'offsets': array([249, 255]), 'role': '', 'semantic_type_id': '', 'text': 'tissue', 'type': 'BODYPART'}
 {'id': '10115', 'offsets': array([266, 295]), 'role': '', 'semantic_type_id': '', 'text': 'the right-side gluteal region', 'type': 'BODYPART'}
 {'id': '10199', 'offsets': array([ 0, 28]), 'role': 'PATIENT', 'semantic_type_id': '', 'text': 'A 23 year old female patient', 'type': 'ACTOR'}
 {'id': '10283', 'offsets': array([37, 41]), 'role': '', 'semantic_type_id': '', 'text': '67kg', 'type': 'RML'}
 {'id': '10289', 'offsets': array([50, 55]), 'role': '', 'semantic_type_id': '', 'text': '171cm', 'type': 'RML'}
 {'id': '10295', 'offsets': array([61, 73]), 'role': '', 'semantic_type_id': '', 'text': '22.91kg/cm 2', 'type': 'RML'}
 {'id': '10301', 'offsets': array([121, 127]), 'role': '', 'semantic_type_id': '', 'text': '39.4oC', 'type': 'RML'}
 {'id': '10307', 'offsets': array([143, 150]), 'role': '', 'semantic_type_id': '', 'text': '116 bpm', 'type': 'RML'}
 {'id': '10313', 'offsets': array([166, 176]), 'role': '', 'semantic_type_id': '', 'text': '95/45 mmHg', 'type': 'RML'}
 {'id': '10319', 'offsets': array([191, 205]), 'role': '', 'semantic_type_id': '', 'text': '25 breaths/min', 'type': 'RML'}]","A 23 year old female patient (weight 67kg, height 171cm, BMI 22.91kg/cm 2) presented to emergency department with fever (39.4oC), tachycardia (116 bpm), hypotension (95/45 mmHg), tachypnoea (25 breaths/min), sore throat, neck pain, diffuse pain and tissue oedema in the right-side gluteal region. She was appointed to hospital by a private outpatient surgical center where she had undergone perineal abscess drainage a week before. Recent medical history included also endometrial curettage for ERPC a month before and conservative therapy for hemorrhoids 15 days after. Past medical history included Henoch-Schönlein purpura during childhood. Social history included smoking (11 pack-years), family history was non-contributory. She had no known drug allergies. Complete blood count revealed marked neutrophilic leukocytosis (WBC 23.400 /lt). A CT scan revealed small bilateral pleural effusions, small hepatic enlargement, Gerota's fascia thickening, perineal soft tissue stranding with fascial thickening and small bubbles of air. Fournier's gangrene was set as working diagnosis (calculated FGSI 8, UFGSI 10 and LRINEC 7) and the patient was transported to operation room for immediate radical surgical debridement of necrotic tissue. Blood and surgical material was taken for microbiologic analysis. Due to the extent of the surgical debridement, the patient was admitted postoperatively to the ICU (SOFA score 6, APACHE II score 12); where sedation (midazolam 30 mcg/kg/hr c.iv), analgesia (fentanyl 3 mcg/kg/min c.iv), triple antibiotic regimen with meropenem 2gr q8h i.v., clindamycin 600mg q 6h i.v. and daptomycin 500mg q.d. i.v., gastroprotective and antithrombotic prophylaxis were initiated. During the next 3 days a second CT and an obstetrical consultation were conducted with no significant findings. Human immunodeficiency virus and diabetic screen were also negative. Yet, the patient remained febrile. Microbiology cultures from material taken from the surgical trauma area revealed Candida albicans, Staphylococcus epidermidis and Klebsiella pneumonia ; hence antibiotic regimen was modified and antimycotic treatment (caspofungin 100mg q.d. i.v.) was initiated too. Debridements were repeated every 24 hours but due to the extent of the lesions, on the 10 th day, the patient was transported to operation room for temporary ileostomy till the end of the therapy. Percutaneous tracheotomy was also performed. Hyperbaric oxygen therapy was not available at the setting. One day after the second surgery, patient's condition complicated with MRSA ventilation associated pneumonia. Along with that, a localized oedema appeared in her left upper limb. A palpable mass along the anterior margin of the sternocleidomastoid muscle was also noticed. Vascular ultrasound examination revealed occlusion of left internal jugular vein. Transcranial Doppler examination was normal. Dental consultation and examination of soft palate and peritonsilar tissues showed no abnormalities. Linezolide 600 mg q12h i.v. was added to antibiotic regimen. Since debridements were going on, simultaneous anticoagulation therapy was started with only bemiparine 2500 b.i.d. s.c. Gradually, the patient became afebrile and her clinical condition improved. She was discharged from ICU 13 days later. A follow-up CTA confirmed the disappearance of the left jugular vein thrombosis. About a month after her ICU discharge, an operation was performed for ileostomy closure and reconstruction of the right gluteal region. On a follow-up examination 6 months later, the young woman had returned to her normal everyday life.
",EN100123,"<|im_start|>user Extract the entities contained in the text. Extract only entities contained in the text.
Return the result in a json format: [{""entity"":""entity_name""}]. <<A 23 year old female patient (weight 67kg, height 171cm, BMI 22.91kg/cm 2) presented to emergency department with fever (39.4oC), tachycardia (116 bpm), hypotension (95/45 mmHg), tachypnoea (25 breaths/min), sore throat, neck pain, diffuse pain and tissue oedema in the right-side gluteal region.>>> <|im_end|><|im_start|>assistant[{""entity"": ""weight""}, {""entity"": ""height""}, {""entity"": ""BMI""}, {""entity"": ""presented""}, {""entity"": ""fever""}, {""entity"": ""tachycardia""}, {""entity"": ""hypotension""}, {""entity"": ""tachypnoea""}, {""entity"": ""pain""}, {""entity"": ""pain""}, {""entity"": ""oedema""}, {""entity"": ""sore throat""}, {""entity"": ""neck pain""}, {""entity"": ""neck""}, {""entity"": ""tissue""}, {""entity"": ""the right-side gluteal region""}, {""entity"": ""A 23 year old female patient""}, {""entity"": ""67kg""}, {""entity"": ""171cm""}, {""entity"": ""22.91kg/cm 2""}, {""entity"": ""39.4oC""}, {""entity"": ""116 bpm""}, {""entity"": ""95/45 mmHg""}, {""entity"": ""25 breaths/min""}] <|im_end|>","<|im_start|>user Extract the entities contained in the text. Extract only entities contained in the text.
Return the result in a json format: [{""entity"":""entity_name""}]. <<<We present a case of a 32-year-old woman with a history of gradual enlargement of the anterior neck.>>> <|im_end|><|im_start|>assistant [{""entity"": ""present""}, {""entity"": ""history""}, {""entity"": ""enlargement""}] <|im_end|>
<|im_start|>user Extract the entities contained in the text. Extract only entities contained in the text.
Return the result in a json format: [{""entity"":""entity_name""}]. <<<Patient information: a 9-month-old boy presented to the emergency room with a 3-day history of refusal to bear weight on the right lower extremity and febrile peaks of up to 38.5°C for 24 hours.>>> <|im_end|><|im_start|>assistant [{""entity"": ""presented""}, {""entity"": ""refusal""}, {""entity"": ""bear""}, {""entity"": ""peaks""}] <|im_end|>
<|im_start|>user Extract the entities contained in the text. Extract only entities contained in the text.
Return the result in a json format: [{""entity"":""entity_name""}]. <<A 23 year old female patient (weight 67kg, height 171cm, BMI 22.91kg/cm 2) presented to emergency department with fever (39.4oC), tachycardia (116 bpm), hypotension (95/45 mmHg), tachypnoea (25 breaths/min), sore throat, neck pain, diffuse pain and tissue oedema in the right-side gluteal region.>>> <|im_end|><|im_start|>assistant","[{""entity"": ""weight""}, {""entity"": ""height""}, {""entity"": ""BMI""}, {""entity"": ""presented""}, {""entity"": ""fever""}, {""entity"": ""tachycardia""}, {""entity"": ""hypotension""}, {""entity"": ""tachypnoea""}, {""entity"": ""pain""}, {""entity"": ""pain""}, {""entity"": ""oedema""}, {""entity"": ""sore throat""}, {""entity"": ""neck pain""}, {""entity"": ""neck""}, {""entity"": ""tissue""}, {""entity"": ""the right-side gluteal region""}, {""entity"": ""A 23 year old female patient""}, {""entity"": ""67kg""}, {""entity"": ""171cm""}, {""entity"": ""22.91kg/cm 2""}, {""entity"": ""39.4oC""}, {""entity"": ""116 bpm""}, {""entity"": ""95/45 mmHg""}, {""entity"": ""25 breaths/min""}] ","[{""entity"": ""fever""}, {""entity"": ""tachycardia""}, {""entity"": ""hypotension""}, {""entity"
She was appointed to hospital by a private outpatient surgical center where she had undergone perineal abscess drainage a week before.,"[{'id': '8490', 'offsets': array([ 8, 17]), 'role': '', 'semantic_type_id': '', 'text': 'appointed', 'type': 'EVENT'}
 {'id': '8505', 'offsets': array([111, 119]), 'role': '', 'semantic_type_id': '', 'text': 'drainage', 'type': 'EVENT'}
 {'id': '10206', 'offsets': array([0, 3]), 'role': 'PATIENT', 'semantic_type_id': '', 'text': 'She', 'type': 'ACTOR'}
 {'id': '10213', 'offsets': array([76, 79]), 'role': 'PATIENT', 'semantic_type_id': '', 'text': 'she', 'type': 'ACTOR'}
 {'id': '10373', 'offsets': array([120, 133]), 'role': '', 'semantic_type_id': '', 'text': 'a week before', 'type': 'TIMEX3'}]","A 23 year old female patient (weight 67kg, height 171cm, BMI 22.91kg/cm 2) presented to emergency department with fever (39.4oC), tachycardia (116 bpm), hypotension (95/45 mmHg), tachypnoea (25 breaths/min), sore throat, neck pain, diffuse pain and tissue oedema in the right-side gluteal region. She was appointed to hospital by a private outpatient surgical center where she had undergone perineal abscess drainage a week before. Recent medical history included also endometrial curettage for ERPC a month before and conservative therapy for hemorrhoids 15 days after. Past medical history included Henoch-Schönlein purpura during childhood. Social history included smoking (11 pack-years), family history was non-contributory. She had no known drug allergies. Complete blood count revealed marked neutrophilic leukocytosis (WBC 23.400 /lt). A CT scan revealed small bilateral pleural effusions, small hepatic enlargement, Gerota's fascia thickening, perineal soft tissue stranding with fascial thickening and small bubbles of air. Fournier's gangrene was set as working diagnosis (calculated FGSI 8, UFGSI 10 and LRINEC 7) and the patient was transported to operation room for immediate radical surgical debridement of necrotic tissue. Blood and surgical material was taken for microbiologic analysis. Due to the extent of the surgical debridement, the patient was admitted postoperatively to the ICU (SOFA score 6, APACHE II score 12); where sedation (midazolam 30 mcg/kg/hr c.iv), analgesia (fentanyl 3 mcg/kg/min c.iv), triple antibiotic regimen with meropenem 2gr q8h i.v., clindamycin 600mg q 6h i.v. and daptomycin 500mg q.d. i.v., gastroprotective and antithrombotic prophylaxis were initiated. During the next 3 days a second CT and an obstetrical consultation were conducted with no significant findings. Human immunodeficiency virus and diabetic screen were also negative. Yet, the patient remained febrile. Microbiology cultures from material taken from the surgical trauma area revealed Candida albicans, Staphylococcus epidermidis and Klebsiella pneumonia ; hence antibiotic regimen was modified and antimycotic treatment (caspofungin 100mg q.d. i.v.) was initiated too. Debridements were repeated every 24 hours but due to the extent of the lesions, on the 10 th day, the patient was transported to operation room for temporary ileostomy till the end of the therapy. Percutaneous tracheotomy was also performed. Hyperbaric oxygen therapy was not available at the setting. One day after the second surgery, patient's condition complicated with MRSA ventilation associated pneumonia. Along with that, a localized oedema appeared in her left upper limb. A palpable mass along the anterior margin of the sternocleidomastoid muscle was also noticed. Vascular ultrasound examination revealed occlusion of left internal jugular vein. Transcranial Doppler examination was normal. Dental consultation and examination of soft palate and peritonsilar tissues showed no abnormalities. Linezolide 600 mg q12h i.v. was added to antibiotic regimen. Since debridements were going on, simultaneous anticoagulation therapy was started with only bemiparine 2500 b.i.d. s.c. Gradually, the patient became afebrile and her clinical condition improved. She was discharged from ICU 13 days later. A follow-up CTA confirmed the disappearance of the left jugular vein thrombosis. About a month after her ICU discharge, an operation was performed for ileostomy closure and reconstruction of the right gluteal region. On a follow-up examination 6 months later, the young woman had returned to her normal everyday life.
",EN100123,"<|im_start|>user Extract the entities contained in the text. Extract only entities contained in the text.
Return the result in a json format: [{""entity"":""entity_name""}]. <<She was appointed to hospital by a private outpatient surgical center where she had undergone perineal abscess drainage a week before.>>> <|im_end|><|im_start|>assistant[{""entity"": ""appointed""}, {""entity"": ""drainage""}, {""entity"": ""She""}, {""entity"": ""she""}, {""entity"": ""a week before""}] <|im_end|>","<|im_start|>user Extract the entities contained in the text. Extract only entities contained in the text.
Return the result in a json format: [{""entity"":""entity_name""}]. <<<We present a case of a 32-year-old woman with a history of gradual enlargement of the anterior neck.>>> <|im_end|><|im_start|>assistant [{""entity"": ""present""}, {""entity"": ""history""}, {""entity"": ""enlargement""}] <|im_end|>
<|im_start|>user Extract the entities contained in the text. Extract only entities contained in the text.
Return the result in a json format: [{""entity"":""entity_name""}]. <<<Patient information: a 9-month-old boy presented to the emergency room with a 3-day history of refusal to bear weight on the right lower extremity and febrile peaks of up to 38.5°C for 24 hours.>>> <|im_end|><|im_start|>assistant [{""entity"": ""presented""}, {""entity"": ""refusal""}, {""entity"": ""bear""}, {""entity"": ""peaks""}] <|im_end|>
<|im_start|>user Extract the entities contained in the text. Extract only entities contained in the text.
Return the result in a json format: [{""entity"":""entity_name""}]. <<She was appointed to hospital by a private outpatient surgical center where she had undergone perineal abscess drainage a week before.>>> <|im_end|><|im_start|>assistant","[{""entity"": ""appointed""}, {""entity"": ""drainage""}, {""entity"": ""She""}, {""entity"": ""she""}, {""entity"": ""a week before""}] ","[{""entity"": ""appointed""}, {""entity"": ""drainage""}, {""entity"": ""perineal abscess""}, {""entity"":"
Past medical history included Henoch-Schönlein purpura during childhood.,"[{'id': '8565', 'offsets': array([13, 20]), 'role': '', 'semantic_type_id': '', 'text': 'history', 'type': 'EVENT'}
 {'id': '8580', 'offsets': array([47, 54]), 'role': '', 'semantic_type_id': '', 'text': 'purpura', 'type': 'EVENT'}
 {'id': '10062', 'offsets': array([30, 54]), 'role': '', 'semantic_type_id': 'C0034152', 'text': 'Henoch-Schönlein purpura', 'type': 'CLINENTITY'}]","A 23 year old female patient (weight 67kg, height 171cm, BMI 22.91kg/cm 2) presented to emergency department with fever (39.4oC), tachycardia (116 bpm), hypotension (95/45 mmHg), tachypnoea (25 breaths/min), sore throat, neck pain, diffuse pain and tissue oedema in the right-side gluteal region. She was appointed to hospital by a private outpatient surgical center where she had undergone perineal abscess drainage a week before. Recent medical history included also endometrial curettage for ERPC a month before and conservative therapy for hemorrhoids 15 days after. Past medical history included Henoch-Schönlein purpura during childhood. Social history included smoking (11 pack-years), family history was non-contributory. She had no known drug allergies. Complete blood count revealed marked neutrophilic leukocytosis (WBC 23.400 /lt). A CT scan revealed small bilateral pleural effusions, small hepatic enlargement, Gerota's fascia thickening, perineal soft tissue stranding with fascial thickening and small bubbles of air. Fournier's gangrene was set as working diagnosis (calculated FGSI 8, UFGSI 10 and LRINEC 7) and the patient was transported to operation room for immediate radical surgical debridement of necrotic tissue. Blood and surgical material was taken for microbiologic analysis. Due to the extent of the surgical debridement, the patient was admitted postoperatively to the ICU (SOFA score 6, APACHE II score 12); where sedation (midazolam 30 mcg/kg/hr c.iv), analgesia (fentanyl 3 mcg/kg/min c.iv), triple antibiotic regimen with meropenem 2gr q8h i.v., clindamycin 600mg q 6h i.v. and daptomycin 500mg q.d. i.v., gastroprotective and antithrombotic prophylaxis were initiated. During the next 3 days a second CT and an obstetrical consultation were conducted with no significant findings. Human immunodeficiency virus and diabetic screen were also negative. Yet, the patient remained febrile. Microbiology cultures from material taken from the surgical trauma area revealed Candida albicans, Staphylococcus epidermidis and Klebsiella pneumonia ; hence antibiotic regimen was modified and antimycotic treatment (caspofungin 100mg q.d. i.v.) was initiated too. Debridements were repeated every 24 hours but due to the extent of the lesions, on the 10 th day, the patient was transported to operation room for temporary ileostomy till the end of the therapy. Percutaneous tracheotomy was also performed. Hyperbaric oxygen therapy was not available at the setting. One day after the second surgery, patient's condition complicated with MRSA ventilation associated pneumonia. Along with that, a localized oedema appeared in her left upper limb. A palpable mass along the anterior margin of the sternocleidomastoid muscle was also noticed. Vascular ultrasound examination revealed occlusion of left internal jugular vein. Transcranial Doppler examination was normal. Dental consultation and examination of soft palate and peritonsilar tissues showed no abnormalities. Linezolide 600 mg q12h i.v. was added to antibiotic regimen. Since debridements were going on, simultaneous anticoagulation therapy was started with only bemiparine 2500 b.i.d. s.c. Gradually, the patient became afebrile and her clinical condition improved. She was discharged from ICU 13 days later. A follow-up CTA confirmed the disappearance of the left jugular vein thrombosis. About a month after her ICU discharge, an operation was performed for ileostomy closure and reconstruction of the right gluteal region. On a follow-up examination 6 months later, the young woman had returned to her normal everyday life.
",EN100123,"<|im_start|>user Extract the entities contained in the text. Extract only entities contained in the text.
Return the result in a json format: [{""entity"":""entity_name""}]. <<Past medical history included Henoch-Schönlein purpura during childhood.>>> <|im_end|><|im_start|>assistant[{""entity"": ""history""}, {""entity"": ""purpura""}, {""entity"": ""Henoch-Schönlein purpura""}] <|im_end|>","<|im_start|>user Extract the entities contained in the text. Extract only entities contained in the text.
Return the result in a json format: [{""entity"":""entity_name""}]. <<<We present a case of a 32-year-old woman with a history of gradual enlargement of the anterior neck.>>> <|im_end|><|im_start|>assistant [{""entity"": ""present""}, {""entity"": ""history""}, {""entity"": ""enlargement""}] <|im_end|>
<|im_start|>user Extract the entities contained in the text. Extract only entities contained in the text.
Return the result in a json format: [{""entity"":""entity_name""}]. <<<Patient information: a 9-month-old boy presented to the emergency room with a 3-day history of refusal to bear weight on the right lower extremity and febrile peaks of up to 38.5°C for 24 hours.>>> <|im_end|><|im_start|>assistant [{""entity"": ""presented""}, {""entity"": ""refusal""}, {""entity"": ""bear""}, {""entity"": ""peaks""}] <|im_end|>
<|im_start|>user Extract the entities contained in the text. Extract only entities contained in the text.
Return the result in a json format: [{""entity"":""entity_name""}]. <<Past medical history included Henoch-Schönlein purpura during childhood.>>> <|im_end|><|im_start|>assistant","[{""entity"": ""history""}, {""entity"": ""purpura""}, {""entity"": ""Henoch-Schönlein purpura""}] ","[{""entity"": ""history""}, {""entity"": ""purpura""}, {""entity"": ""Henoch-Schönlein purpura"
"Social history included smoking (11 pack-years), family history was non-contributory.","[{'id': '8595', 'offsets': array([ 7, 14]), 'role': '', 'semantic_type_id': '', 'text': 'history', 'type': 'EVENT'}
 {'id': '8610', 'offsets': array([24, 31]), 'role': '', 'semantic_type_id': '', 'text': 'smoking', 'type': 'EVENT'}
 {'id': '8625', 'offsets': array([56, 63]), 'role': '', 'semantic_type_id': '', 'text': 'history', 'type': 'EVENT'}
 {'id': '8640', 'offsets': array([68, 84]), 'role': '', 'semantic_type_id': '', 'text': 'non-contributory', 'type': 'EVENT'}]","A 23 year old female patient (weight 67kg, height 171cm, BMI 22.91kg/cm 2) presented to emergency department with fever (39.4oC), tachycardia (116 bpm), hypotension (95/45 mmHg), tachypnoea (25 breaths/min), sore throat, neck pain, diffuse pain and tissue oedema in the right-side gluteal region. She was appointed to hospital by a private outpatient surgical center where she had undergone perineal abscess drainage a week before. Recent medical history included also endometrial curettage for ERPC a month before and conservative therapy for hemorrhoids 15 days after. Past medical history included Henoch-Schönlein purpura during childhood. Social history included smoking (11 pack-years), family history was non-contributory. She had no known drug allergies. Complete blood count revealed marked neutrophilic leukocytosis (WBC 23.400 /lt). A CT scan revealed small bilateral pleural effusions, small hepatic enlargement, Gerota's fascia thickening, perineal soft tissue stranding with fascial thickening and small bubbles of air. Fournier's gangrene was set as working diagnosis (calculated FGSI 8, UFGSI 10 and LRINEC 7) and the patient was transported to operation room for immediate radical surgical debridement of necrotic tissue. Blood and surgical material was taken for microbiologic analysis. Due to the extent of the surgical debridement, the patient was admitted postoperatively to the ICU (SOFA score 6, APACHE II score 12); where sedation (midazolam 30 mcg/kg/hr c.iv), analgesia (fentanyl 3 mcg/kg/min c.iv), triple antibiotic regimen with meropenem 2gr q8h i.v., clindamycin 600mg q 6h i.v. and daptomycin 500mg q.d. i.v., gastroprotective and antithrombotic prophylaxis were initiated. During the next 3 days a second CT and an obstetrical consultation were conducted with no significant findings. Human immunodeficiency virus and diabetic screen were also negative. Yet, the patient remained febrile. Microbiology cultures from material taken from the surgical trauma area revealed Candida albicans, Staphylococcus epidermidis and Klebsiella pneumonia ; hence antibiotic regimen was modified and antimycotic treatment (caspofungin 100mg q.d. i.v.) was initiated too. Debridements were repeated every 24 hours but due to the extent of the lesions, on the 10 th day, the patient was transported to operation room for temporary ileostomy till the end of the therapy. Percutaneous tracheotomy was also performed. Hyperbaric oxygen therapy was not available at the setting. One day after the second surgery, patient's condition complicated with MRSA ventilation associated pneumonia. Along with that, a localized oedema appeared in her left upper limb. A palpable mass along the anterior margin of the sternocleidomastoid muscle was also noticed. Vascular ultrasound examination revealed occlusion of left internal jugular vein. Transcranial Doppler examination was normal. Dental consultation and examination of soft palate and peritonsilar tissues showed no abnormalities. Linezolide 600 mg q12h i.v. was added to antibiotic regimen. Since debridements were going on, simultaneous anticoagulation therapy was started with only bemiparine 2500 b.i.d. s.c. Gradually, the patient became afebrile and her clinical condition improved. She was discharged from ICU 13 days later. A follow-up CTA confirmed the disappearance of the left jugular vein thrombosis. About a month after her ICU discharge, an operation was performed for ileostomy closure and reconstruction of the right gluteal region. On a follow-up examination 6 months later, the young woman had returned to her normal everyday life.
",EN100123,"<|im_start|>user Extract the entities contained in the text. Extract only entities contained in the text.
Return the result in a json format: [{""entity"":""entity_name""}]. <<Social history included smoking (11 pack-years), family history was non-contributory.>>> <|im_end|><|im_start|>assistant[{""entity"": ""history""}, {""entity"": ""smoking""}, {""entity"": ""history""}, {""entity"": ""non-contributory""}] <|im_end|>","<|im_start|>user Extract the entities contained in the text. Extract only entities contained in the text.
Return the result in a json format: [{""entity"":""entity_name""}]. <<<We present a case of a 32-year-old woman with a history of gradual enlargement of the anterior neck.>>> <|im_end|><|im_start|>assistant [{""entity"": ""present""}, {""entity"": ""history""}, {""entity"": ""enlargement""}] <|im_end|>
<|im_start|>user Extract the entities contained in the text. Extract only entities contained in the text.
Return the result in a json format: [{""entity"":""entity_name""}]. <<<Patient information: a 9-month-old boy presented to the emergency room with a 3-day history of refusal to bear weight on the right lower extremity and febrile peaks of up to 38.5°C for 24 hours.>>> <|im_end|><|im_start|>assistant [{""entity"": ""presented""}, {""entity"": ""refusal""}, {""entity"": ""bear""}, {""entity"": ""peaks""}] <|im_end|>
<|im_start|>user Extract the entities contained in the text. Extract only entities contained in the text.
Return the result in a json format: [{""entity"":""entity_name""}]. <<Social history included smoking (11 pack-years), family history was non-contributory.>>> <|im_end|><|im_start|>assistant","[{""entity"": ""history""}, {""entity"": ""smoking""}, {""entity"": ""history""}, {""entity"": ""non-contributory""}] ","[{""entity"": ""history""}, {""entity"": ""smoking""}, {""entity"": ""history""}, {""entity"": ""non-contributory""}"
She had no known drug allergies.,"[{'id': '8655', 'offsets': array([22, 31]), 'role': '', 'semantic_type_id': '', 'text': 'allergies', 'type': 'EVENT'}
 {'id': '10220', 'offsets': array([0, 3]), 'role': 'PATIENT', 'semantic_type_id': '', 'text': 'She', 'type': 'ACTOR'}]","A 23 year old female patient (weight 67kg, height 171cm, BMI 22.91kg/cm 2) presented to emergency department with fever (39.4oC), tachycardia (116 bpm), hypotension (95/45 mmHg), tachypnoea (25 breaths/min), sore throat, neck pain, diffuse pain and tissue oedema in the right-side gluteal region. She was appointed to hospital by a private outpatient surgical center where she had undergone perineal abscess drainage a week before. Recent medical history included also endometrial curettage for ERPC a month before and conservative therapy for hemorrhoids 15 days after. Past medical history included Henoch-Schönlein purpura during childhood. Social history included smoking (11 pack-years), family history was non-contributory. She had no known drug allergies. Complete blood count revealed marked neutrophilic leukocytosis (WBC 23.400 /lt). A CT scan revealed small bilateral pleural effusions, small hepatic enlargement, Gerota's fascia thickening, perineal soft tissue stranding with fascial thickening and small bubbles of air. Fournier's gangrene was set as working diagnosis (calculated FGSI 8, UFGSI 10 and LRINEC 7) and the patient was transported to operation room for immediate radical surgical debridement of necrotic tissue. Blood and surgical material was taken for microbiologic analysis. Due to the extent of the surgical debridement, the patient was admitted postoperatively to the ICU (SOFA score 6, APACHE II score 12); where sedation (midazolam 30 mcg/kg/hr c.iv), analgesia (fentanyl 3 mcg/kg/min c.iv), triple antibiotic regimen with meropenem 2gr q8h i.v., clindamycin 600mg q 6h i.v. and daptomycin 500mg q.d. i.v., gastroprotective and antithrombotic prophylaxis were initiated. During the next 3 days a second CT and an obstetrical consultation were conducted with no significant findings. Human immunodeficiency virus and diabetic screen were also negative. Yet, the patient remained febrile. Microbiology cultures from material taken from the surgical trauma area revealed Candida albicans, Staphylococcus epidermidis and Klebsiella pneumonia ; hence antibiotic regimen was modified and antimycotic treatment (caspofungin 100mg q.d. i.v.) was initiated too. Debridements were repeated every 24 hours but due to the extent of the lesions, on the 10 th day, the patient was transported to operation room for temporary ileostomy till the end of the therapy. Percutaneous tracheotomy was also performed. Hyperbaric oxygen therapy was not available at the setting. One day after the second surgery, patient's condition complicated with MRSA ventilation associated pneumonia. Along with that, a localized oedema appeared in her left upper limb. A palpable mass along the anterior margin of the sternocleidomastoid muscle was also noticed. Vascular ultrasound examination revealed occlusion of left internal jugular vein. Transcranial Doppler examination was normal. Dental consultation and examination of soft palate and peritonsilar tissues showed no abnormalities. Linezolide 600 mg q12h i.v. was added to antibiotic regimen. Since debridements were going on, simultaneous anticoagulation therapy was started with only bemiparine 2500 b.i.d. s.c. Gradually, the patient became afebrile and her clinical condition improved. She was discharged from ICU 13 days later. A follow-up CTA confirmed the disappearance of the left jugular vein thrombosis. About a month after her ICU discharge, an operation was performed for ileostomy closure and reconstruction of the right gluteal region. On a follow-up examination 6 months later, the young woman had returned to her normal everyday life.
",EN100123,"<|im_start|>user Extract the entities contained in the text. Extract only entities contained in the text.
Return the result in a json format: [{""entity"":""entity_name""}]. <<She had no known drug allergies.>>> <|im_end|><|im_start|>assistant[{""entity"": ""allergies""}, {""entity"": ""She""}] <|im_end|>","<|im_start|>user Extract the entities contained in the text. Extract only entities contained in the text.
Return the result in a json format: [{""entity"":""entity_name""}]. <<<We present a case of a 32-year-old woman with a history of gradual enlargement of the anterior neck.>>> <|im_end|><|im_start|>assistant [{""entity"": ""present""}, {""entity"": ""history""}, {""entity"": ""enlargement""}] <|im_end|>
<|im_start|>user Extract the entities contained in the text. Extract only entities contained in the text.
Return the result in a json format: [{""entity"":""entity_name""}]. <<<Patient information: a 9-month-old boy presented to the emergency room with a 3-day history of refusal to bear weight on the right lower extremity and febrile peaks of up to 38.5°C for 24 hours.>>> <|im_end|><|im_start|>assistant [{""entity"": ""presented""}, {""entity"": ""refusal""}, {""entity"": ""bear""}, {""entity"": ""peaks""}] <|im_end|>
<|im_start|>user Extract the entities contained in the text. Extract only entities contained in the text.
Return the result in a json format: [{""entity"":""entity_name""}]. <<She had no known drug allergies.>>> <|im_end|><|im_start|>assistant","[{""entity"": ""allergies""}, {""entity"": ""She""}] ","[{""entity"": ""allergies""}, {""entity"": ""She""}] <|im_end|><|im_end|><|im_end|><|im_end|><|im_end|><|im_end|><|im_end|><|im_end|><|im_end|><|im_end|><|im_end|>"
"A CT scan revealed small bilateral pleural effusions, small hepatic enlargement, Gerota's fascia thickening, perineal soft tissue stranding with fascial thickening and small bubbles of air.","[{'id': '8715', 'offsets': array([5, 9]), 'role': '', 'semantic_type_id': '', 'text': 'scan', 'type': 'EVENT'}
 {'id': '8730', 'offsets': array([10, 18]), 'role': '', 'semantic_type_id': '', 'text': 'revealed', 'type': 'EVENT'}
 {'id': '8745', 'offsets': array([43, 52]), 'role': '', 'semantic_type_id': '', 'text': 'effusions', 'type': 'EVENT'}
 {'id': '8760', 'offsets': array([68, 79]), 'role': '', 'semantic_type_id': '', 'text': 'enlargement', 'type': 'EVENT'}
 {'id': '8775', 'offsets': array([ 97, 107]), 'role': '', 'semantic_type_id': '', 'text': 'thickening', 'type': 'EVENT'}
 {'id': '8790', 'offsets': array([130, 139]), 'role': '', 'semantic_type_id': '', 'text': 'stranding', 'type': 'EVENT'}
 {'id': '10133', 'offsets': array([81, 96]), 'role': '', 'semantic_type_id': '', 'text': ""Gerota's fascia"", 'type': 'BODYPART'}
 {'id': '10139', 'offsets': array([109, 129]), 'role': '', 'semantic_type_id': '', 'text': 'perineal soft tissue', 'type': 'BODYPART'}]","A 23 year old female patient (weight 67kg, height 171cm, BMI 22.91kg/cm 2) presented to emergency department with fever (39.4oC), tachycardia (116 bpm), hypotension (95/45 mmHg), tachypnoea (25 breaths/min), sore throat, neck pain, diffuse pain and tissue oedema in the right-side gluteal region. She was appointed to hospital by a private outpatient surgical center where she had undergone perineal abscess drainage a week before. Recent medical history included also endometrial curettage for ERPC a month before and conservative therapy for hemorrhoids 15 days after. Past medical history included Henoch-Schönlein purpura during childhood. Social history included smoking (11 pack-years), family history was non-contributory. She had no known drug allergies. Complete blood count revealed marked neutrophilic leukocytosis (WBC 23.400 /lt). A CT scan revealed small bilateral pleural effusions, small hepatic enlargement, Gerota's fascia thickening, perineal soft tissue stranding with fascial thickening and small bubbles of air. Fournier's gangrene was set as working diagnosis (calculated FGSI 8, UFGSI 10 and LRINEC 7) and the patient was transported to operation room for immediate radical surgical debridement of necrotic tissue. Blood and surgical material was taken for microbiologic analysis. Due to the extent of the surgical debridement, the patient was admitted postoperatively to the ICU (SOFA score 6, APACHE II score 12); where sedation (midazolam 30 mcg/kg/hr c.iv), analgesia (fentanyl 3 mcg/kg/min c.iv), triple antibiotic regimen with meropenem 2gr q8h i.v., clindamycin 600mg q 6h i.v. and daptomycin 500mg q.d. i.v., gastroprotective and antithrombotic prophylaxis were initiated. During the next 3 days a second CT and an obstetrical consultation were conducted with no significant findings. Human immunodeficiency virus and diabetic screen were also negative. Yet, the patient remained febrile. Microbiology cultures from material taken from the surgical trauma area revealed Candida albicans, Staphylococcus epidermidis and Klebsiella pneumonia ; hence antibiotic regimen was modified and antimycotic treatment (caspofungin 100mg q.d. i.v.) was initiated too. Debridements were repeated every 24 hours but due to the extent of the lesions, on the 10 th day, the patient was transported to operation room for temporary ileostomy till the end of the therapy. Percutaneous tracheotomy was also performed. Hyperbaric oxygen therapy was not available at the setting. One day after the second surgery, patient's condition complicated with MRSA ventilation associated pneumonia. Along with that, a localized oedema appeared in her left upper limb. A palpable mass along the anterior margin of the sternocleidomastoid muscle was also noticed. Vascular ultrasound examination revealed occlusion of left internal jugular vein. Transcranial Doppler examination was normal. Dental consultation and examination of soft palate and peritonsilar tissues showed no abnormalities. Linezolide 600 mg q12h i.v. was added to antibiotic regimen. Since debridements were going on, simultaneous anticoagulation therapy was started with only bemiparine 2500 b.i.d. s.c. Gradually, the patient became afebrile and her clinical condition improved. She was discharged from ICU 13 days later. A follow-up CTA confirmed the disappearance of the left jugular vein thrombosis. About a month after her ICU discharge, an operation was performed for ileostomy closure and reconstruction of the right gluteal region. On a follow-up examination 6 months later, the young woman had returned to her normal everyday life.
",EN100123,"<|im_start|>user Extract the entities contained in the text. Extract only entities contained in the text.
Return the result in a json format: [{""entity"":""entity_name""}]. <<A CT scan revealed small bilateral pleural effusions, small hepatic enlargement, Gerota's fascia thickening, perineal soft tissue stranding with fascial thickening and small bubbles of air.>>> <|im_end|><|im_start|>assistant[{""entity"": ""scan""}, {""entity"": ""revealed""}, {""entity"": ""effusions""}, {""entity"": ""enlargement""}, {""entity"": ""thickening""}, {""entity"": ""stranding""}, {""entity"": ""Gerota's fascia""}, {""entity"": ""perineal soft tissue""}] <|im_end|>","<|im_start|>user Extract the entities contained in the text. Extract only entities contained in the text.
Return the result in a json format: [{""entity"":""entity_name""}]. <<<We present a case of a 32-year-old woman with a history of gradual enlargement of the anterior neck.>>> <|im_end|><|im_start|>assistant [{""entity"": ""present""}, {""entity"": ""history""}, {""entity"": ""enlargement""}] <|im_end|>
<|im_start|>user Extract the entities contained in the text. Extract only entities contained in the text.
Return the result in a json format: [{""entity"":""entity_name""}]. <<<Patient information: a 9-month-old boy presented to the emergency room with a 3-day history of refusal to bear weight on the right lower extremity and febrile peaks of up to 38.5°C for 24 hours.>>> <|im_end|><|im_start|>assistant [{""entity"": ""presented""}, {""entity"": ""refusal""}, {""entity"": ""bear""}, {""entity"": ""peaks""}] <|im_end|>
<|im_start|>user Extract the entities contained in the text. Extract only entities contained in the text.
Return the result in a json format: [{""entity"":""entity_name""}]. <<A CT scan revealed small bilateral pleural effusions, small hepatic enlargement, Gerota's fascia thickening, perineal soft tissue stranding with fascial thickening and small bubbles of air.>>> <|im_end|><|im_start|>assistant","[{""entity"": ""scan""}, {""entity"": ""revealed""}, {""entity"": ""effusions""}, {""entity"": ""enlargement""}, {""entity"": ""thickening""}, {""entity"": ""stranding""}, {""entity"": ""Gerota's fascia""}, {""entity"": ""perineal soft tissue""}] ","[{""entity"": ""scan""}, {""entity"": ""revealed""}, {""entity"": ""effusions""}, {""entity"": ""enlargement"
"Fournier's gangrene was set as working diagnosis (calculated FGSI 8, UFGSI 10 and LRINEC 7) and the patient was transported to operation room for immediate radical surgical debridement of necrotic tissue.","[{'id': '8805', 'offsets': array([11, 19]), 'role': '', 'semantic_type_id': '', 'text': 'gangrene', 'type': 'EVENT'}
 {'id': '8820', 'offsets': array([39, 48]), 'role': '', 'semantic_type_id': '', 'text': 'diagnosis', 'type': 'EVENT'}
 {'id': '8835', 'offsets': array([61, 65]), 'role': '', 'semantic_type_id': '', 'text': 'FGSI', 'type': 'EVENT'}
 {'id': '8850', 'offsets': array([69, 74]), 'role': '', 'semantic_type_id': '', 'text': 'UFGSI', 'type': 'EVENT'}
 {'id': '8865', 'offsets': array([82, 88]), 'role': '', 'semantic_type_id': '', 'text': 'LRINEC', 'type': 'EVENT'}
 {'id': '8880', 'offsets': array([112, 123]), 'role': '', 'semantic_type_id': '', 'text': 'transported', 'type': 'EVENT'}
 {'id': '8895', 'offsets': array([173, 184]), 'role': '', 'semantic_type_id': '', 'text': 'debridement', 'type': 'EVENT'}
 {'id': '10069', 'offsets': array([ 0, 19]), 'role': '', 'semantic_type_id': 'C0238419', 'text': ""Fournier's gangrene"", 'type': 'CLINENTITY'}
 {'id': '10145', 'offsets': array([188, 203]), 'role': '', 'semantic_type_id': '', 'text': 'necrotic tissue', 'type': 'BODYPART'}
 {'id': '10227', 'offsets': array([ 96, 107]), 'role': 'PATIENT', 'semantic_type_id': '', 'text': 'the patient', 'type': 'ACTOR'}
 {'id': '10331', 'offsets': array([66, 67]), 'role': '', 'semantic_type_id': '', 'text': '8', 'type': 'RML'}
 {'id': '10337', 'offsets': array([75, 77]), 'role': '', 'semantic_type_id': '', 'text': '10', 'type': 'RML'}
 {'id': '10343', 'offsets': array([89, 90]), 'role': '', 'semantic_type_id': '', 'text': '7', 'type': 'RML'}]","A 23 year old female patient (weight 67kg, height 171cm, BMI 22.91kg/cm 2) presented to emergency department with fever (39.4oC), tachycardia (116 bpm), hypotension (95/45 mmHg), tachypnoea (25 breaths/min), sore throat, neck pain, diffuse pain and tissue oedema in the right-side gluteal region. She was appointed to hospital by a private outpatient surgical center where she had undergone perineal abscess drainage a week before. Recent medical history included also endometrial curettage for ERPC a month before and conservative therapy for hemorrhoids 15 days after. Past medical history included Henoch-Schönlein purpura during childhood. Social history included smoking (11 pack-years), family history was non-contributory. She had no known drug allergies. Complete blood count revealed marked neutrophilic leukocytosis (WBC 23.400 /lt). A CT scan revealed small bilateral pleural effusions, small hepatic enlargement, Gerota's fascia thickening, perineal soft tissue stranding with fascial thickening and small bubbles of air. Fournier's gangrene was set as working diagnosis (calculated FGSI 8, UFGSI 10 and LRINEC 7) and the patient was transported to operation room for immediate radical surgical debridement of necrotic tissue. Blood and surgical material was taken for microbiologic analysis. Due to the extent of the surgical debridement, the patient was admitted postoperatively to the ICU (SOFA score 6, APACHE II score 12); where sedation (midazolam 30 mcg/kg/hr c.iv), analgesia (fentanyl 3 mcg/kg/min c.iv), triple antibiotic regimen with meropenem 2gr q8h i.v., clindamycin 600mg q 6h i.v. and daptomycin 500mg q.d. i.v., gastroprotective and antithrombotic prophylaxis were initiated. During the next 3 days a second CT and an obstetrical consultation were conducted with no significant findings. Human immunodeficiency virus and diabetic screen were also negative. Yet, the patient remained febrile. Microbiology cultures from material taken from the surgical trauma area revealed Candida albicans, Staphylococcus epidermidis and Klebsiella pneumonia ; hence antibiotic regimen was modified and antimycotic treatment (caspofungin 100mg q.d. i.v.) was initiated too. Debridements were repeated every 24 hours but due to the extent of the lesions, on the 10 th day, the patient was transported to operation room for temporary ileostomy till the end of the therapy. Percutaneous tracheotomy was also performed. Hyperbaric oxygen therapy was not available at the setting. One day after the second surgery, patient's condition complicated with MRSA ventilation associated pneumonia. Along with that, a localized oedema appeared in her left upper limb. A palpable mass along the anterior margin of the sternocleidomastoid muscle was also noticed. Vascular ultrasound examination revealed occlusion of left internal jugular vein. Transcranial Doppler examination was normal. Dental consultation and examination of soft palate and peritonsilar tissues showed no abnormalities. Linezolide 600 mg q12h i.v. was added to antibiotic regimen. Since debridements were going on, simultaneous anticoagulation therapy was started with only bemiparine 2500 b.i.d. s.c. Gradually, the patient became afebrile and her clinical condition improved. She was discharged from ICU 13 days later. A follow-up CTA confirmed the disappearance of the left jugular vein thrombosis. About a month after her ICU discharge, an operation was performed for ileostomy closure and reconstruction of the right gluteal region. On a follow-up examination 6 months later, the young woman had returned to her normal everyday life.
",EN100123,"<|im_start|>user Extract the entities contained in the text. Extract only entities contained in the text.
Return the result in a json format: [{""entity"":""entity_name""}]. <<Fournier's gangrene was set as working diagnosis (calculated FGSI 8, UFGSI 10 and LRINEC 7) and the patient was transported to operation room for immediate radical surgical debridement of necrotic tissue.>>> <|im_end|><|im_start|>assistant[{""entity"": ""gangrene""}, {""entity"": ""diagnosis""}, {""entity"": ""FGSI""}, {""entity"": ""UFGSI""}, {""entity"": ""LRINEC""}, {""entity"": ""transported""}, {""entity"": ""debridement""}, {""entity"": ""Fournier's gangrene""}, {""entity"": ""necrotic tissue""}, {""entity"": ""the patient""}, {""entity"": ""8""}, {""entity"": ""10""}, {""entity"": ""7""}] <|im_end|>","<|im_start|>user Extract the entities contained in the text. Extract only entities contained in the text.
Return the result in a json format: [{""entity"":""entity_name""}]. <<<We present a case of a 32-year-old woman with a history of gradual enlargement of the anterior neck.>>> <|im_end|><|im_start|>assistant [{""entity"": ""present""}, {""entity"": ""history""}, {""entity"": ""enlargement""}] <|im_end|>
<|im_start|>user Extract the entities contained in the text. Extract only entities contained in the text.
Return the result in a json format: [{""entity"":""entity_name""}]. <<<Patient information: a 9-month-old boy presented to the emergency room with a 3-day history of refusal to bear weight on the right lower extremity and febrile peaks of up to 38.5°C for 24 hours.>>> <|im_end|><|im_start|>assistant [{""entity"": ""presented""}, {""entity"": ""refusal""}, {""entity"": ""bear""}, {""entity"": ""peaks""}] <|im_end|>
<|im_start|>user Extract the entities contained in the text. Extract only entities contained in the text.
Return the result in a json format: [{""entity"":""entity_name""}]. <<Fournier's gangrene was set as working diagnosis (calculated FGSI 8, UFGSI 10 and LRINEC 7) and the patient was transported to operation room for immediate radical surgical debridement of necrotic tissue.>>> <|im_end|><|im_start|>assistant","[{""entity"": ""gangrene""}, {""entity"": ""diagnosis""}, {""entity"": ""FGSI""}, {""entity"": ""UFGSI""}, {""entity"": ""LRINEC""}, {""entity"": ""transported""}, {""entity"": ""debridement""}, {""entity"": ""Fournier's gangrene""}, {""entity"": ""necrotic tissue""}, {""entity"": ""the patient""}, {""entity"": ""8""}, {""entity"": ""10""}, {""entity"": ""7""}] ","[{""entity"": ""gangrene""}, {""entity"": ""diagnosis""}, {""entity"": ""transported""}, {""entity"": ""debrid"
Blood and surgical material was taken for microbiologic analysis.,"[{'id': '8910', 'offsets': array([56, 64]), 'role': '', 'semantic_type_id': '', 'text': 'analysis', 'type': 'EVENT'}
 {'id': '10151', 'offsets': array([0, 5]), 'role': '', 'semantic_type_id': '', 'text': 'Blood', 'type': 'BODYPART'}]","A 23 year old female patient (weight 67kg, height 171cm, BMI 22.91kg/cm 2) presented to emergency department with fever (39.4oC), tachycardia (116 bpm), hypotension (95/45 mmHg), tachypnoea (25 breaths/min), sore throat, neck pain, diffuse pain and tissue oedema in the right-side gluteal region. She was appointed to hospital by a private outpatient surgical center where she had undergone perineal abscess drainage a week before. Recent medical history included also endometrial curettage for ERPC a month before and conservative therapy for hemorrhoids 15 days after. Past medical history included Henoch-Schönlein purpura during childhood. Social history included smoking (11 pack-years), family history was non-contributory. She had no known drug allergies. Complete blood count revealed marked neutrophilic leukocytosis (WBC 23.400 /lt). A CT scan revealed small bilateral pleural effusions, small hepatic enlargement, Gerota's fascia thickening, perineal soft tissue stranding with fascial thickening and small bubbles of air. Fournier's gangrene was set as working diagnosis (calculated FGSI 8, UFGSI 10 and LRINEC 7) and the patient was transported to operation room for immediate radical surgical debridement of necrotic tissue. Blood and surgical material was taken for microbiologic analysis. Due to the extent of the surgical debridement, the patient was admitted postoperatively to the ICU (SOFA score 6, APACHE II score 12); where sedation (midazolam 30 mcg/kg/hr c.iv), analgesia (fentanyl 3 mcg/kg/min c.iv), triple antibiotic regimen with meropenem 2gr q8h i.v., clindamycin 600mg q 6h i.v. and daptomycin 500mg q.d. i.v., gastroprotective and antithrombotic prophylaxis were initiated. During the next 3 days a second CT and an obstetrical consultation were conducted with no significant findings. Human immunodeficiency virus and diabetic screen were also negative. Yet, the patient remained febrile. Microbiology cultures from material taken from the surgical trauma area revealed Candida albicans, Staphylococcus epidermidis and Klebsiella pneumonia ; hence antibiotic regimen was modified and antimycotic treatment (caspofungin 100mg q.d. i.v.) was initiated too. Debridements were repeated every 24 hours but due to the extent of the lesions, on the 10 th day, the patient was transported to operation room for temporary ileostomy till the end of the therapy. Percutaneous tracheotomy was also performed. Hyperbaric oxygen therapy was not available at the setting. One day after the second surgery, patient's condition complicated with MRSA ventilation associated pneumonia. Along with that, a localized oedema appeared in her left upper limb. A palpable mass along the anterior margin of the sternocleidomastoid muscle was also noticed. Vascular ultrasound examination revealed occlusion of left internal jugular vein. Transcranial Doppler examination was normal. Dental consultation and examination of soft palate and peritonsilar tissues showed no abnormalities. Linezolide 600 mg q12h i.v. was added to antibiotic regimen. Since debridements were going on, simultaneous anticoagulation therapy was started with only bemiparine 2500 b.i.d. s.c. Gradually, the patient became afebrile and her clinical condition improved. She was discharged from ICU 13 days later. A follow-up CTA confirmed the disappearance of the left jugular vein thrombosis. About a month after her ICU discharge, an operation was performed for ileostomy closure and reconstruction of the right gluteal region. On a follow-up examination 6 months later, the young woman had returned to her normal everyday life.
",EN100123,"<|im_start|>user Extract the entities contained in the text. Extract only entities contained in the text.
Return the result in a json format: [{""entity"":""entity_name""}]. <<Blood and surgical material was taken for microbiologic analysis.>>> <|im_end|><|im_start|>assistant[{""entity"": ""analysis""}, {""entity"": ""Blood""}] <|im_end|>","<|im_start|>user Extract the entities contained in the text. Extract only entities contained in the text.
Return the result in a json format: [{""entity"":""entity_name""}]. <<<We present a case of a 32-year-old woman with a history of gradual enlargement of the anterior neck.>>> <|im_end|><|im_start|>assistant [{""entity"": ""present""}, {""entity"": ""history""}, {""entity"": ""enlargement""}] <|im_end|>
<|im_start|>user Extract the entities contained in the text. Extract only entities contained in the text.
Return the result in a json format: [{""entity"":""entity_name""}]. <<<Patient information: a 9-month-old boy presented to the emergency room with a 3-day history of refusal to bear weight on the right lower extremity and febrile peaks of up to 38.5°C for 24 hours.>>> <|im_end|><|im_start|>assistant [{""entity"": ""presented""}, {""entity"": ""refusal""}, {""entity"": ""bear""}, {""entity"": ""peaks""}] <|im_end|>
<|im_start|>user Extract the entities contained in the text. Extract only entities contained in the text.
Return the result in a json format: [{""entity"":""entity_name""}]. <<Blood and surgical material was taken for microbiologic analysis.>>> <|im_end|><|im_start|>assistant","[{""entity"": ""analysis""}, {""entity"": ""Blood""}] ","[{""entity"": ""taken""}] <|im_end|><|im_end|><|im_end|><|im_end|><|im_end|><|im_end|><|im_end|><|im_end|><|im_end|><|im_end|><|im_end|><|im_end|><|im_end|><|im_end|><|im_end|><|im_end|><|im_end|><|im_end|><|im_end|>"
During the next 3 days a second CT and an obstetrical consultation were conducted with no significant findings.,"[{'id': '9090', 'offsets': array([32, 34]), 'role': '', 'semantic_type_id': '', 'text': 'CT', 'type': 'EVENT'}
 {'id': '9105', 'offsets': array([54, 66]), 'role': '', 'semantic_type_id': '', 'text': 'consultation', 'type': 'EVENT'}
 {'id': '9120', 'offsets': array([102, 110]), 'role': '', 'semantic_type_id': '', 'text': 'findings', 'type': 'EVENT'}
 {'id': '10436', 'offsets': array([ 7, 22]), 'role': '', 'semantic_type_id': '', 'text': 'the next 3 days', 'type': 'TIMEX3'}]","A 23 year old female patient (weight 67kg, height 171cm, BMI 22.91kg/cm 2) presented to emergency department with fever (39.4oC), tachycardia (116 bpm), hypotension (95/45 mmHg), tachypnoea (25 breaths/min), sore throat, neck pain, diffuse pain and tissue oedema in the right-side gluteal region. She was appointed to hospital by a private outpatient surgical center where she had undergone perineal abscess drainage a week before. Recent medical history included also endometrial curettage for ERPC a month before and conservative therapy for hemorrhoids 15 days after. Past medical history included Henoch-Schönlein purpura during childhood. Social history included smoking (11 pack-years), family history was non-contributory. She had no known drug allergies. Complete blood count revealed marked neutrophilic leukocytosis (WBC 23.400 /lt). A CT scan revealed small bilateral pleural effusions, small hepatic enlargement, Gerota's fascia thickening, perineal soft tissue stranding with fascial thickening and small bubbles of air. Fournier's gangrene was set as working diagnosis (calculated FGSI 8, UFGSI 10 and LRINEC 7) and the patient was transported to operation room for immediate radical surgical debridement of necrotic tissue. Blood and surgical material was taken for microbiologic analysis. Due to the extent of the surgical debridement, the patient was admitted postoperatively to the ICU (SOFA score 6, APACHE II score 12); where sedation (midazolam 30 mcg/kg/hr c.iv), analgesia (fentanyl 3 mcg/kg/min c.iv), triple antibiotic regimen with meropenem 2gr q8h i.v., clindamycin 600mg q 6h i.v. and daptomycin 500mg q.d. i.v., gastroprotective and antithrombotic prophylaxis were initiated. During the next 3 days a second CT and an obstetrical consultation were conducted with no significant findings. Human immunodeficiency virus and diabetic screen were also negative. Yet, the patient remained febrile. Microbiology cultures from material taken from the surgical trauma area revealed Candida albicans, Staphylococcus epidermidis and Klebsiella pneumonia ; hence antibiotic regimen was modified and antimycotic treatment (caspofungin 100mg q.d. i.v.) was initiated too. Debridements were repeated every 24 hours but due to the extent of the lesions, on the 10 th day, the patient was transported to operation room for temporary ileostomy till the end of the therapy. Percutaneous tracheotomy was also performed. Hyperbaric oxygen therapy was not available at the setting. One day after the second surgery, patient's condition complicated with MRSA ventilation associated pneumonia. Along with that, a localized oedema appeared in her left upper limb. A palpable mass along the anterior margin of the sternocleidomastoid muscle was also noticed. Vascular ultrasound examination revealed occlusion of left internal jugular vein. Transcranial Doppler examination was normal. Dental consultation and examination of soft palate and peritonsilar tissues showed no abnormalities. Linezolide 600 mg q12h i.v. was added to antibiotic regimen. Since debridements were going on, simultaneous anticoagulation therapy was started with only bemiparine 2500 b.i.d. s.c. Gradually, the patient became afebrile and her clinical condition improved. She was discharged from ICU 13 days later. A follow-up CTA confirmed the disappearance of the left jugular vein thrombosis. About a month after her ICU discharge, an operation was performed for ileostomy closure and reconstruction of the right gluteal region. On a follow-up examination 6 months later, the young woman had returned to her normal everyday life.
",EN100123,"<|im_start|>user Extract the entities contained in the text. Extract only entities contained in the text.
Return the result in a json format: [{""entity"":""entity_name""}]. <<During the next 3 days a second CT and an obstetrical consultation were conducted with no significant findings.>>> <|im_end|><|im_start|>assistant[{""entity"": ""CT""}, {""entity"": ""consultation""}, {""entity"": ""findings""}, {""entity"": ""the next 3 days""}] <|im_end|>","<|im_start|>user Extract the entities contained in the text. Extract only entities contained in the text.
Return the result in a json format: [{""entity"":""entity_name""}]. <<<We present a case of a 32-year-old woman with a history of gradual enlargement of the anterior neck.>>> <|im_end|><|im_start|>assistant [{""entity"": ""present""}, {""entity"": ""history""}, {""entity"": ""enlargement""}] <|im_end|>
<|im_start|>user Extract the entities contained in the text. Extract only entities contained in the text.
Return the result in a json format: [{""entity"":""entity_name""}]. <<<Patient information: a 9-month-old boy presented to the emergency room with a 3-day history of refusal to bear weight on the right lower extremity and febrile peaks of up to 38.5°C for 24 hours.>>> <|im_end|><|im_start|>assistant [{""entity"": ""presented""}, {""entity"": ""refusal""}, {""entity"": ""bear""}, {""entity"": ""peaks""}] <|im_end|>
<|im_start|>user Extract the entities contained in the text. Extract only entities contained in the text.
Return the result in a json format: [{""entity"":""entity_name""}]. <<During the next 3 days a second CT and an obstetrical consultation were conducted with no significant findings.>>> <|im_end|><|im_start|>assistant","[{""entity"": ""CT""}, {""entity"": ""consultation""}, {""entity"": ""findings""}, {""entity"": ""the next 3 days""}] ","[{""entity"": ""findings""}, {""entity"": ""the next 3 days""}] <|im_end|><|im_end|><|im_end|><|im_end|><|im_end|><|im_end|><|im_end|><|im_end|>"
Human immunodeficiency virus and diabetic screen were also negative.,"[{'id': '9135', 'offsets': array([23, 28]), 'role': '', 'semantic_type_id': '', 'text': 'virus', 'type': 'EVENT'}
 {'id': '9150', 'offsets': array([42, 48]), 'role': '', 'semantic_type_id': '', 'text': 'screen', 'type': 'EVENT'}
 {'id': '10361', 'offsets': array([59, 67]), 'role': '', 'semantic_type_id': '', 'text': 'negative', 'type': 'RML'}]","A 23 year old female patient (weight 67kg, height 171cm, BMI 22.91kg/cm 2) presented to emergency department with fever (39.4oC), tachycardia (116 bpm), hypotension (95/45 mmHg), tachypnoea (25 breaths/min), sore throat, neck pain, diffuse pain and tissue oedema in the right-side gluteal region. She was appointed to hospital by a private outpatient surgical center where she had undergone perineal abscess drainage a week before. Recent medical history included also endometrial curettage for ERPC a month before and conservative therapy for hemorrhoids 15 days after. Past medical history included Henoch-Schönlein purpura during childhood. Social history included smoking (11 pack-years), family history was non-contributory. She had no known drug allergies. Complete blood count revealed marked neutrophilic leukocytosis (WBC 23.400 /lt). A CT scan revealed small bilateral pleural effusions, small hepatic enlargement, Gerota's fascia thickening, perineal soft tissue stranding with fascial thickening and small bubbles of air. Fournier's gangrene was set as working diagnosis (calculated FGSI 8, UFGSI 10 and LRINEC 7) and the patient was transported to operation room for immediate radical surgical debridement of necrotic tissue. Blood and surgical material was taken for microbiologic analysis. Due to the extent of the surgical debridement, the patient was admitted postoperatively to the ICU (SOFA score 6, APACHE II score 12); where sedation (midazolam 30 mcg/kg/hr c.iv), analgesia (fentanyl 3 mcg/kg/min c.iv), triple antibiotic regimen with meropenem 2gr q8h i.v., clindamycin 600mg q 6h i.v. and daptomycin 500mg q.d. i.v., gastroprotective and antithrombotic prophylaxis were initiated. During the next 3 days a second CT and an obstetrical consultation were conducted with no significant findings. Human immunodeficiency virus and diabetic screen were also negative. Yet, the patient remained febrile. Microbiology cultures from material taken from the surgical trauma area revealed Candida albicans, Staphylococcus epidermidis and Klebsiella pneumonia ; hence antibiotic regimen was modified and antimycotic treatment (caspofungin 100mg q.d. i.v.) was initiated too. Debridements were repeated every 24 hours but due to the extent of the lesions, on the 10 th day, the patient was transported to operation room for temporary ileostomy till the end of the therapy. Percutaneous tracheotomy was also performed. Hyperbaric oxygen therapy was not available at the setting. One day after the second surgery, patient's condition complicated with MRSA ventilation associated pneumonia. Along with that, a localized oedema appeared in her left upper limb. A palpable mass along the anterior margin of the sternocleidomastoid muscle was also noticed. Vascular ultrasound examination revealed occlusion of left internal jugular vein. Transcranial Doppler examination was normal. Dental consultation and examination of soft palate and peritonsilar tissues showed no abnormalities. Linezolide 600 mg q12h i.v. was added to antibiotic regimen. Since debridements were going on, simultaneous anticoagulation therapy was started with only bemiparine 2500 b.i.d. s.c. Gradually, the patient became afebrile and her clinical condition improved. She was discharged from ICU 13 days later. A follow-up CTA confirmed the disappearance of the left jugular vein thrombosis. About a month after her ICU discharge, an operation was performed for ileostomy closure and reconstruction of the right gluteal region. On a follow-up examination 6 months later, the young woman had returned to her normal everyday life.
",EN100123,"<|im_start|>user Extract the entities contained in the text. Extract only entities contained in the text.
Return the result in a json format: [{""entity"":""entity_name""}]. <<Human immunodeficiency virus and diabetic screen were also negative.>>> <|im_end|><|im_start|>assistant[{""entity"": ""virus""}, {""entity"": ""screen""}, {""entity"": ""negative""}] <|im_end|>","<|im_start|>user Extract the entities contained in the text. Extract only entities contained in the text.
Return the result in a json format: [{""entity"":""entity_name""}]. <<<We present a case of a 32-year-old woman with a history of gradual enlargement of the anterior neck.>>> <|im_end|><|im_start|>assistant [{""entity"": ""present""}, {""entity"": ""history""}, {""entity"": ""enlargement""}] <|im_end|>
<|im_start|>user Extract the entities contained in the text. Extract only entities contained in the text.
Return the result in a json format: [{""entity"":""entity_name""}]. <<<Patient information: a 9-month-old boy presented to the emergency room with a 3-day history of refusal to bear weight on the right lower extremity and febrile peaks of up to 38.5°C for 24 hours.>>> <|im_end|><|im_start|>assistant [{""entity"": ""presented""}, {""entity"": ""refusal""}, {""entity"": ""bear""}, {""entity"": ""peaks""}] <|im_end|>
<|im_start|>user Extract the entities contained in the text. Extract only entities contained in the text.
Return the result in a json format: [{""entity"":""entity_name""}]. <<Human immunodeficiency virus and diabetic screen were also negative.>>> <|im_end|><|im_start|>assistant","[{""entity"": ""virus""}, {""entity"": ""screen""}, {""entity"": ""negative""}] ","[{""entity"": ""virus""}, {""entity"": ""screen""}] <|im_end|><|im_end|><|im_end|><|im_end|><|im_end|><|im_end|><|im_end|><|im_end|><|im_end|><|im_end|><|im_end|><|im_end|>"
"Yet, the patient remained febrile.","[{'id': '9165', 'offsets': array([26, 33]), 'role': '', 'semantic_type_id': '', 'text': 'febrile', 'type': 'EVENT'}
 {'id': '10241', 'offsets': array([ 5, 16]), 'role': 'PATIENT', 'semantic_type_id': '', 'text': 'the patient', 'type': 'ACTOR'}]","A 23 year old female patient (weight 67kg, height 171cm, BMI 22.91kg/cm 2) presented to emergency department with fever (39.4oC), tachycardia (116 bpm), hypotension (95/45 mmHg), tachypnoea (25 breaths/min), sore throat, neck pain, diffuse pain and tissue oedema in the right-side gluteal region. She was appointed to hospital by a private outpatient surgical center where she had undergone perineal abscess drainage a week before. Recent medical history included also endometrial curettage for ERPC a month before and conservative therapy for hemorrhoids 15 days after. Past medical history included Henoch-Schönlein purpura during childhood. Social history included smoking (11 pack-years), family history was non-contributory. She had no known drug allergies. Complete blood count revealed marked neutrophilic leukocytosis (WBC 23.400 /lt). A CT scan revealed small bilateral pleural effusions, small hepatic enlargement, Gerota's fascia thickening, perineal soft tissue stranding with fascial thickening and small bubbles of air. Fournier's gangrene was set as working diagnosis (calculated FGSI 8, UFGSI 10 and LRINEC 7) and the patient was transported to operation room for immediate radical surgical debridement of necrotic tissue. Blood and surgical material was taken for microbiologic analysis. Due to the extent of the surgical debridement, the patient was admitted postoperatively to the ICU (SOFA score 6, APACHE II score 12); where sedation (midazolam 30 mcg/kg/hr c.iv), analgesia (fentanyl 3 mcg/kg/min c.iv), triple antibiotic regimen with meropenem 2gr q8h i.v., clindamycin 600mg q 6h i.v. and daptomycin 500mg q.d. i.v., gastroprotective and antithrombotic prophylaxis were initiated. During the next 3 days a second CT and an obstetrical consultation were conducted with no significant findings. Human immunodeficiency virus and diabetic screen were also negative. Yet, the patient remained febrile. Microbiology cultures from material taken from the surgical trauma area revealed Candida albicans, Staphylococcus epidermidis and Klebsiella pneumonia ; hence antibiotic regimen was modified and antimycotic treatment (caspofungin 100mg q.d. i.v.) was initiated too. Debridements were repeated every 24 hours but due to the extent of the lesions, on the 10 th day, the patient was transported to operation room for temporary ileostomy till the end of the therapy. Percutaneous tracheotomy was also performed. Hyperbaric oxygen therapy was not available at the setting. One day after the second surgery, patient's condition complicated with MRSA ventilation associated pneumonia. Along with that, a localized oedema appeared in her left upper limb. A palpable mass along the anterior margin of the sternocleidomastoid muscle was also noticed. Vascular ultrasound examination revealed occlusion of left internal jugular vein. Transcranial Doppler examination was normal. Dental consultation and examination of soft palate and peritonsilar tissues showed no abnormalities. Linezolide 600 mg q12h i.v. was added to antibiotic regimen. Since debridements were going on, simultaneous anticoagulation therapy was started with only bemiparine 2500 b.i.d. s.c. Gradually, the patient became afebrile and her clinical condition improved. She was discharged from ICU 13 days later. A follow-up CTA confirmed the disappearance of the left jugular vein thrombosis. About a month after her ICU discharge, an operation was performed for ileostomy closure and reconstruction of the right gluteal region. On a follow-up examination 6 months later, the young woman had returned to her normal everyday life.
",EN100123,"<|im_start|>user Extract the entities contained in the text. Extract only entities contained in the text.
Return the result in a json format: [{""entity"":""entity_name""}]. <<Yet, the patient remained febrile.>>> <|im_end|><|im_start|>assistant[{""entity"": ""febrile""}, {""entity"": ""the patient""}] <|im_end|>","<|im_start|>user Extract the entities contained in the text. Extract only entities contained in the text.
Return the result in a json format: [{""entity"":""entity_name""}]. <<<We present a case of a 32-year-old woman with a history of gradual enlargement of the anterior neck.>>> <|im_end|><|im_start|>assistant [{""entity"": ""present""}, {""entity"": ""history""}, {""entity"": ""enlargement""}] <|im_end|>
<|im_start|>user Extract the entities contained in the text. Extract only entities contained in the text.
Return the result in a json format: [{""entity"":""entity_name""}]. <<<Patient information: a 9-month-old boy presented to the emergency room with a 3-day history of refusal to bear weight on the right lower extremity and febrile peaks of up to 38.5°C for 24 hours.>>> <|im_end|><|im_start|>assistant [{""entity"": ""presented""}, {""entity"": ""refusal""}, {""entity"": ""bear""}, {""entity"": ""peaks""}] <|im_end|>
<|im_start|>user Extract the entities contained in the text. Extract only entities contained in the text.
Return the result in a json format: [{""entity"":""entity_name""}]. <<Yet, the patient remained febrile.>>> <|im_end|><|im_start|>assistant","[{""entity"": ""febrile""}, {""entity"": ""the patient""}] ","[{""entity"": ""febrile""}, {""entity"": ""the patient""}] <|im_end|><|im_end|><|im_end|><|im_end|><|im_end|><|im_end|><|im_end|><|im_end|><|im_end|><|im_end|>"
Percutaneous tracheotomy was also performed.,"[{'id': '9435', 'offsets': array([13, 24]), 'role': '', 'semantic_type_id': '', 'text': 'tracheotomy', 'type': 'EVENT'}]","A 23 year old female patient (weight 67kg, height 171cm, BMI 22.91kg/cm 2) presented to emergency department with fever (39.4oC), tachycardia (116 bpm), hypotension (95/45 mmHg), tachypnoea (25 breaths/min), sore throat, neck pain, diffuse pain and tissue oedema in the right-side gluteal region. She was appointed to hospital by a private outpatient surgical center where she had undergone perineal abscess drainage a week before. Recent medical history included also endometrial curettage for ERPC a month before and conservative therapy for hemorrhoids 15 days after. Past medical history included Henoch-Schönlein purpura during childhood. Social history included smoking (11 pack-years), family history was non-contributory. She had no known drug allergies. Complete blood count revealed marked neutrophilic leukocytosis (WBC 23.400 /lt). A CT scan revealed small bilateral pleural effusions, small hepatic enlargement, Gerota's fascia thickening, perineal soft tissue stranding with fascial thickening and small bubbles of air. Fournier's gangrene was set as working diagnosis (calculated FGSI 8, UFGSI 10 and LRINEC 7) and the patient was transported to operation room for immediate radical surgical debridement of necrotic tissue. Blood and surgical material was taken for microbiologic analysis. Due to the extent of the surgical debridement, the patient was admitted postoperatively to the ICU (SOFA score 6, APACHE II score 12); where sedation (midazolam 30 mcg/kg/hr c.iv), analgesia (fentanyl 3 mcg/kg/min c.iv), triple antibiotic regimen with meropenem 2gr q8h i.v., clindamycin 600mg q 6h i.v. and daptomycin 500mg q.d. i.v., gastroprotective and antithrombotic prophylaxis were initiated. During the next 3 days a second CT and an obstetrical consultation were conducted with no significant findings. Human immunodeficiency virus and diabetic screen were also negative. Yet, the patient remained febrile. Microbiology cultures from material taken from the surgical trauma area revealed Candida albicans, Staphylococcus epidermidis and Klebsiella pneumonia ; hence antibiotic regimen was modified and antimycotic treatment (caspofungin 100mg q.d. i.v.) was initiated too. Debridements were repeated every 24 hours but due to the extent of the lesions, on the 10 th day, the patient was transported to operation room for temporary ileostomy till the end of the therapy. Percutaneous tracheotomy was also performed. Hyperbaric oxygen therapy was not available at the setting. One day after the second surgery, patient's condition complicated with MRSA ventilation associated pneumonia. Along with that, a localized oedema appeared in her left upper limb. A palpable mass along the anterior margin of the sternocleidomastoid muscle was also noticed. Vascular ultrasound examination revealed occlusion of left internal jugular vein. Transcranial Doppler examination was normal. Dental consultation and examination of soft palate and peritonsilar tissues showed no abnormalities. Linezolide 600 mg q12h i.v. was added to antibiotic regimen. Since debridements were going on, simultaneous anticoagulation therapy was started with only bemiparine 2500 b.i.d. s.c. Gradually, the patient became afebrile and her clinical condition improved. She was discharged from ICU 13 days later. A follow-up CTA confirmed the disappearance of the left jugular vein thrombosis. About a month after her ICU discharge, an operation was performed for ileostomy closure and reconstruction of the right gluteal region. On a follow-up examination 6 months later, the young woman had returned to her normal everyday life.
",EN100123,"<|im_start|>user Extract the entities contained in the text. Extract only entities contained in the text.
Return the result in a json format: [{""entity"":""entity_name""}]. <<Percutaneous tracheotomy was also performed.>>> <|im_end|><|im_start|>assistant[{""entity"": ""tracheotomy""}] <|im_end|>","<|im_start|>user Extract the entities contained in the text. Extract only entities contained in the text.
Return the result in a json format: [{""entity"":""entity_name""}]. <<<We present a case of a 32-year-old woman with a history of gradual enlargement of the anterior neck.>>> <|im_end|><|im_start|>assistant [{""entity"": ""present""}, {""entity"": ""history""}, {""entity"": ""enlargement""}] <|im_end|>
<|im_start|>user Extract the entities contained in the text. Extract only entities contained in the text.
Return the result in a json format: [{""entity"":""entity_name""}]. <<<Patient information: a 9-month-old boy presented to the emergency room with a 3-day history of refusal to bear weight on the right lower extremity and febrile peaks of up to 38.5°C for 24 hours.>>> <|im_end|><|im_start|>assistant [{""entity"": ""presented""}, {""entity"": ""refusal""}, {""entity"": ""bear""}, {""entity"": ""peaks""}] <|im_end|>
<|im_start|>user Extract the entities contained in the text. Extract only entities contained in the text.
Return the result in a json format: [{""entity"":""entity_name""}]. <<Percutaneous tracheotomy was also performed.>>> <|im_end|><|im_start|>assistant","[{""entity"": ""tracheotomy""}] ","[{""entity"": ""tracheotomy""}] <|im_end|><|im_end|><|im_end|><|im_end|><|im_end|><|im_end|><|im_end|><|im_end|><|im_end|><|im_end|><|im_end|><|im_end|><|im_end|><|im_end|><|im_end|><|im_end|><|im_end|>"
Hyperbaric oxygen therapy was not available at the setting.,"[{'id': '9450', 'offsets': array([18, 25]), 'role': '', 'semantic_type_id': '', 'text': 'therapy', 'type': 'EVENT'}
 {'id': '9465', 'offsets': array([34, 43]), 'role': '', 'semantic_type_id': '', 'text': 'available', 'type': 'EVENT'}]","A 23 year old female patient (weight 67kg, height 171cm, BMI 22.91kg/cm 2) presented to emergency department with fever (39.4oC), tachycardia (116 bpm), hypotension (95/45 mmHg), tachypnoea (25 breaths/min), sore throat, neck pain, diffuse pain and tissue oedema in the right-side gluteal region. She was appointed to hospital by a private outpatient surgical center where she had undergone perineal abscess drainage a week before. Recent medical history included also endometrial curettage for ERPC a month before and conservative therapy for hemorrhoids 15 days after. Past medical history included Henoch-Schönlein purpura during childhood. Social history included smoking (11 pack-years), family history was non-contributory. She had no known drug allergies. Complete blood count revealed marked neutrophilic leukocytosis (WBC 23.400 /lt). A CT scan revealed small bilateral pleural effusions, small hepatic enlargement, Gerota's fascia thickening, perineal soft tissue stranding with fascial thickening and small bubbles of air. Fournier's gangrene was set as working diagnosis (calculated FGSI 8, UFGSI 10 and LRINEC 7) and the patient was transported to operation room for immediate radical surgical debridement of necrotic tissue. Blood and surgical material was taken for microbiologic analysis. Due to the extent of the surgical debridement, the patient was admitted postoperatively to the ICU (SOFA score 6, APACHE II score 12); where sedation (midazolam 30 mcg/kg/hr c.iv), analgesia (fentanyl 3 mcg/kg/min c.iv), triple antibiotic regimen with meropenem 2gr q8h i.v., clindamycin 600mg q 6h i.v. and daptomycin 500mg q.d. i.v., gastroprotective and antithrombotic prophylaxis were initiated. During the next 3 days a second CT and an obstetrical consultation were conducted with no significant findings. Human immunodeficiency virus and diabetic screen were also negative. Yet, the patient remained febrile. Microbiology cultures from material taken from the surgical trauma area revealed Candida albicans, Staphylococcus epidermidis and Klebsiella pneumonia ; hence antibiotic regimen was modified and antimycotic treatment (caspofungin 100mg q.d. i.v.) was initiated too. Debridements were repeated every 24 hours but due to the extent of the lesions, on the 10 th day, the patient was transported to operation room for temporary ileostomy till the end of the therapy. Percutaneous tracheotomy was also performed. Hyperbaric oxygen therapy was not available at the setting. One day after the second surgery, patient's condition complicated with MRSA ventilation associated pneumonia. Along with that, a localized oedema appeared in her left upper limb. A palpable mass along the anterior margin of the sternocleidomastoid muscle was also noticed. Vascular ultrasound examination revealed occlusion of left internal jugular vein. Transcranial Doppler examination was normal. Dental consultation and examination of soft palate and peritonsilar tissues showed no abnormalities. Linezolide 600 mg q12h i.v. was added to antibiotic regimen. Since debridements were going on, simultaneous anticoagulation therapy was started with only bemiparine 2500 b.i.d. s.c. Gradually, the patient became afebrile and her clinical condition improved. She was discharged from ICU 13 days later. A follow-up CTA confirmed the disappearance of the left jugular vein thrombosis. About a month after her ICU discharge, an operation was performed for ileostomy closure and reconstruction of the right gluteal region. On a follow-up examination 6 months later, the young woman had returned to her normal everyday life.
",EN100123,"<|im_start|>user Extract the entities contained in the text. Extract only entities contained in the text.
Return the result in a json format: [{""entity"":""entity_name""}]. <<Hyperbaric oxygen therapy was not available at the setting.>>> <|im_end|><|im_start|>assistant[{""entity"": ""therapy""}, {""entity"": ""available""}] <|im_end|>","<|im_start|>user Extract the entities contained in the text. Extract only entities contained in the text.
Return the result in a json format: [{""entity"":""entity_name""}]. <<<We present a case of a 32-year-old woman with a history of gradual enlargement of the anterior neck.>>> <|im_end|><|im_start|>assistant [{""entity"": ""present""}, {""entity"": ""history""}, {""entity"": ""enlargement""}] <|im_end|>
<|im_start|>user Extract the entities contained in the text. Extract only entities contained in the text.
Return the result in a json format: [{""entity"":""entity_name""}]. <<<Patient information: a 9-month-old boy presented to the emergency room with a 3-day history of refusal to bear weight on the right lower extremity and febrile peaks of up to 38.5°C for 24 hours.>>> <|im_end|><|im_start|>assistant [{""entity"": ""presented""}, {""entity"": ""refusal""}, {""entity"": ""bear""}, {""entity"": ""peaks""}] <|im_end|>
<|im_start|>user Extract the entities contained in the text. Extract only entities contained in the text.
Return the result in a json format: [{""entity"":""entity_name""}]. <<Hyperbaric oxygen therapy was not available at the setting.>>> <|im_end|><|im_start|>assistant","[{""entity"": ""therapy""}, {""entity"": ""available""}] ","[{""entity"": ""therapy""}, {""entity"": ""available""}] <|im_end|><|im_end|><|im_end|><|im_end|><|im_end|><|im_end|><|im_end|><|im_end|><|im_end|><|im_end|><|im_end|><|im_end|><|im_end|>"
"Along with that, a localized oedema appeared in her left upper limb.","[{'id': '9540', 'offsets': array([29, 35]), 'role': '', 'semantic_type_id': '', 'text': 'oedema', 'type': 'EVENT'}
 {'id': '10157', 'offsets': array([48, 67]), 'role': '', 'semantic_type_id': '', 'text': 'her left upper limb', 'type': 'BODYPART'}]","A 23 year old female patient (weight 67kg, height 171cm, BMI 22.91kg/cm 2) presented to emergency department with fever (39.4oC), tachycardia (116 bpm), hypotension (95/45 mmHg), tachypnoea (25 breaths/min), sore throat, neck pain, diffuse pain and tissue oedema in the right-side gluteal region. She was appointed to hospital by a private outpatient surgical center where she had undergone perineal abscess drainage a week before. Recent medical history included also endometrial curettage for ERPC a month before and conservative therapy for hemorrhoids 15 days after. Past medical history included Henoch-Schönlein purpura during childhood. Social history included smoking (11 pack-years), family history was non-contributory. She had no known drug allergies. Complete blood count revealed marked neutrophilic leukocytosis (WBC 23.400 /lt). A CT scan revealed small bilateral pleural effusions, small hepatic enlargement, Gerota's fascia thickening, perineal soft tissue stranding with fascial thickening and small bubbles of air. Fournier's gangrene was set as working diagnosis (calculated FGSI 8, UFGSI 10 and LRINEC 7) and the patient was transported to operation room for immediate radical surgical debridement of necrotic tissue. Blood and surgical material was taken for microbiologic analysis. Due to the extent of the surgical debridement, the patient was admitted postoperatively to the ICU (SOFA score 6, APACHE II score 12); where sedation (midazolam 30 mcg/kg/hr c.iv), analgesia (fentanyl 3 mcg/kg/min c.iv), triple antibiotic regimen with meropenem 2gr q8h i.v., clindamycin 600mg q 6h i.v. and daptomycin 500mg q.d. i.v., gastroprotective and antithrombotic prophylaxis were initiated. During the next 3 days a second CT and an obstetrical consultation were conducted with no significant findings. Human immunodeficiency virus and diabetic screen were also negative. Yet, the patient remained febrile. Microbiology cultures from material taken from the surgical trauma area revealed Candida albicans, Staphylococcus epidermidis and Klebsiella pneumonia ; hence antibiotic regimen was modified and antimycotic treatment (caspofungin 100mg q.d. i.v.) was initiated too. Debridements were repeated every 24 hours but due to the extent of the lesions, on the 10 th day, the patient was transported to operation room for temporary ileostomy till the end of the therapy. Percutaneous tracheotomy was also performed. Hyperbaric oxygen therapy was not available at the setting. One day after the second surgery, patient's condition complicated with MRSA ventilation associated pneumonia. Along with that, a localized oedema appeared in her left upper limb. A palpable mass along the anterior margin of the sternocleidomastoid muscle was also noticed. Vascular ultrasound examination revealed occlusion of left internal jugular vein. Transcranial Doppler examination was normal. Dental consultation and examination of soft palate and peritonsilar tissues showed no abnormalities. Linezolide 600 mg q12h i.v. was added to antibiotic regimen. Since debridements were going on, simultaneous anticoagulation therapy was started with only bemiparine 2500 b.i.d. s.c. Gradually, the patient became afebrile and her clinical condition improved. She was discharged from ICU 13 days later. A follow-up CTA confirmed the disappearance of the left jugular vein thrombosis. About a month after her ICU discharge, an operation was performed for ileostomy closure and reconstruction of the right gluteal region. On a follow-up examination 6 months later, the young woman had returned to her normal everyday life.
",EN100123,"<|im_start|>user Extract the entities contained in the text. Extract only entities contained in the text.
Return the result in a json format: [{""entity"":""entity_name""}]. <<Along with that, a localized oedema appeared in her left upper limb.>>> <|im_end|><|im_start|>assistant[{""entity"": ""oedema""}, {""entity"": ""her left upper limb""}] <|im_end|>","<|im_start|>user Extract the entities contained in the text. Extract only entities contained in the text.
Return the result in a json format: [{""entity"":""entity_name""}]. <<<We present a case of a 32-year-old woman with a history of gradual enlargement of the anterior neck.>>> <|im_end|><|im_start|>assistant [{""entity"": ""present""}, {""entity"": ""history""}, {""entity"": ""enlargement""}] <|im_end|>
<|im_start|>user Extract the entities contained in the text. Extract only entities contained in the text.
Return the result in a json format: [{""entity"":""entity_name""}]. <<<Patient information: a 9-month-old boy presented to the emergency room with a 3-day history of refusal to bear weight on the right lower extremity and febrile peaks of up to 38.5°C for 24 hours.>>> <|im_end|><|im_start|>assistant [{""entity"": ""presented""}, {""entity"": ""refusal""}, {""entity"": ""bear""}, {""entity"": ""peaks""}] <|im_end|>
<|im_start|>user Extract the entities contained in the text. Extract only entities contained in the text.
Return the result in a json format: [{""entity"":""entity_name""}]. <<Along with that, a localized oedema appeared in her left upper limb.>>> <|im_end|><|im_start|>assistant","[{""entity"": ""oedema""}, {""entity"": ""her left upper limb""}] ","[{""entity"": ""oedema""}, {""entity"": ""upper limb""}, {""entity"": ""her""}, {""entity"": ""that""},"
A palpable mass along the anterior margin of the sternocleidomastoid muscle was also noticed.,"[{'id': '9555', 'offsets': array([11, 15]), 'role': '', 'semantic_type_id': '', 'text': 'mass', 'type': 'EVENT'}
 {'id': '9570', 'offsets': array([85, 92]), 'role': '', 'semantic_type_id': '', 'text': 'noticed', 'type': 'EVENT'}
 {'id': '10163', 'offsets': array([22, 75]), 'role': '', 'semantic_type_id': '', 'text': 'the anterior margin of the sternocleidomastoid muscle', 'type': 'BODYPART'}]","A 23 year old female patient (weight 67kg, height 171cm, BMI 22.91kg/cm 2) presented to emergency department with fever (39.4oC), tachycardia (116 bpm), hypotension (95/45 mmHg), tachypnoea (25 breaths/min), sore throat, neck pain, diffuse pain and tissue oedema in the right-side gluteal region. She was appointed to hospital by a private outpatient surgical center where she had undergone perineal abscess drainage a week before. Recent medical history included also endometrial curettage for ERPC a month before and conservative therapy for hemorrhoids 15 days after. Past medical history included Henoch-Schönlein purpura during childhood. Social history included smoking (11 pack-years), family history was non-contributory. She had no known drug allergies. Complete blood count revealed marked neutrophilic leukocytosis (WBC 23.400 /lt). A CT scan revealed small bilateral pleural effusions, small hepatic enlargement, Gerota's fascia thickening, perineal soft tissue stranding with fascial thickening and small bubbles of air. Fournier's gangrene was set as working diagnosis (calculated FGSI 8, UFGSI 10 and LRINEC 7) and the patient was transported to operation room for immediate radical surgical debridement of necrotic tissue. Blood and surgical material was taken for microbiologic analysis. Due to the extent of the surgical debridement, the patient was admitted postoperatively to the ICU (SOFA score 6, APACHE II score 12); where sedation (midazolam 30 mcg/kg/hr c.iv), analgesia (fentanyl 3 mcg/kg/min c.iv), triple antibiotic regimen with meropenem 2gr q8h i.v., clindamycin 600mg q 6h i.v. and daptomycin 500mg q.d. i.v., gastroprotective and antithrombotic prophylaxis were initiated. During the next 3 days a second CT and an obstetrical consultation were conducted with no significant findings. Human immunodeficiency virus and diabetic screen were also negative. Yet, the patient remained febrile. Microbiology cultures from material taken from the surgical trauma area revealed Candida albicans, Staphylococcus epidermidis and Klebsiella pneumonia ; hence antibiotic regimen was modified and antimycotic treatment (caspofungin 100mg q.d. i.v.) was initiated too. Debridements were repeated every 24 hours but due to the extent of the lesions, on the 10 th day, the patient was transported to operation room for temporary ileostomy till the end of the therapy. Percutaneous tracheotomy was also performed. Hyperbaric oxygen therapy was not available at the setting. One day after the second surgery, patient's condition complicated with MRSA ventilation associated pneumonia. Along with that, a localized oedema appeared in her left upper limb. A palpable mass along the anterior margin of the sternocleidomastoid muscle was also noticed. Vascular ultrasound examination revealed occlusion of left internal jugular vein. Transcranial Doppler examination was normal. Dental consultation and examination of soft palate and peritonsilar tissues showed no abnormalities. Linezolide 600 mg q12h i.v. was added to antibiotic regimen. Since debridements were going on, simultaneous anticoagulation therapy was started with only bemiparine 2500 b.i.d. s.c. Gradually, the patient became afebrile and her clinical condition improved. She was discharged from ICU 13 days later. A follow-up CTA confirmed the disappearance of the left jugular vein thrombosis. About a month after her ICU discharge, an operation was performed for ileostomy closure and reconstruction of the right gluteal region. On a follow-up examination 6 months later, the young woman had returned to her normal everyday life.
",EN100123,"<|im_start|>user Extract the entities contained in the text. Extract only entities contained in the text.
Return the result in a json format: [{""entity"":""entity_name""}]. <<A palpable mass along the anterior margin of the sternocleidomastoid muscle was also noticed.>>> <|im_end|><|im_start|>assistant[{""entity"": ""mass""}, {""entity"": ""noticed""}, {""entity"": ""the anterior margin of the sternocleidomastoid muscle""}] <|im_end|>","<|im_start|>user Extract the entities contained in the text. Extract only entities contained in the text.
Return the result in a json format: [{""entity"":""entity_name""}]. <<<We present a case of a 32-year-old woman with a history of gradual enlargement of the anterior neck.>>> <|im_end|><|im_start|>assistant [{""entity"": ""present""}, {""entity"": ""history""}, {""entity"": ""enlargement""}] <|im_end|>
<|im_start|>user Extract the entities contained in the text. Extract only entities contained in the text.
Return the result in a json format: [{""entity"":""entity_name""}]. <<<Patient information: a 9-month-old boy presented to the emergency room with a 3-day history of refusal to bear weight on the right lower extremity and febrile peaks of up to 38.5°C for 24 hours.>>> <|im_end|><|im_start|>assistant [{""entity"": ""presented""}, {""entity"": ""refusal""}, {""entity"": ""bear""}, {""entity"": ""peaks""}] <|im_end|>
<|im_start|>user Extract the entities contained in the text. Extract only entities contained in the text.
Return the result in a json format: [{""entity"":""entity_name""}]. <<A palpable mass along the anterior margin of the sternocleidomastoid muscle was also noticed.>>> <|im_end|><|im_start|>assistant","[{""entity"": ""mass""}, {""entity"": ""noticed""}, {""entity"": ""the anterior margin of the sternocleidomastoid muscle""}] ","[{""entity"": ""mass""}, {""entity"": ""noticed""}, {""entity"": ""muscle""}, {""entity"": ""the anterior margin of"
Transcranial Doppler examination was normal.,"[{'id': '9630', 'offsets': array([21, 32]), 'role': '', 'semantic_type_id': '', 'text': 'examination', 'type': 'EVENT'}
 {'id': '10367', 'offsets': array([37, 43]), 'role': '', 'semantic_type_id': '', 'text': 'normal', 'type': 'RML'}]","A 23 year old female patient (weight 67kg, height 171cm, BMI 22.91kg/cm 2) presented to emergency department with fever (39.4oC), tachycardia (116 bpm), hypotension (95/45 mmHg), tachypnoea (25 breaths/min), sore throat, neck pain, diffuse pain and tissue oedema in the right-side gluteal region. She was appointed to hospital by a private outpatient surgical center where she had undergone perineal abscess drainage a week before. Recent medical history included also endometrial curettage for ERPC a month before and conservative therapy for hemorrhoids 15 days after. Past medical history included Henoch-Schönlein purpura during childhood. Social history included smoking (11 pack-years), family history was non-contributory. She had no known drug allergies. Complete blood count revealed marked neutrophilic leukocytosis (WBC 23.400 /lt). A CT scan revealed small bilateral pleural effusions, small hepatic enlargement, Gerota's fascia thickening, perineal soft tissue stranding with fascial thickening and small bubbles of air. Fournier's gangrene was set as working diagnosis (calculated FGSI 8, UFGSI 10 and LRINEC 7) and the patient was transported to operation room for immediate radical surgical debridement of necrotic tissue. Blood and surgical material was taken for microbiologic analysis. Due to the extent of the surgical debridement, the patient was admitted postoperatively to the ICU (SOFA score 6, APACHE II score 12); where sedation (midazolam 30 mcg/kg/hr c.iv), analgesia (fentanyl 3 mcg/kg/min c.iv), triple antibiotic regimen with meropenem 2gr q8h i.v., clindamycin 600mg q 6h i.v. and daptomycin 500mg q.d. i.v., gastroprotective and antithrombotic prophylaxis were initiated. During the next 3 days a second CT and an obstetrical consultation were conducted with no significant findings. Human immunodeficiency virus and diabetic screen were also negative. Yet, the patient remained febrile. Microbiology cultures from material taken from the surgical trauma area revealed Candida albicans, Staphylococcus epidermidis and Klebsiella pneumonia ; hence antibiotic regimen was modified and antimycotic treatment (caspofungin 100mg q.d. i.v.) was initiated too. Debridements were repeated every 24 hours but due to the extent of the lesions, on the 10 th day, the patient was transported to operation room for temporary ileostomy till the end of the therapy. Percutaneous tracheotomy was also performed. Hyperbaric oxygen therapy was not available at the setting. One day after the second surgery, patient's condition complicated with MRSA ventilation associated pneumonia. Along with that, a localized oedema appeared in her left upper limb. A palpable mass along the anterior margin of the sternocleidomastoid muscle was also noticed. Vascular ultrasound examination revealed occlusion of left internal jugular vein. Transcranial Doppler examination was normal. Dental consultation and examination of soft palate and peritonsilar tissues showed no abnormalities. Linezolide 600 mg q12h i.v. was added to antibiotic regimen. Since debridements were going on, simultaneous anticoagulation therapy was started with only bemiparine 2500 b.i.d. s.c. Gradually, the patient became afebrile and her clinical condition improved. She was discharged from ICU 13 days later. A follow-up CTA confirmed the disappearance of the left jugular vein thrombosis. About a month after her ICU discharge, an operation was performed for ileostomy closure and reconstruction of the right gluteal region. On a follow-up examination 6 months later, the young woman had returned to her normal everyday life.
",EN100123,"<|im_start|>user Extract the entities contained in the text. Extract only entities contained in the text.
Return the result in a json format: [{""entity"":""entity_name""}]. <<Transcranial Doppler examination was normal.>>> <|im_end|><|im_start|>assistant[{""entity"": ""examination""}, {""entity"": ""normal""}] <|im_end|>","<|im_start|>user Extract the entities contained in the text. Extract only entities contained in the text.
Return the result in a json format: [{""entity"":""entity_name""}]. <<<We present a case of a 32-year-old woman with a history of gradual enlargement of the anterior neck.>>> <|im_end|><|im_start|>assistant [{""entity"": ""present""}, {""entity"": ""history""}, {""entity"": ""enlargement""}] <|im_end|>
<|im_start|>user Extract the entities contained in the text. Extract only entities contained in the text.
Return the result in a json format: [{""entity"":""entity_name""}]. <<<Patient information: a 9-month-old boy presented to the emergency room with a 3-day history of refusal to bear weight on the right lower extremity and febrile peaks of up to 38.5°C for 24 hours.>>> <|im_end|><|im_start|>assistant [{""entity"": ""presented""}, {""entity"": ""refusal""}, {""entity"": ""bear""}, {""entity"": ""peaks""}] <|im_end|>
<|im_start|>user Extract the entities contained in the text. Extract only entities contained in the text.
Return the result in a json format: [{""entity"":""entity_name""}]. <<Transcranial Doppler examination was normal.>>> <|im_end|><|im_start|>assistant","[{""entity"": ""examination""}, {""entity"": ""normal""}] ","[{""entity"": ""examination""}, {""entity"": ""normal""}] <|im_end|><|im_end|><|im_end|><|im_end|><|im_end|><|im_end|><|im_end|><|im_end|><|im_end|><|im_end|><|im_end|><|im_end|>"
Linezolide 600 mg q12h i.v. was added to antibiotic regimen.,"[{'id': '9705', 'offsets': array([ 0, 10]), 'role': '', 'semantic_type_id': '', 'text': 'Linezolide', 'type': 'EVENT'}
 {'id': '9720', 'offsets': array([32, 37]), 'role': '', 'semantic_type_id': '', 'text': 'added', 'type': 'EVENT'}
 {'id': '9735', 'offsets': array([52, 59]), 'role': '', 'semantic_type_id': '', 'text': 'regimen', 'type': 'EVENT'}
 {'id': '10481', 'offsets': array([18, 22]), 'role': '', 'semantic_type_id': '', 'text': 'q12h', 'type': 'TIMEX3'}]","A 23 year old female patient (weight 67kg, height 171cm, BMI 22.91kg/cm 2) presented to emergency department with fever (39.4oC), tachycardia (116 bpm), hypotension (95/45 mmHg), tachypnoea (25 breaths/min), sore throat, neck pain, diffuse pain and tissue oedema in the right-side gluteal region. She was appointed to hospital by a private outpatient surgical center where she had undergone perineal abscess drainage a week before. Recent medical history included also endometrial curettage for ERPC a month before and conservative therapy for hemorrhoids 15 days after. Past medical history included Henoch-Schönlein purpura during childhood. Social history included smoking (11 pack-years), family history was non-contributory. She had no known drug allergies. Complete blood count revealed marked neutrophilic leukocytosis (WBC 23.400 /lt). A CT scan revealed small bilateral pleural effusions, small hepatic enlargement, Gerota's fascia thickening, perineal soft tissue stranding with fascial thickening and small bubbles of air. Fournier's gangrene was set as working diagnosis (calculated FGSI 8, UFGSI 10 and LRINEC 7) and the patient was transported to operation room for immediate radical surgical debridement of necrotic tissue. Blood and surgical material was taken for microbiologic analysis. Due to the extent of the surgical debridement, the patient was admitted postoperatively to the ICU (SOFA score 6, APACHE II score 12); where sedation (midazolam 30 mcg/kg/hr c.iv), analgesia (fentanyl 3 mcg/kg/min c.iv), triple antibiotic regimen with meropenem 2gr q8h i.v., clindamycin 600mg q 6h i.v. and daptomycin 500mg q.d. i.v., gastroprotective and antithrombotic prophylaxis were initiated. During the next 3 days a second CT and an obstetrical consultation were conducted with no significant findings. Human immunodeficiency virus and diabetic screen were also negative. Yet, the patient remained febrile. Microbiology cultures from material taken from the surgical trauma area revealed Candida albicans, Staphylococcus epidermidis and Klebsiella pneumonia ; hence antibiotic regimen was modified and antimycotic treatment (caspofungin 100mg q.d. i.v.) was initiated too. Debridements were repeated every 24 hours but due to the extent of the lesions, on the 10 th day, the patient was transported to operation room for temporary ileostomy till the end of the therapy. Percutaneous tracheotomy was also performed. Hyperbaric oxygen therapy was not available at the setting. One day after the second surgery, patient's condition complicated with MRSA ventilation associated pneumonia. Along with that, a localized oedema appeared in her left upper limb. A palpable mass along the anterior margin of the sternocleidomastoid muscle was also noticed. Vascular ultrasound examination revealed occlusion of left internal jugular vein. Transcranial Doppler examination was normal. Dental consultation and examination of soft palate and peritonsilar tissues showed no abnormalities. Linezolide 600 mg q12h i.v. was added to antibiotic regimen. Since debridements were going on, simultaneous anticoagulation therapy was started with only bemiparine 2500 b.i.d. s.c. Gradually, the patient became afebrile and her clinical condition improved. She was discharged from ICU 13 days later. A follow-up CTA confirmed the disappearance of the left jugular vein thrombosis. About a month after her ICU discharge, an operation was performed for ileostomy closure and reconstruction of the right gluteal region. On a follow-up examination 6 months later, the young woman had returned to her normal everyday life.
",EN100123,"<|im_start|>user Extract the entities contained in the text. Extract only entities contained in the text.
Return the result in a json format: [{""entity"":""entity_name""}]. <<Linezolide 600 mg q12h i.v. was added to antibiotic regimen.>>> <|im_end|><|im_start|>assistant[{""entity"": ""Linezolide""}, {""entity"": ""added""}, {""entity"": ""regimen""}, {""entity"": ""q12h""}] <|im_end|>","<|im_start|>user Extract the entities contained in the text. Extract only entities contained in the text.
Return the result in a json format: [{""entity"":""entity_name""}]. <<<We present a case of a 32-year-old woman with a history of gradual enlargement of the anterior neck.>>> <|im_end|><|im_start|>assistant [{""entity"": ""present""}, {""entity"": ""history""}, {""entity"": ""enlargement""}] <|im_end|>
<|im_start|>user Extract the entities contained in the text. Extract only entities contained in the text.
Return the result in a json format: [{""entity"":""entity_name""}]. <<<Patient information: a 9-month-old boy presented to the emergency room with a 3-day history of refusal to bear weight on the right lower extremity and febrile peaks of up to 38.5°C for 24 hours.>>> <|im_end|><|im_start|>assistant [{""entity"": ""presented""}, {""entity"": ""refusal""}, {""entity"": ""bear""}, {""entity"": ""peaks""}] <|im_end|>
<|im_start|>user Extract the entities contained in the text. Extract only entities contained in the text.
Return the result in a json format: [{""entity"":""entity_name""}]. <<Linezolide 600 mg q12h i.v. was added to antibiotic regimen.>>> <|im_end|><|im_start|>assistant","[{""entity"": ""Linezolide""}, {""entity"": ""added""}, {""entity"": ""regimen""}, {""entity"": ""q12h""}] ","[{""entity"": ""added""}, {""entity"": ""regimen""}, {""entity"": ""i.v.""}] <|im_end|><|im_end|><|im_end|><|im_end|><|im_end|>"
"Gradually, the patient became afebrile and her clinical condition improved.","[{'id': '9825', 'offsets': array([30, 38]), 'role': '', 'semantic_type_id': '', 'text': 'afebrile', 'type': 'EVENT'}
 {'id': '9840', 'offsets': array([56, 65]), 'role': '', 'semantic_type_id': '', 'text': 'condition', 'type': 'EVENT'}
 {'id': '9855', 'offsets': array([66, 74]), 'role': '', 'semantic_type_id': '', 'text': 'improved', 'type': 'EVENT'}
 {'id': '10262', 'offsets': array([11, 22]), 'role': 'PATIENT', 'semantic_type_id': '', 'text': 'the patient', 'type': 'ACTOR'}]","A 23 year old female patient (weight 67kg, height 171cm, BMI 22.91kg/cm 2) presented to emergency department with fever (39.4oC), tachycardia (116 bpm), hypotension (95/45 mmHg), tachypnoea (25 breaths/min), sore throat, neck pain, diffuse pain and tissue oedema in the right-side gluteal region. She was appointed to hospital by a private outpatient surgical center where she had undergone perineal abscess drainage a week before. Recent medical history included also endometrial curettage for ERPC a month before and conservative therapy for hemorrhoids 15 days after. Past medical history included Henoch-Schönlein purpura during childhood. Social history included smoking (11 pack-years), family history was non-contributory. She had no known drug allergies. Complete blood count revealed marked neutrophilic leukocytosis (WBC 23.400 /lt). A CT scan revealed small bilateral pleural effusions, small hepatic enlargement, Gerota's fascia thickening, perineal soft tissue stranding with fascial thickening and small bubbles of air. Fournier's gangrene was set as working diagnosis (calculated FGSI 8, UFGSI 10 and LRINEC 7) and the patient was transported to operation room for immediate radical surgical debridement of necrotic tissue. Blood and surgical material was taken for microbiologic analysis. Due to the extent of the surgical debridement, the patient was admitted postoperatively to the ICU (SOFA score 6, APACHE II score 12); where sedation (midazolam 30 mcg/kg/hr c.iv), analgesia (fentanyl 3 mcg/kg/min c.iv), triple antibiotic regimen with meropenem 2gr q8h i.v., clindamycin 600mg q 6h i.v. and daptomycin 500mg q.d. i.v., gastroprotective and antithrombotic prophylaxis were initiated. During the next 3 days a second CT and an obstetrical consultation were conducted with no significant findings. Human immunodeficiency virus and diabetic screen were also negative. Yet, the patient remained febrile. Microbiology cultures from material taken from the surgical trauma area revealed Candida albicans, Staphylococcus epidermidis and Klebsiella pneumonia ; hence antibiotic regimen was modified and antimycotic treatment (caspofungin 100mg q.d. i.v.) was initiated too. Debridements were repeated every 24 hours but due to the extent of the lesions, on the 10 th day, the patient was transported to operation room for temporary ileostomy till the end of the therapy. Percutaneous tracheotomy was also performed. Hyperbaric oxygen therapy was not available at the setting. One day after the second surgery, patient's condition complicated with MRSA ventilation associated pneumonia. Along with that, a localized oedema appeared in her left upper limb. A palpable mass along the anterior margin of the sternocleidomastoid muscle was also noticed. Vascular ultrasound examination revealed occlusion of left internal jugular vein. Transcranial Doppler examination was normal. Dental consultation and examination of soft palate and peritonsilar tissues showed no abnormalities. Linezolide 600 mg q12h i.v. was added to antibiotic regimen. Since debridements were going on, simultaneous anticoagulation therapy was started with only bemiparine 2500 b.i.d. s.c. Gradually, the patient became afebrile and her clinical condition improved. She was discharged from ICU 13 days later. A follow-up CTA confirmed the disappearance of the left jugular vein thrombosis. About a month after her ICU discharge, an operation was performed for ileostomy closure and reconstruction of the right gluteal region. On a follow-up examination 6 months later, the young woman had returned to her normal everyday life.
",EN100123,"<|im_start|>user Extract the entities contained in the text. Extract only entities contained in the text.
Return the result in a json format: [{""entity"":""entity_name""}]. <<Gradually, the patient became afebrile and her clinical condition improved.>>> <|im_end|><|im_start|>assistant[{""entity"": ""afebrile""}, {""entity"": ""condition""}, {""entity"": ""improved""}, {""entity"": ""the patient""}] <|im_end|>","<|im_start|>user Extract the entities contained in the text. Extract only entities contained in the text.
Return the result in a json format: [{""entity"":""entity_name""}]. <<<We present a case of a 32-year-old woman with a history of gradual enlargement of the anterior neck.>>> <|im_end|><|im_start|>assistant [{""entity"": ""present""}, {""entity"": ""history""}, {""entity"": ""enlargement""}] <|im_end|>
<|im_start|>user Extract the entities contained in the text. Extract only entities contained in the text.
Return the result in a json format: [{""entity"":""entity_name""}]. <<<Patient information: a 9-month-old boy presented to the emergency room with a 3-day history of refusal to bear weight on the right lower extremity and febrile peaks of up to 38.5°C for 24 hours.>>> <|im_end|><|im_start|>assistant [{""entity"": ""presented""}, {""entity"": ""refusal""}, {""entity"": ""bear""}, {""entity"": ""peaks""}] <|im_end|>
<|im_start|>user Extract the entities contained in the text. Extract only entities contained in the text.
Return the result in a json format: [{""entity"":""entity_name""}]. <<Gradually, the patient became afebrile and her clinical condition improved.>>> <|im_end|><|im_start|>assistant","[{""entity"": ""afebrile""}, {""entity"": ""condition""}, {""entity"": ""improved""}, {""entity"": ""the patient""}] ","[{""entity"": ""afebrile""}, {""entity"": ""improved""}, {""entity"": ""the patient""}, {""entity"": ""grad"
She was discharged from ICU 13 days later.,"[{'id': '9870', 'offsets': array([ 8, 18]), 'role': '', 'semantic_type_id': '', 'text': 'discharged', 'type': 'EVENT'}
 {'id': '10269', 'offsets': array([0, 3]), 'role': 'PATIENT', 'semantic_type_id': '', 'text': 'She', 'type': 'ACTOR'}
 {'id': '10499', 'offsets': array([28, 41]), 'role': '', 'semantic_type_id': '', 'text': '13 days later', 'type': 'TIMEX3'}]","A 23 year old female patient (weight 67kg, height 171cm, BMI 22.91kg/cm 2) presented to emergency department with fever (39.4oC), tachycardia (116 bpm), hypotension (95/45 mmHg), tachypnoea (25 breaths/min), sore throat, neck pain, diffuse pain and tissue oedema in the right-side gluteal region. She was appointed to hospital by a private outpatient surgical center where she had undergone perineal abscess drainage a week before. Recent medical history included also endometrial curettage for ERPC a month before and conservative therapy for hemorrhoids 15 days after. Past medical history included Henoch-Schönlein purpura during childhood. Social history included smoking (11 pack-years), family history was non-contributory. She had no known drug allergies. Complete blood count revealed marked neutrophilic leukocytosis (WBC 23.400 /lt). A CT scan revealed small bilateral pleural effusions, small hepatic enlargement, Gerota's fascia thickening, perineal soft tissue stranding with fascial thickening and small bubbles of air. Fournier's gangrene was set as working diagnosis (calculated FGSI 8, UFGSI 10 and LRINEC 7) and the patient was transported to operation room for immediate radical surgical debridement of necrotic tissue. Blood and surgical material was taken for microbiologic analysis. Due to the extent of the surgical debridement, the patient was admitted postoperatively to the ICU (SOFA score 6, APACHE II score 12); where sedation (midazolam 30 mcg/kg/hr c.iv), analgesia (fentanyl 3 mcg/kg/min c.iv), triple antibiotic regimen with meropenem 2gr q8h i.v., clindamycin 600mg q 6h i.v. and daptomycin 500mg q.d. i.v., gastroprotective and antithrombotic prophylaxis were initiated. During the next 3 days a second CT and an obstetrical consultation were conducted with no significant findings. Human immunodeficiency virus and diabetic screen were also negative. Yet, the patient remained febrile. Microbiology cultures from material taken from the surgical trauma area revealed Candida albicans, Staphylococcus epidermidis and Klebsiella pneumonia ; hence antibiotic regimen was modified and antimycotic treatment (caspofungin 100mg q.d. i.v.) was initiated too. Debridements were repeated every 24 hours but due to the extent of the lesions, on the 10 th day, the patient was transported to operation room for temporary ileostomy till the end of the therapy. Percutaneous tracheotomy was also performed. Hyperbaric oxygen therapy was not available at the setting. One day after the second surgery, patient's condition complicated with MRSA ventilation associated pneumonia. Along with that, a localized oedema appeared in her left upper limb. A palpable mass along the anterior margin of the sternocleidomastoid muscle was also noticed. Vascular ultrasound examination revealed occlusion of left internal jugular vein. Transcranial Doppler examination was normal. Dental consultation and examination of soft palate and peritonsilar tissues showed no abnormalities. Linezolide 600 mg q12h i.v. was added to antibiotic regimen. Since debridements were going on, simultaneous anticoagulation therapy was started with only bemiparine 2500 b.i.d. s.c. Gradually, the patient became afebrile and her clinical condition improved. She was discharged from ICU 13 days later. A follow-up CTA confirmed the disappearance of the left jugular vein thrombosis. About a month after her ICU discharge, an operation was performed for ileostomy closure and reconstruction of the right gluteal region. On a follow-up examination 6 months later, the young woman had returned to her normal everyday life.
",EN100123,"<|im_start|>user Extract the entities contained in the text. Extract only entities contained in the text.
Return the result in a json format: [{""entity"":""entity_name""}]. <<She was discharged from ICU 13 days later.>>> <|im_end|><|im_start|>assistant[{""entity"": ""discharged""}, {""entity"": ""She""}, {""entity"": ""13 days later""}] <|im_end|>","<|im_start|>user Extract the entities contained in the text. Extract only entities contained in the text.
Return the result in a json format: [{""entity"":""entity_name""}]. <<<We present a case of a 32-year-old woman with a history of gradual enlargement of the anterior neck.>>> <|im_end|><|im_start|>assistant [{""entity"": ""present""}, {""entity"": ""history""}, {""entity"": ""enlargement""}] <|im_end|>
<|im_start|>user Extract the entities contained in the text. Extract only entities contained in the text.
Return the result in a json format: [{""entity"":""entity_name""}]. <<<Patient information: a 9-month-old boy presented to the emergency room with a 3-day history of refusal to bear weight on the right lower extremity and febrile peaks of up to 38.5°C for 24 hours.>>> <|im_end|><|im_start|>assistant [{""entity"": ""presented""}, {""entity"": ""refusal""}, {""entity"": ""bear""}, {""entity"": ""peaks""}] <|im_end|>
<|im_start|>user Extract the entities contained in the text. Extract only entities contained in the text.
Return the result in a json format: [{""entity"":""entity_name""}]. <<She was discharged from ICU 13 days later.>>> <|im_end|><|im_start|>assistant","[{""entity"": ""discharged""}, {""entity"": ""She""}, {""entity"": ""13 days later""}] ","[{""entity"": ""discharged""}, {""entity"": ""She""}, {""entity"": ""ICU""}, {""entity"": ""13 days"
A follow-up CTA confirmed the disappearance of the left jugular vein thrombosis.,"[{'id': '9885', 'offsets': array([12, 15]), 'role': '', 'semantic_type_id': '', 'text': 'CTA', 'type': 'EVENT'}
 {'id': '9900', 'offsets': array([16, 25]), 'role': '', 'semantic_type_id': '', 'text': 'confirmed', 'type': 'EVENT'}
 {'id': '9915', 'offsets': array([69, 79]), 'role': '', 'semantic_type_id': '', 'text': 'thrombosis', 'type': 'EVENT'}
 {'id': '10090', 'offsets': array([51, 79]), 'role': '', 'semantic_type_id': 'C4049440', 'text': 'left jugular vein thrombosis', 'type': 'CLINENTITY'}
 {'id': '10187', 'offsets': array([51, 68]), 'role': '', 'semantic_type_id': '', 'text': 'left jugular vein', 'type': 'BODYPART'}]","A 23 year old female patient (weight 67kg, height 171cm, BMI 22.91kg/cm 2) presented to emergency department with fever (39.4oC), tachycardia (116 bpm), hypotension (95/45 mmHg), tachypnoea (25 breaths/min), sore throat, neck pain, diffuse pain and tissue oedema in the right-side gluteal region. She was appointed to hospital by a private outpatient surgical center where she had undergone perineal abscess drainage a week before. Recent medical history included also endometrial curettage for ERPC a month before and conservative therapy for hemorrhoids 15 days after. Past medical history included Henoch-Schönlein purpura during childhood. Social history included smoking (11 pack-years), family history was non-contributory. She had no known drug allergies. Complete blood count revealed marked neutrophilic leukocytosis (WBC 23.400 /lt). A CT scan revealed small bilateral pleural effusions, small hepatic enlargement, Gerota's fascia thickening, perineal soft tissue stranding with fascial thickening and small bubbles of air. Fournier's gangrene was set as working diagnosis (calculated FGSI 8, UFGSI 10 and LRINEC 7) and the patient was transported to operation room for immediate radical surgical debridement of necrotic tissue. Blood and surgical material was taken for microbiologic analysis. Due to the extent of the surgical debridement, the patient was admitted postoperatively to the ICU (SOFA score 6, APACHE II score 12); where sedation (midazolam 30 mcg/kg/hr c.iv), analgesia (fentanyl 3 mcg/kg/min c.iv), triple antibiotic regimen with meropenem 2gr q8h i.v., clindamycin 600mg q 6h i.v. and daptomycin 500mg q.d. i.v., gastroprotective and antithrombotic prophylaxis were initiated. During the next 3 days a second CT and an obstetrical consultation were conducted with no significant findings. Human immunodeficiency virus and diabetic screen were also negative. Yet, the patient remained febrile. Microbiology cultures from material taken from the surgical trauma area revealed Candida albicans, Staphylococcus epidermidis and Klebsiella pneumonia ; hence antibiotic regimen was modified and antimycotic treatment (caspofungin 100mg q.d. i.v.) was initiated too. Debridements were repeated every 24 hours but due to the extent of the lesions, on the 10 th day, the patient was transported to operation room for temporary ileostomy till the end of the therapy. Percutaneous tracheotomy was also performed. Hyperbaric oxygen therapy was not available at the setting. One day after the second surgery, patient's condition complicated with MRSA ventilation associated pneumonia. Along with that, a localized oedema appeared in her left upper limb. A palpable mass along the anterior margin of the sternocleidomastoid muscle was also noticed. Vascular ultrasound examination revealed occlusion of left internal jugular vein. Transcranial Doppler examination was normal. Dental consultation and examination of soft palate and peritonsilar tissues showed no abnormalities. Linezolide 600 mg q12h i.v. was added to antibiotic regimen. Since debridements were going on, simultaneous anticoagulation therapy was started with only bemiparine 2500 b.i.d. s.c. Gradually, the patient became afebrile and her clinical condition improved. She was discharged from ICU 13 days later. A follow-up CTA confirmed the disappearance of the left jugular vein thrombosis. About a month after her ICU discharge, an operation was performed for ileostomy closure and reconstruction of the right gluteal region. On a follow-up examination 6 months later, the young woman had returned to her normal everyday life.
",EN100123,"<|im_start|>user Extract the entities contained in the text. Extract only entities contained in the text.
Return the result in a json format: [{""entity"":""entity_name""}]. <<A follow-up CTA confirmed the disappearance of the left jugular vein thrombosis.>>> <|im_end|><|im_start|>assistant[{""entity"": ""CTA""}, {""entity"": ""confirmed""}, {""entity"": ""thrombosis""}, {""entity"": ""left jugular vein thrombosis""}, {""entity"": ""left jugular vein""}] <|im_end|>","<|im_start|>user Extract the entities contained in the text. Extract only entities contained in the text.
Return the result in a json format: [{""entity"":""entity_name""}]. <<<We present a case of a 32-year-old woman with a history of gradual enlargement of the anterior neck.>>> <|im_end|><|im_start|>assistant [{""entity"": ""present""}, {""entity"": ""history""}, {""entity"": ""enlargement""}] <|im_end|>
<|im_start|>user Extract the entities contained in the text. Extract only entities contained in the text.
Return the result in a json format: [{""entity"":""entity_name""}]. <<<Patient information: a 9-month-old boy presented to the emergency room with a 3-day history of refusal to bear weight on the right lower extremity and febrile peaks of up to 38.5°C for 24 hours.>>> <|im_end|><|im_start|>assistant [{""entity"": ""presented""}, {""entity"": ""refusal""}, {""entity"": ""bear""}, {""entity"": ""peaks""}] <|im_end|>
<|im_start|>user Extract the entities contained in the text. Extract only entities contained in the text.
Return the result in a json format: [{""entity"":""entity_name""}]. <<A follow-up CTA confirmed the disappearance of the left jugular vein thrombosis.>>> <|im_end|><|im_start|>assistant","[{""entity"": ""CTA""}, {""entity"": ""confirmed""}, {""entity"": ""thrombosis""}, {""entity"": ""left jugular vein thrombosis""}, {""entity"": ""left jugular vein""}] ","[{""entity"": ""follow-up""}, {""entity"": ""confirmed""}, {""entity"": ""thrombosis""}, {""entity"": ""dis"
"On a follow-up examination 6 months later, the young woman had returned to her normal everyday life.","[{'id': '9990', 'offsets': array([15, 26]), 'role': '', 'semantic_type_id': '', 'text': 'examination', 'type': 'EVENT'}
 {'id': '10005', 'offsets': array([63, 71]), 'role': '', 'semantic_type_id': '', 'text': 'returned', 'type': 'EVENT'}
 {'id': '10276', 'offsets': array([43, 58]), 'role': 'PATIENT', 'semantic_type_id': '', 'text': 'the young woman', 'type': 'ACTOR'}
 {'id': '10517', 'offsets': array([27, 41]), 'role': '', 'semantic_type_id': '', 'text': '6 months later', 'type': 'TIMEX3'}]","A 23 year old female patient (weight 67kg, height 171cm, BMI 22.91kg/cm 2) presented to emergency department with fever (39.4oC), tachycardia (116 bpm), hypotension (95/45 mmHg), tachypnoea (25 breaths/min), sore throat, neck pain, diffuse pain and tissue oedema in the right-side gluteal region. She was appointed to hospital by a private outpatient surgical center where she had undergone perineal abscess drainage a week before. Recent medical history included also endometrial curettage for ERPC a month before and conservative therapy for hemorrhoids 15 days after. Past medical history included Henoch-Schönlein purpura during childhood. Social history included smoking (11 pack-years), family history was non-contributory. She had no known drug allergies. Complete blood count revealed marked neutrophilic leukocytosis (WBC 23.400 /lt). A CT scan revealed small bilateral pleural effusions, small hepatic enlargement, Gerota's fascia thickening, perineal soft tissue stranding with fascial thickening and small bubbles of air. Fournier's gangrene was set as working diagnosis (calculated FGSI 8, UFGSI 10 and LRINEC 7) and the patient was transported to operation room for immediate radical surgical debridement of necrotic tissue. Blood and surgical material was taken for microbiologic analysis. Due to the extent of the surgical debridement, the patient was admitted postoperatively to the ICU (SOFA score 6, APACHE II score 12); where sedation (midazolam 30 mcg/kg/hr c.iv), analgesia (fentanyl 3 mcg/kg/min c.iv), triple antibiotic regimen with meropenem 2gr q8h i.v., clindamycin 600mg q 6h i.v. and daptomycin 500mg q.d. i.v., gastroprotective and antithrombotic prophylaxis were initiated. During the next 3 days a second CT and an obstetrical consultation were conducted with no significant findings. Human immunodeficiency virus and diabetic screen were also negative. Yet, the patient remained febrile. Microbiology cultures from material taken from the surgical trauma area revealed Candida albicans, Staphylococcus epidermidis and Klebsiella pneumonia ; hence antibiotic regimen was modified and antimycotic treatment (caspofungin 100mg q.d. i.v.) was initiated too. Debridements were repeated every 24 hours but due to the extent of the lesions, on the 10 th day, the patient was transported to operation room for temporary ileostomy till the end of the therapy. Percutaneous tracheotomy was also performed. Hyperbaric oxygen therapy was not available at the setting. One day after the second surgery, patient's condition complicated with MRSA ventilation associated pneumonia. Along with that, a localized oedema appeared in her left upper limb. A palpable mass along the anterior margin of the sternocleidomastoid muscle was also noticed. Vascular ultrasound examination revealed occlusion of left internal jugular vein. Transcranial Doppler examination was normal. Dental consultation and examination of soft palate and peritonsilar tissues showed no abnormalities. Linezolide 600 mg q12h i.v. was added to antibiotic regimen. Since debridements were going on, simultaneous anticoagulation therapy was started with only bemiparine 2500 b.i.d. s.c. Gradually, the patient became afebrile and her clinical condition improved. She was discharged from ICU 13 days later. A follow-up CTA confirmed the disappearance of the left jugular vein thrombosis. About a month after her ICU discharge, an operation was performed for ileostomy closure and reconstruction of the right gluteal region. On a follow-up examination 6 months later, the young woman had returned to her normal everyday life.
",EN100123,"<|im_start|>user Extract the entities contained in the text. Extract only entities contained in the text.
Return the result in a json format: [{""entity"":""entity_name""}]. <<On a follow-up examination 6 months later, the young woman had returned to her normal everyday life.>>> <|im_end|><|im_start|>assistant[{""entity"": ""examination""}, {""entity"": ""returned""}, {""entity"": ""the young woman""}, {""entity"": ""6 months later""}] <|im_end|>","<|im_start|>user Extract the entities contained in the text. Extract only entities contained in the text.
Return the result in a json format: [{""entity"":""entity_name""}]. <<<We present a case of a 32-year-old woman with a history of gradual enlargement of the anterior neck.>>> <|im_end|><|im_start|>assistant [{""entity"": ""present""}, {""entity"": ""history""}, {""entity"": ""enlargement""}] <|im_end|>
<|im_start|>user Extract the entities contained in the text. Extract only entities contained in the text.
Return the result in a json format: [{""entity"":""entity_name""}]. <<<Patient information: a 9-month-old boy presented to the emergency room with a 3-day history of refusal to bear weight on the right lower extremity and febrile peaks of up to 38.5°C for 24 hours.>>> <|im_end|><|im_start|>assistant [{""entity"": ""presented""}, {""entity"": ""refusal""}, {""entity"": ""bear""}, {""entity"": ""peaks""}] <|im_end|>
<|im_start|>user Extract the entities contained in the text. Extract only entities contained in the text.
Return the result in a json format: [{""entity"":""entity_name""}]. <<On a follow-up examination 6 months later, the young woman had returned to her normal everyday life.>>> <|im_end|><|im_start|>assistant","[{""entity"": ""examination""}, {""entity"": ""returned""}, {""entity"": ""the young woman""}, {""entity"": ""6 months later""}] ","[{""entity"": ""examination""}, {""entity"": ""returned""}, {""entity"": ""life""}, {""entity"": ""the young woman""},"
